-4.135277324630003e-6
-1.2578190434504172e-6
8.517354834897128e-7
-3.4020949067799233e-6
-4.907777741407909e-7
-1.8954702521011696e-7
-3.7794051100398934e-6
-5.029626069959908e-6
-4.510056767860482e-6
-3.1802972123304643e-6
7.523372488500712e-7
9.693147743792749e-7
-3.3236705477097603e-6
1.0261286714800463e-6
-1.3303768722303794e-6
-4.3478724437804456e-6
1.7819599045900206e-6
-1.0272043288895444e-6
-4.374534950669397e-6
-6.1716056418805246e-6
2.2551668768956007e-7
-2.316886410860114e-6
1.7364628690395498e-6
-3.977865255620251e-6
-6.609710615198064e-7
-3.265833207420285e-6
-3.959024608479744e-6
-4.8264711716801065e-6
-2.3020256021402327e-6
-6.2145162585498445e-6
-1.7160670382296989e-6
4.429780700609433e-6
-5.69071323716034e-6
-5.469458070090673e-6
-3.7028423001206692e-6
-3.951183103169213e-6
-1.9628368113904643e-6
-1.2729242303303676e-6
-1.7091584598996276e-6
-3.2629028068999547e-6
-2.514192623870315e-6
-7.372283041201869e-7
8.036245995046709e-8
-3.453352589340153e-6
-2.9453315360692886e-6
-1.3138315941097281e-6
2.2049887139193383e-6
-4.853738117899242e-6
-1.908717284169678e-6
-3.485154085802397e-7
-2.8033990443201637e-6
1.5086543892102455e-6
-1.8794262542304666e-6
-2.0546013543305125e-6
-2.9323962597105693e-6
-3.345018777869968e-6
-7.28209495880032e-7
-2.0571578489003706e-6
-2.7709433721399834e-6
-2.7110505514899366e-6
-6.429176012505422e-7
-3.3581454108016356e-7
-1.9062998357901803e-6
-6.536732547260393e-6
-1.3856533362501325e-6
-1.196042317659976e-6
5.723468130599402e-7
1.8124199543702313e-6
-2.335841131229782e-6
-2.4666526195499944e-6
-3.7340410706399735e-6
1.3009473176402164e-6
-1.0578507785600696e-6
-3.323410492079952e-6
-4.948851622960798e-6
-2.3452136529988898e-7
-4.67091167459955e-6
-1.7459694789303398e-6
1.6715896383693446e-6
-3.992280105870327e-6
-4.301449752120053e-6
-3.8527584851899555e-6
-5.739267494740165e-6
3.781018404896974e-7
-2.4689281253702233e-6
-3.6851536162792187e-6
2.2842678910799455e-6
6.99912993212988e-6
-9.495738613994609e-8
2.667585583000093e-7
-5.017651859819984e-6
-1.9550813082497287e-6
1.2418629027300884e-6
-3.853412003999336e-6
-4.057727122849797e-6
1.327142290690267e-6
-5.20336451026969e-6
1.0516705607598736e-6
-3.801380927320394e-6
-3.541364873429348e-6
-1.122908067769518e-6
-1.2907176059799921e-6
-3.21843385989954e-6
4.79143103890127e-7
-1.991426733940517e-6
1.6688677705392618e-6
-1.7732496598700867e-6
-5.323149116670187e-6
-5.751261712450342e-6
-3.046233484209869e-6
3.239991821406621e-7
-1.8260077724900278e-6
-3.7705288325803193e-6
-5.042065520993386e-7
2.664387105550184e-6
-7.19417940127972e-6
3.533192192992432e-7
-4.2429828765898e-6
-5.292831826470175e-6
-5.9706717583400334e-6
7.682395162991046e-8
-3.0915541210001576e-6
-6.274562181210128e-6
-2.666367256850058e-6
3.769061358493628e-7
-5.868975469936616e-8
-9.173874664595433e-7
-3.6217811193199265e-6
1.134635397149683e-6
-1.60460942295014e-6
-2.1783315931602973e-6
-2.2762885726595322e-6
-1.5151839210404e-6
-8.327792374150482e-6
4.7643559316062206e-7
1.5829865505998658e-7
-1.90405498503958e-6
-4.86904977910381e-7
-1.816513566919864e-6
-1.4071064988897125e-6
-6.956777769996647e-8
1.5859515006700492e-6
-5.48703778031033e-6
-3.8644293030897295e-6
-4.928309764179982e-6
-2.2161387567302612e-6
-8.936564755103113e-7
-3.880821374970152e-6
-8.450964655995832e-7
-2.7189009843197817e-6
-3.887987974500115e-6
-2.99152278804022e-6
-1.87559405487054e-6
-6.057493671130301e-6
-1.9321901974893307e-6
-2.290078057270127e-6
-1.234626247150622e-6
-5.500883070199726e-6
2.5011971993499707e-6
-3.346397785119505e-6
-3.654742496889997e-6
-2.720028277600206e-6
1.698871648896788e-7
-2.4124018509000256e-6
-1.3151328840960846e-7
-6.55415482689499e-7
1.0911761975495454e-6
2.5843333223600842e-6
-1.714885825240299e-6
-2.9412076488002925e-6
-2.5694604894798898e-6
-2.136010691589779e-6
2.3483983519201335e-6
-2.213927496419986e-6
-2.4745863639397472e-6
-3.6101394181396046e-6
-1.7152288022499393e-6
-6.412708335500408e-7
-4.257860111630055e-6
-2.384052419079734e-6
4.639825455839824e-6
-3.282916619560053e-6
-6.53468525364017e-6
-6.389224139393551e-7
6.770818571800313e-7
-5.228975667598279e-7
1.0316106909807193e-6
-4.5459491433792396e-6
-8.698820509606131e-7
-4.85621788413014e-6
-3.9853572456061137e-7
-4.452679528349664e-6
-1.794860113249995e-6
2.3705899843996792e-7
4.541108037189705e-6
-4.8198707701596274e-6
-2.680571491820577e-6
-4.21188428915021e-6
6.418933091098533e-7
-3.5912467025193615e-6
-2.285620692500309e-6
-1.6530280415923831e-7
-1.4611135624497187e-6
-9.746121113199044e-7
-1.16810966472973e-6
-2.656991073750163e-6
-5.690655988559515e-6
-4.286510535939959e-6
-1.295136156240044e-6
-2.8102915544600537e-6
-4.047114708389567e-6
1.0265113520400299e-6
-2.7955594139299905e-6
-3.0427136638198557e-6
-1.195328372420243e-6
-2.3123778953504023e-6
-4.063426989799751e-7
-2.255343184169936e-6
-1.669968416529409e-6
-1.8279528631098482e-6
-1.1458248123799933e-6
-3.9152148088947986e-7
-4.4940444112948064e-7
-4.149079593749293e-6
-3.1987976603494936e-6
-1.7922251760197835e-6
2.4918219649399873e-6
-3.2705838820699593e-6
1.4807972662494312e-6
-1.2826490335101151e-6
3.9726420046019145e-7
9.57647423039873e-7
-2.2692419534599273e-6
9.196532132701996e-7
-5.360958095102647e-7
-1.5361341297193826e-6
-2.497022655869978e-6
-4.447714159259812e-6
-1.2847904116092615e-6
-1.420849301619724e-6
-5.731858245260589e-6
-2.2107356232696496e-6
-3.8154362442194625e-6
-4.486852024900012e-6
-1.9169585859001373e-6
-3.1790980700502e-6
-1.831939736339841e-6
-3.646078823880093e-6
-2.8898415075102185e-6
-5.704034203729731e-6
-2.422382794699772e-6
2.7320432797930255e-7
-3.7887285724604036e-6
-1.9385332510604356e-6
-1.3873136243203535e-6
-1.5963905429195943e-6
-3.7931603199901215e-6
-6.491773508990328e-6
-5.473389895619893e-6
-4.719920992470039e-6
-4.044404897709901e-6
-1.6294336536498352e-6
8.883206705596544e-7
-5.095384620649665e-6
7.476272090804065e-7
-3.554133957870201e-6
-2.313218985250387e-6
3.8757131282009943e-7
-3.865298248370043e-6
-2.593791477829843e-6
-2.572491143300673e-6
-2.1979652784897413e-6
-1.5123149330054098e-8
-3.460242357969899e-6
-6.554907651129364e-6
-3.0667294778300574e-6
-4.6507882979192686e-6
-5.390873543709672e-6
1.9070843579934577e-7
-4.080799263630162e-6
2.7935855467960125e-7
2.842100742294143e-7
-4.4421157489697716e-6
-2.045196162090042e-6
-3.366902691120076e-6
-7.371185987289745e-6
1.8993500692700976e-6
2.062024934130005e-6
-3.98923880693975e-6
-5.555707540909512e-6
-3.843951107640464e-6
8.788221795797899e-7
6.267403786699294e-7
-7.291253818840493e-6
1.6206051446808131e-6
-1.7592953610095705e-6
-1.5810194875500935e-6
2.3760979221800274e-6
-2.850724998450585e-6
-3.2341388748295674e-6
-5.542002249440091e-6
1.5051031438100687e-6
-5.16436091223e-6
-1.261520394119954e-6
-2.4393635995800453e-6
-8.48758958630659e-7
-2.6225645607296302e-6
1.4566340414403842e-6
-2.751102139220314e-6
-2.5730296796498686e-6
2.7716394039607045e-6
-1.369667706700023e-7
9.429238282997535e-7
-2.8536888227979895e-7
-8.19556573446005e-6
-6.922368562299955e-7
-5.270154124470058e-6
-1.287541770189464e-6
1.8822515978900167e-6
-4.719058325010003e-6
-2.7242637066302727e-6
2.0036635885100837e-6
-1.8657739550903205e-6
1.2660822743797845e-6
-2.481019313669945e-6
-8.454353627399686e-7
8.536187199098197e-7
5.649675107719659e-6
-3.0057018437596936e-6
-1.102514080870108e-6
7.757554001900507e-7
-2.901532676569986e-6
-4.236641281010409e-6
-5.0581673980299585e-6
-2.6157314754401972e-6
-3.2262565283491806e-6
-4.256108727949612e-6
-3.0687809801505095e-6
5.703503293003759e-8
-4.8885184159366823e-8
-2.8275693302300467e-6
-3.8494746521997025e-6
-4.650307538009955e-6
-2.6913539287604094e-6
-5.514630221498118e-7
-3.945899801709694e-6
-1.2231890280005667e-6
-3.1118353052000947e-7
-4.576086651419606e-6
-5.43901619416004e-6
-1.3111991715806376e-6
-3.835695574900405e-6
2.210409647696726e-7
-1.2806686363903835e-6
-1.24706632901022e-6
-7.030661431399986e-6
-3.5665518102493896e-6
-3.815723261769814e-6
-3.1374855045300867e-6
-3.6974485170000043e-6
-3.695354305150063e-6
-3.917003082503853e-7
-3.4129473414695397e-6
2.248910926996861e-7
-4.449756649869616e-6
-2.7652231649102216e-6
-1.1709575604198358e-6
-1.972165021079525e-6
2.001793052449838e-6
1.0775900797805466e-6
1.7533814154931104e-7
3.629585093679888e-6
-5.784414630997936e-7
-4.3505765287598155e-6
-1.387682652560611e-6
-3.591676184779881e-6
1.3919685294700584e-6
-3.5861215235202804e-6
2.538560260204395e-7
-6.710035868398578e-7
2.1792934999046581e-7
-4.212534053909568e-6
-6.06534363488051e-6
-2.1558980593978927e-7
2.4376417316401486e-6
-8.789537800004549e-7
-8.485063609899382e-7
2.0770814449996844e-7
1.2212057661498132e-6
-1.5621280151706038e-6
6.267467092015144e-8
-2.9726229270896423e-6
7.370838577894223e-7
6.988597928804866e-7
-4.344926139199928e-6
-1.1977927872599756e-6
-4.04931643982042e-6
-3.2175697258704505e-6
-3.7596968941394984e-6
-2.0617859925308596e-6
-2.4880900544102524e-6
-1.1399917855398067e-6
-4.391852069750117e-6
1.2661949332802222e-6
-1.3510849816702683e-6
1.640833060898711e-7
-5.299370035610068e-6
4.28693132941034e-6
-4.002179492390047e-6
-2.547538251650161e-6
-2.801170249748519e-9
-4.257757171239468e-6
-2.786534086740393e-6
-3.608579483707977e-7
-2.148945846929852e-6
-7.471789557700684e-7
1.1576834803989078e-7
-2.6590932969000614e-6
-1.7993360376293913e-6
-4.7355906047600455e-6
-1.2644691715401127e-6
-1.220132947769674e-6
-2.9144158513200874e-6
-4.2685293793996715e-6
-4.8295668258003036e-6
5.100468384398177e-7
-2.871518469070404e-6
-2.2870592126106315e-6
2.4480884784194162e-6
1.8378263197098982e-6
-1.9027936088199596e-6
-2.911577598570074e-6
-3.855888206097738e-7
-2.2832699302201623e-6
3.0689545460595505e-6
9.617092254100151e-7
-1.761682117800041e-6
3.6711370196996357e-7
-2.6276924537304777e-6
1.6487610172101139e-6
-5.237775781419957e-6
-2.0428858910070957e-8
-4.714212933701334e-7
-5.868458236630084e-6
9.168781845200064e-7
-1.0010094066929126e-7
-6.588352187329727e-6
-3.864672440309289e-6
-3.365615958420519e-6
-2.303018925389408e-6
-8.559903141029841e-6
-1.9579150777196755e-6
-2.4761611032101533e-6
-1.7709865474998393e-6
-2.6872103298493724e-6
-3.307903654519405e-6
-5.050097325398975e-7
-1.542680984159897e-6
-2.82230074644986e-6
8.387103348998087e-7
-3.6708259628205966e-6
2.3677783589394485e-6
-8.661479946698789e-7
-2.9443634604695706e-6
1.4560870066696041e-6
-7.86161114595986e-6
1.3617123390697455e-6
1.6109809725019936e-7
-2.2277922617401982e-6
-1.4380278097400612e-6
-1.4762550605597335e-6
-4.846499063679462e-6
-4.402783783590686e-6
-1.8908855505504751e-6
4.7414316529416356e-8
-1.6448251641100822e-6
-2.1790455448401913e-6
-6.942087497196353e-7
-2.612481195049879e-6
-4.135905696950326e-6
1.4880580759702583e-6
-5.5770380858605195e-6
-5.038391680299917e-7
-1.8985977455806408e-6
-3.5322037919794866e-6
1.3277801680800644e-6
-4.643237276299658e-6
-4.922986629110095e-6
-1.4289576008002375e-6
-6.101476568879521e-6
-1.7596364226997452e-7
-3.110702577920066e-6
2.6071984209194085e-6
6.100765379797937e-7
-3.721638214330275e-6
-4.799833570470237e-6
-2.488236132140026e-6
-3.3653934563100327e-6
-4.604429630269795e-6
-3.97416724320053e-7
-4.4545524052900035e-6
-1.9441011795979374e-7
-2.6246799323002487e-6
-1.913084538099699e-6
-2.186709509000538e-6
-9.786398788300468e-7
9.384747053494888e-7
-2.040463739810469e-6
-2.3045316451903927e-6
-2.036791444340151e-6
-2.6781350551032673e-7
-3.0280437321094852e-6
-3.7253082086899023e-6
6.791351568700282e-7
-1.6785721347091498e-6
-1.9500641902500324e-6
-2.480615885680146e-6
-1.8658136729399893e-6
-3.316835965830149e-6
1.196890578759359e-6
-3.1592829546397277e-6
-3.3017614814601776e-6
-2.6964529375901602e-6
-3.5933793055093963e-6
-4.601970488740496e-6
-7.437668347798007e-7
-8.466387909199929e-7
-4.883465948010007e-6
-4.523731954280373e-6
-2.846731554130566e-6
1.339065675710037e-6
-2.2708292398403856e-6
-6.27609481942959e-6
-6.51356838309719e-7
-2.343783310069722e-6
-1.5344288543895843e-6
-3.5082431963902663e-6
-3.6977636907603584e-6
-1.4285022420304494e-6
-3.0582567159499405e-6
-5.23717729766001e-6
-5.707707330503825e-7
-4.558018525399957e-6
-4.2665772629797705e-6
-4.50451958756027e-6
-3.9105169489803485e-6
-2.758480816560452e-6
-4.440368416360439e-6
-1.8928723690405866e-6
-4.975351269969654e-6
8.971290093402404e-7
-3.954239170190187e-6
-8.548213021629565e-6
-5.524420612260106e-6
-6.922186004398867e-7
-2.2075397212700104e-6
-1.6749273881195431e-6
-4.310091095689576e-6
-3.8462725858966207e-7
6.127982035697421e-7
1.3887770038498864e-6
-1.1520505856701252e-6
-7.177167937560264e-6
1.8996375911800242e-6
9.128311348593349e-7
-2.4351599428699966e-6
5.080625249100079e-6
-1.7000579396308363e-6
-1.2361635894700407e-6
1.3613125241706756e-6
5.820451674199908e-7
-2.8708835368394803e-6
-2.0959244984705347e-6
-2.658813710630127e-6
2.162116755945187e-8
-1.6934765088294501e-6
-1.0346788363599715e-6
4.488624318300591e-7
4.6346429048976095e-7
-1.7442769932075886e-7
-3.86951360595994e-6
-1.4993187029003e-6
-1.6280141503293918e-6
-2.9835784796693535e-6
2.72974419549335e-7
-7.104219073798129e-7
-7.227892782797618e-7
-4.621402847830407e-6
3.280519914900665e-7
-3.766744890960211e-6
-4.796992925459355e-6
-3.414967063393101e-7
-1.717374397620583e-6
8.27510685160078e-7
1.0849463644903995e-6
-3.917793045240571e-6
1.7079689962002167e-6
-5.504839468009788e-6
-3.8053538213402363e-6
-1.6431130771960012e-7
-2.5572219698403315e-6
-2.3327451050304815e-6
-8.966446817700036e-7
-1.8390168391802311e-6
-3.121790251000081e-6
-2.299226606219777e-6
-1.6767787115899366e-6
-3.60838756667016e-6
-4.615866266429597e-6
-2.9650574267505933e-6
1.43973923524051e-6
-7.876188222203859e-7
-1.9173350328093725e-6
1.413395601199824e-7
-1.524815937610155e-6
-2.5951425891099916e-6
1.3693552732008119e-7
-2.5795993784704166e-6
1.1492164662101761e-6
8.165418108000561e-7
6.125159830987909e-8
-1.0605586774200745e-6
-2.0715374041404763e-6
-5.99350944719898e-7
-9.112616811100815e-7
-1.3506389080998257e-6
-8.226351925905151e-7
-9.239768134702842e-7
-2.7019261198985706e-7
-5.792632731893912e-7
-3.93237167231001e-6
-8.665555303009886e-8
-2.169009756709979e-6
-2.0117842654205145e-6
-3.815664542129553e-6
-1.1030143904997708e-6
-5.484180762770248e-6
6.231353127002237e-7
-2.2855174635098494e-6
1.4651930078197692e-6
-1.2665525998606028e-6
-2.8378037724994046e-6
-1.5545834437403344e-6
2.4588936360595698e-6
-3.0313906160704326e-6
-1.070253010430032e-6
-2.144661527509785e-6
-4.248228266919354e-6
-3.6761817777597114e-6
4.2220997624985157e-7
-4.854724831599572e-6
-1.5076471556697488e-6
-5.442957068640085e-6
-4.857907198890267e-6
1.990326441260633e-6
-1.2764388959097747e-6
-1.6789038732797912e-6
-3.438461227004211e-7
3.813926474899483e-6
-2.0503839914800745e-6
4.980928224020131e-6
-3.1910996467297142e-6
3.4417030659022324e-7
-2.590378208379776e-6
-3.1082865614012745e-7
-2.444105890020594e-6
-1.925197020209886e-6
-2.090213629549545e-6
6.596221268700617e-7
-4.44698511295992e-6
-2.177060108029573e-6
-7.982338217100288e-7
-1.0302264319295845e-6
-1.1684317091902735e-6
-3.614281680519929e-6
-4.052903133720635e-6
-2.852079570899585e-6
-4.19562834364038e-6
-5.094408380690134e-6
-9.79356686079888e-7
-3.810972088597042e-7
-2.072936635560442e-6
-1.3644426219696845e-6
-7.791034698197488e-7
3.5605617082698493e-6
-4.2539773011099e-6
-3.988601254380393e-6
-1.0558129796304702e-6
-9.16265366969829e-7
-1.5702497241296132e-6
-5.965131161139378e-6
-4.029263317349707e-6
-6.94456005739981e-7
3.0713545164902725e-6
-3.2086759972800583e-6
-1.517101674729758e-6
9.255460893010936e-8
-1.4745893303297689e-6
