1 0 0 0
2 0 2 0
3 0 1 0
4 2.5 2 0
5 2.5 1 0
6 3.33333333333333 0 0
7 5 2 0
8 5.83333333333333 1 0
9 6.25 3.5 0
10 6.5 2 0
11 6.66666666666667 0 0
12 7.33333333333333 1 0
13 7.5 5 0
14 7.75 3.5 0
15 8 2 0
16 8.75 6.5 0
17 8.82524683579455 4.77239177516577 0
18 8.83333333333333 1 0
19 9.07524683579456 3.27239177516577 0
20 9.5 2 0
21 10 0 0
22 10 8 0
23 10.0752468357945 6.27239177516577 0
24 10.1504936715891 4.54478355033154 0
25 10.5752468357945 3.27239177516577 0
26 10.9807505559045 7.4985567706789 0
27 11 2 0
28 11.055997391699 5.77094854584468 0
29 11.25 9.5 0
30 11.4085468357945 4.27239177516577 0
31 11.8333 3 0
32 11.961501111809 6.99711354135781 0
33 12.1666666666667 1 0
34 12.2307505559045 8.9985567706789 0
35 12.3140505559045 5.4985567706789 0
36 12.5 11 0
37 12.6499883333333 2.2 0
38 12.6666 4 0
39 13.2259564996323 7.21894884890765 0
40 13.3333333333333 0 0
41 13.4832883333333 3.2 0
42 13.4952059437278 9.22039207822875 0
43 13.5785059437278 5.72039207822875 0
44 13.75 12.5 0
45 13.816655 1.2 0
46 14.2999766666667 2.4 0
47 14.4547384785708 10.7370895023423 0
48 14.4904118874557 7.44078415645749 0
49 14.49995 4 0
50 15 14 0
51 15.0633276666667 1.04 0
52 15.3166383333333 3.2 0
53 15.4118559437278 5.72039207822875 0
54 15.4499444222986 8.95748158057103 0
55 15.5466493333333 2.24 0
56 15.7047384785708 12.2370895023423 0
57 15.9685248281876 7.21188839434295 0
58 16.3333 4 0
59 16.4094769571416 10.4741790046846 0
60 16.563311 3.04 0
61 16.6666666666667 0 0
62 16.793322 2.08 0
63 16.8899688844597 5.49149631611421 0
64 16.9280573630305 8.72858581845649 0
65 17.4466377689195 6.98299263222841 0
66 17.5 14 0
67 18.16665 4 0
68 18.2047384785708 12.2370895023423 0
69 18.2047384785708 9.73708950234228 0
70 18.396661 3.04 0
71 18.396661 1.04 0
72 18.7233188844597 7.99149631611421 0
73 18.7233188844597 5.49149631611421 0
74 20 0 0
75 20 4 0
76 20 14 0
77 20 2 0
78 20 9 0
79 20 6.5 0
80 20 11.5 0
