0 0
20 0
20 14
15 14
5 2
0 2
1.42857142857143 0
2.85714285714285 0
4.28571428571428 0
5.71428571428571 0
7.14285714285713 0
8.57142857142855 0
9.99999999999998 0
11.4285714285714 0
12.8571428571428 0
14.2857142857143 0
15.7142857142857 0
17.1428571428571 0
18.5714285714286 0
20 1.4
20 2.8
20 4.2
20 5.60000000000001
20 7
20 8.4
20 9.79999999999999
20 11.2
20 12.6
18.75 14
17.5 14
16.25 14
14.0909090909091 12.9090909090909
13.1818181818182 11.8181818181818
12.2727272727273 10.7272727272727
11.3636363636364 9.63636363636364
10.4545454545455 8.54545454545455
9.54545454545455 7.45454545454546
8.63636363636364 6.36363636363637
7.72727272727273 5.27272727272728
6.81818181818182 4.18181818181819
5.90909090909091 3.09090909090909
3.75 2
2.50000000000001 2
1.25000000000001 2
0 0.999999999999999
14.4536443560632 5.33652860174419
15.969328830088 8.90000912780273
11.2935601767296 3.7351547502189
16.8956098047819 3.11001914963945
17.3018008756972 6.78803297528798
13.5816521424255 7.75980964009722
16.7804254434722 11.6851534084482
14.0268553883761 2.52885753063228
8.69287867964056 2.38521403850936
11.5630944428622 6.38084811201308
14.9600814729034 10.8079891543573
17.9752387545257 9.82623163406274
18.0972778187432 4.74216435970811
12.0571555638294 2.00889765082257
15.5575962948375 7.50732041619234
9.70314127827938 4.62760890243613
13.1647065639893 4.87382907767506
15.443065553148 1.86763078559567
18.0977450004925 1.90889585187317
17.9613127678879 8.00716740613549
7.18912419070989 1.79231377084776
18.1309963213924 12.1660671058262
13.7037033757988 9.63822306210337
16.3272253968492 4.64628745409007
15.625 12.5549242424242
10.1739235692062 1.72657418361668
15.2799491698476 3.491466148828
11.8269437566959 7.91743775137363
13.3852175730978 6.27349763051896
18.5658742891663 3.33497710495108
10.0093401473186 6.054944445712
18.6859934198636 6.129380632598
8.43813655945284 4.03570833981869
13.5602110025934 1.22536350956902
16.8029539269342 8.03182773474734
14.7202020161384 8.69817708482496
17.0685702941441 12.9495421791878
16.7298836988823 1.49065695111141
18.6370714357522 11.0297792548063
12.5724129357189 3.30118495856197
5.9809519125661 1.29425943979189
14.1388661400333 4.00810943985355
15.8194579542141 5.81275501185285
16.4363539376387 10.2732559165285
9.06167653006964 1.17100602992129
9.92641429533963 3.24133105056969
11.17422136746 5.16942600847759
12.5069379909099 8.99427616153994
10.7149723804539 7.24692812653826
18.8373555348198 8.97735286443441
1.97570980914482 1.03651251991009
7.4094824314152 3.09719268438062
3.29059449200033 1.02202929753604
4.6702577340944 1.05271478955465
13.7699981286242 10.8957429095709
14.5507275853584 6.50711884555029
14.5707307042312 11.7459232147751
11.0741599408743 2.58165369086177
17.2247308661604 8.95660874831814
14.6060263888235 1.12437036515939
8.08309991089121 1.03658608440902
15.7965773511322 11.4896102550252
15.1579339265135 9.66353086912338
0.935248111102151 1.11218986112232
17.2187349098728 5.41935585856151
19.1333957936895 4.8743087305944
18.9691967119106 1.02297711612624
11.2472363518347 1.11738206833646
12.5160257443411 6.91767887581244
19.0886591267642 13.0443385060395
17.6007252632078 10.9411984506469
17.2506472939042 4.16147648883955
18.9420725801592 7.37222433230007
17.8893424056938 0.858925176243355
19.1687955605111 2.0966173543827
19.2106704543305 11.9042615176048
19.0899331450195 10.1666727506607
18.1076451484602 13.2319895582107
8.83889010231144 5.29797077216719
12.3603089293243 1.07745824261303
15.241485695631 4.61838961424689
13.011536371974 2.1131062269501
12.2848972403185 5.69110202220745
12.0039962739781 4.54296861991116
15.99196775085 2.68458313523552
