0.0203243454223941
0.020287385585914
0.0205585952179963
0.0204069393180725
0.0202166315432418
0.0203655314268845
0.0200908568725852
0.0202276799668735
0.020484611669919
0.0204227998981684
0.0201961961978273
0.0204850622036701
0.0202302597381665
0.020243638943981
0.020519406340365
0.0203348384578884
0.0202081050431267
0.0200172053893006
0.0206197758637752
0.0201924213373292
0.0205077103124293
0.0201503238722287
0.020329327413498
0.020439936708024
0.0204480648831672
0.0201138869303742
0.0203323520451184
0.0203917518587903
0.020332922633944
0.0205700122724934
0.0204889444359401
0.0201906019233572
0.0201801005253072
0.0202440351704695
0.0202652983972341
0.0204287103096921
0.0203328180282261
0.0206456169701795
0.0203082489949965
0.0203018931681092
0.0204643826576289
0.0204954292574467
0.0203347938622363
0.0204208866661333
0.0203658839049624
0.0202644730950894
0.0202108443690369
0.0199691346023632
0.0201238838303242
0.0203675880306095
0.020549698822624
0.0202191343400305
0.0199526623054251
0.020224469192588
0.0202949981607159
0.0201562641162935
0.0205613818204394
0.0202500400640716
0.0204511570401324
0.0204116381663465
0.0204108118984479
0.0203922194207878
0.0203183614629172
0.0205411520435602
0.0204316223742724
0.0200966985705944
0.0204286308576919
0.0201702814147779
0.0203885411347691
0.0199812395687361
0.0202837360871542
0.0202487071440272
0.0204181324512733
0.0201734233327484
0.0202296196077132
0.0203760141079208
0.0204480832958041
0.0202470601039535
0.0202508896849652
0.0201712210810214
0.020293654596389
0.020483389741638
0.0205603011965493
0.0201234922580678
0.0204916938417107
0.0204162462672569
0.0203850848753402
0.0205437960965577
0.0203358594897003
0.0201731922003959
0.0205178308356423
0.0202534818172424
0.0205695646110653
0.0204443005656246
0.0201604368916533
0.020520758195449
0.0200347202141311
0.020421514647458
0.0204861101820094
0.02047339725636
0.0202692322069785
0.020535322784632
0.0201644378191623
0.0206366075350508
0.020289853320105
0.0203376862443045
0.0204197246654567
0.0202159266143474
0.0202663684972495
0.0201974062671955
0.0202476622562145
0.0203488405886915
0.0203542088211155
0.020034910140737
0.0204874467018638
0.020484995859645
0.0205914343433297
0.0202647770410384
0.0204217757716526
0.0203179061556425
0.0201732962474401
0.0202290395375715
0.0203269000056895
0.0202469638646605
0.020334775964544
0.0202904706294504
0.0201336905984459
0.0201154994760919
0.0205358815770334
0.0203514874132711
0.0205234794527137
0.0202244110473321
0.0201776716536596
0.0206322690797936
0.0202334098233488
0.0204631549354743
0.0204711495294356
0.0204823361423158
0.0203514377682219
0.020467907316586
0.0203152099160741
0.0201471477541363
0.0202823684537751
0.0201514828887767
0.0204405642102244
0.0203754004129074
0.0200307352605643
0.0202751977482845
0.0203119089331372
0.0203666665323301
0.0204288442998523
0.0206423161680104
0.0202857122471056
0.0204317065954834
0.020275168415768
0.0202775934693352
0.0205805621812023
0.0202441223278927
0.0203170958006819
0.0204288006940762
0.020340386068528
0.0203620037677145
0.0200903303940073
0.0201982388917362
0.0201375857288636
0.0204040900930253
0.0203351493396505
0.0205050035073901
0.0203908680450084
0.0201636887838671
0.0202256822730115
0.0202022388832487
0.020171492348814
0.0204556434018261
0.0204117389736803
0.0202227219770881
0.0204579921664722
0.0205582978526491
0.0201877269188564
0.020206980876814
0.0200645420224123
0.0203751280356333
0.0203253918963547
0.0202774996092655
0.0202797063676353
0.0203091450112767
0.0204080338347794
0.0204596603750179
0.020410708820037
0.0202599420765113
0.0204994284379158
0.0203105381222879
0.0202114886638475
0.0203256103075319
0.0205356596078408
0.0203785358181379
0.0203551139664194
0.0202956037287566
0.020306228697692
0.0201305564798859
0.0201596248427603
0.0203140358497222
0.0203444690804222
0.0201818289155867
0.0203639387808517
0.0204809030618852
0.0202067655701318
0.0202930522121396
0.0202905553569853
0.0202345039479019
0.0202308199554031
0.0203007382520173
0.020460782946003
0.0201738364944594
0.0203055284194437
0.0202060880141552
0.0203223947040407
0.0203491221874173
0.0203588800930085
0.020128376915305
0.0204770181907615
0.0202339514569706
0.0202842270688654
0.020505234788388
0.0202428221943817
0.0204433270382385
0.02029456839513
0.0202539176108182
0.020574511375001
0.0201911657838424
0.0204432350678032
0.0202252180104512
0.0205146915492357
0.0204991870593312
0.0201569688750749
0.0203782833145497
0.0205722235415274
0.0202893747448148
0.0202371041100623
0.0205201809484468
0.0201371450637061
0.0203747422331436
0.0202371888171165
0.0204416976098951
0.0204763977198077
0.0204093639871526
0.0203748538824888
0.0205134624309293
0.0201105712739823
0.0201355137335297
0.0202898580558607
0.0204236728609892
0.0201749917359941
0.0201747972215563
0.0202059862533685
0.020498944114597
0.0202538753063654
0.0202717928189921
0.0207792670647956
0.0204608694095594
0.0201571917071738
0.0206481473265922
0.0202161336475891
0.0201631129016778
0.0203850436426664
0.020398050546661
0.0203999783437543
0.0202237143886123
0.020365749150773
0.020150730699635
0.0202591684751893
0.0204652043413248
0.0202605397650428
0.020557324806462
0.0203062817273434
0.020324185612389
0.0203617101036743
0.0204760835557863
0.0201957148863979
0.0201320652186777
0.0204929174642108
0.0202401903874316
0.0204090541654522
0.0201774553761225
0.0203965898784264
0.0199583563446212
0.020271349480012
0.020340541713875
0.0200501837042332
0.0201670496606218
0.0203685899094588
0.0204435604070307
0.0204211478019414
0.0203311805377687
0.0203668895468068
0.0203757795419117
0.0201805313936204
0.0204856606485719
0.0203893059893276
0.0204022036552865
0.0203255845175762
0.0205015057251499
0.0201146103511214
0.0203303820900023
0.0202039237933361
0.0202573067710451
0.020272266311644
0.0202932100260523
0.0199003634785923
0.0202223702827073
0.0201795093038034
0.0203048322737283
0.0203535573174237
0.0206371799493404
0.0201116610523183
0.0206160371472651
0.020188154225306
0.020258279769017
0.0202169125987271
0.0205752482394161
0.0208081810843988
0.0202955808022234
0.0201650403461409
0.0203768871960712
0.0204020082145934
0.020428879563115
0.0202756899614573
0.0205104940217911
0.0201407210598597
0.0203383498108805
0.0206978305734055
0.0204445407675477
0.0204001624331354
0.0203253316574396
0.0203161388607461
0.0202697637763542
0.0202727390664971
0.0204015591392989
0.0204111653135501
0.0202176226267596
0.0203098557091792
0.0202487658818833
0.020149402855548
0.02041654909827
0.0205713182170879
0.0203755587903198
0.0203450509801511
0.0203243381796258
0.0201612425993611
0.0201406211274528
0.0202668266835319
0.0203029604056711
0.0206277945759833
0.0202679409870073
0.0200753761266736
0.0203753934457859
0.0203645524671095
0.0203832262057614
0.0204168687383667
0.020296666925102
0.0204448124933326
0.0203181590510594
0.0208034231382338
0.0201719485326676
0.0205243739935634
0.0205540371914954
0.0202743258679467
0.0205382212197299
0.0201136536997499
0.0203375234185639
0.020266420963603
0.0205447163333842
0.0205805935951582
0.0204060107646873
0.0200255273387508
0.0202244533603427
0.0202220976320502
0.0207414038280346
0.0201480333138724
0.0203063623321514
0.0204112086775636
0.0204838713939384
0.0205859854092569
0.0203337981054611
0.0201748927870789
0.020200707965912
0.0204162065134632
0.0202755109086427
0.0205485771786546
0.0203168452726273
0.0202128637121273
0.0206434356496369
0.02051057021913
0.0203341739188448
0.0204113831842671
0.0204472924640272
0.0205563171104877
0.0202781673897184
0.0202210099055839
0.0203918570397002
0.0201313577711955
0.0204773775550455
0.0204616545903274
0.0200526984896028
0.0202375551008343
0.0200072177086444
0.0201295446978228
0.0202396662792168
0.0204263611627026
0.0205889704307753
0.0204194013194982
0.0202144023756184
0.0203770305369327
0.0203732882655216
0.0200938132650329
0.0204519753012534
0.0203081806845384
0.0201771966187457
0.0202548342522326
0.020317010429449
0.0202690967030949
0.020525871195496
0.020192426167331
0.0203092888622084
0.0202406840650563
0.0204462492717426
0.0202956717137688
0.020320642465545
0.0202848110395791
0.0202507170154799
0.0205339796015234
0.0202830503840813
0.0203577018955754
0.0202718455129284
0.0202781236359967
0.0202277644203533
0.0201622991751491
0.0203582127120376
0.0202760884994519
0.0203856216652578
0.0202063825817799
0.0203067039599939
0.0201122192461324
0.0200806107006514
0.020200190115816
0.0204284042843831
0.020260336487466
0.0203260989419455
0.0200722498053568
0.0200958430612244
0.0202564705674884
0.0205716735443148
0.0204545146705315
0.0202730266803099
0.0202181859806146
0.0206331388455862
0.0201109365224289
0.0200984973428829
0.0202116143701828
0.0205527517347821
0.0203909289211279
0.0204037298247988
0.0203161368961654
0.0202484570844556
0.0202721939907675
0.0203529445314684
0.0205485024473708
0.0203888507602534
0.0204101563722424
0.0205231001724037
0.0201597872736195
0.0203119511167114
0.0203974074316002
0.0200926314549307
0.0203634130611933
0.0205369533093083
0.0202187919495072
0.0203101635506697
0.0204944824644679
0.0204088451186721
0.0205524899752476
0.02062881779112
0.0204853847500814
0.0204295973020504
0.0200955603086056
0.0205127726833941
0.0201775428478139
0.0204458428827126
0.0207996931579597
0.0203585826665047
0.0201830045802987
0.020558157067891
0.0202420262505285
0.0201929325073169
0.0203102784901433
0.0203947716485514
0.0204607372930905
0.0202489119340943
0.0202180534528341
0.0204001398399713
0.0201910066600239
0.0202322257864944
0.0203172425895248
0.0203683481348135
0.0204625448399625
0.0203667916651213
0.0204584803793484
0.0202742619662583
0.0202233788275907
0.0204081016167319
0.0204745876042865
0.0203153952688553
0.0203765109017927
0.0204833609543424
0.0201086046425831
0.0204576488936493
0.0202579399913197
0.0202717950428379
0.0203299313028592
0.0203988274601187
0.020218933277545
0.0202471270944084
0.0203299638422523
0.0203009983464288
0.0204518240474146
0.0202779670582408
0.0202563045603037
0.0204654017506302
0.0203155375217371
0.0202525407163459
0.0203149312251255
0.0201893403114384
0.0202809459281146
0.0203259674631168
0.0203922355774894
0.0202361974027814
0.0204668160891552
0.0205707803120916
0.0201261640389856
0.0203600996827697
0.0205298533115325
0.0202003456400655
0.020272530527142
0.020204829711929
0.0205755277000878
0.0203113553773382
0.0203912715478611
0.0205089713093897
0.0202459575584835
0.0203781066439344
0.0204116657346655
0.0203897734533021
0.0202594106702052
0.0204584047205404
0.0201529397806597
0.0201491962590375
0.0203103381314779
0.0200887175030761
0.0203499631788995
0.0203363037262569
0.0201574384845544
0.0203129535916715
0.0203997855354744
0.0204033350457402
0.0203799271106983
0.0204527693682071
0.0205226631245232
0.0202455358377018
0.0203522881037304
0.0202539765926171
0.0202244884107378
0.020272810170634
0.0203166479172603
0.0202889310298138
0.0203417410471824
0.0205577325213929
0.0203092409428326
0.020231516110317
0.0203292115247898
0.0203890541230169
0.0202937898264821
0.0200214692384286
0.0203160552970099
0.0202853641538237
0.020192785757077
0.0201323626715685
0.0204054727050588
0.0203865382940764
0.0202940251315094
0.0202882670659949
0.0203548604465874
0.0204106127067759
0.0200026106301253
0.0202472033898781
0.0202160840373055
0.0202061536811317
0.0203945961368902
0.0203994401599027
0.0203063271585669
0.0206036282613405
0.0204324342025544
0.020484090534495
0.0203866728744235
0.0200864157182497
0.020163023576511
0.0204921720992772
0.0204879288281923
0.0204984037810632
0.0200502038479689
0.0202767032973126
0.0202243827667668
0.0203990657898153
0.0202502137369273
0.0202749975475046
0.0201407122064494
0.0202664909439803
0.0202439506142125
0.0204195108675649
0.0204062461241389
0.020671074340826
0.0204655776210459
0.0202571116193908
0.020433389548059
0.0205185906440276
0.0204775294440429
0.0203717725165723
0.0204793728854786
0.020505501555269
0.020224128197212
0.0204292157167401
0.0202541163145908
0.020207489858047
0.02058653708192
0.0202763126816518
0.020222262629735
0.0202841241416488
0.0201520870924252
0.0202642200940565
0.0204680200261973
0.0203984496697621
0.0203553663366661
0.0203555857290514
0.0205880206506597
0.0203997723190457
0.020243370430501
0.0201514357649129
0.0202516000600186
0.0204984080902709
0.0203023773256381
0.0201362477834085
0.0202393433198099
0.0202480175809091
0.02039742673453
0.0205939474211757
0.0202931862937716
0.0202324747348984
0.0199103676121021
0.02034360681148
0.0203091203343451
0.0200662850510143
0.0205029077814448
0.0201615083218016
0.0203728716802269
0.0202540680851734
0.0201296264980245
0.0203226748680083
0.0202643440496734
0.020216086314021
0.0203870011739962
0.0204161911501281
0.020318899902367
0.0202580921784261
0.0203799856771399
0.0204707836617153
0.0202840732372221
0.0203735978838044
0.0203487458628329
0.0204234415142983
0.0205090728489555
0.020245333341187
0.0204763281104879
0.020052134524224
0.0201040734024277
0.0202071503677596
0.0203672145675142
0.020200006543732
0.020132594073252
0.0203142680451389
0.0201429143762098
0.0200942025203336
0.0203331100397913
0.0202637537854226
0.0202771579963086
0.0203464079838611
0.0204309919411231
0.0203975355059584
0.0202731097721419
0.020399982275017
0.0207241637087172
0.0202103220400697
0.0204919663602084
0.0202331845898384
0.0205635069943932
0.0201673773432597
0.0202561895770085
0.0202119509087497
0.0201829088765563
0.0202077524070486
0.0202770606491272
0.0201180633635943
0.0204648845363055
0.0202895401152705
0.0207537492288158
0.0205371844525862
0.0205299111550225
0.0201877550054631
0.020366845782015
0.0202549328183577
0.0204688416818354
0.0201810887105252
0.0204692392052086
0.0203070427961414
0.0203929481573431
0.0201939116462436
0.0203987555889919
0.020424332348214
0.0200136430234775
0.0202455241462871
0.0199392288754365
0.0203449996583438
0.0202541750466687
0.0202499687026121
0.0203027919784468
0.0203774435179855
0.0206354689312839
0.020530097350885
0.0202482007754168
0.0205030716520019
0.0204735621126356
0.0202325343248364
0.020578169767541
0.0200061619224901
0.0202786345672523
0.0201950386815698
0.0201961677545012
0.0201050397661435
0.0204311060355685
0.0201990921598564
0.0201366279454542
0.0203477044040534
0.0201347140842619
0.0202567879885072
0.020371837927139
0.0202932238194058
0.0203135608663184
0.0202805216726597
0.0203372780759885
0.0202527597416442
0.0201037843880716
0.0202153734137353
0.0202870299160767
0.0203121413583407
0.020270514224672
0.0203282641823964
0.0203775455797876
0.0205085126089084
0.0202918152537245
0.0202947452681022
0.0203084431495054
0.0202894382363371
0.0202573192607454
0.0203494420065987
0.0200560709888165
0.0202134881124995
0.0204739108286714
0.0200485333192631
0.020543502339184
0.0204462488016382
0.0202367472217933
0.0200625675972033
0.0201632909861838
0.0203197859903929
0.0204988507213394
0.0206459109210135
0.02035987467262
0.0201256953110817
0.0201476446460952
0.0203686605723982
0.0205227548049541
0.0205743304214477
0.0202405911509932
0.0202839164868843
0.0202904491097323
0.0202403550281305
0.0203686921917609
0.0203017448913273
0.0202358946982897
0.0205710904655434
0.0201901101764141
0.0202633867913094
0.0204128523214379
0.0202862403195281
0.0201583165996249
0.0204794368885592
0.0203184160413033
0.0204523310135621
0.020201600977226
0.020182177092217
0.0204257249908351
0.0202020692665688
0.0201449070027824
0.0203573795056807
0.0202973546827865
0.0205761453956703
0.0202117179265809
0.0204195563033379
0.0200870649697074
0.0202772046552283
0.0202956059733266
0.0204500297035122
0.0204430268165813
0.0202826328043469
0.0201803625094647
0.0203116768161494
0.02061172948313
0.0204834311183714
0.0203052643196584
0.0204260088282311
0.0204567154313739
0.0204755166868007
0.0203154195211852
0.0203891617106307
0.0203725521405913
0.0205807076209297
0.0204560656526329
0.0203210501713911
0.0203875485724068
0.020335671128529
0.020278277570883
0.0204237411407422
0.0203156724040752
0.0200012474229945
0.0200778918675884
0.0205343454461725
0.0201870374635549
0.0203916964234271
0.0203208284618416
0.0201494534665574
0.0201722780428722
0.0204244407047368
0.0202230144830858
0.0203869299051563
0.020330844448636
0.0202545122826146
0.0204722098990165
0.0205400253878203
0.0202004733998017
0.0203771076946404
0.0202599625617898
0.0205879239721625
0.0202514369900168
0.020380798572604
0.0205107517958803
0.0203869031674002
0.0200770815143919
0.0203527010334814
0.0203055332043365
0.0199778447940944
0.0202520534450506
0.0201975852387239
0.0202087477621759
0.0200471183537552
0.0200157201721958
0.0203169434513124
0.0205233792641852
0.0204154179486085
0.020382193668452
0.0204291690484557
0.0205923351425744
0.0205522719237977
0.0203564338690127
0.0202882708063316
0.0204786098971539
0.0204794345414916
0.0201812872779776
0.020379193118094
0.0203519786548324
0.0201950298874718
0.0200921242663495
0.0200583038267158
0.0205780173851853
0.0204533266324101
0.0202747329586136
0.0204250174028073
0.020553171373322
0.0204389925099857
0.0203536565551316
0.020393486696771
0.0202933813194623
0.0201339404232763
0.0202609352643119
0.0204589371677437
0.020520495937466
0.0204145343592269
0.020437550937765
0.0202988693838775
0.0202789690634244
0.0203331131048515
0.0203217883649257
0.0203432607410472
0.020277375190641
0.0203671981095773
0.0202191745743081
0.020571980340892
0.0205251264345769
0.0204721869065695
0.0201903266589119
0.0202650771098897
0.0200194534687882
0.0204446095724214
0.0204255994882703
0.0203415802718184
0.0203459250617279
0.0201559842711075
0.0207066123629292
0.0202502285747992
0.0203326130476206
0.0202273433462564
0.020336021101261
0.0200884374620084
0.0204001503745408
0.0203838244807481
0.020154655263268
0.0203879464572937
0.0200845540317531
0.0200759663346284
0.0203128170161726
0.0204451482064833
0.0202930096982761
0.0203871825083385
0.0204238666613521
0.0202452663718179
0.0202707032839619
0.0204087041756594
0.0203861175991925
0.0202326611356746
0.0203826631149092
0.0202880249145568
0.020564286271095
0.0203712130211585
0.0201489188424232
0.0205821302770026
0.0201582076571108
0.0202484417009159
0.0204137709915826
0.0202508422524715
0.0202953718922128
0.0202043721385185
0.020241646377129
0.0205254206993633
0.0205488075743208
0.0202725956920838
0.0201430503024725
0.0203562860300213
0.0203599838088846
0.0205342364634976
0.0204791101094363
0.0203027181813956
0.020526044720925
0.0200657017416805
0.0200025483741545
0.0205722372434343
0.0207774616179735
0.0203527968639573
0.0203558536159618
0.0203739251909068
0.0200658198794374
0.0204306191521558
0.0203444439923816
0.0202181118614353
0.0201646927850426
0.0201990727712668
0.0202920890855404
0.0203687694523075
0.0202595034658931
0.0202425471746702
0.0203748334332004
0.0204439120182934
0.0205038498052706
0.0201326031849745
0.0204006488680514
0.0201769712797538
0.0205008921836946
0.0203088427886883
0.0204045463627173
0.0202831884520616
0.0202107045001631
0.0205903099098683
0.0203642926056592
0.0203429597392006
0.0201293836382229
0.0204159814153965
0.0205109442577291
0.0202570372532744
0.0202505959672908
0.0200509135763961
0.0204970958437465
0.0203145900379198
0.020246289476489
0.0205809430536681
0.0205103028850723
0.0201968205102865
0.0203929028796706
0.0203195304657454
0.0202915564384091
0.0205242796509588
0.0203760125358249
0.020147431033079
0.0203829036002351
0.0202248018301723
0.0205419638179021
0.0201349422171864
0.0203373873136931
0.0203918492371183
0.0204305298551866
0.0204126670804965
0.0200077917207553
0.0205662569362017
0.0205445552669686
0.0202658324154717
0.0199709623095643
0.0202964578328615
0.020324150633832
0.0203856961510413
0.0202972895935255
0.0203458197386286
0.0201718240904194
0.0201180648162038
0.0201948566374949
0.0201010169928989
0.0202639208008398
0.0203330694038096
0.0205529533664172
0.02039043514986
0.0203609896649831
0.02018291303823
0.020421196171754
0.0203773519562623
0.0201981208860674
0.0201296988752202
0.0201215369530106
0.0204040157559389
0.0203411814517423
0.0202679500280994
0.020328428787376
0.0204377810750585
0.0203054548410639
0.0201808076372727
0.0201179274157012
0.0203777171459645
0.020206406437704
0.0205477862197136
0.0203800184478864
0.0203672058319012
0.0204307294200759
0.0202971854570322
0.0201938447632772
0.0203580281466682
0.0202131037006485
0.0203840654756358
0.0202962155708276
0.0202880584148195
0.0204637560822978
0.0202892927100716
0.0203259318014268
0.0202889879078238
0.0202899920486211
0.0200589652834216
0.0202606657676236
0.0202679253545442
0.0201264226684312
0.0203374243420013
0.0203360576309684
0.0203570580416938
0.0204235564931868
0.020257458007608
0.0202606923353526
0.020298653688358
0.0203921912870879
0.0203733492588176
0.0203041972939525
0.0202244203817767
0.0204315195360527
0.0203454758809666
0.0203089495702036
0.0203124549288792
0.0205746129123176
0.0203281667168993
0.0203613116076077
0.0203046160228212
0.020311895876044
0.020401696380805
0.0203574486436743
0.0205830020988163
0.0201912545351705
0.0203548166319268
0.0203804599355803
0.0201840371928113
0.020391979181486
0.0202179375736746
0.0201748580592177
0.0204836901873917
0.020318414872767
0.0202347030883341
0.0202904309711526
0.020506767749123
0.0201803050753812
0.0203011317141907
0.0201720157048448
0.0202287050425676
0.020065375055852
0.0205135491233755
0.0202358593802206
0.0203351436079937
0.0206110111069828
0.0203907709746055
0.0203285643482588
0.0204405038037851
0.0205466403049694
0.0203444758557023
0.0202493714842201
0.0201865441896501
0.0203725766014292
0.0205804077576747
0.0203326537786823
0.0205212221763436
0.0202231468184725
0.020250675562503
0.0203723085216515
0.0204493974413793
0.0205098917467614
0.0204053962635032
0.0203586831184079
0.0202327837307199
0.0201997264076131
0.0205611837924514
0.0206333270179708
0.0202165187494983
0.020257015491243
0.020167016080585
0.0202515343559125
0.0204715039593679
0.0204466670604129
0.0205037637563509
0.0203617747103504
0.0203550600651277
0.0200415292536569
0.0200853551722629
0.020268098080489
0.0200973636662776
0.0202617865177138
0.0203880265637348
0.0205341462814475
0.0204810541555465
0.020118821025958
0.0202020223107883
0.020370984585513
0.0205011817425326
0.0201816671527034
0.0203101110540515
0.0202673628394211
0.0204402739106071
0.0201771191864017
0.0203500175708914
0.0201931194202775
0.0201210879548733
0.0205504052044204
0.0202041527713795
0.0204492523556682
0.0203308029224941
0.0204345897627641
0.0202716199293826
0.0205005925024841
0.0204457863475093
0.0204375432678138
0.0204122357379892
0.020293228342892
0.0202787104220285
0.0204645730100851
0.0204502935594452
0.0201549122574992
0.0203399133860591
0.0203510220932122
0.0203198925966337
0.0204601388443095
0.020301270520208
0.0204045504399386
0.0202498737029582
0.0205102780355966
0.0204651006170706
0.0202115115378628
0.020214359712324
0.0202490347833547
0.0202198109521379
0.0203802838679758
0.0203366417951228
0.0204485666967014
0.0205223699340292
0.0202503609336113
0.0203221577749548
0.0202035283929594
0.0199636433574642
0.0204451005037674
0.0202939494718112
0.0204694619051786
0.0203235535931131
0.0203256907173601
0.0204293914502072
0.0202347860900749
0.0203574186710233
0.0202874436497638
0.0205073389866639
0.0202569351080865
0.020371177749835
0.0203831410906752
0.0203535159868333
0.0203208980344858
0.0204133258707678
0.0206198648581265
0.0204049422653351
0.0203340459607126
0.0203564150515352
0.0203573648083485
0.0202817695976182
0.0203356533593473
0.0203298625625004
0.0205097556976841
0.0201488843492994
0.0202925341820727
0.0200254716984616
0.0203376106506552
0.0202430699119888
0.0203890498509804
0.020469329163926
0.0201917502724811
0.0204641734829555
0.0203269120524885
0.0204939652510173
0.020336188587548
0.0203020324665524
0.0201229833371382
0.0202752491586269
0.0205189312819257
0.0205466868139326
0.0204891746963116
0.0204815805664052
0.0203861245469306
0.0204894579430579
0.0200815090932518
0.0201089192354035
0.0205286740586338
0.02024953017062
0.020119246054402
0.020189959621119
0.0205352039816401
0.020148004103779
0.0205717216594384
0.0206539310038393
0.020145330611246
0.0201906481550544
0.0201124468966491
0.0203376691594029
0.0203816649927726
0.0202959591233784
0.0203969837452995
0.0201304891683759
0.020397423265304
0.0202861717455252
0.0202788358031853
0.0202808427085759
0.0202759782416114
0.0204393959975049
0.0205005578469961
0.0201607270711287
0.0202059175447302
0.0203307298754958
0.0202257367419916
0.0204842183795407
0.0203599880890393
0.0202909399555775
0.0201861497298233
0.0201190205235795
0.0204573183028743
0.02037890716973
0.020295808489891
0.0203970141136834
0.0203521508787393
0.0201678148388252
0.0202206012995195
0.0200187131981479
0.020392524476916
0.020501835416113
0.0202876138302014
0.0204262908964416
0.0203849261590543
0.0205208614251204
0.0202013031366833
0.0201794733364809
0.0202785330396095
0.0204077592323312
0.020382187318423
0.0203778603996422
0.0202261806562402
0.0204810303185106
0.0203062697298531
0.0206113684764158
0.0202983313961404
0.0202410996790804
0.0203152453066329
0.020369174914994
0.0205048310362299
0.0203468856687393
0.020277082126252
0.0202759313661028
0.0201682044545708
0.0202816075797294
0.0205497514480928
0.0201700160866758
0.0202740479270821
0.0204406746243655
0.020056066910655
0.0202251630824752
0.0204430875375586
0.0202126789332904
0.020381228274593
0.0204410286232475
0.0206040086843248
0.020440721847399
0.0200580681309079
0.0205788993250389
0.0204440527908759
0.0201245252336534
0.0206089757477691
0.0202611052825875
0.0203475425533082
0.0203966360512454
0.0204099347479697
0.0202617168391795
0.0203173290488104
0.0203724098357642
0.0202315130452374
0.020460373239024
0.0202135382645575
0.0204516021014167
0.020432175123416
0.0202430708593361
0.0203512902895065
0.0202059606784198
0.0205444489457211
0.020236312528458
0.0204884318891926
0.0200905053208532
0.0203274651664043
0.0204124606379917
0.0203102264148957
0.0203391531762023
0.0202942235999856
0.0205661301410573
0.0204368718033757
0.0200904378479809
0.0202881065262919
0.0202847655364352
0.0200602035943552
0.0202741676429905
0.0203554839089825
0.0201786668630249
0.0204376347330081
0.020369697065427
0.020275525768396
0.0203312959504326
0.0202677143649152
0.0203883249362413
0.0206346488399899
0.0202061080531955
0.0203041543458266
0.0203726857414313
0.0203379480035931
0.0205602574044914
0.0200958014092893
0.0201754223019806
0.0204044759179062
0.0204737345228716
0.0205105937662755
0.0200527095889258
0.0199485285615393
0.0202848188467623
0.0202426646842224
0.0201923084105167
0.0201074572322235
0.0202904105186351
0.0205079866445951
0.020319377831489
0.0202394871493685
0.0205179830563124
0.0202204289683274
