1.5721321210500697e-5
1.262505739490008e-5
1.7104008319701255e-5
1.423939085839869e-5
1.262743596049977e-5
1.4387423454500017e-5
1.4236770572400095e-5
1.551413612239927e-5
1.5988683372799087e-5
1.2835871723201539e-5
1.4604971469099268e-5
1.3824860604099223e-5
1.708757700439982e-5
1.4381960884300021e-5
1.2363717565898671e-5
1.390254058010118e-5
1.4526187901500731e-5
1.3225386468999553e-5
1.459006458519839e-5
1.5016454559499057e-5
1.3407041529099606e-5
1.4462981242900977e-5
1.3002675723199422e-5
1.4361213357200892e-5
1.3413704178299318e-5
1.2252139511300872e-5
1.3998882932599738e-5
1.4929404195399704e-5
1.3170286034000153e-5
1.4555379181099143e-5
1.498651511720045e-5
1.3916077728000353e-5
1.8723978491499635e-5
1.3467169517899363e-5
1.5089710057600639e-5
1.5353904117700046e-5
1.4003069608199692e-5
1.3660772123500961e-5
1.2569130174300627e-5
1.3496504575898419e-5
1.3718406406000236e-5
1.7012366062101048e-5
1.2499214170800035e-5
1.4832544076900933e-5
1.665015473159906e-5
1.3093486844801064e-5
1.4763920464100008e-5
1.4155934605200593e-5
1.3272607290700303e-5
1.475421009040044e-5
1.4158323557299235e-5
1.2493067613699935e-5
1.351011264769976e-5
1.370976994499902e-5
1.586193109039992e-5
1.589282374290027e-5
1.4134977244201208e-5
1.4977388617099657e-5
1.35361308138994e-5
1.3562820701699257e-5
1.3537783870799097e-5
1.4656857281299812e-5
1.6337860294498782e-5
1.602188880689935e-5
1.3422866508600029e-5
1.5812899084099302e-5
1.2946254872999233e-5
1.2392196398099131e-5
1.4131356729700159e-5
1.3747931832399155e-5
1.5188190923699774e-5
1.3248104616600531e-5
1.5844236807499926e-5
1.3157757726499353e-5
1.4798795715500329e-5
1.3682711225999206e-5
1.4262809590099082e-5
1.3877367578201197e-5
1.2713701780900019e-5
1.3975124739698877e-5
1.630679566479859e-5
1.5365101935900516e-5
1.4039377306800799e-5
1.521446274809976e-5
1.2460015299798483e-5
1.7410834513099938e-5
1.4561970763500576e-5
1.3014182016699016e-5
1.4159537115200974e-5
1.2998470832800008e-5
1.4571400951599728e-5
1.2851215994100565e-5
1.2780082596799622e-5
1.5211483990600419e-5
1.7186429798700734e-5
1.398242127749992e-5
1.2838857648399607e-5
1.718676943670075e-5
1.4586438966799134e-5
1.4256961482101219e-5
1.287600316329969e-5
1.3354566769501267e-5
1.2398731668399748e-5
1.4205185679900048e-5
1.4317097898699366e-5
1.4581619341100596e-5
1.4835460746900203e-5
1.2816026894199237e-5
1.4174123502299144e-5
1.8533350535599943e-5
1.5397640151699338e-5
1.3064831359699963e-5
1.3820240849400645e-5
1.8912202841000342e-5
1.4517794280599974e-5
1.5212816927500164e-5
1.3294706954899635e-5
1.4147650659900035e-5
1.39796565562008e-5
1.2985993563198808e-5
