0 0 0 0 0 0 0 0 0 0 0 0 0 0
0.0078125 1.4507e-05 1.653e-05 1.7964e-05 1.9091e-05 2.0147e-05 2.1212e-05 2.3164e-05 2.4278e-05 2.5497e-05 2.6904e-05 2.8568e-05 3.1285e-05 2.2182e-05
0.015625 2.9014e-05 3.306e-05 3.5928e-05 3.8183e-05 4.0293e-05 4.2424e-05 4.6328e-05 4.8555e-05 5.0995e-05 5.3809e-05 5.7136e-05 6.2569e-05 4.4364e-05
0.023438 4.3521e-05 4.9591e-05 5.3893e-05 5.7274e-05 6.044e-05 6.3636e-05 6.9492e-05 7.2833e-05 7.6492e-05 8.0713e-05 8.5704e-05 9.3854e-05 6.6546e-05
0.03125 5.8027e-05 6.6121e-05 7.1857e-05 7.6366e-05 8.0587e-05 8.4848e-05 9.2656e-05 9.7111e-05 0.00010199 0.00010762 0.00011427 0.00012514 8.8728e-05
0.039062 7.2534e-05 8.2651e-05 8.9821e-05 9.5457e-05 0.00010073 0.00010606 0.00011582 0.00012139 0.00012749 0.00013452 0.00014284 0.00015642 0.00011091
0.046875 8.7041e-05 9.9181e-05 0.00010779 0.00011455 0.00012088 0.00012727 0.00013898 0.00014567 0.00015298 0.00016143 0.00017141 0.00018771 0.00013309
0.054688 0.00010155 0.00011571 0.00012575 0.00013364 0.00014103 0.00014848 0.00016215 0.00016994 0.00017848 0.00018833 0.00019998 0.00021899 0.00015527
0.0625 0.00011605 0.00013224 0.00014371 0.00015273 0.00016117 0.0001697 0.00018531 0.00019422 0.00020398 0.00021523 0.00022854 0.00025028 0.00017746
0.070312 0.00013182 0.00015003 0.00016285 0.00017314 0.00018259 0.00019224 0.00020977 0.00021977 0.00023079 0.00024343 0.00025845 0.00028309 0.00020099
0.078125 0.00014763 0.00016787 0.00018209 0.00019361 0.0002041 0.00021468 0.00023428 0.00024542 0.00025764 0.00027164 0.00028842 0.0003157 0.00022453
0.085938 0.00016337 0.00018561 0.00020132 0.00021394 0.00022551 0.00023723 0.00025874 0.00027102 0.00028461 0.00029984 0.00031838 0.00034848 0.000248
0.09375 0.00017934 0.00020344 0.00022057 0.00023434 0.0002469 0.00025978 0.00028328 0.00029661 0.00031158 0.0003281 0.00034833 0.00038115 0.0002715
0.10156 0.0001951 0.00022122 0.00023992 0.00025476 0.00026833 0.00028224 0.00030777 0.00032219 0.00033848 0.00035643 0.00037833 0.0004138 0.00029499
0.10938 0.00021087 0.00023901 0.00025925 0.0002751 0.00028975 0.00030483 0.00033228 0.00034785 0.00036532 0.0003847 0.00040829 0.00044674 0.00031847
0.11719 0.00022683 0.00025685 0.00027847 0.00029548 0.00031122 0.00032742 0.0003568 0.00037348 0.00039218 0.00041301 0.00043812 0.0004793 0.00034196
0.125 0.00024261 0.00027476 0.00029765 0.00031575 0.0003327 0.00035 0.00038134 0.00039918 0.00041901 0.00044128 0.0004683 0.00051201 0.00036553
0.13281 0.0002622 0.00029628 0.00032069 0.00034021 0.00035798 0.00037637 0.00040974 0.00042851 0.00044951 0.00047355 0.0005024 0.00054869 0.00039247
0.14062 0.00028168 0.0003178 0.00034344 0.00036454 0.00038321 0.00040253 0.00043802 0.00045828 0.0004801 0.0005055 0.00053654 0.00058551 0.00041956
0.14844 0.00030109 0.00033956 0.00036628 0.00038864 0.00040831 0.00042894 0.00046652 0.00048761 0.00051109 0.00053783 0.00057049 0.00062233 0.00044681
0.15625 0.0003206 0.00036109 0.00038913 0.00041259 0.00043342 0.00045509 0.00049498 0.00051748 0.0005417 0.00056995 0.00060439 0.00065939 0.00047416
0.16406 0.00034008 0.00038263 0.00041183 0.00043652 0.00045856 0.00048149 0.00052322 0.00054693 0.00057263 0.00060261 0.00063806 0.0006965 0.00050151
0.17188 0.00035991 0.00040421 0.00043469 0.00046051 0.00048352 0.00050766 0.00055162 0.0005763 0.00060372 0.00063481 0.00067239 0.00073341 0.00052887
0.17969 0.00037933 0.00042572 0.00045767 0.00048492 0.00050853 0.00053376 0.00057961 0.00060576 0.00063471 0.00066726 0.00070678 0.00077021 0.00055608
0.1875 0.00039857 0.00044696 0.00048034 0.00050929 0.00053373 0.00055995 0.00060802 0.00063502 0.00066561 0.00069953 0.00074101 0.00080686 0.0005836
0.19531 0.00042154 0.00047171 0.0005067 0.000537 0.00056248 0.00058957 0.00064009 0.00066815 0.00069987 0.00073507 0.00077872 0.00084734 0.00061463
0.20312 0.00044412 0.00049663 0.00053315 0.00056427 0.00059128 0.00061924 0.00067207 0.00070123 0.00073431 0.00077097 0.00081643 0.00088753 0.00064551
0.21094 0.00046669 0.00052161 0.00055945 0.00059157 0.00062029 0.00064906 0.00070383 0.00073439 0.00076831 0.00080679 0.00085427 0.000928 0.00067635
0.21875 0.00048958 0.00054639 0.00058557 0.00061917 0.00064885 0.00067883 0.00073567 0.00076734 0.00080264 0.00084225 0.00089192 0.00096823 0.00070716
0.22656 0.00051249 0.00057139 0.00061175 0.00064651 0.00067754 0.00070868 0.00076732 0.00080053 0.00083701 0.00087761 0.00092979 0.0010081 0.00073784
0.23438 0.00053482 0.00059617 0.00063788 0.00067407 0.000706 0.00073853 0.00079938 0.00083369 0.00087123 0.00091368 0.0009678 0.0010486 0.0007684
0.24219 0.00055761 0.00062081 0.00066405 0.00070153 0.00073463 0.0007678 0.0008313 0.00086664 0.00090571 0.00094932 0.0010058 0.0010886 0.00079916
0.25 0.00058062 0.00064566 0.00069019 0.00072943 0.00076342 0.00079757 0.00086287 0.00089954 0.0009403 0.00098494 0.0010431 0.001129 0.00083005
0.25781 0.00060276 0.00067126 0.00071801 0.00075861 0.00079438 0.00083025 0.00089896 0.00093713 0.00097951 0.0010267 0.0010878 0.0011774 0.00086406
0.26562 0.00062515 0.00069697 0.00074579 0.0007881 0.00082555 0.00086349 0.00093457 0.00097483 0.0010186 0.0010683 0.0011317 0.0012262 0.00089847
0.27344 0.00064808 0.00072259 0.00077365 0.00081751 0.0008565 0.00089619 0.00097034 0.0010121 0.0010581 0.0011095 0.0011755 0.0012746 0.00093287
0.28125 0.00067063 0.00074819 0.00080126 0.00084715 0.00088789 0.00092883 0.0010063 0.0010495 0.0010976 0.0011513 0.0012196 0.0013232 0.00096747
0.28906 0.00069295 0.00077368 0.00082922 0.00087658 0.0009189 0.00096147 0.001042 0.001087 0.0011369 0.0011932 0.0012638 0.001372 0.0010016
0.29688 0.00071528 0.00079939 0.00085704 0.00090611 0.00095007 0.00099416 0.0010779 0.0011247 0.0011764 0.0012351 0.0013077 0.0014203 0.0010358
0.30469 0.00073784 0.00082489 0.00088486 0.00093576 0.00098132 0.001027 0.0011139 0.001162 0.0012161 0.0012766 0.0013521 0.0014687 0.0010702
0.3125 0.00076049 0.00085011 0.00091244 0.00096541 0.0010122 0.0010595 0.0011497 0.0011992 0.001256 0.0013182 0.0013959 0.0015169 0.0011046
0.32031 0.00078633 0.00087933 0.0009436 0.00099834 0.0010464 0.0010956 0.0011888 0.0012402 0.0012983 0.0013635 0.0014436 0.0015688 0.0011421
0.32812 0.00081225 0.00090809 0.00097472 0.0010315 0.0010807 0.0011317 0.0012281 0.0012811 0.0013411 0.0014083 0.0014913 0.0016209 0.0011796
0.33594 0.00083848 0.00093706 0.0010059 0.0010644 0.0011151 0.0011681 0.0012672 0.0013221 0.0013838 0.0014535 0.0015389 0.0016724 0.0012172
0.34375 0.00086432 0.000966 0.0010371 0.0010976 0.0011494 0.0012042 0.0013062 0.001363 0.0014267 0.0014986 0.0015867 0.0017245 0.0012549
0.35156 0.00089034 0.00099475 0.0010683 0.0011305 0.0011839 0.0012405 0.0013454 0.001404 0.00147 0.0015434 0.0016342 0.0017766 0.0012924
0.35938 0.00091617 0.0010235 0.0010994 0.0011635 0.0012185 0.0012767 0.0013849 0.0014453 0.0015125 0.0015886 0.0016816 0.0018287 0.0013301
0.36719 0.00094165 0.0010523 0.0011305 0.0011964 0.0012528 0.0013128 0.0014241 0.0014863 0.0015551 0.0016337 0.001729 0.0018808 0.0013677
0.375 0.00096739 0.0010811 0.0011615 0.0012293 0.0012872 0.001349 0.0014634 0.0015276 0.0015979 0.0016789 0.001777 0.0019328 0.0014053
0.38281 0.00099691 0.0011137 0.0011959 0.0012656 0.0013253 0.0013886 0.0015064 0.0015718 0.0016447 0.0017276 0.0018283 0.0019883 0.0014465
0.39062 0.0010261 0.0011459 0.0012304 0.0013018 0.0013635 0.0014283 0.001549 0.0016163 0.0016914 0.0017764 0.0018802 0.0020437 0.001488
0.39844 0.0010552 0.0011783 0.0012646 0.001338 0.0014015 0.0014678 0.0015918 0.0016609 0.0017381 0.0018251 0.001932 0.0020996 0.0015294
0.40625 0.0010838 0.0012107 0.0012986 0.0013741 0.0014398 0.0015072 0.0016349 0.0017058 0.0017849 0.0018736 0.0019839 0.0021556 0.0015705
0.41406 0.0011122 0.0012429 0.0013333 0.0014103 0.0014782 0.0015471 0.0016776 0.0017505 0.0018312 0.0019226 0.0020355 0.0022111 0.001612
0.42188 0.0011416 0.0012755 0.001368 0.0014463 0.0015164 0.0015867 0.0017205 0.0017949 0.0018782 0.0019718 0.0020877 0.0022674 0.0016537
0.42969 0.0011703 0.0013079 0.0014023 0.0014825 0.0015543 0.0016265 0.0017633 0.0018398 0.0019244 0.0020205 0.0021392 0.0023234 0.0016945
0.4375 0.0011994 0.00134 0.0014365 0.0015188 0.0015922 0.0016663 0.0018058 0.0018843 0.0019709 0.0020686 0.0021906 0.0023798 0.0017355
0.44531 0.001232 0.0013752 0.0014738 0.0015582 0.0016331 0.001709 0.0018524 0.0019319 0.0020208 0.0021202 0.0022454 0.0024382 0.0017799
0.45312 0.0012638 0.0014108 0.0015109 0.0015976 0.0016743 0.0017521 0.001898 0.0019796 0.0020705 0.0021719 0.0023006 0.0024971 0.0018245
0.46094 0.0012956 0.0014459 0.001548 0.0016369 0.0017157 0.0017946 0.001944 0.0020273 0.0021202 0.002224 0.0023557 0.0025561 0.0018687
0.46875 0.0013273 0.0014813 0.0015854 0.0016766 0.0017563 0.0018374 0.0019901 0.002075 0.0021697 0.0022762 0.0024112 0.0026149 0.0019128
0.47656 0.0013591 0.0015166 0.0016228 0.0017162 0.0017977 0.00188 0.002036 0.0021231 0.0022192 0.0023279 0.002466 0.0026737 0.001957
0.48438 0.0013915 0.001552 0.0016602 0.0017557 0.0018388 0.0019227 0.0020817 0.0021709 0.0022691 0.0023801 0.0025215 0.0027326 0.0020016
0.49219 0.0014231 0.0015866 0.0016975 0.001795 0.0018803 0.0019655 0.0021277 0.0022192 0.002319 0.0024323 0.0025763 0.0027913 0.0020463
0.5 0.0014561 0.0016219 0.0017349 0.0018342 0.0019209 0.0020082 0.0021736 0.0022667 0.002369 0.0024842 0.0026311 0.0028505 0.0020904
0.50781 0.0014871 0.0016576 0.0017734 0.0018753 0.0019643 0.0020535 0.0022228 0.0023184 0.0024227 0.0025409 0.0026915 0.002916 0.0021378
0.51562 0.0015191 0.0016938 0.0018121 0.0019163 0.0020071 0.0020984 0.0022721 0.0023697 0.0024764 0.0025977 0.0027517 0.0029818 0.0021848
0.52344 0.0015505 0.0017296 0.0018507 0.0019573 0.0020502 0.0021436 0.0023214 0.0024207 0.0025301 0.0026544 0.0028117 0.0030475 0.0022316
0.53125 0.0015819 0.0017657 0.001889 0.0019981 0.002093 0.002189 0.0023707 0.0024724 0.0025841 0.0027109 0.0028714 0.0031137 0.0022788
0.53906 0.0016137 0.0018013 0.0019276 0.0020388 0.0021355 0.0022341 0.0024201 0.0025232 0.0026382 0.0027681 0.0029317 0.0031796 0.0023259
0.54688 0.001646 0.0018366 0.001966 0.0020796 0.0021788 0.0022793 0.0024692 0.0025742 0.0026924 0.0028247 0.0029915 0.0032457 0.002373
0.55469 0.0016777 0.0018727 0.0020048 0.0021203 0.0022222 0.0023245 0.0025182 0.0026259 0.0027461 0.0028812 0.0030514 0.0033111 0.0024206
0.5625 0.0017094 0.0019084 0.0020438 0.0021614 0.0022651 0.0023696 0.0025675 0.0026775 0.0028001 0.0029377 0.0031115 0.0033767 0.0024679
0.57031 0.0017441 0.0019468 0.0020849 0.0022046 0.0023106 0.0024176 0.0026189 0.0027315 0.0028571 0.0029969 0.0031745 0.0034456 0.0025176
0.57812 0.001779 0.0019851 0.0021263 0.0022479 0.0023566 0.0024655 0.0026707 0.0027857 0.0029138 0.0030568 0.0032375 0.0035139 0.0025676
0.58594 0.0018135 0.0020231 0.0021674 0.0022915 0.0024022 0.002513 0.0027226 0.0028398 0.0029704 0.0031162 0.0033009 0.0035823 0.0026176
0.59375 0.0018473 0.0020614 0.0022087 0.0023354 0.0024478 0.0025607 0.0027747 0.0028941 0.0030268 0.003176 0.0033637 0.0036504 0.0026669
0.60156 0.0018818 0.0020997 0.00225 0.0023791 0.0024933 0.0026082 0.0028262 0.0029482 0.0030834 0.0032354 0.0034266 0.0037191 0.0027172
0.60938 0.0019164 0.0021383 0.0022916 0.0024229 0.0025389 0.0026557 0.0028781 0.003002 0.0031401 0.0032949 0.0034896 0.003788 0.0027672
0.61719 0.0019511 0.002177 0.0023328 0.0024661 0.0025844 0.0027036 0.0029298 0.0030557 0.0031965 0.0033541 0.0035526 0.0038567 0.0028168
0.625 0.0019851 0.0022156 0.0023735 0.0025098 0.0026301 0.0027514 0.002982 0.0031099 0.0032534 0.0034134 0.0036151 0.0039253 0.0028665
0.63281 0.0020221 0.0022561 0.0024175 0.002556 0.0026783 0.0028018 0.0030364 0.0031667 0.0033126 0.0034759 0.0036816 0.0039965 0.0029191
0.64062 0.0020583 0.0022965 0.0024609 0.0026022 0.0027266 0.0028522 0.0030908 0.003224 0.0033721 0.0035382 0.0037473 0.0040676 0.002972
0.64844 0.0020947 0.0023374 0.0025043 0.002648 0.0027752 0.002903 0.0031455 0.0032809 0.0034315 0.0036005 0.0038132 0.0041386 0.0030242
0.65625 0.0021313 0.0023782 0.0025476 0.0026936 0.0028238 0.0029535 0.0032 0.0033379 0.0034911 0.0036627 0.0038796 0.0042097 0.0030765
0.66406 0.0021684 0.0024191 0.0025911 0.0027395 0.0028717 0.0030042 0.003255 0.0033944 0.0035505 0.0037247 0.0039454 0.0042815 0.0031292
0.67188 0.002205 0.00246 0.0026344 0.0027855 0.0029201 0.0030549 0.0033093 0.0034518 0.00361 0.003787 0.0040113 0.004353 0.0031814
0.67969 0.0022409 0.0025008 0.0026781 0.0028317 0.0029686 0.0031052 0.0033638 0.0035083 0.0036695 0.003849 0.0040771 0.0044245 0.0032339
0.6875 0.0022773 0.0025418 0.0027218 0.0028781 0.0030168 0.0031555 0.0034185 0.0035651 0.0037288 0.0039114 0.0041434 0.004496 0.0032862
0.69531 0.002316 0.0025847 0.0027674 0.0029263 0.0030672 0.003208 0.0034753 0.003624 0.0037904 0.0039759 0.0042116 0.0045696 0.0033405
0.70312 0.0023548 0.0026276 0.0028128 0.0029743 0.0031173 0.0032608 0.003532 0.0036833 0.0038518 0.0040405 0.0042795 0.0046432 0.0033949
0.71094 0.0023936 0.0026706 0.002859 0.0030228 0.0031676 0.0033139 0.0035887 0.0037423 0.0039134 0.0041051 0.004348 0.004717 0.0034497
0.71875 0.002432 0.0027141 0.0029047 0.0030714 0.0032176 0.0033662 0.0036458 0.0038015 0.0039748 0.0041697 0.0044172 0.0047902 0.0035042
0.72656 0.0024703 0.0027574 0.0029505 0.0031198 0.0032681 0.0034188 0.0037029 0.0038611 0.0040361 0.0042342 0.004485 0.0048637 0.0035587
0.73438 0.0025089 0.0028004 0.0029962 0.0031683 0.0033189 0.003471 0.0037597 0.0039204 0.0040978 0.0042987 0.0045532 0.0049371 0.0036134
0.74219 0.0025479 0.0028428 0.0030419 0.0032168 0.0033697 0.0035238 0.0038158 0.0039794 0.0041594 0.0043634 0.0046219 0.0050107 0.0036679
0.75 0.0025869 0.002886 0.0030877 0.0032652 0.0034202 0.0035763 0.0038727 0.0040384 0.0042212 0.004428 0.0046907 0.0050839 0.0037228
0.75781 0.0026253 0.0029291 0.0031343 0.0033144 0.0034719 0.0036307 0.0039315 0.0041 0.0042855 0.0044957 0.0047621 0.0051625 0.0037791
0.76562 0.0026637 0.0029728 0.0031808 0.0033636 0.0035237 0.0036849 0.003991 0.0041617 0.0043498 0.0045631 0.0048336 0.0052407 0.0038359
0.77344 0.0027022 0.0030164 0.0032274 0.0034127 0.0035749 0.0037392 0.0040502 0.0042232 0.0044146 0.0046309 0.0049051 0.0053191 0.0038925
0.78125 0.002741 0.0030597 0.0032739 0.003462 0.0036265 0.0037937 0.0041091 0.0042845 0.004479 0.0046989 0.0049772 0.0053976 0.0039491
0.78906 0.0027799 0.0031027 0.0033205 0.0035112 0.0036781 0.0038479 0.0041678 0.0043458 0.0045435 0.0047668 0.0050493 0.0054759 0.0040058
0.79688 0.0028189 0.0031454 0.003367 0.0035605 0.0037301 0.0039026 0.0042266 0.0044068 0.0046084 0.0048347 0.0051213 0.0055543 0.0040626
0.80469 0.0028578 0.0031888 0.0034134 0.0036096 0.0037821 0.0039568 0.0042854 0.0044681 0.0046731 0.0049023 0.0051922 0.005633 0.0041192
0.8125 0.0028964 0.0032321 0.0034597 0.0036586 0.0038341 0.0040109 0.0043444 0.0045298 0.0047376 0.0049699 0.0052633 0.005711 0.0041757
0.82031 0.0029368 0.003277 0.003508 0.0037094 0.0038878 0.0040667 0.0044049 0.0045936 0.0048038 0.0050392 0.0053374 0.0057908 0.0042341
0.82812 0.0029772 0.0033221 0.0035564 0.0037605 0.0039416 0.0041229 0.0044654 0.0046567 0.0048703 0.0051084 0.0054115 0.0058707 0.0042925
0.83594 0.0030177 0.0033672 0.0036046 0.0038116 0.0039952 0.0041789 0.0045262 0.0047199 0.0049372 0.0051782 0.0054855 0.0059506 0.0043508
0.84375 0.0030582 0.0034121 0.0036529 0.0038627 0.0040487 0.0042349 0.0045871 0.0047834 0.0050033 0.0052472 0.0055595 0.0060305 0.0044095
0.85156 0.0030987 0.0034567 0.0037013 0.0039139 0.004102 0.0042907 0.0046474 0.0048469 0.0050693 0.0053169 0.0056332 0.0061103 0.004468
0.85938 0.0031393 0.0035015 0.0037499 0.0039647 0.0041556 0.0043464 0.0047078 0.0049098 0.0051357 0.0053867 0.0057066 0.0061902 0.0045266
0.86719 0.0031801 0.0035467 0.0037983 0.0040157 0.0042093 0.0044022 0.004768 0.0049734 0.0052019 0.0054563 0.0057808 0.0062699 0.0045852
0.875 0.0032206 0.0035918 0.0038465 0.0040665 0.0042626 0.0044585 0.0048287 0.005037 0.0052681 0.0055256 0.0058542 0.0063496 0.0046437
0.88281 0.0032622 0.0036382 0.0038962 0.0041192 0.0043179 0.0045158 0.004891 0.0051016 0.0053361 0.0055971 0.0059299 0.0064316 0.0047034
0.89062 0.0033034 0.0036845 0.0039458 0.0041718 0.0043727 0.0045735 0.0049538 0.0051663 0.005404 0.0056682 0.0060048 0.0065136 0.0047631
0.89844 0.0033447 0.0037312 0.0039953 0.0042246 0.0044277 0.0046313 0.0050164 0.0052317 0.0054719 0.0057391 0.0060804 0.0065955 0.0048228
0.90625 0.0033863 0.0037779 0.0040447 0.0042771 0.0044827 0.004689 0.0050791 0.0052967 0.0055398 0.0058101 0.0061561 0.0066773 0.0048826
0.91406 0.0034278 0.0038246 0.0040944 0.0043295 0.0045382 0.0047468 0.0051413 0.0053615 0.0056082 0.0058814 0.006231 0.0067592 0.0049422
0.92188 0.0034693 0.0038712 0.0041441 0.004382 0.0045931 0.0048045 0.0052034 0.0054261 0.0056758 0.0059531 0.0063064 0.006841 0.0050019
0.92969 0.0035109 0.0039176 0.0041938 0.0044345 0.004648 0.0048619 0.0052657 0.0054913 0.0057432 0.006024 0.0063814 0.0069228 0.0050619
0.9375 0.0035524 0.0039639 0.0042434 0.0044871 0.0047029 0.0049191 0.0053282 0.0055565 0.0058108 0.0060954 0.0064564 0.0070046 0.0051217
0.94531 0.0035953 0.0040116 0.0042946 0.0045407 0.0047589 0.0049783 0.0053917 0.0056228 0.0058799 0.006168 0.0065329 0.0070876 0.0051825
0.95312 0.0036382 0.0040592 0.0043457 0.0045945 0.004815 0.0050374 0.0054554 0.0056892 0.0059491 0.0062408 0.0066094 0.0071707 0.0052439
0.96094 0.0036812 0.0041069 0.0043967 0.0046485 0.0048712 0.0050965 0.005519 0.0057555 0.0060183 0.0063132 0.0066861 0.0072539 0.0053053
0.96875 0.003724 0.004155 0.0044477 0.0047025 0.0049275 0.0051554 0.0055827 0.0058216 0.0060875 0.0063857 0.0067636 0.0073368 0.0053664
0.97656 0.0037666 0.0042027 0.0044986 0.0047565 0.0049837 0.0052139 0.0056465 0.0058877 0.0061566 0.0064582 0.0068411 0.0074194 0.0054274
0.98438 0.0038092 0.0042509 0.0045495 0.0048105 0.0050397 0.0052724 0.0057102 0.005954 0.0062256 0.0065306 0.0069182 0.0075024 0.0054883
0.99219 0.0038519 0.0042991 0.0046004 0.0048644 0.0050958 0.0053309 0.0057739 0.0060206 0.0062944 0.0066031 0.0069947 0.0075853 0.0055494
1 0.0038945 0.0043468 0.0046513 0.0049184 0.0051519 0.0053895 0.0058376 0.0060871 0.0063633 0.0066756 0.0070712 0.0076682 0.0056104
1.0078 0.0039374 0.0043947 0.0047027 0.0049726 0.0052089 0.0054492 0.0059022 0.0061543 0.006434 0.0067496 0.0071499 0.0077536 0.0056726
1.0156 0.0039804 0.0044424 0.004754 0.0050267 0.0052659 0.005509 0.0059667 0.0062217 0.0065048 0.0068237 0.0072286 0.007839 0.0057348
1.0234 0.0040233 0.0044899 0.0048053 0.005081 0.005323 0.0055688 0.0060313 0.0062888 0.0065756 0.0068978 0.0073073 0.0079243 0.005797
1.0312 0.0040663 0.0045373 0.0048566 0.0051353 0.0053801 0.0056286 0.0060958 0.0063559 0.0066464 0.006972 0.0073859 0.0080097 0.0058593
1.0391 0.0041092 0.0045852 0.004908 0.0051895 0.0054371 0.0056884 0.0061603 0.0064234 0.0067171 0.0070462 0.007464 0.0080951 0.0059215
1.0469 0.0041522 0.0046329 0.0049593 0.0052437 0.0054942 0.0057482 0.0062249 0.0064909 0.0067877 0.0071203 0.0075421 0.0081807 0.0059837
1.0547 0.0041951 0.0046805 0.0050106 0.0052979 0.0055512 0.0058079 0.0062894 0.0065583 0.0068583 0.0071943 0.0076202 0.0082662 0.0060457
1.0625 0.004238 0.0047284 0.0050619 0.0053521 0.0056083 0.0058674 0.0063539 0.0066258 0.0069289 0.0072684 0.0076984 0.0083518 0.0061078
1.0703 0.0042815 0.0047769 0.0051139 0.0054069 0.0056659 0.0059279 0.0064194 0.0066944 0.0070003 0.0073432 0.0077771 0.0084377 0.0061707
1.0781 0.0043251 0.0048254 0.0051659 0.0054619 0.0057237 0.0059882 0.0064849 0.0067627 0.0070716 0.0074183 0.0078564 0.0085236 0.0062336
1.0859 0.0043686 0.0048739 0.005218 0.0055166 0.0057813 0.0060484 0.0065503 0.0068309 0.0071429 0.0074931 0.0079359 0.0086095 0.0062964
1.0938 0.0044121 0.0049225 0.00527 0.0055715 0.0058389 0.0061087 0.0066158 0.006899 0.0072143 0.0075677 0.0080154 0.0086954 0.0063592
1.1016 0.0044557 0.004971 0.005322 0.0056265 0.0058967 0.0061689 0.006681 0.0069671 0.0072857 0.0076424 0.0080949 0.0087815 0.0064219
1.1094 0.0044993 0.0050197 0.005374 0.0056815 0.0059546 0.0062295 0.0067462 0.0070352 0.0073572 0.0077172 0.0081744 0.0088675 0.0064845
1.1172 0.0045429 0.0050684 0.005426 0.0057366 0.0060124 0.0062901 0.0068113 0.0071033 0.0074287 0.0077921 0.0082539 0.0089536 0.0065473
1.125 0.0045865 0.005117 0.005478 0.0057917 0.0060704 0.0063507 0.0068765 0.0071714 0.0075002 0.0078671 0.0083334 0.0090396 0.0066103
1.1328 0.0046305 0.0051661 0.0055306 0.0058472 0.0061285 0.0064114 0.0069426 0.0072403 0.007572 0.0079425 0.0084132 0.0091263 0.0066736
1.1406 0.0046744 0.0052151 0.0055831 0.0059027 0.0061866 0.0064722 0.0070086 0.0073091 0.0076438 0.0080178 0.008493 0.009213 0.006737
1.1484 0.0047184 0.0052641 0.0056357 0.0059583 0.0062448 0.006533 0.0070747 0.0073779 0.0077157 0.0080932 0.0085728 0.0092997 0.0068004
1.1562 0.0047623 0.0053132 0.0056882 0.0060138 0.0063029 0.0065937 0.0071408 0.0074467 0.0077876 0.0081686 0.0086526 0.0093864 0.0068638
1.1641 0.0048063 0.0053622 0.0057408 0.0060694 0.0063611 0.0066545 0.0072069 0.0075155 0.0078594 0.0082441 0.0087324 0.0094731 0.0069273
1.1719 0.0048502 0.0054113 0.0057933 0.0061249 0.0064192 0.0067153 0.007273 0.0075844 0.0079313 0.0083195 0.0088122 0.0095598 0.0069907
1.1797 0.0048942 0.0054604 0.0058459 0.0061805 0.0064774 0.0067762 0.007339 0.0076532 0.0080032 0.008395 0.008892 0.0096465 0.0070542
1.1875 0.0049381 0.0055095 0.0058984 0.006236 0.0065356 0.0068372 0.0074049 0.007722 0.008075 0.0084705 0.0089718 0.0097332 0.0071176
1.1953 0.0049824 0.0055588 0.0059512 0.0062918 0.0065939 0.0068984 0.0074711 0.0077911 0.0081472 0.0085462 0.0090519 0.0098201 0.0071813
1.2031 0.0050266 0.0056081 0.006004 0.0063476 0.0066523 0.0069596 0.0075373 0.0078601 0.0082193 0.008622 0.009132 0.009907 0.007245
1.2109 0.0050708 0.0056575 0.0060568 0.0064034 0.0067108 0.0070208 0.0076035 0.0079292 0.0082915 0.0086978 0.0092121 0.009994 0.0073087
1.2188 0.0051151 0.0057068 0.0061096 0.0064592 0.0067693 0.007082 0.0076698 0.0079982 0.0083636 0.0087736 0.0092922 0.010081 0.0073724
1.2266 0.0051593 0.0057561 0.0061624 0.0065151 0.0068277 0.0071432 0.007736 0.0080673 0.0084358 0.0088494 0.0093723 0.010168 0.007436
1.2344 0.0052035 0.0058054 0.0062152 0.006571 0.0068862 0.0072044 0.0078022 0.0081363 0.008508 0.0089251 0.0094524 0.010255 0.0074997
1.2422 0.0052477 0.0058548 0.006268 0.0066269 0.0069447 0.0072656 0.0078684 0.0082054 0.0085802 0.0090009 0.0095325 0.010342 0.0075634
1.25 0.005292 0.0059041 0.0063208 0.0066828 0.0070032 0.0073268 0.0079346 0.0082744 0.0086524 0.0090767 0.0096126 0.010429 0.007627
1.2578 0.0053362 0.0059534 0.0063736 0.0067386 0.0070616 0.007388 0.0080008 0.0083435 0.0087245 0.0091523 0.0096928 0.010516 0.0076907
1.2656 0.0053804 0.0060027 0.0064264 0.0067944 0.0071201 0.0074492 0.008067 0.0084125 0.0087967 0.009228 0.0097729 0.010603 0.0077544
1.2734 0.0054247 0.0060521 0.0064792 0.0068502 0.0071785 0.0075104 0.0081332 0.0084816 0.0088689 0.0093036 0.009853 0.01069 0.0078181
1.2812 0.0054689 0.0061015 0.006532 0.0069061 0.0072369 0.0075716 0.0081994 0.0085506 0.0089411 0.0093793 0.0099331 0.010777 0.0078817
1.2891 0.0055131 0.0061508 0.0065848 0.0069619 0.0072953 0.0076328 0.0082656 0.0086197 0.0090133 0.0094549 0.010013 0.010864 0.0079454
1.2969 0.0055574 0.0062002 0.0066376 0.0070177 0.0073538 0.007694 0.0083318 0.0086887 0.0090855 0.0095306 0.010094 0.010951 0.0080091
1.3047 0.0056016 0.0062496 0.0066904 0.0070735 0.0074122 0.0077551 0.008398 0.0087578 0.0091576 0.0096062 0.010174 0.011038 0.0080727
1.3125 0.0056458 0.006299 0.0067432 0.0071294 0.0074707 0.0078163 0.0084642 0.0088267 0.0092298 0.0096819 0.010254 0.011125 0.0081364
1.3203 0.0056898 0.006348 0.0067957 0.007185 0.007529 0.0078771 0.0085301 0.0088953 0.0093017 0.0097573 0.010334 0.011211 0.0081997
1.3281 0.0057338 0.0063971 0.0068482 0.0072406 0.0075872 0.007938 0.008596 0.0089639 0.0093736 0.0098327 0.010415 0.011298 0.0082631
1.3359 0.0057777 0.0064461 0.0069008 0.0072963 0.0076454 0.0079988 0.008662 0.0090326 0.0094455 0.0099082 0.010495 0.011385 0.0083264
1.3438 0.0058217 0.0064952 0.0069533 0.0073519 0.0077036 0.0080597 0.0087279 0.0091012 0.0095174 0.0099837 0.010575 0.011471 0.0083898
1.3516 0.0058656 0.0065442 0.0070058 0.0074075 0.0077617 0.0081205 0.0087938 0.0091698 0.0095893 0.010059 0.010655 0.011558 0.0084531
1.3594 0.0059095 0.0065933 0.0070583 0.0074632 0.0078198 0.0081813 0.0088597 0.0092384 0.0096612 0.010135 0.010735 0.011645 0.0085164
1.3672 0.0059534 0.0066425 0.0071108 0.0075188 0.0078779 0.0082422 0.0089257 0.009307 0.0097331 0.01021 0.010815 0.011731 0.0085798
1.375 0.0059973 0.0066916 0.0071633 0.0075745 0.0079361 0.008303 0.0089918 0.0093756 0.009805 0.010286 0.010895 0.011818 0.0086432
1.3828 0.006041 0.0067401 0.0072154 0.0076293 0.007994 0.0083635 0.009057 0.0094442 0.0098764 0.01036 0.010974 0.011904 0.0087061
1.3906 0.0060847 0.0067886 0.0072675 0.0076841 0.0080519 0.008424 0.0091224 0.0095127 0.0099478 0.010435 0.011053 0.01199 0.008769
1.3984 0.0061283 0.0068372 0.0073196 0.007739 0.0081096 0.0084845 0.0091879 0.0095813 0.010019 0.01051 0.011131 0.012076 0.008832
1.4062 0.0061718 0.0068857 0.0073716 0.0077938 0.0081672 0.0085449 0.0092534 0.0096499 0.010091 0.010585 0.01121 0.012162 0.0088949
1.4141 0.0062154 0.0069342 0.0074236 0.0078488 0.008225 0.0086052 0.0093188 0.009718 0.010162 0.01066 0.01129 0.012248 0.0089577
1.4219 0.0062589 0.0069828 0.0074756 0.0079037 0.0082827 0.0086654 0.0093843 0.0097862 0.010233 0.010735 0.011369 0.012334 0.0090206
1.4297 0.0063024 0.0070313 0.0075277 0.0079584 0.0083403 0.0087257 0.0094498 0.0098543 0.010304 0.01081 0.011449 0.01242 0.0090834
1.4375 0.006346 0.0070799 0.0075797 0.0080133 0.0083979 0.0087859 0.0095151 0.0099225 0.010376 0.010884 0.011528 0.012506 0.0091462
1.4453 0.0063888 0.0071277 0.007631 0.0080676 0.0084549 0.0088454 0.0095798 0.0099899 0.010447 0.010958 0.011607 0.012591 0.0092082
1.4531 0.0064316 0.0071756 0.0076822 0.0081219 0.0085122 0.0089048 0.0096444 0.010057 0.010517 0.011032 0.011685 0.012677 0.0092701
1.4609 0.0064744 0.0072235 0.0077335 0.0081763 0.0085694 0.0089643 0.009709 0.010125 0.010588 0.011106 0.011764 0.012762 0.0093321
1.4688 0.0065172 0.0072715 0.0077847 0.0082307 0.0086266 0.0090237 0.0097736 0.010192 0.010659 0.01118 0.011842 0.012847 0.0093943
1.4766 0.00656 0.0073194 0.0078359 0.0082851 0.0086836 0.0090833 0.0098382 0.01026 0.010729 0.011254 0.011921 0.012933 0.0094565
1.4844 0.0066028 0.0073674 0.0078869 0.0083395 0.0087407 0.0091428 0.0099028 0.010327 0.0108 0.011328 0.012 0.013018 0.0095188
1.4922 0.0066456 0.0074153 0.0079381 0.0083939 0.0087978 0.0092024 0.0099674 0.010394 0.01087 0.011402 0.012078 0.013104 0.0095811
1.5 0.0066884 0.0074633 0.0079895 0.0084482 0.0088548 0.009262 0.010032 0.010462 0.010941 0.011477 0.012157 0.013189 0.0096435
1.5078 0.0067312 0.0075108 0.0080404 0.0085019 0.0089109 0.0093208 0.010096 0.010528 0.01101 0.011549 0.012233 0.013272 0.0097043
1.5156 0.0067741 0.0075584 0.0080917 0.0085556 0.008967 0.0093798 0.010159 0.010595 0.011079 0.011622 0.01231 0.013355 0.0097652
1.5234 0.006817 0.007606 0.0081428 0.0086092 0.009023 0.0094389 0.010223 0.010661 0.011148 0.011694 0.012387 0.013438 0.0098261
1.5312 0.0068599 0.0076537 0.0081939 0.0086629 0.0090789 0.009498 0.010287 0.010727 0.011217 0.011767 0.012463 0.013521 0.0098875
1.5391 0.0069028 0.0077014 0.0082449 0.0087168 0.0091351 0.0095572 0.01035 0.010794 0.011287 0.01184 0.01254 0.013604 0.009949
1.5469 0.0069457 0.0077491 0.008296 0.008771 0.0091915 0.0096163 0.010414 0.01086 0.011356 0.011913 0.012616 0.013687 0.01001
1.5547 0.0069887 0.0077972 0.008347 0.0088249 0.0092476 0.0096755 0.010478 0.010926 0.011425 0.011985 0.012693 0.013771 0.010072
1.5625 0.0070316 0.0078452 0.008398 0.0088788 0.0093038 0.0097345 0.010541 0.010993 0.011494 0.012057 0.01277 0.013854 0.010133
1.5703 0.0070731 0.0078917 0.0084477 0.0089317 0.0093591 0.0097919 0.010604 0.011057 0.011562 0.012129 0.012847 0.013935 0.010193
1.5781 0.0071144 0.0079382 0.0084973 0.0089846 0.0094138 0.0098491 0.010666 0.011121 0.01163 0.0122 0.012923 0.014017 0.010253
1.5859 0.0071557 0.0079846 0.0085469 0.0090377 0.0094685 0.0099063 0.010728 0.011186 0.011698 0.012272 0.012999 0.014098 0.010312
1.5938 0.007197 0.0080311 0.0085965 0.0090908 0.0095233 0.0099634 0.010791 0.011251 0.011765 0.012343 0.013075 0.01418 0.010372
1.6016 0.0072383 0.0080776 0.008646 0.0091438 0.0095782 0.010021 0.010854 0.011316 0.011833 0.012415 0.01315 0.014262 0.010432
1.6094 0.0072796 0.0081244 0.0086955 0.0091966 0.0096331 0.010078 0.010917 0.011382 0.011901 0.012486 0.013226 0.014344 0.010492
1.6172 0.0073209 0.0081713 0.008745 0.0092494 0.009688 0.010136 0.010979 0.011447 0.011969 0.012558 0.013301 0.014425 0.010552
1.625 0.0073623 0.0082181 0.0087946 0.0093021 0.0097429 0.010193 0.011041 0.011512 0.012037 0.012629 0.013376 0.014507 0.010612
1.6328 0.007403 0.0082626 0.0088431 0.009353 0.0097966 0.010249 0.011102 0.011575 0.012103 0.012699 0.01345 0.014587 0.01067
1.6406 0.0074438 0.0083071 0.0088916 0.0094037 0.0098503 0.010305 0.011162 0.011638 0.012169 0.012768 0.013524 0.014667 0.010729
1.6484 0.0074846 0.008352 0.0089401 0.0094542 0.0099041 0.010362 0.011222 0.011701 0.012236 0.012837 0.013598 0.014747 0.010787
1.6562 0.0075254 0.008397 0.0089885 0.0095046 0.0099578 0.010418 0.011283 0.011764 0.012303 0.012906 0.013671 0.014828 0.010845
1.6641 0.0075663 0.008442 0.009037 0.009555 0.010012 0.010475 0.011343 0.011828 0.012369 0.012975 0.013743 0.014908 0.010904
1.6719 0.0076069 0.008487 0.0090853 0.0096056 0.010065 0.010531 0.011404 0.011892 0.012435 0.013045 0.013816 0.014988 0.010962
1.6797 0.0076472 0.008532 0.0091335 0.0096564 0.010119 0.010587 0.011465 0.011956 0.012502 0.013114 0.013889 0.015068 0.011021
1.6875 0.0076876 0.008577 0.0091817 0.0097072 0.010172 0.010643 0.011525 0.012019 0.012568 0.013184 0.013963 0.015148 0.011079
1.6953 0.0077261 0.0086197 0.0092281 0.009756 0.010224 0.010697 0.011584 0.01208 0.012632 0.013251 0.014035 0.015225 0.011135
1.7031 0.0077648 0.0086629 0.0092745 0.0098053 0.010276 0.010751 0.011643 0.012142 0.012697 0.013318 0.014107 0.015304 0.011191
1.7109 0.0078034 0.0087064 0.0093209 0.0098547 0.010329 0.010804 0.011702 0.012203 0.012762 0.013386 0.014179 0.015382 0.011248
1.7188 0.007842 0.0087499 0.0093672 0.0099043 0.010381 0.010859 0.011761 0.012265 0.012826 0.013454 0.014251 0.01546 0.011305
1.7266 0.0078806 0.0087934 0.0094134 0.0099538 0.010433 0.010913 0.01182 0.012326 0.012891 0.013521 0.014323 0.015539 0.011362
1.7344 0.0079193 0.008837 0.0094602 0.010003 0.010485 0.010967 0.011879 0.012387 0.012955 0.013589 0.014395 0.015617 0.011419
1.7422 0.0079579 0.0088805 0.0095071 0.010053 0.010537 0.011021 0.011938 0.012449 0.01302 0.013657 0.014467 0.015695 0.011476
1.75 0.0079965 0.0089234 0.0095538 0.010102 0.010589 0.011075 0.011997 0.01251 0.013085 0.013725 0.014539 0.015774 0.011532
1.7578 0.0080353 0.0089667 0.0095993 0.01015 0.01064 0.011128 0.012054 0.01257 0.013146 0.013789 0.014607 0.015847 0.011587
1.7656 0.008074 0.0090094 0.0096446 0.010198 0.010689 0.011181 0.01211 0.012629 0.013208 0.013854 0.014675 0.015921 0.011641
1.7734 0.0081128 0.0090521 0.0096907 0.010246 0.010739 0.011233 0.012167 0.012688 0.013269 0.013919 0.014743 0.015995 0.011695
1.7812 0.0081516 0.0090949 0.0097369 0.010294 0.010789 0.011287 0.012224 0.012748 0.013331 0.013983 0.014811 0.016068 0.01175
1.7891 0.0081904 0.0091379 0.0097829 0.010343 0.010839 0.01134 0.012281 0.012807 0.013392 0.014049 0.014879 0.016142 0.011805
1.7969 0.0082292 0.0091811 0.0098288 0.010392 0.01089 0.011393 0.012338 0.012866 0.013454 0.014114 0.014947 0.016216 0.01186
1.8047 0.0082681 0.0092247 0.0098748 0.01044 0.01094 0.011446 0.012395 0.012926 0.013516 0.014178 0.015016 0.01629 0.011915
1.8125 0.0083068 0.0092676 0.0099205 0.010489 0.01099 0.011499 0.012452 0.012985 0.013578 0.014242 0.015085 0.016363 0.011969
1.8203 0.0083427 0.0093086 0.0099641 0.010535 0.011038 0.011549 0.012507 0.013041 0.013637 0.014305 0.015153 0.016434 0.012022
1.8281 0.0083787 0.0093497 0.010008 0.010582 0.011086 0.011598 0.012561 0.013097 0.013696 0.014367 0.01522 0.016505 0.012074
1.8359 0.0084146 0.009391 0.010051 0.010629 0.011134 0.011648 0.012616 0.013155 0.013754 0.01443 0.015285 0.016577 0.012126
1.8438 0.0084505 0.0094319 0.010094 0.010675 0.011182 0.011698 0.012672 0.013212 0.013813 0.014493 0.015351 0.016648 0.012179
1.8516 0.0084865 0.0094728 0.010137 0.010722 0.01123 0.011749 0.012727 0.013269 0.013873 0.014556 0.015416 0.01672 0.012231
1.8594 0.0085228 0.0095139 0.010181 0.010768 0.011279 0.011799 0.012781 0.013326 0.013933 0.014619 0.015482 0.016791 0.012284
1.8672 0.0085598 0.0095549 0.010225 0.010814 0.011327 0.01185 0.012835 0.013384 0.013992 0.014681 0.015548 0.016862 0.012336
1.875 0.008597 0.0095959 0.010268 0.01086 0.011376 0.0119 0.01289 0.013441 0.014052 0.014743 0.015614 0.016934 0.01239
1.8828 0.0086307 0.009634 0.010309 0.010904 0.011421 0.011948 0.012942 0.013495 0.014108 0.014803 0.015677 0.017002 0.012439
1.8906 0.0086647 0.0096722 0.01035 0.010947 0.011467 0.011996 0.012994 0.013548 0.014165 0.014862 0.01574 0.017071 0.012488
1.8984 0.0086997 0.0097104 0.010392 0.010991 0.011512 0.012044 0.013046 0.013602 0.014221 0.014921 0.015804 0.01714 0.012538
1.9062 0.0087348 0.0097487 0.010433 0.011034 0.011558 0.012091 0.013097 0.013656 0.014278 0.01498 0.015867 0.017208 0.012588
1.9141 0.0087699 0.0097866 0.010475 0.011077 0.011604 0.01214 0.013148 0.013709 0.014335 0.015039 0.015931 0.017277 0.012638
1.9219 0.0088051 0.0098248 0.010516 0.01112 0.01165 0.012189 0.0132 0.013764 0.014393 0.015098 0.015993 0.017345 0.012688
1.9297 0.0088402 0.009863 0.010558 0.011162 0.011696 0.012237 0.013252 0.013819 0.01445 0.015157 0.016054 0.017414 0.012738
1.9375 0.0088748 0.0099011 0.010599 0.011206 0.011742 0.012286 0.013304 0.013873 0.014506 0.015216 0.016116 0.017483 0.012788
1.9453 0.0089065 0.009937 0.010637 0.011246 0.011785 0.01233 0.013353 0.013924 0.01456 0.015273 0.016176 0.017549 0.012835
1.9531 0.0089382 0.009972 0.010676 0.011286 0.011828 0.012375 0.013402 0.013975 0.014614 0.01533 0.016236 0.017614 0.012882
1.9609 0.0089699 0.010008 0.010714 0.011327 0.011872 0.012419 0.013451 0.014027 0.014668 0.015386 0.016297 0.01768 0.012929
1.9688 0.0090017 0.010044 0.010752 0.011369 0.011915 0.012464 0.0135 0.014078 0.014722 0.015443 0.016358 0.017746 0.012976
1.9766 0.0090334 0.01008 0.01079 0.01141 0.011959 0.012509 0.013549 0.014129 0.014776 0.015499 0.016418 0.017811 0.013024
1.9844 0.0090652 0.010116 0.010829 0.011451 0.012003 0.012554 0.013598 0.01418 0.01483 0.015556 0.016479 0.017877 0.013071
1.9922 0.0090969 0.010151 0.010868 0.011492 0.012046 0.012599 0.013647 0.014231 0.014885 0.015613 0.016539 0.017943 0.013119
2 0.0091287 0.010187 0.010907 0.011533 0.012089 0.012643 0.013697 0.014283 0.014939 0.01567 0.0166 0.018009 0.013166
2.0078 0.0091606 0.010223 0.010944 0.011572 0.01213 0.012687 0.013742 0.014331 0.014988 0.015721 0.016654 0.018068 0.013211
2.0156 0.0091925 0.010258 0.010981 0.011611 0.01217 0.01273 0.013788 0.014379 0.015038 0.015773 0.016709 0.018127 0.013254
2.0234 0.0092244 0.010292 0.011019 0.01165 0.012211 0.012773 0.013834 0.014427 0.015087 0.015826 0.016763 0.018186 0.013298
2.0312 0.0092565 0.010328 0.011057 0.011689 0.012251 0.012816 0.013881 0.014475 0.015137 0.015878 0.016818 0.018245 0.013342
2.0391 0.0092885 0.010363 0.011094 0.011729 0.012292 0.01286 0.013927 0.014523 0.015186 0.015931 0.016872 0.018304 0.013387
2.0469 0.0093205 0.010399 0.011132 0.011769 0.012333 0.012903 0.013973 0.014571 0.015236 0.015983 0.016927 0.018364 0.013432
2.0547 0.0093524 0.010434 0.011169 0.011809 0.012374 0.012946 0.014019 0.014619 0.015286 0.016034 0.016984 0.018422 0.013476
2.0625 0.0093837 0.01047 0.011207 0.011849 0.012415 0.012988 0.014066 0.014667 0.015336 0.016086 0.017041 0.018481 0.013519
2.0703 0.0094116 0.010503 0.011241 0.011886 0.012452 0.013027 0.014109 0.014711 0.015382 0.016135 0.017093 0.018537 0.01356
2.0781 0.0094395 0.010536 0.011275 0.011922 0.012489 0.013065 0.014152 0.014756 0.015427 0.016185 0.017144 0.018592 0.013602
2.0859 0.0094675 0.010569 0.011309 0.01196 0.012527 0.013105 0.014196 0.014801 0.015474 0.016235 0.017195 0.018648 0.013643
2.0938 0.0094955 0.010601 0.011343 0.011996 0.012566 0.013145 0.014238 0.014847 0.015521 0.016284 0.017246 0.018704 0.013684
2.1016 0.0095248 0.010633 0.011377 0.012033 0.012604 0.013185 0.01428 0.014891 0.015567 0.016333 0.017299 0.01876 0.013726
2.1094 0.0095546 0.010665 0.011411 0.01207 0.012643 0.013224 0.014323 0.014935 0.015615 0.016382 0.017351 0.018816 0.013767
2.1172 0.0095843 0.010697 0.011445 0.012107 0.01268 0.013264 0.014365 0.014979 0.015662 0.016431 0.017402 0.018872 0.013808
2.125 0.009614 0.010729 0.01148 0.012144 0.012718 0.013303 0.014408 0.015024 0.015709 0.01648 0.017453 0.018928 0.01385
2.1328 0.009639 0.010758 0.011511 0.012176 0.012753 0.01334 0.014448 0.015065 0.015751 0.016525 0.017501 0.01898 0.013887
2.1406 0.009664 0.010787 0.011542 0.012208 0.012788 0.013376 0.014487 0.015106 0.015793 0.01657 0.01755 0.019032 0.013925
2.1484 0.009689 0.010816 0.011573 0.01224 0.012821 0.013412 0.014527 0.015148 0.015836 0.016614 0.017597 0.019084 0.013962
2.1562 0.0097146 0.010845 0.011604 0.012273 0.012855 0.013448 0.014567 0.015189 0.015878 0.016659 0.017644 0.019136 0.014
2.1641 0.0097415 0.010874 0.011636 0.012306 0.012889 0.013484 0.014606 0.015229 0.015921 0.016704 0.017693 0.019188 0.014037
2.1719 0.0097683 0.010903 0.011668 0.012337 0.012924 0.01352 0.014644 0.01527 0.015964 0.016748 0.017741 0.019239 0.014075
2.1797 0.0097952 0.010931 0.011699 0.01237 0.012959 0.013557 0.014683 0.01531 0.016008 0.016793 0.017789 0.019291 0.014112
2.1875 0.009822 0.010959 0.01173 0.012402 0.012995 0.013595 0.014723 0.015352 0.016052 0.016837 0.017836 0.019343 0.01415
2.1953 0.0098452 0.010984 0.011758 0.012431 0.013026 0.013628 0.014758 0.015389 0.016092 0.016879 0.017879 0.019392 0.014185
2.2031 0.0098678 0.011009 0.011785 0.01246 0.013057 0.013661 0.014793 0.015426 0.016131 0.016921 0.017921 0.019442 0.01422
2.2109 0.0098901 0.011034 0.011813 0.012489 0.013088 0.013693 0.014829 0.015464 0.01617 0.016963 0.017964 0.01949 0.014254
2.2188 0.0099125 0.01106 0.01184 0.012518 0.013119 0.013725 0.014864 0.015501 0.016209 0.017003 0.018009 0.019538 0.014287
2.2266 0.0099349 0.011085 0.011867 0.012547 0.013151 0.013756 0.014899 0.015538 0.016249 0.017044 0.018053 0.019586 0.014321
2.2344 0.0099573 0.011111 0.011894 0.012577 0.013182 0.013788 0.014935 0.015575 0.016288 0.017086 0.018098 0.019635 0.014356
2.2422 0.0099798 0.011137 0.011923 0.012607 0.013214 0.013821 0.014971 0.015612 0.016328 0.017127 0.018142 0.019683 0.014391
2.25 0.010002 0.011162 0.011951 0.012637 0.013245 0.013853 0.015007 0.015649 0.016368 0.017169 0.018187 0.019732 0.014426
2.2578 0.010025 0.011187 0.011976 0.012664 0.013273 0.013883 0.015039 0.015683 0.016401 0.017204 0.018223 0.019771 0.014456
2.2656 0.010049 0.011212 0.012003 0.012691 0.013301 0.013914 0.01507 0.015716 0.016434 0.01724 0.018259 0.01981 0.014485
2.2734 0.010072 0.011237 0.01203 0.01272 0.013329 0.013945 0.015102 0.015749 0.016468 0.017275 0.018296 0.01985 0.014517
2.2812 0.010095 0.011263 0.012057 0.012748 0.013357 0.013975 0.015134 0.015781 0.016502 0.017311 0.018336 0.019889 0.014547
2.2891 0.010117 0.011289 0.012083 0.012777 0.013385 0.014004 0.015166 0.015814 0.016536 0.017346 0.018376 0.019928 0.014578
2.2969 0.010138 0.011317 0.01211 0.012805 0.013413 0.014032 0.015199 0.015848 0.016568 0.017382 0.018412 0.019967 0.014608
2.3047 0.010161 0.011342 0.012136 0.012833 0.013443 0.014063 0.015231 0.015882 0.016602 0.017417 0.018448 0.020006 0.014638
2.3125 0.010183 0.011367 0.012162 0.012861 0.013472 0.014091 0.015263 0.015915 0.016636 0.017451 0.018485 0.020045 0.014669
2.3203 0.010203 0.011388 0.012184 0.012887 0.013499 0.014117 0.01529 0.015946 0.016665 0.017484 0.018518 0.020081 0.014697
2.3281 0.010224 0.011408 0.012206 0.012911 0.013524 0.014144 0.015317 0.015973 0.016695 0.017515 0.018552 0.020116 0.014722
2.3359 0.010244 0.01143 0.01223 0.012936 0.013549 0.01417 0.015344 0.016001 0.016726 0.017547 0.018586 0.020152 0.01475
2.3438 0.010264 0.011452 0.012253 0.01296 0.013574 0.014195 0.015372 0.01603 0.016756 0.01758 0.01862 0.020187 0.014778
2.3516 0.010285 0.011473 0.012276 0.012984 0.013598 0.014221 0.0154 0.01606 0.016786 0.017613 0.018653 0.020223 0.014805
2.3594 0.010305 0.011495 0.012299 0.013009 0.013623 0.014246 0.015428 0.016089 0.016817 0.017646 0.018688 0.020257 0.014833
2.3672 0.010325 0.011517 0.012321 0.013033 0.013648 0.014271 0.015456 0.016119 0.016849 0.017678 0.018721 0.020291 0.01486
2.375 0.010346 0.011538 0.012345 0.013058 0.013672 0.014297 0.015484 0.016148 0.01688 0.01771 0.018753 0.020327 0.014887
2.3828 0.010361 0.011555 0.012363 0.013077 0.013694 0.014318 0.015506 0.016172 0.016905 0.017737 0.018782 0.020358 0.014909
2.3906 0.010376 0.011573 0.012381 0.013096 0.013715 0.014341 0.01553 0.016196 0.016929 0.017762 0.01881 0.020389 0.014931
2.3984 0.010391 0.01159 0.0124 0.013115 0.013737 0.014363 0.015554 0.01622 0.016953 0.017787 0.01884 0.020419 0.014954
2.4062 0.010406 0.011606 0.012419 0.013135 0.013758 0.014385 0.015577 0.016244 0.016978 0.017812 0.018868 0.02045 0.014977
2.4141 0.010421 0.011624 0.012438 0.013154 0.013779 0.014406 0.0156 0.016268 0.017003 0.017838 0.018896 0.02048 0.014998
2.4219 0.010436 0.011643 0.012457 0.013173 0.013798 0.014428 0.015624 0.016292 0.01703 0.017865 0.018924 0.020511 0.015019
2.4297 0.010451 0.01166 0.012476 0.013192 0.013818 0.01445 0.015647 0.016318 0.017056 0.017891 0.018953 0.020542 0.015042
2.4375 0.010467 0.011676 0.012495 0.013211 0.013839 0.014472 0.015671 0.016343 0.017081 0.017916 0.01898 0.020572 0.015064
2.4453 0.010476 0.011689 0.012507 0.013225 0.013853 0.014489 0.015688 0.01636 0.0171 0.017936 0.019002 0.020595 0.01508
2.4531 0.010486 0.011701 0.01252 0.013238 0.013867 0.014505 0.015706 0.016377 0.017118 0.017957 0.019023 0.02062 0.015096
2.4609 0.010496 0.011712 0.012533 0.01325 0.013881 0.01452 0.015723 0.016396 0.017137 0.017978 0.019044 0.020645 0.015112
2.4688 0.010506 0.011723 0.012546 0.013264 0.013895 0.014535 0.01574 0.016414 0.017157 0.017999 0.019065 0.02067 0.015128
2.4766 0.010517 0.011734 0.012559 0.013278 0.013909 0.014551 0.015758 0.016432 0.017176 0.018019 0.019086 0.020696 0.015144
2.4844 0.010527 0.011746 0.012573 0.013291 0.013924 0.014567 0.015775 0.01645 0.017196 0.018038 0.019108 0.020721 0.015161
2.4922 0.010538 0.011758 0.012585 0.013304 0.01394 0.014583 0.015792 0.016468 0.017216 0.018059 0.019131 0.020745 0.015178
2.5 0.010548 0.011769 0.012598 0.013317 0.013954 0.014599 0.015809 0.016487 0.017237 0.018079 0.019152 0.02077 0.015194
2.5078 0.010538 0.011758 0.012585 0.013304 0.01394 0.014583 0.015792 0.016468 0.017216 0.018059 0.019131 0.020745 0.015178
2.5156 0.010527 0.011746 0.012573 0.013291 0.013924 0.014567 0.015775 0.01645 0.017196 0.018038 0.019108 0.020721 0.015161
2.5234 0.010517 0.011734 0.012559 0.013278 0.013909 0.014551 0.015758 0.016432 0.017176 0.018019 0.019086 0.020696 0.015144
2.5312 0.010506 0.011723 0.012546 0.013264 0.013895 0.014535 0.01574 0.016414 0.017157 0.017999 0.019065 0.02067 0.015128
2.5391 0.010496 0.011712 0.012533 0.01325 0.013881 0.01452 0.015723 0.016396 0.017137 0.017978 0.019044 0.020645 0.015112
2.5469 0.010486 0.011701 0.01252 0.013238 0.013867 0.014505 0.015706 0.016377 0.017118 0.017957 0.019023 0.02062 0.015096
2.5547 0.010476 0.011689 0.012507 0.013225 0.013853 0.014489 0.015688 0.01636 0.0171 0.017936 0.019002 0.020595 0.01508
2.5625 0.010467 0.011676 0.012495 0.013211 0.013839 0.014472 0.015671 0.016343 0.017081 0.017916 0.01898 0.020572 0.015064
2.5703 0.010451 0.01166 0.012476 0.013192 0.013818 0.01445 0.015647 0.016318 0.017056 0.017891 0.018953 0.020542 0.015042
2.5781 0.010436 0.011643 0.012457 0.013173 0.013798 0.014428 0.015624 0.016292 0.01703 0.017865 0.018924 0.020511 0.015019
2.5859 0.010421 0.011624 0.012438 0.013154 0.013779 0.014406 0.0156 0.016268 0.017003 0.017838 0.018896 0.02048 0.014998
2.5938 0.010406 0.011606 0.012419 0.013135 0.013758 0.014385 0.015577 0.016244 0.016978 0.017812 0.018868 0.02045 0.014977
2.6016 0.010391 0.01159 0.0124 0.013115 0.013737 0.014363 0.015554 0.01622 0.016953 0.017787 0.01884 0.020419 0.014954
2.6094 0.010376 0.011573 0.012381 0.013096 0.013715 0.014341 0.01553 0.016196 0.016929 0.017762 0.01881 0.020389 0.014931
2.6172 0.010361 0.011555 0.012363 0.013077 0.013694 0.014318 0.015506 0.016172 0.016905 0.017737 0.018782 0.020358 0.014909
2.625 0.010346 0.011538 0.012345 0.013058 0.013672 0.014297 0.015484 0.016148 0.01688 0.01771 0.018753 0.020327 0.014887
2.6328 0.010325 0.011517 0.012321 0.013033 0.013648 0.014271 0.015456 0.016119 0.016849 0.017678 0.018721 0.020291 0.01486
2.6406 0.010305 0.011495 0.012299 0.013009 0.013623 0.014246 0.015428 0.016089 0.016817 0.017646 0.018688 0.020257 0.014833
2.6484 0.010285 0.011473 0.012276 0.012984 0.013598 0.014221 0.0154 0.01606 0.016786 0.017613 0.018653 0.020223 0.014805
2.6562 0.010264 0.011452 0.012253 0.01296 0.013574 0.014195 0.015372 0.01603 0.016756 0.01758 0.01862 0.020187 0.014778
2.6641 0.010244 0.01143 0.01223 0.012936 0.013549 0.01417 0.015344 0.016001 0.016726 0.017547 0.018586 0.020152 0.01475
2.6719 0.010224 0.011408 0.012206 0.012911 0.013524 0.014144 0.015317 0.015973 0.016695 0.017515 0.018552 0.020116 0.014722
2.6797 0.010203 0.011388 0.012184 0.012887 0.013499 0.014117 0.01529 0.015946 0.016665 0.017484 0.018518 0.020081 0.014697
2.6875 0.010183 0.011367 0.012162 0.012861 0.013472 0.014091 0.015263 0.015915 0.016636 0.017451 0.018485 0.020045 0.014669
2.6953 0.010161 0.011342 0.012136 0.012833 0.013443 0.014063 0.015231 0.015882 0.016602 0.017417 0.018448 0.020006 0.014638
2.7031 0.010138 0.011317 0.01211 0.012805 0.013413 0.014032 0.015199 0.015848 0.016568 0.017382 0.018412 0.019967 0.014608
2.7109 0.010117 0.011289 0.012083 0.012777 0.013385 0.014004 0.015166 0.015814 0.016536 0.017346 0.018376 0.019928 0.014578
2.7188 0.010095 0.011263 0.012057 0.012748 0.013357 0.013975 0.015134 0.015781 0.016502 0.017311 0.018336 0.019889 0.014547
2.7266 0.010072 0.011237 0.01203 0.01272 0.013329 0.013945 0.015102 0.015749 0.016468 0.017275 0.018296 0.01985 0.014517
2.7344 0.010049 0.011212 0.012003 0.012691 0.013301 0.013914 0.01507 0.015716 0.016434 0.01724 0.018259 0.01981 0.014485
2.7422 0.010025 0.011187 0.011976 0.012664 0.013273 0.013883 0.015039 0.015683 0.016401 0.017204 0.018223 0.019771 0.014456
2.75 0.010002 0.011162 0.011951 0.012637 0.013245 0.013853 0.015007 0.015649 0.016368 0.017169 0.018187 0.019732 0.014426
2.7578 0.0099798 0.011137 0.011923 0.012607 0.013214 0.013821 0.014971 0.015612 0.016328 0.017127 0.018142 0.019683 0.014391
2.7656 0.0099573 0.011111 0.011894 0.012577 0.013182 0.013788 0.014935 0.015575 0.016288 0.017086 0.018098 0.019635 0.014356
2.7734 0.0099349 0.011085 0.011867 0.012547 0.013151 0.013756 0.014899 0.015538 0.016249 0.017044 0.018053 0.019586 0.014321
2.7812 0.0099125 0.01106 0.01184 0.012518 0.013119 0.013725 0.014864 0.015501 0.016209 0.017003 0.018009 0.019538 0.014287
2.7891 0.0098901 0.011034 0.011813 0.012489 0.013088 0.013693 0.014829 0.015464 0.01617 0.016963 0.017964 0.01949 0.014254
2.7969 0.0098678 0.011009 0.011785 0.01246 0.013057 0.013661 0.014793 0.015426 0.016131 0.016921 0.017921 0.019442 0.01422
2.8047 0.0098452 0.010984 0.011758 0.012431 0.013026 0.013628 0.014758 0.015389 0.016092 0.016879 0.017879 0.019392 0.014185
2.8125 0.009822 0.010959 0.01173 0.012402 0.012995 0.013595 0.014723 0.015352 0.016052 0.016837 0.017836 0.019343 0.01415
2.8203 0.0097952 0.010931 0.011699 0.01237 0.012959 0.013557 0.014683 0.01531 0.016008 0.016793 0.017789 0.019291 0.014112
2.8281 0.0097683 0.010903 0.011668 0.012337 0.012924 0.01352 0.014644 0.01527 0.015964 0.016748 0.017741 0.019239 0.014075
2.8359 0.0097415 0.010874 0.011636 0.012306 0.012889 0.013484 0.014606 0.015229 0.015921 0.016704 0.017693 0.019188 0.014037
2.8438 0.0097146 0.010845 0.011604 0.012273 0.012855 0.013448 0.014567 0.015189 0.015878 0.016659 0.017644 0.019136 0.014
2.8516 0.009689 0.010816 0.011573 0.01224 0.012821 0.013412 0.014527 0.015148 0.015836 0.016614 0.017597 0.019084 0.013962
2.8594 0.009664 0.010787 0.011542 0.012208 0.012788 0.013376 0.014487 0.015106 0.015793 0.01657 0.01755 0.019032 0.013925
2.8672 0.009639 0.010758 0.011511 0.012176 0.012753 0.01334 0.014448 0.015065 0.015751 0.016525 0.017501 0.01898 0.013887
2.875 0.009614 0.010729 0.01148 0.012144 0.012718 0.013303 0.014408 0.015024 0.015709 0.01648 0.017453 0.018928 0.01385
2.8828 0.0095843 0.010697 0.011445 0.012107 0.01268 0.013264 0.014365 0.014979 0.015662 0.016431 0.017402 0.018872 0.013808
2.8906 0.0095546 0.010665 0.011411 0.01207 0.012643 0.013224 0.014323 0.014935 0.015615 0.016382 0.017351 0.018816 0.013767
2.8984 0.0095248 0.010633 0.011377 0.012033 0.012604 0.013185 0.01428 0.014891 0.015567 0.016333 0.017299 0.01876 0.013726
2.9062 0.0094955 0.010601 0.011343 0.011996 0.012566 0.013145 0.014238 0.014847 0.015521 0.016284 0.017246 0.018704 0.013684
2.9141 0.0094675 0.010569 0.011309 0.01196 0.012527 0.013105 0.014196 0.014801 0.015474 0.016235 0.017195 0.018648 0.013643
2.9219 0.0094395 0.010536 0.011275 0.011922 0.012489 0.013065 0.014152 0.014756 0.015427 0.016185 0.017144 0.018592 0.013602
2.9297 0.0094116 0.010503 0.011241 0.011886 0.012452 0.013027 0.014109 0.014711 0.015382 0.016135 0.017093 0.018537 0.01356
2.9375 0.0093837 0.01047 0.011207 0.011849 0.012415 0.012988 0.014066 0.014667 0.015336 0.016086 0.017041 0.018481 0.013519
2.9453 0.0093524 0.010434 0.011169 0.011809 0.012374 0.012946 0.014019 0.014619 0.015286 0.016034 0.016984 0.018422 0.013476
2.9531 0.0093205 0.010399 0.011132 0.011769 0.012333 0.012903 0.013973 0.014571 0.015236 0.015983 0.016927 0.018364 0.013432
2.9609 0.0092885 0.010363 0.011094 0.011729 0.012292 0.01286 0.013927 0.014523 0.015186 0.015931 0.016872 0.018304 0.013387
2.9688 0.0092565 0.010328 0.011057 0.011689 0.012251 0.012816 0.013881 0.014475 0.015137 0.015878 0.016818 0.018245 0.013342
2.9766 0.0092244 0.010292 0.011019 0.01165 0.012211 0.012773 0.013834 0.014427 0.015087 0.015826 0.016763 0.018186 0.013298
2.9844 0.0091925 0.010258 0.010981 0.011611 0.01217 0.01273 0.013788 0.014379 0.015038 0.015773 0.016709 0.018127 0.013254
2.9922 0.0091606 0.010223 0.010944 0.011572 0.01213 0.012687 0.013742 0.014331 0.014988 0.015721 0.016654 0.018068 0.013211
3 0.0091287 0.010187 0.010907 0.011533 0.012089 0.012643 0.013697 0.014283 0.014939 0.01567 0.0166 0.018009 0.013166
3.0078 0.0090969 0.010151 0.010868 0.011492 0.012046 0.012599 0.013647 0.014231 0.014885 0.015613 0.016539 0.017943 0.013119
3.0156 0.0090652 0.010116 0.010829 0.011451 0.012003 0.012554 0.013598 0.01418 0.01483 0.015556 0.016479 0.017877 0.013071
3.0234 0.0090334 0.01008 0.01079 0.01141 0.011959 0.012509 0.013549 0.014129 0.014776 0.015499 0.016418 0.017811 0.013024
3.0312 0.0090017 0.010044 0.010752 0.011369 0.011915 0.012464 0.0135 0.014078 0.014722 0.015443 0.016358 0.017746 0.012976
3.0391 0.0089699 0.010008 0.010714 0.011327 0.011872 0.012419 0.013451 0.014027 0.014668 0.015386 0.016297 0.01768 0.012929
3.0469 0.0089382 0.009972 0.010676 0.011286 0.011828 0.012375 0.013402 0.013975 0.014614 0.01533 0.016236 0.017614 0.012882
3.0547 0.0089065 0.009937 0.010637 0.011246 0.011785 0.01233 0.013353 0.013924 0.01456 0.015273 0.016176 0.017549 0.012835
3.0625 0.0088748 0.0099011 0.010599 0.011206 0.011742 0.012286 0.013304 0.013873 0.014506 0.015216 0.016116 0.017483 0.012788
3.0703 0.0088402 0.009863 0.010558 0.011162 0.011696 0.012237 0.013252 0.013819 0.01445 0.015157 0.016054 0.017414 0.012738
3.0781 0.0088051 0.0098248 0.010516 0.01112 0.01165 0.012189 0.0132 0.013764 0.014393 0.015098 0.015993 0.017345 0.012688
3.0859 0.0087699 0.0097866 0.010475 0.011077 0.011604 0.01214 0.013148 0.013709 0.014335 0.015039 0.015931 0.017277 0.012638
3.0938 0.0087348 0.0097487 0.010433 0.011034 0.011558 0.012091 0.013097 0.013656 0.014278 0.01498 0.015867 0.017208 0.012588
3.1016 0.0086997 0.0097104 0.010392 0.010991 0.011512 0.012044 0.013046 0.013602 0.014221 0.014921 0.015804 0.01714 0.012538
3.1094 0.0086647 0.0096722 0.01035 0.010947 0.011467 0.011996 0.012994 0.013548 0.014165 0.014862 0.01574 0.017071 0.012488
3.1172 0.0086307 0.009634 0.010309 0.010904 0.011421 0.011948 0.012942 0.013495 0.014108 0.014803 0.015677 0.017002 0.012439
3.125 0.008597 0.0095959 0.010268 0.01086 0.011376 0.0119 0.01289 0.013441 0.014052 0.014743 0.015614 0.016934 0.01239
3.1328 0.0085598 0.0095549 0.010225 0.010814 0.011327 0.01185 0.012835 0.013384 0.013992 0.014681 0.015548 0.016862 0.012336
3.1406 0.0085228 0.0095139 0.010181 0.010768 0.011279 0.011799 0.012781 0.013326 0.013933 0.014619 0.015482 0.016791 0.012284
3.1484 0.0084865 0.0094728 0.010137 0.010722 0.01123 0.011749 0.012727 0.013269 0.013873 0.014556 0.015416 0.01672 0.012231
3.1562 0.0084505 0.0094319 0.010094 0.010675 0.011182 0.011698 0.012672 0.013212 0.013813 0.014493 0.015351 0.016648 0.012179
3.1641 0.0084146 0.009391 0.010051 0.010629 0.011134 0.011648 0.012616 0.013155 0.013754 0.01443 0.015285 0.016577 0.012126
3.1719 0.0083787 0.0093497 0.010008 0.010582 0.011086 0.011598 0.012561 0.013097 0.013696 0.014367 0.01522 0.016505 0.012074
3.1797 0.0083427 0.0093086 0.0099641 0.010535 0.011038 0.011549 0.012507 0.013041 0.013637 0.014305 0.015153 0.016434 0.012022
3.1875 0.0083068 0.0092676 0.0099205 0.010489 0.01099 0.011499 0.012452 0.012985 0.013578 0.014242 0.015085 0.016363 0.011969
3.1953 0.0082681 0.0092247 0.0098748 0.01044 0.01094 0.011446 0.012395 0.012926 0.013516 0.014178 0.015016 0.01629 0.011915
3.2031 0.0082292 0.0091811 0.0098288 0.010392 0.01089 0.011393 0.012338 0.012866 0.013454 0.014114 0.014947 0.016216 0.01186
3.2109 0.0081904 0.0091379 0.0097829 0.010343 0.010839 0.01134 0.012281 0.012807 0.013392 0.014049 0.014879 0.016142 0.011805
3.2188 0.0081516 0.0090949 0.0097369 0.010294 0.010789 0.011287 0.012224 0.012748 0.013331 0.013983 0.014811 0.016068 0.01175
3.2266 0.0081128 0.0090521 0.0096907 0.010246 0.010739 0.011233 0.012167 0.012688 0.013269 0.013919 0.014743 0.015995 0.011695
3.2344 0.008074 0.0090094 0.0096446 0.010198 0.010689 0.011181 0.01211 0.012629 0.013208 0.013854 0.014675 0.015921 0.011641
3.2422 0.0080353 0.0089667 0.0095993 0.01015 0.01064 0.011128 0.012054 0.01257 0.013146 0.013789 0.014607 0.015847 0.011587
3.25 0.0079965 0.0089234 0.0095538 0.010102 0.010589 0.011075 0.011997 0.01251 0.013085 0.013725 0.014539 0.015774 0.011532
3.2578 0.0079579 0.0088805 0.0095071 0.010053 0.010537 0.011021 0.011938 0.012449 0.01302 0.013657 0.014467 0.015695 0.011476
3.2656 0.0079193 0.008837 0.0094602 0.010003 0.010485 0.010967 0.011879 0.012387 0.012955 0.013589 0.014395 0.015617 0.011419
3.2734 0.0078806 0.0087934 0.0094134 0.0099538 0.010433 0.010913 0.01182 0.012326 0.012891 0.013521 0.014323 0.015539 0.011362
3.2812 0.007842 0.0087499 0.0093672 0.0099043 0.010381 0.010859 0.011761 0.012265 0.012826 0.013454 0.014251 0.01546 0.011305
3.2891 0.0078034 0.0087064 0.0093209 0.0098547 0.010329 0.010804 0.011702 0.012203 0.012762 0.013386 0.014179 0.015382 0.011248
3.2969 0.0077648 0.0086629 0.0092745 0.0098053 0.010276 0.010751 0.011643 0.012142 0.012697 0.013318 0.014107 0.015304 0.011191
3.3047 0.0077261 0.0086197 0.0092281 0.009756 0.010224 0.010697 0.011584 0.01208 0.012632 0.013251 0.014035 0.015225 0.011135
3.3125 0.0076876 0.008577 0.0091817 0.0097072 0.010172 0.010643 0.011525 0.012019 0.012568 0.013184 0.013963 0.015148 0.011079
3.3203 0.0076472 0.008532 0.0091335 0.0096564 0.010119 0.010587 0.011465 0.011956 0.012502 0.013114 0.013889 0.015068 0.011021
3.3281 0.0076069 0.008487 0.0090853 0.0096056 0.010065 0.010531 0.011404 0.011892 0.012435 0.013045 0.013816 0.014988 0.010962
3.3359 0.0075663 0.008442 0.009037 0.009555 0.010012 0.010475 0.011343 0.011828 0.012369 0.012975 0.013743 0.014908 0.010904
3.3438 0.0075254 0.008397 0.0089885 0.0095046 0.0099578 0.010418 0.011283 0.011764 0.012303 0.012906 0.013671 0.014828 0.010845
3.3516 0.0074846 0.008352 0.0089401 0.0094542 0.0099041 0.010362 0.011222 0.011701 0.012236 0.012837 0.013598 0.014747 0.010787
3.3594 0.0074438 0.0083071 0.0088916 0.0094037 0.0098503 0.010305 0.011162 0.011638 0.012169 0.012768 0.013524 0.014667 0.010729
3.3672 0.007403 0.0082626 0.0088431 0.009353 0.0097966 0.010249 0.011102 0.011575 0.012103 0.012699 0.01345 0.014587 0.01067
3.375 0.0073623 0.0082181 0.0087946 0.0093021 0.0097429 0.010193 0.011041 0.011512 0.012037 0.012629 0.013376 0.014507 0.010612
3.3828 0.0073209 0.0081713 0.008745 0.0092494 0.009688 0.010136 0.010979 0.011447 0.011969 0.012558 0.013301 0.014425 0.010552
3.3906 0.0072796 0.0081244 0.0086955 0.0091966 0.0096331 0.010078 0.010917 0.011382 0.011901 0.012486 0.013226 0.014344 0.010492
3.3984 0.0072383 0.0080776 0.008646 0.0091438 0.0095782 0.010021 0.010854 0.011316 0.011833 0.012415 0.01315 0.014262 0.010432
3.4062 0.007197 0.0080311 0.0085965 0.0090908 0.0095233 0.0099634 0.010791 0.011251 0.011765 0.012343 0.013075 0.01418 0.010372
3.4141 0.0071557 0.0079846 0.0085469 0.0090377 0.0094685 0.0099063 0.010728 0.011186 0.011698 0.012272 0.012999 0.014098 0.010312
3.4219 0.0071144 0.0079382 0.0084973 0.0089846 0.0094138 0.0098491 0.010666 0.011121 0.01163 0.0122 0.012923 0.014017 0.010253
3.4297 0.0070731 0.0078917 0.0084477 0.0089317 0.0093591 0.0097919 0.010604 0.011057 0.011562 0.012129 0.012847 0.013935 0.010193
3.4375 0.0070316 0.0078452 0.008398 0.0088788 0.0093038 0.0097345 0.010541 0.010993 0.011494 0.012057 0.01277 0.013854 0.010133
3.4453 0.0069887 0.0077972 0.008347 0.0088249 0.0092476 0.0096755 0.010478 0.010926 0.011425 0.011985 0.012693 0.013771 0.010072
3.4531 0.0069457 0.0077491 0.008296 0.008771 0.0091915 0.0096163 0.010414 0.01086 0.011356 0.011913 0.012616 0.013687 0.01001
3.4609 0.0069028 0.0077014 0.0082449 0.0087168 0.0091351 0.0095572 0.01035 0.010794 0.011287 0.01184 0.01254 0.013604 0.009949
3.4688 0.0068599 0.0076537 0.0081939 0.0086629 0.0090789 0.009498 0.010287 0.010727 0.011217 0.011767 0.012463 0.013521 0.0098875
3.4766 0.006817 0.007606 0.0081428 0.0086092 0.009023 0.0094389 0.010223 0.010661 0.011148 0.011694 0.012387 0.013438 0.0098261
3.4844 0.0067741 0.0075584 0.0080917 0.0085556 0.008967 0.0093798 0.010159 0.010595 0.011079 0.011622 0.01231 0.013355 0.0097652
3.4922 0.0067312 0.0075108 0.0080404 0.0085019 0.0089109 0.0093208 0.010096 0.010528 0.01101 0.011549 0.012233 0.013272 0.0097043
3.5 0.0066884 0.0074633 0.0079895 0.0084482 0.0088548 0.009262 0.010032 0.010462 0.010941 0.011477 0.012157 0.013189 0.0096435
3.5078 0.0066456 0.0074153 0.0079381 0.0083939 0.0087978 0.0092024 0.0099674 0.010394 0.01087 0.011402 0.012078 0.013104 0.0095811
3.5156 0.0066028 0.0073674 0.0078869 0.0083395 0.0087407 0.0091428 0.0099028 0.010327 0.0108 0.011328 0.012 0.013018 0.0095188
3.5234 0.00656 0.0073194 0.0078359 0.0082851 0.0086836 0.0090833 0.0098382 0.01026 0.010729 0.011254 0.011921 0.012933 0.0094565
3.5312 0.0065172 0.0072715 0.0077847 0.0082307 0.0086266 0.0090237 0.0097736 0.010192 0.010659 0.01118 0.011842 0.012847 0.0093943
3.5391 0.0064744 0.0072235 0.0077335 0.0081763 0.0085694 0.0089643 0.009709 0.010125 0.010588 0.011106 0.011764 0.012762 0.0093321
3.5469 0.0064316 0.0071756 0.0076822 0.0081219 0.0085122 0.0089048 0.0096444 0.010057 0.010517 0.011032 0.011685 0.012677 0.0092701
3.5547 0.0063888 0.0071277 0.007631 0.0080676 0.0084549 0.0088454 0.0095798 0.0099899 0.010447 0.010958 0.011607 0.012591 0.0092082
3.5625 0.006346 0.0070799 0.0075797 0.0080133 0.0083979 0.0087859 0.0095151 0.0099225 0.010376 0.010884 0.011528 0.012506 0.0091462
3.5703 0.0063024 0.0070313 0.0075277 0.0079584 0.0083403 0.0087257 0.0094498 0.0098543 0.010304 0.01081 0.011449 0.01242 0.0090834
3.5781 0.0062589 0.0069828 0.0074756 0.0079037 0.0082827 0.0086654 0.0093843 0.0097862 0.010233 0.010735 0.011369 0.012334 0.0090206
3.5859 0.0062154 0.0069342 0.0074236 0.0078488 0.008225 0.0086052 0.0093188 0.009718 0.010162 0.01066 0.01129 0.012248 0.0089577
3.5938 0.0061718 0.0068857 0.0073716 0.0077938 0.0081672 0.0085449 0.0092534 0.0096499 0.010091 0.010585 0.01121 0.012162 0.0088949
3.6016 0.0061283 0.0068372 0.0073196 0.007739 0.0081096 0.0084845 0.0091879 0.0095813 0.010019 0.01051 0.011131 0.012076 0.008832
3.6094 0.0060847 0.0067886 0.0072675 0.0076841 0.0080519 0.008424 0.0091224 0.0095127 0.0099478 0.010435 0.011053 0.01199 0.008769
3.6172 0.006041 0.0067401 0.0072154 0.0076293 0.007994 0.0083635 0.009057 0.0094442 0.0098764 0.01036 0.010974 0.011904 0.0087061
3.625 0.0059973 0.0066916 0.0071633 0.0075745 0.0079361 0.008303 0.0089918 0.0093756 0.009805 0.010286 0.010895 0.011818 0.0086432
3.6328 0.0059534 0.0066425 0.0071108 0.0075188 0.0078779 0.0082422 0.0089257 0.009307 0.0097331 0.01021 0.010815 0.011731 0.0085798
3.6406 0.0059095 0.0065933 0.0070583 0.0074632 0.0078198 0.0081813 0.0088597 0.0092384 0.0096612 0.010135 0.010735 0.011645 0.0085164
3.6484 0.0058656 0.0065442 0.0070058 0.0074075 0.0077617 0.0081205 0.0087938 0.0091698 0.0095893 0.010059 0.010655 0.011558 0.0084531
3.6562 0.0058217 0.0064952 0.0069533 0.0073519 0.0077036 0.0080597 0.0087279 0.0091012 0.0095174 0.0099837 0.010575 0.011471 0.0083898
3.6641 0.0057777 0.0064461 0.0069008 0.0072963 0.0076454 0.0079988 0.008662 0.0090326 0.0094455 0.0099082 0.010495 0.011385 0.0083264
3.6719 0.0057338 0.0063971 0.0068482 0.0072406 0.0075872 0.007938 0.008596 0.0089639 0.0093736 0.0098327 0.010415 0.011298 0.0082631
3.6797 0.0056898 0.006348 0.0067957 0.007185 0.007529 0.0078771 0.0085301 0.0088953 0.0093017 0.0097573 0.010334 0.011211 0.0081997
3.6875 0.0056458 0.006299 0.0067432 0.0071294 0.0074707 0.0078163 0.0084642 0.0088267 0.0092298 0.0096819 0.010254 0.011125 0.0081364
3.6953 0.0056016 0.0062496 0.0066904 0.0070735 0.0074122 0.0077551 0.008398 0.0087578 0.0091576 0.0096062 0.010174 0.011038 0.0080727
3.7031 0.0055574 0.0062002 0.0066376 0.0070177 0.0073538 0.007694 0.0083318 0.0086887 0.0090855 0.0095306 0.010094 0.010951 0.0080091
3.7109 0.0055131 0.0061508 0.0065848 0.0069619 0.0072953 0.0076328 0.0082656 0.0086197 0.0090133 0.0094549 0.010013 0.010864 0.0079454
3.7188 0.0054689 0.0061015 0.006532 0.0069061 0.0072369 0.0075716 0.0081994 0.0085506 0.0089411 0.0093793 0.0099331 0.010777 0.0078817
3.7266 0.0054247 0.0060521 0.0064792 0.0068502 0.0071785 0.0075104 0.0081332 0.0084816 0.0088689 0.0093036 0.009853 0.01069 0.0078181
3.7344 0.0053804 0.0060027 0.0064264 0.0067944 0.0071201 0.0074492 0.008067 0.0084125 0.0087967 0.009228 0.0097729 0.010603 0.0077544
3.7422 0.0053362 0.0059534 0.0063736 0.0067386 0.0070616 0.007388 0.0080008 0.0083435 0.0087245 0.0091523 0.0096928 0.010516 0.0076907
3.75 0.005292 0.0059041 0.0063208 0.0066828 0.0070032 0.0073268 0.0079346 0.0082744 0.0086524 0.0090767 0.0096126 0.010429 0.007627
3.7578 0.0052477 0.0058548 0.006268 0.0066269 0.0069447 0.0072656 0.0078684 0.0082054 0.0085802 0.0090009 0.0095325 0.010342 0.0075634
3.7656 0.0052035 0.0058054 0.0062152 0.006571 0.0068862 0.0072044 0.0078022 0.0081363 0.008508 0.0089251 0.0094524 0.010255 0.0074997
3.7734 0.0051593 0.0057561 0.0061624 0.0065151 0.0068277 0.0071432 0.007736 0.0080673 0.0084358 0.0088494 0.0093723 0.010168 0.007436
3.7812 0.0051151 0.0057068 0.0061096 0.0064592 0.0067693 0.007082 0.0076698 0.0079982 0.0083636 0.0087736 0.0092922 0.010081 0.0073724
3.7891 0.0050708 0.0056575 0.0060568 0.0064034 0.0067108 0.0070208 0.0076035 0.0079292 0.0082915 0.0086978 0.0092121 0.009994 0.0073087
3.7969 0.0050266 0.0056081 0.006004 0.0063476 0.0066523 0.0069596 0.0075373 0.0078601 0.0082193 0.008622 0.009132 0.009907 0.007245
3.8047 0.0049824 0.0055588 0.0059512 0.0062918 0.0065939 0.0068984 0.0074711 0.0077911 0.0081472 0.0085462 0.0090519 0.0098201 0.0071813
3.8125 0.0049381 0.0055095 0.0058984 0.006236 0.0065356 0.0068372 0.0074049 0.007722 0.008075 0.0084705 0.0089718 0.0097332 0.0071176
3.8203 0.0048942 0.0054604 0.0058459 0.0061805 0.0064774 0.0067762 0.007339 0.0076532 0.0080032 0.008395 0.008892 0.0096465 0.0070542
3.8281 0.0048502 0.0054113 0.0057933 0.0061249 0.0064192 0.0067153 0.007273 0.0075844 0.0079313 0.0083195 0.0088122 0.0095598 0.0069907
3.8359 0.0048063 0.0053622 0.0057408 0.0060694 0.0063611 0.0066545 0.0072069 0.0075155 0.0078594 0.0082441 0.0087324 0.0094731 0.0069273
3.8438 0.0047623 0.0053132 0.0056882 0.0060138 0.0063029 0.0065937 0.0071408 0.0074467 0.0077876 0.0081686 0.0086526 0.0093864 0.0068638
3.8516 0.0047184 0.0052641 0.0056357 0.0059583 0.0062448 0.006533 0.0070747 0.0073779 0.0077157 0.0080932 0.0085728 0.0092997 0.0068004
3.8594 0.0046744 0.0052151 0.0055831 0.0059027 0.0061866 0.0064722 0.0070086 0.0073091 0.0076438 0.0080178 0.008493 0.009213 0.006737
3.8672 0.0046305 0.0051661 0.0055306 0.0058472 0.0061285 0.0064114 0.0069426 0.0072403 0.007572 0.0079425 0.0084132 0.0091263 0.0066736
3.875 0.0045865 0.005117 0.005478 0.0057917 0.0060704 0.0063507 0.0068765 0.0071714 0.0075002 0.0078671 0.0083334 0.0090396 0.0066103
3.8828 0.0045429 0.0050684 0.005426 0.0057366 0.0060124 0.0062901 0.0068113 0.0071033 0.0074287 0.0077921 0.0082539 0.0089536 0.0065473
3.8906 0.0044993 0.0050197 0.005374 0.0056815 0.0059546 0.0062295 0.0067462 0.0070352 0.0073572 0.0077172 0.0081744 0.0088675 0.0064845
3.8984 0.0044557 0.004971 0.005322 0.0056265 0.0058967 0.0061689 0.006681 0.0069671 0.0072857 0.0076424 0.0080949 0.0087815 0.0064219
3.9062 0.0044121 0.0049225 0.00527 0.0055715 0.0058389 0.0061087 0.0066158 0.006899 0.0072143 0.0075677 0.0080154 0.0086954 0.0063592
3.9141 0.0043686 0.0048739 0.005218 0.0055166 0.0057813 0.0060484 0.0065503 0.0068309 0.0071429 0.0074931 0.0079359 0.0086095 0.0062964
3.9219 0.0043251 0.0048254 0.0051659 0.0054619 0.0057237 0.0059882 0.0064849 0.0067627 0.0070716 0.0074183 0.0078564 0.0085236 0.0062336
3.9297 0.0042815 0.0047769 0.0051139 0.0054069 0.0056659 0.0059279 0.0064194 0.0066944 0.0070003 0.0073432 0.0077771 0.0084377 0.0061707
3.9375 0.004238 0.0047284 0.0050619 0.0053521 0.0056083 0.0058674 0.0063539 0.0066258 0.0069289 0.0072684 0.0076984 0.0083518 0.0061078
3.9453 0.0041951 0.0046805 0.0050106 0.0052979 0.0055512 0.0058079 0.0062894 0.0065583 0.0068583 0.0071943 0.0076202 0.0082662 0.0060457
3.9531 0.0041522 0.0046329 0.0049593 0.0052437 0.0054942 0.0057482 0.0062249 0.0064909 0.0067877 0.0071203 0.0075421 0.0081807 0.0059837
3.9609 0.0041092 0.0045852 0.004908 0.0051895 0.0054371 0.0056884 0.0061603 0.0064234 0.0067171 0.0070462 0.007464 0.0080951 0.0059215
3.9688 0.0040663 0.0045373 0.0048566 0.0051353 0.0053801 0.0056286 0.0060958 0.0063559 0.0066464 0.006972 0.0073859 0.0080097 0.0058593
3.9766 0.0040233 0.0044899 0.0048053 0.005081 0.005323 0.0055688 0.0060313 0.0062888 0.0065756 0.0068978 0.0073073 0.0079243 0.005797
3.9844 0.0039804 0.0044424 0.004754 0.0050267 0.0052659 0.005509 0.0059667 0.0062217 0.0065048 0.0068237 0.0072286 0.007839 0.0057348
3.9922 0.0039374 0.0043947 0.0047027 0.0049726 0.0052089 0.0054492 0.0059022 0.0061543 0.006434 0.0067496 0.0071499 0.0077536 0.0056726
4 0.0038945 0.0043468 0.0046513 0.0049184 0.0051519 0.0053895 0.0058376 0.0060871 0.0063633 0.0066756 0.0070712 0.0076682 0.0056104
4.0078 0.0038519 0.0042991 0.0046004 0.0048644 0.0050958 0.0053309 0.0057739 0.0060206 0.0062944 0.0066031 0.0069947 0.0075853 0.0055494
4.0156 0.0038092 0.0042509 0.0045495 0.0048105 0.0050397 0.0052724 0.0057102 0.005954 0.0062256 0.0065306 0.0069182 0.0075024 0.0054883
4.0234 0.0037666 0.0042027 0.0044986 0.0047565 0.0049837 0.0052139 0.0056465 0.0058877 0.0061566 0.0064582 0.0068411 0.0074194 0.0054274
4.0312 0.003724 0.004155 0.0044477 0.0047025 0.0049275 0.0051554 0.0055827 0.0058216 0.0060875 0.0063857 0.0067636 0.0073368 0.0053664
4.0391 0.0036812 0.0041069 0.0043967 0.0046485 0.0048712 0.0050965 0.005519 0.0057555 0.0060183 0.0063132 0.0066861 0.0072539 0.0053053
4.0469 0.0036382 0.0040592 0.0043457 0.0045945 0.004815 0.0050374 0.0054554 0.0056892 0.0059491 0.0062408 0.0066094 0.0071707 0.0052439
4.0547 0.0035953 0.0040116 0.0042946 0.0045407 0.0047589 0.0049783 0.0053917 0.0056228 0.0058799 0.006168 0.0065329 0.0070876 0.0051825
4.0625 0.0035524 0.0039639 0.0042434 0.0044871 0.0047029 0.0049191 0.0053282 0.0055565 0.0058108 0.0060954 0.0064564 0.0070046 0.0051217
4.0703 0.0035109 0.0039176 0.0041938 0.0044345 0.004648 0.0048619 0.0052657 0.0054913 0.0057432 0.006024 0.0063814 0.0069228 0.0050619
4.0781 0.0034693 0.0038712 0.0041441 0.004382 0.0045931 0.0048045 0.0052034 0.0054261 0.0056758 0.0059531 0.0063064 0.006841 0.0050019
4.0859 0.0034278 0.0038246 0.0040944 0.0043295 0.0045382 0.0047468 0.0051413 0.0053615 0.0056082 0.0058814 0.006231 0.0067592 0.0049422
4.0938 0.0033863 0.0037779 0.0040447 0.0042771 0.0044827 0.004689 0.0050791 0.0052967 0.0055398 0.0058101 0.0061561 0.0066773 0.0048826
4.1016 0.0033447 0.0037312 0.0039953 0.0042246 0.0044277 0.0046313 0.0050164 0.0052317 0.0054719 0.0057391 0.0060804 0.0065955 0.0048228
4.1094 0.0033034 0.0036845 0.0039458 0.0041718 0.0043727 0.0045735 0.0049538 0.0051663 0.005404 0.0056682 0.0060048 0.0065136 0.0047631
4.1172 0.0032622 0.0036382 0.0038962 0.0041192 0.0043179 0.0045158 0.004891 0.0051016 0.0053361 0.0055971 0.0059299 0.0064316 0.0047034
4.125 0.0032206 0.0035918 0.0038465 0.0040665 0.0042626 0.0044585 0.0048287 0.005037 0.0052681 0.0055256 0.0058542 0.0063496 0.0046437
4.1328 0.0031801 0.0035467 0.0037983 0.0040157 0.0042093 0.0044022 0.004768 0.0049734 0.0052019 0.0054563 0.0057808 0.0062699 0.0045852
4.1406 0.0031393 0.0035015 0.0037499 0.0039647 0.0041556 0.0043464 0.0047078 0.0049098 0.0051357 0.0053867 0.0057066 0.0061902 0.0045266
4.1484 0.0030987 0.0034567 0.0037013 0.0039139 0.004102 0.0042907 0.0046474 0.0048469 0.0050693 0.0053169 0.0056332 0.0061103 0.004468
4.1562 0.0030582 0.0034121 0.0036529 0.0038627 0.0040487 0.0042349 0.0045871 0.0047834 0.0050033 0.0052472 0.0055595 0.0060305 0.0044095
4.1641 0.0030177 0.0033672 0.0036046 0.0038116 0.0039952 0.0041789 0.0045262 0.0047199 0.0049372 0.0051782 0.0054855 0.0059506 0.0043508
4.1719 0.0029772 0.0033221 0.0035564 0.0037605 0.0039416 0.0041229 0.0044654 0.0046567 0.0048703 0.0051084 0.0054115 0.0058707 0.0042925
4.1797 0.0029368 0.003277 0.003508 0.0037094 0.0038878 0.0040667 0.0044049 0.0045936 0.0048038 0.0050392 0.0053374 0.0057908 0.0042341
4.1875 0.0028964 0.0032321 0.0034597 0.0036586 0.0038341 0.0040109 0.0043444 0.0045298 0.0047376 0.0049699 0.0052633 0.005711 0.0041757
4.1953 0.0028578 0.0031888 0.0034134 0.0036096 0.0037821 0.0039568 0.0042854 0.0044681 0.0046731 0.0049023 0.0051922 0.005633 0.0041192
4.2031 0.0028189 0.0031454 0.003367 0.0035605 0.0037301 0.0039026 0.0042266 0.0044068 0.0046084 0.0048347 0.0051213 0.0055543 0.0040626
4.2109 0.0027799 0.0031027 0.0033205 0.0035112 0.0036781 0.0038479 0.0041678 0.0043458 0.0045435 0.0047668 0.0050493 0.0054759 0.0040058
4.2188 0.002741 0.0030597 0.0032739 0.003462 0.0036265 0.0037937 0.0041091 0.0042845 0.004479 0.0046989 0.0049772 0.0053976 0.0039491
4.2266 0.0027022 0.0030164 0.0032274 0.0034127 0.0035749 0.0037392 0.0040502 0.0042232 0.0044146 0.0046309 0.0049051 0.0053191 0.0038925
4.2344 0.0026637 0.0029728 0.0031808 0.0033636 0.0035237 0.0036849 0.003991 0.0041617 0.0043498 0.0045631 0.0048336 0.0052407 0.0038359
4.2422 0.0026253 0.0029291 0.0031343 0.0033144 0.0034719 0.0036307 0.0039315 0.0041 0.0042855 0.0044957 0.0047621 0.0051625 0.0037791
4.25 0.0025869 0.002886 0.0030877 0.0032652 0.0034202 0.0035763 0.0038727 0.0040384 0.0042212 0.004428 0.0046907 0.0050839 0.0037228
4.2578 0.0025479 0.0028428 0.0030419 0.0032168 0.0033697 0.0035238 0.0038158 0.0039794 0.0041594 0.0043634 0.0046219 0.0050107 0.0036679
4.2656 0.0025089 0.0028004 0.0029962 0.0031683 0.0033189 0.003471 0.0037597 0.0039204 0.0040978 0.0042987 0.0045532 0.0049371 0.0036134
4.2734 0.0024703 0.0027574 0.0029505 0.0031198 0.0032681 0.0034188 0.0037029 0.0038611 0.0040361 0.0042342 0.004485 0.0048637 0.0035587
4.2812 0.002432 0.0027141 0.0029047 0.0030714 0.0032176 0.0033662 0.0036458 0.0038015 0.0039748 0.0041697 0.0044172 0.0047902 0.0035042
4.2891 0.0023936 0.0026706 0.002859 0.0030228 0.0031676 0.0033139 0.0035887 0.0037423 0.0039134 0.0041051 0.004348 0.004717 0.0034497
4.2969 0.0023548 0.0026276 0.0028128 0.0029743 0.0031173 0.0032608 0.003532 0.0036833 0.0038518 0.0040405 0.0042795 0.0046432 0.0033949
4.3047 0.002316 0.0025847 0.0027674 0.0029263 0.0030672 0.003208 0.0034753 0.003624 0.0037904 0.0039759 0.0042116 0.0045696 0.0033405
4.3125 0.0022773 0.0025418 0.0027218 0.0028781 0.0030168 0.0031555 0.0034185 0.0035651 0.0037288 0.0039114 0.0041434 0.004496 0.0032862
4.3203 0.0022409 0.0025008 0.0026781 0.0028317 0.0029686 0.0031052 0.0033638 0.0035083 0.0036695 0.003849 0.0040771 0.0044245 0.0032339
4.3281 0.002205 0.00246 0.0026344 0.0027855 0.0029201 0.0030549 0.0033093 0.0034518 0.00361 0.003787 0.0040113 0.004353 0.0031814
4.3359 0.0021684 0.0024191 0.0025911 0.0027395 0.0028717 0.0030042 0.003255 0.0033944 0.0035505 0.0037247 0.0039454 0.0042815 0.0031292
4.3438 0.0021313 0.0023782 0.0025476 0.0026936 0.0028238 0.0029535 0.0032 0.0033379 0.0034911 0.0036627 0.0038796 0.0042097 0.0030765
4.3516 0.0020947 0.0023374 0.0025043 0.002648 0.0027752 0.002903 0.0031455 0.0032809 0.0034315 0.0036005 0.0038132 0.0041386 0.0030242
4.3594 0.0020583 0.0022965 0.0024609 0.0026022 0.0027266 0.0028522 0.0030908 0.003224 0.0033721 0.0035382 0.0037473 0.0040676 0.002972
4.3672 0.0020221 0.0022561 0.0024175 0.002556 0.0026783 0.0028018 0.0030364 0.0031667 0.0033126 0.0034759 0.0036816 0.0039965 0.0029191
4.375 0.0019851 0.0022156 0.0023735 0.0025098 0.0026301 0.0027514 0.002982 0.0031099 0.0032534 0.0034134 0.0036151 0.0039253 0.0028665
4.3828 0.0019511 0.002177 0.0023328 0.0024661 0.0025844 0.0027036 0.0029298 0.0030557 0.0031965 0.0033541 0.0035526 0.0038567 0.0028168
4.3906 0.0019164 0.0021383 0.0022916 0.0024229 0.0025389 0.0026557 0.0028781 0.003002 0.0031401 0.0032949 0.0034896 0.003788 0.0027672
4.3984 0.0018818 0.0020997 0.00225 0.0023791 0.0024933 0.0026082 0.0028262 0.0029482 0.0030834 0.0032354 0.0034266 0.0037191 0.0027172
4.4062 0.0018473 0.0020614 0.0022087 0.0023354 0.0024478 0.0025607 0.0027747 0.0028941 0.0030268 0.003176 0.0033637 0.0036504 0.0026669
4.4141 0.0018135 0.0020231 0.0021674 0.0022915 0.0024022 0.002513 0.0027226 0.0028398 0.0029704 0.0031162 0.0033009 0.0035823 0.0026176
4.4219 0.001779 0.0019851 0.0021263 0.0022479 0.0023566 0.0024655 0.0026707 0.0027857 0.0029138 0.0030568 0.0032375 0.0035139 0.0025676
4.4297 0.0017441 0.0019468 0.0020849 0.0022046 0.0023106 0.0024176 0.0026189 0.0027315 0.0028571 0.0029969 0.0031745 0.0034456 0.0025176
4.4375 0.0017094 0.0019084 0.0020438 0.0021614 0.0022651 0.0023696 0.0025675 0.0026775 0.0028001 0.0029377 0.0031115 0.0033767 0.0024679
4.4453 0.0016777 0.0018727 0.0020048 0.0021203 0.0022222 0.0023245 0.0025182 0.0026259 0.0027461 0.0028812 0.0030514 0.0033111 0.0024206
4.4531 0.001646 0.0018366 0.001966 0.0020796 0.0021788 0.0022793 0.0024692 0.0025742 0.0026924 0.0028247 0.0029915 0.0032457 0.002373
4.4609 0.0016137 0.0018013 0.0019276 0.0020388 0.0021355 0.0022341 0.0024201 0.0025232 0.0026382 0.0027681 0.0029317 0.0031796 0.0023259
4.4688 0.0015819 0.0017657 0.001889 0.0019981 0.002093 0.002189 0.0023707 0.0024724 0.0025841 0.0027109 0.0028714 0.0031137 0.0022788
4.4766 0.0015505 0.0017296 0.0018507 0.0019573 0.0020502 0.0021436 0.0023214 0.0024207 0.0025301 0.0026544 0.0028117 0.0030475 0.0022316
4.4844 0.0015191 0.0016938 0.0018121 0.0019163 0.0020071 0.0020984 0.0022721 0.0023697 0.0024764 0.0025977 0.0027517 0.0029818 0.0021848
4.4922 0.0014871 0.0016576 0.0017734 0.0018753 0.0019643 0.0020535 0.0022228 0.0023184 0.0024227 0.0025409 0.0026915 0.002916 0.0021378
4.5 0.0014561 0.0016219 0.0017349 0.0018342 0.0019209 0.0020082 0.0021736 0.0022667 0.002369 0.0024842 0.0026311 0.0028505 0.0020904
4.5078 0.0014231 0.0015866 0.0016975 0.001795 0.0018803 0.0019655 0.0021277 0.0022192 0.002319 0.0024323 0.0025763 0.0027913 0.0020463
4.5156 0.0013915 0.001552 0.0016602 0.0017557 0.0018388 0.0019227 0.0020817 0.0021709 0.0022691 0.0023801 0.0025215 0.0027326 0.0020016
4.5234 0.0013591 0.0015166 0.0016228 0.0017162 0.0017977 0.00188 0.002036 0.0021231 0.0022192 0.0023279 0.002466 0.0026737 0.001957
4.5312 0.0013273 0.0014813 0.0015854 0.0016766 0.0017563 0.0018374 0.0019901 0.002075 0.0021697 0.0022762 0.0024112 0.0026149 0.0019128
4.5391 0.0012956 0.0014459 0.001548 0.0016369 0.0017157 0.0017946 0.001944 0.0020273 0.0021202 0.002224 0.0023557 0.0025561 0.0018687
4.5469 0.0012638 0.0014108 0.0015109 0.0015976 0.0016743 0.0017521 0.001898 0.0019796 0.0020705 0.0021719 0.0023006 0.0024971 0.0018245
4.5547 0.001232 0.0013752 0.0014738 0.0015582 0.0016331 0.001709 0.0018524 0.0019319 0.0020208 0.0021202 0.0022454 0.0024382 0.0017799
4.5625 0.0011994 0.00134 0.0014365 0.0015188 0.0015922 0.0016663 0.0018058 0.0018843 0.0019709 0.0020686 0.0021906 0.0023798 0.0017355
4.5703 0.0011703 0.0013079 0.0014023 0.0014825 0.0015543 0.0016265 0.0017633 0.0018398 0.0019244 0.0020205 0.0021392 0.0023234 0.0016945
4.5781 0.0011416 0.0012755 0.001368 0.0014463 0.0015164 0.0015867 0.0017205 0.0017949 0.0018782 0.0019718 0.0020877 0.0022674 0.0016537
4.5859 0.0011122 0.0012429 0.0013333 0.0014103 0.0014782 0.0015471 0.0016776 0.0017505 0.0018312 0.0019226 0.0020355 0.0022111 0.001612
4.5938 0.0010838 0.0012107 0.0012986 0.0013741 0.0014398 0.0015072 0.0016349 0.0017058 0.0017849 0.0018736 0.0019839 0.0021556 0.0015705
4.6016 0.0010552 0.0011783 0.0012646 0.001338 0.0014015 0.0014678 0.0015918 0.0016609 0.0017381 0.0018251 0.001932 0.0020996 0.0015294
4.6094 0.0010261 0.0011459 0.0012304 0.0013018 0.0013635 0.0014283 0.001549 0.0016163 0.0016914 0.0017764 0.0018802 0.0020437 0.001488
4.6172 0.00099691 0.0011137 0.0011959 0.0012656 0.0013253 0.0013886 0.0015064 0.0015718 0.0016447 0.0017276 0.0018283 0.0019883 0.0014465
4.625 0.00096739 0.0010811 0.0011615 0.0012293 0.0012872 0.001349 0.0014634 0.0015276 0.0015979 0.0016789 0.001777 0.0019328 0.0014053
4.6328 0.00094165 0.0010523 0.0011305 0.0011964 0.0012528 0.0013128 0.0014241 0.0014863 0.0015551 0.0016337 0.001729 0.0018808 0.0013677
4.6406 0.00091617 0.0010235 0.0010994 0.0011635 0.0012185 0.0012767 0.0013849 0.0014453 0.0015125 0.0015886 0.0016816 0.0018287 0.0013301
4.6484 0.00089034 0.00099475 0.0010683 0.0011305 0.0011839 0.0012405 0.0013454 0.001404 0.00147 0.0015434 0.0016342 0.0017766 0.0012924
4.6562 0.00086432 0.000966 0.0010371 0.0010976 0.0011494 0.0012042 0.0013062 0.001363 0.0014267 0.0014986 0.0015867 0.0017245 0.0012549
4.6641 0.00083848 0.00093706 0.0010059 0.0010644 0.0011151 0.0011681 0.0012672 0.0013221 0.0013838 0.0014535 0.0015389 0.0016724 0.0012172
4.6719 0.00081225 0.00090809 0.00097472 0.0010315 0.0010807 0.0011317 0.0012281 0.0012811 0.0013411 0.0014083 0.0014913 0.0016209 0.0011796
4.6797 0.00078633 0.00087933 0.0009436 0.00099834 0.0010464 0.0010956 0.0011888 0.0012402 0.0012983 0.0013635 0.0014436 0.0015688 0.0011421
4.6875 0.00076049 0.00085011 0.00091244 0.00096541 0.0010122 0.0010595 0.0011497 0.0011992 0.001256 0.0013182 0.0013959 0.0015169 0.0011046
4.6953 0.00073784 0.00082489 0.00088486 0.00093576 0.00098132 0.001027 0.0011139 0.001162 0.0012161 0.0012766 0.0013521 0.0014687 0.0010702
4.7031 0.00071528 0.00079939 0.00085704 0.00090611 0.00095007 0.00099416 0.0010779 0.0011247 0.0011764 0.0012351 0.0013077 0.0014203 0.0010358
4.7109 0.00069295 0.00077368 0.00082922 0.00087658 0.0009189 0.00096147 0.001042 0.001087 0.0011369 0.0011932 0.0012638 0.001372 0.0010016
4.7188 0.00067063 0.00074819 0.00080126 0.00084715 0.00088789 0.00092883 0.0010063 0.0010495 0.0010976 0.0011513 0.0012196 0.0013232 0.00096747
4.7266 0.00064808 0.00072259 0.00077365 0.00081751 0.0008565 0.00089619 0.00097034 0.0010121 0.0010581 0.0011095 0.0011755 0.0012746 0.00093287
4.7344 0.00062515 0.00069697 0.00074579 0.0007881 0.00082555 0.00086349 0.00093457 0.00097483 0.0010186 0.0010683 0.0011317 0.0012262 0.00089847
4.7422 0.00060276 0.00067126 0.00071801 0.00075861 0.00079438 0.00083025 0.00089896 0.00093713 0.00097951 0.0010267 0.0010878 0.0011774 0.00086406
4.75 0.00058062 0.00064566 0.00069019 0.00072943 0.00076342 0.00079757 0.00086287 0.00089954 0.0009403 0.00098494 0.0010431 0.001129 0.00083005
4.7578 0.00055761 0.00062081 0.00066405 0.00070153 0.00073463 0.0007678 0.0008313 0.00086664 0.00090571 0.00094932 0.0010058 0.0010886 0.00079916
4.7656 0.00053482 0.00059617 0.00063788 0.00067407 0.000706 0.00073853 0.00079938 0.00083369 0.00087123 0.00091368 0.0009678 0.0010486 0.0007684
4.7734 0.00051249 0.00057139 0.00061175 0.00064651 0.00067754 0.00070868 0.00076732 0.00080053 0.00083701 0.00087761 0.00092979 0.0010081 0.00073784
4.7812 0.00048958 0.00054639 0.00058557 0.00061917 0.00064885 0.00067883 0.00073567 0.00076734 0.00080264 0.00084225 0.00089192 0.00096823 0.00070716
4.7891 0.00046669 0.00052161 0.00055945 0.00059157 0.00062029 0.00064906 0.00070383 0.00073439 0.00076831 0.00080679 0.00085427 0.000928 0.00067635
4.7969 0.00044412 0.00049663 0.00053315 0.00056427 0.00059128 0.00061924 0.00067207 0.00070123 0.00073431 0.00077097 0.00081643 0.00088753 0.00064551
4.8047 0.00042154 0.00047171 0.0005067 0.000537 0.00056248 0.00058957 0.00064009 0.00066815 0.00069987 0.00073507 0.00077872 0.00084734 0.00061463
4.8125 0.00039857 0.00044696 0.00048034 0.00050929 0.00053373 0.00055995 0.00060802 0.00063502 0.00066561 0.00069953 0.00074101 0.00080686 0.0005836
4.8203 0.00037933 0.00042572 0.00045767 0.00048492 0.00050853 0.00053376 0.00057961 0.00060576 0.00063471 0.00066726 0.00070678 0.00077021 0.00055608
4.8281 0.00035991 0.00040421 0.00043469 0.00046051 0.00048352 0.00050766 0.00055162 0.0005763 0.00060372 0.00063481 0.00067239 0.00073341 0.00052887
4.8359 0.00034008 0.00038263 0.00041183 0.00043652 0.00045856 0.00048149 0.00052322 0.00054693 0.00057263 0.00060261 0.00063806 0.0006965 0.00050151
4.8438 0.0003206 0.00036109 0.00038913 0.00041259 0.00043342 0.00045509 0.00049498 0.00051748 0.0005417 0.00056995 0.00060439 0.00065939 0.00047416
4.8516 0.00030109 0.00033956 0.00036628 0.00038864 0.00040831 0.00042894 0.00046652 0.00048761 0.00051109 0.00053783 0.00057049 0.00062233 0.00044681
4.8594 0.00028168 0.0003178 0.00034344 0.00036454 0.00038321 0.00040253 0.00043802 0.00045828 0.0004801 0.0005055 0.00053654 0.00058551 0.00041956
4.8672 0.0002622 0.00029628 0.00032069 0.00034021 0.00035798 0.00037637 0.00040974 0.00042851 0.00044951 0.00047355 0.0005024 0.00054869 0.00039247
4.875 0.00024261 0.00027476 0.00029765 0.00031575 0.0003327 0.00035 0.00038134 0.00039918 0.00041901 0.00044128 0.0004683 0.00051201 0.00036553
4.8828 0.00022683 0.00025685 0.00027847 0.00029548 0.00031122 0.00032742 0.0003568 0.00037348 0.00039218 0.00041301 0.00043812 0.0004793 0.00034196
4.8906 0.00021087 0.00023901 0.00025925 0.0002751 0.00028975 0.00030483 0.00033228 0.00034785 0.00036532 0.0003847 0.00040829 0.00044674 0.00031847
4.8984 0.0001951 0.00022122 0.00023992 0.00025476 0.00026833 0.00028224 0.00030777 0.00032219 0.00033848 0.00035643 0.00037833 0.0004138 0.00029499
4.9062 0.00017934 0.00020344 0.00022057 0.00023434 0.0002469 0.00025978 0.00028328 0.00029661 0.00031158 0.0003281 0.00034833 0.00038115 0.0002715
4.9141 0.00016337 0.00018561 0.00020132 0.00021394 0.00022551 0.00023723 0.00025874 0.00027102 0.00028461 0.00029984 0.00031838 0.00034848 0.000248
4.9219 0.00014763 0.00016787 0.00018209 0.00019361 0.0002041 0.00021468 0.00023428 0.00024542 0.00025764 0.00027164 0.00028842 0.0003157 0.00022453
4.9297 0.00013182 0.00015003 0.00016285 0.00017314 0.00018259 0.00019224 0.00020977 0.00021977 0.00023079 0.00024343 0.00025845 0.00028309 0.00020099
4.9375 0.00011605 0.00013224 0.00014371 0.00015273 0.00016117 0.0001697 0.00018531 0.00019422 0.00020398 0.00021523 0.00022854 0.00025028 0.00017746
4.9453 0.00010155 0.00011571 0.00012575 0.00013364 0.00014103 0.00014848 0.00016215 0.00016994 0.00017848 0.00018833 0.00019998 0.00021899 0.00015527
4.9531 8.7041e-05 9.9181e-05 0.00010779 0.00011455 0.00012088 0.00012727 0.00013898 0.00014567 0.00015298 0.00016143 0.00017141 0.00018771 0.00013309
4.9609 7.2534e-05 8.2651e-05 8.9821e-05 9.5457e-05 0.00010073 0.00010606 0.00011582 0.00012139 0.00012749 0.00013452 0.00014284 0.00015642 0.00011091
4.9688 5.8027e-05 6.6121e-05 7.1857e-05 7.6366e-05 8.0587e-05 8.4848e-05 9.2656e-05 9.7111e-05 0.00010199 0.00010762 0.00011427 0.00012514 8.8728e-05
4.9766 4.3521e-05 4.9591e-05 5.3893e-05 5.7274e-05 6.044e-05 6.3636e-05 6.9492e-05 7.2833e-05 7.6492e-05 8.0713e-05 8.5704e-05 9.3854e-05 6.6546e-05
4.9844 2.9014e-05 3.306e-05 3.5928e-05 3.8183e-05 4.0293e-05 4.2424e-05 4.6328e-05 4.8555e-05 5.0995e-05 5.3809e-05 5.7136e-05 6.2569e-05 4.4364e-05
4.9922 1.4507e-05 1.653e-05 1.7964e-05 1.9091e-05 2.0147e-05 2.1212e-05 2.3164e-05 2.4278e-05 2.5497e-05 2.6904e-05 2.8568e-05 3.1285e-05 2.2182e-05
5 0 0 0 0 0 0 0 0 0 0 0 0 0
