0.000000000000e+00
2.120719400000e-05
6.759792400000e-05
1.699889100000e-04
3.946526000000e-04
8.870571000000e-04
1.968955400000e-03
4.344492200000e-03
9.562787600000e-03
2.102494400000e-02
4.620483900000e-02
7.137380500000e-02
9.653149500000e-02
1.216775900000e-01
1.468124200000e-01
1.719349900000e-01
1.970456400000e-01
2.221440200000e-01
2.472301400000e-01
2.723060000000e-01
2.973729100000e-01
3.224308500000e-01
3.308607000000e-01
3.474788700000e-01
3.725179400000e-01
3.975483800000e-01
4.225708800000e-01
4.475857600000e-01
4.725930100000e-01
4.975923300000e-01
5.225849700000e-01
5.475693900000e-01
5.725471400000e-01
5.975192800000e-01
6.224897500000e-01
6.474582600000e-01
6.724257500000e-01
6.973919300000e-01
7.223567400000e-01
7.473202900000e-01
7.722778300000e-01
7.972244600000e-01
8.221601200000e-01
8.470842200000e-01
8.719970000000e-01
8.968979100000e-01
9.217872000000e-01
9.466639200000e-01
9.715287100000e-01
9.828519800000e-01
9.880106400000e-01
9.903613300000e-01
9.914329600000e-01
9.919217200000e-01
9.921447000000e-01
9.922460900000e-01
9.922925200000e-01
9.923137400000e-01
9.923349000000e-01
9.923631000000e-01
9.924005300000e-01
9.924505900000e-01
9.925168200000e-01
9.926046700000e-01
9.927216200000e-01
9.928773600000e-01
9.930841300000e-01
9.933595100000e-01
9.937253000000e-01
9.942117300000e-01
9.946978700000e-01
9.951843000000e-01
9.956707400000e-01
9.961568700000e-01
9.966433000000e-01
9.971293800000e-01
9.976158700000e-01
9.981023100000e-01
9.985883800000e-01
9.989545300000e-01
9.992296100000e-01
9.994363800000e-01
9.995920700000e-01
9.997090700000e-01
9.997972200000e-01
9.998635100000e-01
9.999131600000e-01
9.999506500000e-01
9.999787800000e-01
1.000000000000e+00
