-6.993267490839478e-5
0.0004221511792225005
0.0002968428194075057
0.00012678165826390114
0.00011760878906780237
0.0001602158409933982
5.129970667983041e-7
-5.436771822180109e-5
0.00036393567496020157
0.00017938995507660316
0.00014690011648259976
-9.452205042970174e-5
0.0004480529139767042
0.0002372742422811977
4.249822074649939e-5
6.274317129199847e-5
0.00045993623275739776
0.0003757037958790968
0.0001015635773111978
-0.0001523375187204995
0.00010542260275980125
-8.282902189499924e-5
0.00018633180922419945
4.336524930829977e-5
0.00012479291575820395
0.00010118660357429782
7.861664555969955e-5
-0.00017917267692599964
0.00022260287046049765
4.089228395429828e-5
0.000453357583762401
-0.0001310274441125997
9.669426682620136e-5
-2.1833499965970282e-6
0.00014009122631469806
3.541014999779851e-5
-0.0001853091224309003
5.0236656402101454e-5
-0.0004385655990777962
-0.00021603071258469858
0.000602774556969006
-0.00014053667843939854
-4.188609943069771e-5
-9.010005324809611e-5
0.00036175468885250167
8.89666990089022e-5
9.689873828429979e-5
-8.794263642710604e-5
0.0001655453144287014
-6.37584425029758e-6
0.0001095187967559974
-2.6528226061001137e-6
7.134949798839885e-5
0.00012887864268180255
1.7506669660702356e-5
0.00017851766178310358
8.928557987349789e-5
0.00029260275414729614
0.0005258161784075024
0.00012748700614499675
-6.83004090201722e-7
0.0005164400311315001
-9.646601865079957e-5
0.0005058688171080059
6.003049519380521e-5
0.0003627815571942
0.00010989836743030557
-7.188045679900473e-5
2.8384447771499788e-5
0.0004328822538436014
0.0003107025578261008
9.965519146470231e-5
0.00038633479982300156
-7.01600164604993e-5
7.19133125475016e-5
0.0002825019819166011
0.0001688248251981994
-0.0001373946077960972
-0.00011695019471849588
9.879285886819911e-5
0.0001456290057135004
0.0004815384276233986
0.0003306545414348966
-0.00015685499986409918
-3.14354958273963e-5
5.003717397991658e-7
0.00027585490415329983
-1.19243324328e-5
0.00023925872462109837
-2.2394826311028515e-6
3.719668216060207e-5
0.00024856656083969975
-2.656370794339863e-5
0.00018625000109910583
-0.0001272236891263004
-0.00010448772612660362
0.0001335427011108989
0.00016156249314289856
1.179128882650149e-5
0.00027564880424380683
0.00021032868666909926
0.00013052187985470448
0.0001647838617407013
-0.00022989280412070295
2.5518313689701366e-5
0.0001722143649967034
0.00013243570443349784
0.0003403180159758032
0.00020193523862509916
-0.00011809665365160316
0.00030657319313370096
-0.00019720031305359847
5.6316118705102e-5
-3.738144236510588e-5
0.0002764593081502967
0.00042743026455990124
0.000125225451182695
4.647967322599783e-5
-0.00012885250129729409
0.00033182701516880353
0.00014745264057779844
0.00018406443481159412
-8.982550203829459e-5
0.0002211203921907018
0.0001697284766865037
0.00012115609540049727
2.0361773833597885e-5
0.00018996324512509516
2.8116189839000327e-5
-2.768213622270088e-5
0.00011696074713059973
1.6149562502704162e-5
8.075187982160142e-5
0.00031436119668720036
0.00014509215512779894
0.00042329043418670026
4.012457879420256e-5
-0.00016037775533419424
0.00029155909702829885
0.00010376733943660149
0.0001437941128911019
3.224330241496931e-6
1.678015633740232e-5
7.422994805419969e-5
0.00041248283388439777
0.0003108507641909966
0.00018755295870850203
4.473447655980317e-5
0.00035180618998350427
0.0002275758126389013
-1.1427342638599403e-5
0.00013009344378889925
0.0001423086064301013
0.0003184754055512995
-7.853775869719887e-5
-5.6355450175099575e-5
0.00022340530138879877
0.00010390137687479872
1.0966776718496218e-5
-3.57928628077972e-5
0.00018291970461579987
8.164630277800178e-5
0.00021498373407249916
-0.0004233030009948985
1.6129152344300512e-5
2.2844174696397268e-5
1.855981450829547e-5
-0.00014899352960650453
8.534796618200197e-5
4.22862041957045e-5
-0.000270119221493198
-0.0001243383949054988
4.3081221958896077e-5
0.0001378530932667002
-4.16054049713066e-5
0.0002747332575636016
0.00011913889203320205
0.00010602809759169968
9.712716166629387e-5
0.00013433389179749733
7.423791500099641e-5
0.00012953007502970043
-9.680011958010382e-5
0.00025414328814479803
0.00020001849764419988
0.0003992379909502977
0.000185443700751603
-9.784712695189851e-5
0.0004978439205685012
0.0001803207352815972
7.076509426369448e-5
9.401859869619805e-5
0.0001933468094575952
0.00018381965483520168
0.0001835389663955994
-0.0002912813486409954
7.646060535979743e-5
0.00020508891248709887
0.00022735377727989975
-9.750862289250456e-5
5.42616073089669e-6
0.00019309090440729898
-0.0001487678814192997
0.00025879445520510247
-0.00023583598699020158
0.00029244493492090046
0.00018025365943359628
0.0003994046628824008
0.00011476876158390131
0.00025303653985470076
7.367967697129857e-5
0.0003591559011825035
-7.886190822710415e-5
-2.8771154382101205e-5
-2.4729515750200604e-5
0.0001506834160736048
0.00021830250560680303
0.00018414170198469831
9.680210657590088e-5
0.00018135257928030002
1.5445325418986244e-6
0.00015067618765169516
5.8380984574203654e-5
0.00015910042214140052
0.0003089133239590966
-7.173725198359598e-5
-3.3427865761999354e-5
0.00019855664407139595
0.00012392191298939842
0.00016381762617260348
-2.199425686089801e-5
0.00040268003548499937
9.585257603890451e-5
0.00013122634373759906
0.00016923617060440183
0.0003821815453928998
0.00017395524318410127
-7.657466834801174e-6
-7.327195751402615e-6
0.0003486643340349996
0.000134056817931702
0.00021994227583520265
0.00013400005369520324
-0.00013385349657239753
0.0002469524455957009
0.0001232289151867974
0.00014130322571869608
-1.5147846897801964e-5
0.00015059360863079602
9.245394974299881e-5
-5.574024122410176e-5
0.00015081258331880315
8.033378576379618e-5
1.0509673628394944e-5
1.4830428970019627e-6
-3.407394289080268e-5
0.0001590641699191972
0.0001559990230549993
6.332806200469443e-5
-9.69804577080971e-5
0.0002264005538176045
0.00018002001620170266
7.13015151273047e-5
0.0001714770406259017
-3.152840465829587e-5
0.00014229480294609964
0.000160632319008501
-0.00012938474193219945
9.051375512660054e-5
0.00016762346156960067
0.00016668280035710137
-8.477231927750406e-5
8.485187990520116e-5
0.00031330952067730455
1.8898741916101303e-5
0.00026986485642650077
0.00020722495018060672
-8.111810002049691e-5
-0.00010965495360190647
7.54128925848016e-5
0.000365523824378898
-5.098599924419772e-5
0.00031569269864190064
0.00012008084480909925
-0.0001837279537819994
2.540437408000279e-5
8.392387330479617e-5
-1.0515356707041512e-6
0.00037026462730370413
0.00016352015791369634
0.00042204120258140104
0.0001848895071144968
4.7147639150299514e-5
8.949280458219605e-5
-3.7631394612297475e-5
4.368459295689409e-9
0.00016570231950400333
3.6275243862002315e-6
0.000408958794336195
9.034885214909832e-5
0.0003552048936052016
0.00018412729731969585
3.360954684369921e-5
-8.976087431190188e-5
6.321508605160175e-5
-3.591474814070017e-5
9.966990489503058e-6
6.394700443640433e-5
0.00010310157947120147
5.684073729719796e-5
0.0002999648862891044
-0.00012385351595179533
0.0003172866416331008
-0.0002127104361914975
0.0002491010762575019
0.0001750408528137029
-0.000127057558275398
0.00019997697404770115
-4.884510119320534e-5
-3.917063597559667e-5
8.505680751590139e-5
0.0002312689552183972
0.00018580120933560373
0.00026918556679629557
8.920325562879888e-5
0.00017747227450439634
7.024530130920331e-5
0.0001827968387885029
0.00022639883529460003
-0.00013741059196940159
5.8668685169099843e-5
6.277402178699043e-6
0.00030239463405910133
-0.00023332530092089881
0.00013866224109060354
-2.275770055600035e-5
-5.96119563398001e-5
-0.00011111128503719925
0.000249400838147798
-0.00017007839853799833
3.875030496501564e-6
6.0861881842899646e-5
5.396444635580311e-5
8.988984397249877e-5
0.00029686985766819857
0.0003556079643514051
1.130658914630378e-5
-4.737578778839929e-5
0.00016955630825549878
0.0002141610495662999
0.00015011367615799798
-1.2684391752990076e-6
0.00024616696735640237
0.00012256565812309578
0.0002450919463148002
-0.0001006307193287051
0.0002300871297181012
3.834695008059913e-5
0.00017825152455239884
0.0002574878238984016
0.00025363140489700203
-9.835939270159966e-5
7.130926810199056e-6
0.0002921144262423986
0.0005287186086293943
8.192839319180051e-5
0.0003278490442413032
0.0002579999078419007
0.00019746463271329978
-1.6341332433000844e-5
0.00018977332705109873
1.8180202833902037e-5
-0.00012621679286810294
0.0002263130458342033
-0.00020406798902260215
-0.00023265332931370064
-0.00020410178199160162
-2.2178959554398914e-5
0.00027159150141180255
0.0003655755588531026
0.00015699602621299658
-2.948733932170433e-5
3.8889000537500884e-5
-1.0676833000350383e-7
-6.425337652109925e-5
5.1481832992597565e-5
-0.0002467381151372988
5.2704581915002935e-5
0.0003002856250340011
1.6066867219603764e-5
6.604905562269947e-5
-5.32990305135983e-5
0.00028345780932659964
-0.00022381888991200583
8.388531158260576e-5
0.00014056706073110187
5.9560941306796567e-5
8.810866263449929e-5
4.788088232569876e-5
-2.8944407047905296e-5
