2.0882035700001828e-6
3.3268969173994023e-6
6.849678741399634e-6
-2.9602429999983637e-7
4.598819884299096e-6
4.955355510599321e-6
7.109908311001001e-6
2.0232154359003246e-6
-2.493052380300731e-6
8.667268343399981e-6
9.858990855100835e-6
3.3073318984992717e-6
5.71386736429938e-6
-2.593305076801014e-6
1.673344226300888e-6
6.000608317201228e-6
3.6033644899985395e-6
-2.9626774855993215e-6
6.447136406000781e-6
1.078991487150037e-5
1.37576252600205e-7
3.968861554900366e-6
4.648042736898547e-6
-1.4817167805006304e-6
1.7191060676016029e-6
5.046631996000542e-6
5.581480217798848e-6
2.520261035898405e-6
2.7373151930999706e-6
9.907902036986743e-7
7.730032700100503e-6
4.165261378299631e-6
-1.4580763473999447e-6
3.235350521000116e-6
7.116234054898446e-6
1.2024354563799564e-5
3.2622095065999723e-6
-5.733415685011539e-7
3.9939019908993845e-6
2.6474632789010716e-6
1.0326050877600482e-5
5.055103656989579e-7
8.979012716899687e-6
-3.279771384999408e-7
5.795479903000431e-6
7.97995603479991e-6
1.4038544276799916e-5
6.251516169101037e-6
6.248364002200274e-6
1.0338538611300019e-5
7.229891811399991e-6
-1.6916927944986976e-6
2.424247900398996e-6
1.2354720780399786e-5
2.512009808499152e-6
7.3408678557002754e-6
1.0185927682999224e-6
4.425958025099097e-6
4.750220515600118e-6
-8.831120918012525e-7
3.9980221260005333e-7
-5.870540125997581e-7
7.165934890699527e-6
-5.778364617700302e-6
1.3445423900899575e-5
4.23299900810005e-6
7.787618913098274e-6
-2.5369088969984938e-6
8.89090452389947e-6
1.0417559704699667e-5
4.876461924199424e-6
1.83829713880021e-6
