-3.859202868929795e-5
4.6072609549897836e-5
0.00016356160392180102
-0.00010508712184110341
7.91770560414004e-5
0.00010534138476889915
0.00017104339264090163
-1.205081701119437e-5
-0.00018099007388459876
0.00020366973742479838
0.0002506980935804981
6.122134293309878e-5
0.00011335018734089791
-0.00019232689334030412
-1.248297195689807e-5
0.00010995760083200301
6.871021016340018e-5
-0.0001971870939077025
0.0001338959705467005
0.00026008327162060224
-5.122132329569984e-5
6.121032809870003e-5
7.636452949309758e-5
-0.00012503502848299625
-2.310529320909832e-5
9.821389447300238e-5
0.00010563793984150194
-1.1988502943011126e-6
4.3490455845097975e-5
-4.13205188629015e-5
0.0001913463514397959
9.619286810089861e-5
-9.019150517249747e-5
5.9819198916004346e-5
0.000150118826816599
0.00027824299321499435
3.3519581138098664e-5
-9.066519750640378e-5
8.358468907600225e-5
9.980553064899145e-6
0.00027207095756150157
-1.717175362000306e-5
0.0002179844461568034
-7.911620897590316e-5
0.00014299006923870067
0.0001820942863711983
0.00035284601175750163
0.0001448908097812021
0.00011962899905530039
0.00026598255487779443
0.00016449654028869581
-0.00016129315719240478
7.987887940902327e-6
0.0003762422854982003
1.4957271536601702e-5
0.00018005393977810202
-6.618922188229848e-5
7.288297854599751e-5
9.629296669570048e-5
-9.788820090270156e-5
-5.7468425273800305e-5
-8.701167909840046e-5
0.00017336056177350012
-0.0003639589619863978
0.00039868022657010144
9.08497148867024e-5
0.0001750253268422014
-0.00018731338727899505
0.000219612452648503
0.00029742976534000154
8.486762418639937e-5
-2.53319302795027e-5
