6874.997475788961
6796.558139589326
6825.248618486672
6698.067090837952
6766.034248160989
6759.9048211179825
6609.5791649870025
6673.585989370709
6638.72939501434
6644.152266716485
6739.577974400194
6589.138454904188
6596.387607197534
6852.57253631313
6696.562145128668
6842.518027928354
6604.336369660461
6662.750339451102
6580.438234331062
6701.376535757545
6644.199277075393
6794.442902237899
7089.666619329699
6955.361965755094
7151.90382198822
6716.617508523983
6667.334180723406
6616.347981118026
6617.328939824321
6718.8795628398875
6888.466377793589
7126.8956000331345
7179.395245445077
7149.984642327326
6951.392061213228
7088.517980851453
6795.141555907065
6677.260333646103
6782.936598546743
6663.758229272112
6764.1664237565365
6715.329657625913
6851.5608946186185
6746.037126208535
6874.459276512032
6728.2035670079
6868.75445144572
6784.065709012229
6802.035613453261
6841.78250670831
6783.13440707684
6810.8428114417175
6837.118812980621
6963.568365080465
6860.962716477979
6934.283391388799
6987.826936180409
6943.7433400382815
7016.447796142304
7004.360224778534
7039.63391175455
6683.666192727769
6636.405448465051
6725.430277837909
6658.938079449648
6695.910294734001
6978.750609933309
7075.2874516458505
7033.395191754816
7073.322807367334
6979.83387554553
6904.5108759874865
6946.9243932643985
7084.810940565976
7175.397152965601
7136.978623727685
7313.8107588663825
7204.497078680961
7218.243420945464
7439.054027275297
7458.557965601026
7474.095742056405
7378.357657909706
7398.280178128712
7454.9005881615485
7492.634356966006
7266.066806300836
7421.752711708228
7263.6723524494355
7477.8493274827015
7429.223964182347
7505.282802099428
7406.270329268097
7446.535161966739
7287.588678213151
6942.389865680358
7102.733285300199
6872.053238461826
7464.276646457723
7492.643765783621
7506.5965382008035
7461.624308537826
7329.8527202128535
7148.384008127551
6898.675433143061
6846.361903237218
6876.169986076624
7061.061301868849
6934.101525089904
7212.496752812962
7364.6110379524835
7485.463195714886
7462.700138545747
7496.8519661471255
7498.314948202542
7137.840722443185
7266.896504240901
7110.899719641924
7382.416020721594
7496.497028370428
7455.131075465176
7198.215272147034
7488.183796553869
7299.29817492069
7246.7573974279485
7387.876045469354
7484.844094491633
7329.993628435197
7399.878785371756
7440.829136707932
7375.266347821796
7458.071037600148
7417.045992272893
7437.022116312742
7319.841827877922
7435.461363918594
7254.451359906851
7338.010742041519
7329.75665962188
7088.323896918712
6957.963940962929
6996.464397624185
6949.376113313493
7025.694979251546
7446.928003145649
7475.596248419497
7744.9383876681295
7758.721521934262
7733.211934328913
7750.792079727858
7735.806633847361
7646.692847672875
7614.109854183514
7581.359335123358
7534.939446836006
7466.081208308233
7426.986904116906
7458.135856236894
7404.696099086207
7311.150854237386
7319.452979208865
7234.3541596019095
7215.492104572139
7197.748093711348
7199.371234331595
7161.977858986525
7164.106004680022
7124.019059403966
7103.614009839754
7100.240469064653
7071.432449631788
6962.726898216587
6971.344369022268
6984.817917918106
7000.453395657596
7015.270870740855
7030.828214510572
7053.3986208686
7054.2285633847405
7038.041890884802
6999.86639217401
7010.20029310833
6970.424020766059
6929.109007714462
6827.04060108971
6883.894437582516
6825.219822798502
6845.078141583353
6962.297466226056
6931.186783750913
6958.435461342588
6890.5394432123085
6784.020399636175
6848.358989260316
6943.816855978879
6809.547553359323
6925.487441340878
6943.4117129151955
6904.478265684839
6836.513084485632
6944.270931921036
6941.431146026111
6932.673520655916
6969.321076863493
6928.730494941006
6981.182795593095
6990.8003050405105
7726.59054398044
7680.763563919874
7649.544876804836
7646.903140246633
7442.494974683516
7160.308290458375
7084.411915983326
7045.2127030323445
7021.065660161314
6984.757347939298
6877.09154992386
6849.832092060697
6715.5911408185275
6666.711778357515
6731.34402356471
6603.620067158107
6685.921797850475
6764.935355379822
6601.22607971268
6686.098533317858
6654.1886213862745
6714.437219377686
6834.812396061585
6635.290871086925
6634.402505007236
7067.9946819722845
6788.029660276045
7064.8140514449515
6692.6915928909
6781.410904606706
6644.826478981358
6838.388696114521
6732.944277296405
7000.359877858274
7598.899723120682
7331.453068725847
7706.637838354117
6848.71215028131
6768.927602963898
6688.635702115413
6696.561659840843
6884.127771849616
7220.801482891002
7686.639391018923
7735.762016475454
7724.811293947374
7367.42690125917
7643.682380140623
7038.2652932319015
6779.64636500684
6900.722020275242
6706.246893326976
6852.606473819435
6765.268742845474
7134.727339673402
6868.773104927412
7157.1317696153
6740.0245668979815
6923.67465058897
6767.141041788705
6938.26700016015
6856.369211992725
6784.292392665853
6823.623973648071
6769.663096445298
6968.593082712348
6775.250236815703
6839.534626748657
6927.788218102504
6835.595886087344
6982.1612198415205
6927.799719405084
6991.178528415005
6617.59495455107
6592.905132741616
6728.568467143467
6655.361874429653
6785.688403006458
7360.882834761868
7582.0274294802175
7520.774213903965
7612.256572338921
7423.6196758541355
6849.430884535642
6930.708362883297
7447.390725525529
7490.604042611958
7468.007891858867
7537.159274937294
7506.996706491559
7462.2552470214005
7599.706912378232
7513.882404149179
7565.303669201378
7495.013117616352
7485.4727174535565
7588.29190473265
7615.134871347459
7425.786359122884
7547.530416511728
7454.366533092779
7463.205165695261
7349.502973369948
7572.935869568219
7293.8513798447775
7583.46623795906
7492.917484746877
7385.476507747661
7428.280295522516
7365.325999698793
7263.86966670905
7314.606639949176
7431.98498167619
7534.7910780307275
7505.9895939119115
7432.699600335757
7380.833369876674
7345.619419393485
7365.894020777525
7382.095993354623
7369.567732320717
7424.681329952608
7488.497106922118
7302.1805501641165
7431.452229176035
7304.753943034337
7334.910841385878
7371.9826714303435
7448.902590856393
7353.546715631825
7437.822481071346
7410.522538196632
7366.793329092286
7422.951191966507
7373.629389549321
7442.742111414587
7444.035846645876
7378.964155200147
7493.488946114547
7389.2032458333815
7371.683414539767
7433.464907001808
7365.121486130098
7482.708304024107
7415.950368911301
7460.602843182112
7554.156526354987
7560.632993120533
7497.8207144422895
7562.99411052646
7411.750641692875
7405.910755272435
7397.295065267398
7406.959336267044
7383.157603578144
7345.977858848293
7386.219419186359
7453.874099331682
6834.401814822072
6824.785814945119
6844.873339330359
6825.905437381497
6834.294113012595
6860.618902403591
6849.432504785068
6881.691629004188
6880.401104183446
6858.792910480571
6914.936100904539
6860.332404933509
6886.475502640806
6934.895505829586
6927.062620373175
6949.782786577587
6876.708132771748
6872.828147566356
6901.4383339252045
6875.537016177503
6945.255193539178
6977.877024769289
6871.138742858635
6957.758669479403
6799.512456193474
6877.244198101103
6888.0591008238625
6916.475013835257
6963.856527113351
7008.841736558143
7004.22445282801
6838.164357500372
6750.372571083748
6805.281889882641
7008.561967439311
6900.321730325856
7053.476736593713
7030.470013407409
6875.778647713792
6973.863370795774
6888.214158029254
6921.682479147006
7077.851546514732
7082.057424617043
7091.533059039535
7034.836885200052
6884.618178929799
6970.256595978141
7111.692514748889
6915.055658056555
7085.877597702341
7112.72563846344
7024.988777085406
6891.807661232087
7066.556955490982
6998.447532017107
6942.904885395437
7018.225753241428
6914.359022721663
6962.483793645617
6930.363690242347
6829.728323961767
6847.742296874312
6851.588119324571
6841.1497371421065
6868.553460348699
6933.130892224479
6888.9314538401695
6934.974813055987
6911.378066021911
7012.0134519054045
6957.617720990288
6910.700527712759
7041.215825388953
7006.575704834621
7028.407467319881
6945.089918576321
7002.439108172825
7007.968206877478
6899.306314108923
6815.348612547397
6839.4206496173565
6961.171763040531
6830.839254047901
6924.87828458812
6880.350838879668
6879.3311489337875
6868.555822408844
6913.018513208945
6944.106757085711
6955.372575010936
6927.431356566544
6957.996865305112
6925.287388690389
6963.592829582556
7090.560863571185
7028.5650298428445
7154.353954128091
6949.438046104317
6957.866269015242
6971.403385801763
6990.227058198825
7022.116410482768
7068.556946994224
7153.557677659992
7183.0252326399695
7176.234360202478
7137.769233932533
7170.645061293515
7113.397857423486
7082.961481016998
6945.851899159208
7042.858942400801
6961.838463028729
6998.195512367933
7169.941837690483
7159.52844998739
7194.096172100114
7124.897139218737
6961.888207651964
7064.892852827327
7202.571692693338
7001.33735543107
7187.247295618255
7215.751726166457
7134.337172344092
6974.040132729285
7181.233225970248
7108.42442578749
7039.188586173617
7130.976462455586
7000.8872048515495
7061.276685426934
7016.938617198691
6950.912492619451
6873.543473680982
6994.5644513549605
6959.73205751686
6977.550596677047
6995.324269019569
7098.143617920345
7114.691413482562
7156.833025857361
7169.275601780007
7058.645257218634
6999.220362561853
7110.176538554364
7104.008497782617
7091.075651106872
7100.866371707402
7086.977002046591
7053.074815887648
7064.1010213677255
7132.296119223849
7098.319359509516
6994.314492268662
7155.7855236468
7001.378729611749
7032.366587338313
7216.863622862289
7100.473360536963
7191.374386399004
6923.9391555752845
6928.985885736694
6942.875667247223
6934.151005266186
7010.647561223101
7121.993580547189
7353.798869184707
7239.711437674227
7397.785535899863
6884.85786516136
6862.155771772981
6856.5076066145075
6901.938073049244
7011.118235495227
7152.645497267358
7364.240093595431
7421.777958244976
7381.204025231015
7168.410705092268
7296.501706849402
7023.802429653773
6889.546180094635
6866.8843295749675
6818.399897346008
6843.511588189147
6814.672560949061
7025.793259450413
6895.421278479033
7014.6407203332055
6810.515366023897
6855.61275400046
6797.645796349503
6905.419072899178
6826.555750744761
6821.1081338793665
6835.259604578783
6797.903922820459
6879.40993365636
6802.5115690515995
6827.635930292262
6869.902448078516
6829.0620445045815
6898.607762334225
6876.87210024195
6913.1667901579185
7087.017411050818
7100.3384046313795
7051.051660635353
7051.687719237454
6995.004352503426
7279.484520664459
7332.53615207323
7275.366633156846
7291.2862844375795
7164.489558856184
6825.591392394432
6861.266989462356
7342.281250701992
7337.011956447778
7360.527016363428
7277.531871372016
7344.986532253306
7366.67294722613
7186.3635390286945
7072.836534494515
7096.638186147965
7286.469556479026
7080.915551655919
7218.065914821452
7151.129969761354
7174.016325804194
7128.895162978064
7226.972964918664
7292.831067920148
7326.448568367526
7255.525028326027
7350.169999956373
7229.304124802481
7305.348694299893
7545.538868874175
7454.788274187441
7488.458716702271
7412.210411059177
7403.2119566749
7384.99387594703
7364.0294381363465
7393.780770559794
7474.448024077234
7460.864267183071
7399.974080925825
7377.462832194191
7456.46824259825
7339.615610005045
7484.548526976319
7460.6637734541255
7443.283970145224
7433.588482603158
7435.808619449557
7427.480894565713
7443.781944415591
7476.456103419204
7392.254606976089
7438.706146590074
7389.152143513575
7392.100388203724
7433.2837702614415
7380.3329703936915
7422.854800258262
7404.866816996122
7375.7094419859895
7364.297107809137
7368.7899890102535
7360.359142147961
7384.555494918056
7360.792339013369
7406.3334811724535
7401.31988414012
7442.792719785153
7282.33630142185
7164.394721606122
7347.08442306415
7287.727599738731
7327.379098184526
7415.694966979497
7535.858250438338
7501.866801635808
7404.629033428071
7368.999107546252
7357.192464515014
7360.981961719045
7422.813345760254
7404.293583008546
7382.322899295492
7370.990866427966
7370.55565233172
7296.839434293431
7261.356745746586
7240.119671957134
7213.54292464531
7176.751529100067
7161.451267470613
7170.228776553532
7143.317863985942
7105.218351245858
7106.932724817826
7065.5287855133565
7041.865856404444
7032.664072763918
7038.111948001208
7015.197276893581
7028.455148895037
7007.7968367167105
6931.937076961895
6972.885531530388
6872.183027791938
6909.9500853320405
6914.81754003697
6926.00257047501
6940.629568160912
6947.496934169041
6934.789914739171
6872.969521904935
6844.011569946431
6852.255539366751
6891.86893362198
6862.425470610748
6901.950461921599
6891.781845847055
6836.224204957113
6867.532880148448
6833.727581194757
6844.190990432426
6881.471520131579
6876.036621470797
6876.109661786672
6856.908519716133
6806.205824638717
6834.180156510274
6874.762478909497
6816.0016404057205
6866.53248532086
6874.30899597863
6854.774710560485
6829.562202094774
6873.514190177892
6873.966636520193
6874.952791813586
6888.785113869706
6877.731074858524
6901.704601282939
6913.558532794414
7348.567712575734
7304.964537679436
7295.356809482962
7287.797796555371
7166.137349963013
7008.435725941856
6922.681427778027
6906.058411197661
6873.008062163792
6874.8869718919905
6842.9916058196595
6833.578493956352
7337.4990887186805
7241.562614717857
7261.426810383291
7130.446901671394
7192.54894066007
7132.49903134924
7088.3972130446255
7210.264531905896
7201.874224103954
6980.937036964407
7276.844054551306
7044.3175201176455
7193.31196757965
7290.337324233622
7292.767960324536
7292.680499342068
6996.515677498748
6909.984249549232
7174.20445670533
6890.07960808254
7305.143900283681
7295.833627921359
7305.234752011184
7271.8833573392885
7339.319096906167
6869.393231042697
6943.876386667248
7112.722084866542
7281.254049205845
7302.02393873956
7256.707666823626
7315.318497820945
7365.690388282805
7332.432644465049
7239.4237809064025
7281.958768280292
7259.55435709637
7288.315687533079
6849.889157808335
7188.658345897383
6888.343054383342
7009.010022969074
7240.704369057713
7268.633204261064
7240.197979822238
7215.499285611312
6851.639895699924
7054.296909391331
7259.9068950832225
6912.369056265331
7236.26906223905
7250.5023387757265
7103.063142370601
6837.6453023491995
7148.333587174486
6985.93091613297
6880.84346390348
7007.29725258736
6843.275764599663
6893.958531735789
6849.853933492096
7111.572821550935
7115.161934649372
7101.953810096332
7061.095498111992
6979.975376986008
7284.576334634697
7293.518853768926
7267.12327114968
7275.54147810041
7238.791209781573
6945.822418099706
6861.65915567954
7197.76647662243
7211.536807420878
7205.3818003859315
7227.2737755854005
7213.857233074444
7209.412921334286
7222.445807670256
7213.346891908659
7209.571975989301
7201.417074627811
7181.504132847385
7201.310126452615
7190.2496684659745
7151.220687201665
7164.283961970733
7135.65167601196
7161.735514797889
7167.871176573323
7148.378657890656
7168.7206749404095
7127.715286536195
7105.030239082679
7105.169385363521
7094.3568511021895
7105.617991076366
7126.707042297481
7109.887340057974
7089.255132807044
7069.905233900408
7056.491794513469
7055.876358025933
7090.7826645156965
7110.458968776895
7091.7832565700755
7022.5234267438345
7053.67342121769
6999.157616117973
6992.452767217837
7086.548848371998
7005.039322346734
7063.679933712494
7031.3915648355605
6959.360572525999
6935.354734407441
6936.698333912591
6933.923856749682
7023.587962329347
6956.616299050945
6902.702158772258
6992.851670747605
6888.442791750317
6870.391908452763
6900.969337668761
6979.935730505285
6870.401108092448
6896.934658426949
6926.669686710944
6882.3914949399405
6943.564945624795
6909.182829595507
6926.28695122828
7225.674503561686
7230.019572434781
7212.464335907747
7219.03868122719
7199.409502967598
7114.799050088628
7095.687112084435
7069.871968408408
7057.807527849031
7001.320483551939
6933.833440940657
6965.147377649447
7065.817184971473
7081.561195430847
7099.205163235884
7107.263899614847
7109.339824812067
7160.078970016053
7227.636077464034
7320.266333866296
7346.762953549959
7258.102867706195
7485.8324951951
7306.3078920141
7420.423583866081
7591.34720938786
7569.047599963447
7661.795182091847
7397.084179692055
7341.023814315889
7512.873921398966
7324.268754327545
7662.287293966369
7754.782078797972
7754.758095444172
7771.36736284372
7766.467347033904
7388.407463601715
7452.134404250566
7567.664272599566
7716.812664492718
7817.511949679362
7826.5111389500435
7783.740363861129
7750.26320082853
7772.147290074944
7824.204251371677
7789.391121019717
7849.8752863431855
7824.7631317400665
7412.186536525946
7708.9637281044315
7461.11244812379
7566.262312217522
7824.57213060632
7838.504184167716
7800.868248294572
7785.232789120997
7463.871404625225
7662.499744688229
7813.551750558671
7537.713601528824
7802.31871084583
7794.466616454326
7722.978784896206
7479.278347497458
7742.9306022050205
7636.36963613649
7539.4932607668725
7643.536648952789
7489.620585200642
7540.447725736888
7481.2928401843
7127.93064734842
7186.722345212556
7164.613809582297
7178.607819787538
7245.628118003306
7711.990764490325
7774.996774606538
7806.576181917797
7799.94236545233
7802.258093724022
7603.586838582609
7514.824786774088
7366.747183494223
7346.555963945158
7333.6640715144895
7332.080723059942
7322.814925265466
7282.449223159577
7318.692396570042
7426.295090414588
7395.102931594421
7250.1235724910575
7464.341708861264
7281.360866642265
7351.6030270261745
7468.410288934612
7430.907683465786
7443.638757408502
7265.646317637977
7243.700350293044
7318.986284323337
7240.464176387557
7386.566013957198
7402.572398362103
7194.459417778783
7325.215493218378
7030.172872299275
7260.440405696198
7270.139710946573
7296.734858014777
7336.7495754774645
7351.092605576269
7285.984083799194
7033.329715021497
6935.701180455353
6953.67916358585
7148.4968031551
6987.622680840547
7247.1952832427605
7280.046686865254
7250.924761940145
7263.673256084845
7243.669321020088
7244.410154363636
7142.863845985733
7186.975060565969
7090.727712788563
7175.709085375521
7154.33417346706
7145.417883609084
7112.87389817569
7138.530224891361
7099.826249319065
7066.615389692293
7051.716031677797
7009.130006971464
7007.6360808299005
6948.543926732069
6915.838617479796
6926.5399214021545
6900.457799994132
6879.682944730375
6856.744704147251
7318.075045158563
7350.939536818001
7281.342794609317
7286.046830166519
7241.050508456478
7361.8062363111885
7182.765063858931
7160.773912179475
7038.748013934162
7063.676649072831
7016.130503387786
7008.200566754311
6943.25844725754
6973.193288578276
6980.9417373359465
7021.325934226495
7000.926466948056
7048.255248934693
7103.657542760533
7115.909711957972
7128.883411806585
7137.343959675529
7124.727826685483
7148.98678786527
7158.443999106999
7092.502764707084
7140.698298964728
7088.747078115994
7204.650100456555
7208.7997109976595
7194.026713237891
7215.365219419715
7157.667730615944
7086.062886768849
6898.743236393497
6993.298652855503
6798.114819182745
7253.362250354876
7242.782307146476
7216.292797860912
7164.947591745422
7083.82886200383
6980.548259163186
6800.495608443682
6741.070498910544
6752.498351380796
6877.989332084703
6771.1479741009825
6976.16320387521
7073.448557485055
7261.411722944653
7152.631455283005
7245.906623197312
7209.468143357465
6887.552442379957
6970.709717310862
6846.669754669076
7051.287076322557
7214.011450783821
7120.3320018386585
6896.492503602585
7177.352478664443
6959.313697004602
6909.037258645325
7022.262579989595
7142.465631897001
6956.465192986461
7007.020445857566
7045.726092125511
6974.9415188701505
7063.526657274732
7003.95944540644
7017.538103886361
7035.751157416913
7081.734004943627
7055.179429347568
7073.330038443468
7136.4419629809145
7009.132625014915
6892.747622783612
6881.495405073015
6803.255116498943
6818.0976880143
7081.351170606778
7124.370663433688
7742.904188379056
7726.385769540591
7765.485559909241
7655.193334577452
7746.164296590941
7787.03533741152
7597.5967921623105
7375.280716267825
7428.50113366802
7744.672076280236
7273.905585511775
7650.709210896995
7496.614893771974
7203.609833736486
7316.129348950724
7218.175609758777
7685.62846034742
7764.044099683888
7549.652861902406
7796.141584055536
7368.624694779468
7244.957046058073
7332.878568587391
7262.228433769841
7405.664367311173
7787.367154057726
7726.843296907116
7604.066714402325
7423.231927600147
7273.005219982211
7270.372746197313
7419.555288534067
7431.843023103463
7452.068247066578
7338.082649180496
7456.396698086658
7253.820861576396
7314.423192339521
7791.009884461121
7503.553852247067
7760.981166397042
7673.378958209785
7276.074689650455
7261.558621673409
7288.812451880394
7407.43709478638
7737.835121808411
7593.355601467228
7254.145831629561
7699.740341168637
7337.3183707313265
7304.480031652052
7500.547888142422
7643.823480494843
7436.133759529258
7531.7000726949755
7551.701089069757
7500.047557510432
7542.91654949847
7504.5663100642
7484.311195818269
7677.564300154219
7540.29819783853
7771.25851245233
7716.131162862669
7786.475814044928
7240.945310902817
7343.744987274999
7357.795114136248
7427.983289266257
7381.0997065122
7606.889879491017
7639.681679479136
7063.370092365614
7097.127420992958
7069.6817214414295
7159.08432403061
7097.820824635397
7072.443076161872
7208.694345034156
7320.219949676333
7290.359644459385
7114.295119956869
7358.610522958162
7175.222947858573
7247.908187979021
7406.148501060764
7318.443647596605
7380.184728385039
7126.91138521772
7072.890009823739
7194.310844963962
7042.741608644909
7264.508526573129
7328.748534001319
7473.777762629243
7393.780699359158
7471.693793702551
7013.43620451775
7050.703503656314
7112.367006725726
7190.557907567745
7265.133580831296
7331.4088871557915
7439.326655043599
7461.374639465725
7431.119329109927
7327.295934633672
7378.137694074442
7263.462339003473
7179.4991995815035
6956.187753160339
7081.525605423142
6964.554140742967
7002.752268036059
7258.508078232111
7172.476613886325
7250.0172105523525
7056.075942465282
6895.45907566068
6954.510762583693
7170.37771400456
6905.295822185344
7052.812395583653
7065.926573177053
6930.627605652131
6851.271477780492
6930.927829152189
6847.795350597727
6830.31313605284
6842.688297467991
6835.622539049153
6824.206776533196
6836.547691774006
7152.728881689168
7235.731158344311
7092.194092747752
7138.125466735708
7075.56554866802
7436.554875516331
7447.795808771017
7392.937656758229
7383.374715461454
7320.089597493411
6864.992475408692
6850.6180608714985
6900.383870067479
6845.862092308856
6924.759120591223
6765.585059435793
6875.692025483858
6979.567008662638
6775.030419532564
6706.887044592806
6734.62463621108
6954.428108728032
6744.191722996844
6861.999316223153
6796.560746330108
6787.185374166048
6783.8853591344505
6818.124011938297
6952.675708515375
7035.106099780671
6874.791366269702
7082.497224688199
6839.013604919073
6861.235159881928
6966.088354355467
6916.118050923391
7024.878369385704
7071.049332810641
7009.788205826781
6937.081504781996
6890.493839359186
6898.525748509336
6948.788816250737
7033.805795429136
7050.247471002718
7058.303802356667
7018.767323011797
7068.951135557094
6964.36185217739
6917.626032604752
7060.1277839829
6913.764022210673
7017.713139447974
6955.986478129232
7015.642483993046
6956.352426842584
7038.3682215559575
6908.531617490375
6985.339065653273
6902.3185995176045
6991.428913530068
6939.280876304208
6928.890176980223
6953.227098291358
6881.3605278883315
6922.894711546714
6889.901665813327
6854.628327061768
6857.6911070634505
6851.572207588419
6869.524343411807
6841.109115642314
6846.558510783884
6793.127312647519
6721.779057355703
6941.474181360558
6860.48325086946
7026.01066025856
6883.375342195805
6977.458394082916
7000.202412626336
7049.727949156342
7057.2026409269465
6877.630470950018
6904.2745664119375
7445.807643280296
7402.540953681906
7421.163291356974
7360.6188948081435
7391.456680574395
7376.595114310476
7349.2253709925435
7400.905965606551
7378.660864872627
7316.733596406835
7396.865928889405
7318.275069202442
7330.243556947518
7383.226013133306
7336.028203931605
7329.067898144847
7251.17795253908
7253.810733307525
7240.696816015464
7249.605310523304
7223.880204090128
7211.750838032031
7329.409295025246
7235.927739152813
7341.712041382397
7163.963090514379
7142.609312484828
7110.621555078695
7074.725438618645
7056.195143267222
7088.789732932832
7274.403766452433
7357.453583767329
7277.263100871472
7018.536076966027
7136.232723042889
6938.3884146282
6915.693342943374
7064.0237105060605
6937.5807461450895
7026.423901798167
6977.915064418269
6895.522782493712
6848.550358897779
6889.033487893847
6838.328172620528
6921.903420416
6852.49615976479
6849.872925334982
6885.151922409057
6827.93295809597
6845.502370177001
6817.8031874958115
6841.378932477955
6833.520923707337
6821.64524545152
6819.407946537696
6834.398724321627
6822.306923448449
6832.3321005850485
6836.430183246503
7358.6962816002215
7362.8458629388615
7365.783100608038
7348.441221194992
7317.898077492608
7323.001161536592
7284.877384331162
7173.908670385582
7144.766954623004
6988.660862608387
6819.7813142008235
6832.48351398374
7191.879953647413
7201.504396230917
7183.497948012896
7208.811834365929
7193.968983931141
7172.745616795143
7203.6323539934365
7170.026530479618
7183.208299852031
7197.285979567409
7139.330218016663
7211.560571991345
7204.675181916752
7089.488374149926
7165.49624601625
7103.264507173831
7231.009052086125
7210.921840726063
7236.793925871091
7197.25586691076
7209.109557078975
7145.642501213329
6982.986251528559
7068.119623849344
6954.378767686067
7222.978591232334
7249.324592281687
7269.623624805125
7260.907538204254
7210.354603021246
7129.803232036502
6985.941995046351
6939.406272953308
6978.072850249299
7127.151305123423
7047.593697325938
7207.9547535800075
7270.211457649464
7219.64646545169
7288.808516317643
7238.757402801576
7269.679062259319
7209.738968518326
7266.374091452796
7215.506800038496
7284.115238881478
7198.120072971793
7259.113881617881
7258.495019988787
7221.754133467533
7270.817394110448
7263.16390034484
7237.4136667922885
7134.38735075745
7225.202899266705
7157.802201673645
7103.334870568459
7145.224612436007
7073.066867024216
7074.183865858356
7031.02083330493
7205.256440601835
7200.109424450589
7182.539175580501
7198.445105146827
7180.592592381712
7037.939231432034
7002.117355993138
7050.254741108857
7047.297139219124
7134.508996238839
7186.072942688488
7149.620872485108
7116.391340716851
7110.935608668369
7125.224616787095
7106.832522514205
7120.966716305671
7142.679194288902
7139.746988910539
7153.280382055958
7162.549046922806
7159.000608474305
7191.7378236195145
7162.822598339157
7181.090007718527
7214.727803935475
7207.506826283704
7225.908223175751
7179.909348688249
7175.665764716353
7194.110280479112
7176.036310657261
7215.324031777774
7231.51486965559
7227.317776764261
7234.243236214255
7210.033678843271
7175.871719853299
7178.254211342958
7186.516309462862
7201.619723793678
7216.9972731616845
7222.460663771739
7205.816086251184
7194.645350660948
7190.579952044751
7192.890403102936
7178.20127893569
7190.7978920180085
7178.793585547143
7163.061207517765
7165.030474852572
7159.1958597579305
7157.928811939569
7154.417691897052
7142.360561703656
7129.097434896346
7127.458394399617
7133.114137621358
7120.529916278994
7110.419052899604
7124.986288330348
7093.368498389006
7076.372883831587
7083.33529921928
7103.039409456136
7059.24642226112
7060.206963211025
7070.439490790075
7047.821317873004
7077.740074454463
7056.055504993414
7064.411814674957
7115.955957056623
7123.526914153148
7139.745833290404
7135.405839368312
7161.936860216832
7232.874992917543
7225.775817788203
7216.680816028042
7191.8527087085
7164.520701041577
7087.800773623511
7097.677486664537
7386.816645045323
7347.797874200552
7373.091486251878
7283.613153156037
7342.9845591947
7352.981103451636
7240.099260106971
7188.113997356754
7200.42705106267
7294.7049523891155
7189.404104991693
7253.839120440842
7217.648076539718
7187.933006961371
7201.985918572255
7194.017005902806
7254.413450504103
7281.3717183696335
7226.476659259746
7293.709411952732
7210.710979925055
7200.260729508413
7158.9557065768095
7182.034796961721
7137.411509976928
7259.319277467384
7239.570094274646
7219.000674017087
7206.530450301423
7199.44206058074
7184.379072002507
7140.852736729546
7122.016126477994
7129.114491911458
7169.401866537575
7143.448972554141
7184.679634755142
7188.557060077732
7230.6879749401905
7188.214159891868
7214.127658888999
7196.077420889288
7176.932940453769
7178.109035762037
7176.08052581966
7167.853473647743
7179.721446186467
7159.954050177813
7175.591818418819
7165.86023051655
7161.397634219921
7163.14823962827
7139.939673499908
7134.5207916785785
7135.5116920559085
7110.117251882169
7098.967708428023
7104.040140335717
7095.206212460072
7083.069920918831
7072.35479528838
7288.00477733372
7223.6103296931215
7335.754397886677
7295.051162938419
7319.6331779791135
7179.932295629832
7159.826783163906
7162.586123758306
7148.941513253198
7163.775939170189
7128.900800454221
7131.002424737573
7185.024928156057
7157.25705611962
7182.031032890658
7091.542590303205
7157.828333232537
7175.46462064905
7017.378530146672
6855.9716143091655
6886.5651561642435
7113.87857381085
6760.379209655871
7037.961253835166
6920.670231129374
6677.223126190188
6785.362777427361
6684.029641606741
7043.770159376749
7102.531593405895
6946.517589132739
7125.09189866841
6822.956088562985
6713.033081583615
6700.005566782858
6669.068181841351
6800.930390004563
7087.624194850932
7043.441280755709
6969.722010366999
6869.386815726938
6764.818780070348
6704.555366859406
6789.366505408001
6878.577921348004
6845.260476312477
6742.1003811124
6808.205153932961
6757.92028990799
6830.436099280369
7072.603346426298
6918.839139106028
7045.206286853464
6992.823535274948
6781.78703825817
6825.517988250514
6802.764759801123
6897.187992786111
7045.883957689799
6964.970065373856
6835.258750517383
7015.6542199276055
6890.151724732207
6886.051790953406
6952.939663421219
7045.562988953118
6946.987459069003
6999.360889136788
7032.704261154223
6999.617154771057
7049.239082689583
7036.81967047097
7056.801204741609
7098.525126960948
6990.495146375566
7158.5955050168795
7110.388748596222
7149.207355526021
6649.202811245632
6705.860968028572
6719.743236120003
6779.024548389565
6778.453438978503
7002.481356304083
7033.029425783762
7062.504388360212
7119.438556736103
7062.0482024190205
7213.608395074347
7110.314119553913
7063.2738280923695
7274.762660674149
7402.326024567182
7377.6598170595935
7147.798291430564
7448.626397289737
7238.412979749393
7342.973509687791
7483.964354602934
7431.742102024365
7482.040883994736
7220.196489304756
7152.144388707396
7314.325967492858
7123.5625290252865
7409.120466189546
7475.144929470513
7485.947292851915
7498.122160025729
7464.689997353323
7176.163758455487
7225.728710271959
7301.808048172076
7390.849517897937
7465.788287616782
7501.909970435653
7477.282765568956
7447.026703137003
7467.884735933485
7517.519437628466
7498.173724302561
7509.545198142809
7463.964666687362
7214.83361524653
7390.550465966859
7251.489526001331
7314.460678624395
7541.077579396004
7525.209736896974
7559.758092103159
7477.952937232779
7298.274598347287
7412.191243252139
7566.40922477884
7345.6578944464245
7547.745598716844
7582.05034377781
7502.173607010177
7371.411096456571
7559.863927658264
7512.04277198543
7466.9800979108995
7542.373489276254
7443.860744175103
7505.538037871533
7484.2191544477255
7198.797439020997
7309.412668619976
7095.030039370482
7169.615968937031
7095.378422173639
7496.957856673918
7489.87595733682
7499.925563952075
7498.743348541632
7528.705536499481
7441.718940330269
7392.819446256182
7384.054949079604
7407.450203175632
7375.399297700815
7444.090404453913
7396.716795136401
7377.247361295578
7446.82679114102
7468.854788105991
7455.251685223062
7429.9058533359985
7417.32186216529
7434.997647022893
7429.202206615902
7327.011155785032
7386.367481117246
7283.839711880052
7462.120770619695
7494.265968512929
7412.404390168502
7512.030617018325
7345.058552580007
7230.2234379221645
6951.46164122473
7071.023245407279
6847.679345471577
7532.409542222586
7492.493661339889
7412.426163979278
7312.798000812318
7198.145361163737
7034.018274665321
6825.780546612028
6819.109673843924
6794.973457943571
6901.8836212344295
6787.176996315598
7060.86686893307
7198.580834343276
7491.81524422931
7301.4506699795775
7457.105374442797
7391.728429179073
6995.679161624073
7128.8868878822595
6991.972302014132
7224.612974865374
7363.23144854203
7289.725551531812
7101.121986481032
7333.441045305828
7190.529421656885
7174.076795082219
7244.328866688176
7261.76402743478
7231.752435213589
7245.701754163095
7232.300035914015
7245.1222767851805
7217.6724877571605
7228.837143024813
7209.26278695777
7433.06587617494
7467.526021004633
7389.521890713852
7416.352167692391
7429.209975872278
7127.55836808138
6927.806859924571
6890.704370497291
6808.484316405479
6862.214439502057
7262.374659211483
7263.394938113142
7058.682789683848
7038.400308133821
7058.192084098559
7000.133387720655
7040.733613644208
7063.19270377715
6968.493521152893
6887.4506635742655
6906.19975651604
7039.415313554851
6846.928487909903
6993.572561029747
6935.007378648495
6805.746746070714
6871.912055580093
6820.904131014224
7025.891065374554
7066.848589576245
6972.812372732711
7089.0944175520135
6913.58070394841
6861.111011678705
6812.756144431825
6830.569547455833
6864.101821188105
7097.825388969352
7066.7121358005
7022.032639580195
6970.174974681607
6921.396158138244
6889.267762279506
6888.237244106407
6903.585934058719
6924.2639933537075
6945.134600997344
6963.042276385632
6959.139517065521
6991.6735748664905
7123.51812437617
7034.317263241015
7108.375094441948
7076.368951051209
7009.867881420905
7028.904071635207
7043.882170012204
7060.0176847201055
7142.832275394179
7094.76281221643
7064.457804590556
7124.5236266485035
7087.1995231402825
7102.5035190398485
7115.374146913532
7169.110201920927
7130.712514508636
7155.408772511351
7174.446122568586
7162.9192749645235
7185.996714888708
7183.975544420613
7197.088008729906
7005.268135063339
6950.463308129745
7050.10370308753
7018.483076080773
7067.516185388
6795.849361439334
6833.104290707942
6880.549197934125
6935.557963855232
6993.657655384139
7141.199866883132
7160.234229640719
6935.310312223641
7028.592931308924
6949.055457258126
7193.773048268445
7024.371220259782
6969.576101060487
7317.1421808359855
7470.192979209127
7461.173373968412
7105.576278833283
7483.424295939968
7263.1541070948415
7435.342409550082
7430.412386408908
7506.854259177216
7448.294201013158
7216.697644226264
7097.012647077226
7389.059135491711
7050.300543751833
7517.9510519441465
7495.304626544814
7334.1186393702665
7393.904196032789
7351.987747674224
7096.686049377995
7175.8072042880685
7317.823737352598
7483.418034245925
7544.401782479273
7455.625019631167
7354.620765977403
7372.691051964047
7367.126186177898
7432.463873212849
7375.751135193486
7531.999141692977
7533.951834788024
7107.115720785922
7392.541015893762
7147.432249144673
7240.913740127211
7516.587879029779
7547.678995345678
7513.683701642868
7440.254308174471
7144.619165003711
7289.270801421912
7543.736583489678
7190.161435095008
7473.180656335722
7493.072273303611
7330.600683704388
7164.782538205371
7362.794623561182
7250.554599253056
7201.814003742706
7260.670240460205
7188.249032206761
7211.685581772101
7200.712230489239
7174.562044140745
7361.099062188616
7015.665123118427
7136.170572837168
7023.579420493886
7365.491359855008
7343.43742742718
7371.19438396918
7372.396289615779
7429.497249006474
7225.821733578777
7179.026928643625
7505.455884911488
7607.536444073656
7624.047264133832
7731.585892073947
7685.45924317483
7762.782461913724
7646.665662311005
7331.957642793708
7315.430427033353
7645.123887920488
6945.6717563044185
7500.623346133236
7200.777765123433
6699.084726960671
6861.374040722418
6651.914365357327
7244.39485987968
7350.796048775208
7036.363709862605
7365.210722824002
6804.465354765774
6653.511100654506
6700.434743424884
6635.347312920217
6891.841772762291
7151.121537069367
7081.373154578031
6972.040605670404
6840.90463831034
6739.137413939107
6732.271085612355
6919.15204826901
7018.249338576578
7026.914163063087
6918.778096142665
7053.819973952286
6867.580972854388
6887.23741547527
7101.028149772867
6956.971718669896
7075.1695582525745
7026.972558029717
7025.48831593464
7012.959027328947
7113.936297456954
7038.630766438814
7110.799528616252
7075.166818262753
7125.530212220607
7099.459094447376
7144.339026168447
7206.284704521028
7175.654655340272
7190.5946252727945
7263.247861733927
7304.593430824334
7321.883022739485
7363.899526398873
7332.513020257432
7415.967659684034
7448.947978899317
7752.684651094004
7677.969840911949
7771.287416527081
7765.891707588866
7677.561023889583
6594.273729341214
6732.465489654922
6811.663252120331
6980.051979255392
7051.6811351862225
7190.98030429419
7191.450822455607
6799.418427307633
6765.8230805712265
6781.360546632028
6867.625394756055
6766.772772569237
6784.928678834725
7085.955764457244
7271.870421049986
7251.874150991175
6916.166166420253
7347.19437731451
7078.525879798167
7231.5235601704235
7448.3222475361745
7341.3720259104975
7461.968866937027
7115.637494645589
7019.274854012513
7227.665517309141
6993.756696366172
7334.812498588969
7464.883369484298
7519.048881907858
7523.033544773428
7462.532758704169
7111.604242013893
7167.051916082356
7239.554296983288
7328.745946849389
7448.334672667016
7507.352248374378
7457.122304075401
7414.738782975704
7418.524740360352
7472.352038926601
7419.874901892618
7479.674591181847
7414.022992715572
7175.509459690772
7317.537342764748
7206.500268101834
7253.187838034935
7449.790756409551
7434.314175076481
7423.442748015
7363.124983216121
7234.675392278942
7292.523796614125
7415.852243199594
7254.044592940934
7374.73812315476
7373.407197589688
7305.864543807287
7245.23545860405
7309.5388029903725
7252.2262144304195
7230.5525303187005
7246.860616895057
7228.530016952289
7215.458738503976
7208.865583056942
6861.805661558743
7121.724286437718
6786.7271378773985
6864.456871134519
6863.165499385027
7527.409055584174
7511.390623861518
7493.696525237181
7444.729695145797
7433.337874700414
7259.991890123711
7246.597529827604
7538.435569714094
7610.807708939668
7660.09222089564
7707.511304364692
7698.054689768498
7795.857463705293
7759.7174381028535
7642.585430074771
7635.233675573208
7724.2486971514045
7483.683559862604
7674.574159575487
7554.095313443224
7357.743223591737
7411.276812697774
7301.990349426715
7430.09293228245
7439.626630867212
7368.828688016931
7410.2128518509935
7291.73116073723
7226.762565608568
7152.405631196022
7184.135879732559
7125.020212327396
7187.926437191401
7182.244959835112
7174.73710266664
7166.727779705752
7161.313758776393
7157.651687853487
7134.757351920274
7120.566236434074
7135.911803112049
7159.067719601269
7158.305820693976
7147.081969196732
7121.132732544378
7095.731334180143
7098.633867282752
7090.875591331183
7089.757149937603
7171.1632323929325
7146.642791598444
7186.118514616849
7119.139750859338
7119.566131060731
7112.376786014143
7176.246093464841
7118.339021807586
7162.5389489640365
7185.256351893647
7171.0087449655675
7219.052140785734
7210.212349149056
7256.031529327171
7294.842843374136
7281.006356460771
7318.996911788433
7339.311791400693
7377.06277239068
7746.262185394519
7752.065656486103
7799.4051085582
7799.12792407481
7720.524747207251
7218.401433102838
7149.224713544243
7148.842919683237
7152.620756251383
7174.782765109068
7194.53776129959
7211.696828605886
7512.231763428799
7528.397793886718
7589.963788565468
7548.710475340508
7591.091934262802
7702.69596936917
7643.320926695105
7587.499688031507
7616.953114358957
7726.486952392933
7586.889277570258
7693.0103032650495
7647.778871952239
7561.731871007785
7598.638378132537
7559.05696436381
7647.401009340042
7656.3525365562555
7614.069815385457
7644.020955231167
7571.715308375861
7533.516989815289
7497.144203888035
7507.475313846653
7461.273867724741
7501.840631874352
7499.342995369181
7492.610258967799
7480.72990133448
7465.989686822934
7452.952222075968
7439.631720945303
7436.825062839878
7411.582532183323
7369.101666711777
7358.337766837637
7362.960371159839
7353.791904841019
7360.95798716274
7342.740841137301
7342.674112333043
7335.120855949009
7274.651565345473
7254.34961318235
7223.184117846789
7232.275811067471
7226.173315737545
7217.379305376008
7189.919155226345
7216.933109640662
7165.355754700086
7137.426098613912
7149.013969588925
7152.605311747587
7116.191450497547
7114.168306749424
7119.0171493522375
7103.002365818662
7122.025195231495
7109.109552442193
7114.907551576179
7587.880936344373
7588.279257054574
7691.928594600264
7668.864779796724
7742.82707533263
7528.847253849497
7484.575882591949
7444.538796666146
7386.914751130782
7304.691377447537
7146.941104503434
7150.581039487636
7398.097301798302
7382.027436352035
7405.796133252315
7355.323974186286
7391.09661521459
7416.584739038917
7345.624016069186
7295.662314736731
7306.660694073625
7398.0457578991645
7267.7378386837545
7364.505580070579
7321.877465012259
7231.727482824807
7272.970565916492
7225.634726167874
7377.456782905723
7406.831584179787
7333.941758229654
7419.997218845132
7279.365390402215
7221.211792171248
7134.4471494485415
7171.360359993391
7093.54943888974
7399.361092804094
7374.970011343478
7335.293820303987
7281.827484214576
7220.796806366388
7163.1702426914435
7089.358346940827
7069.242932730226
7067.111839930507
7112.891110935403
7065.882325138007
7160.7368144854645
7216.767971757785
7371.075239537461
7270.123579599102
7349.416195880645
7314.201421223507
7114.553278486158
7157.960078686832
7092.771855195159
7202.586240964387
7302.7667015451825
7241.798878373138
7118.6020719966555
7276.534483484671
7152.158609417154
7126.886430893728
7185.099797580993
7245.479642176119
7154.300566967926
7181.660775348994
7200.877574643562
7170.808520841575
7209.687180655568
7190.166184260466
7200.756864830744
7363.799815633463
7329.625482475446
7405.819745496702
7380.794429126722
7418.219365204613
7181.487432856111
7129.460718071211
7119.65231311104
7082.434643286772
7081.87240113855
7214.683067532611
7236.193715379234
7479.618943049836
7489.108270565079
7586.562741889765
7495.015893945244
7576.939260953483
7727.952460480159
7617.485192125576
7504.89244870516
7561.828143463578
7707.448215663175
7504.490215727007
7686.167779089705
7630.179282750483
7461.233433856075
7554.374624713803
7480.945382523931
7503.311062300392
7426.663261934796
7534.857980148286
7340.813586134982
7529.587306355479
7487.077148008778
7395.435209354747
7433.429909539311
7378.4543792649365
6993.335663587657
7054.809197838711
7159.047864849264
7287.515061228447
7385.333295748665
7407.7922703442155
7372.572288916563
7371.201260854024
7360.775961044018
7344.449486864445
7345.421269292304
7265.723505292568
7075.064018947854
6703.271962452346
6862.156977958448
6691.187724740041
6729.15073850074
7165.1142689826265
6939.2090658373545
7090.389098328796
6709.070284431555
6587.214127388555
6600.428982840911
6869.742276240424
6582.831088590657
6673.3642032895
6681.28617175679
6609.437841727693
6696.180757164654
6639.978913632741
6726.898750556493
6817.161884254972
6767.369523450048
6873.05693024228
6904.3437921269815
6994.6802746030335
7551.963827848405
7526.591260174415
7711.740672979246
7671.219872358309
7690.257932317725
7427.838837077003
7395.818827761601
7387.95229989559
7357.687959773291
7299.731656000242
6643.246160763301
6679.918588859347
7450.399356141008
7372.919088680965
7395.435209354747
7417.248235819595
7461.233433856075
7504.89244870516
7501.864499110947
7483.137387427547
7357.687959773291
7711.740672979246
7525.576709180699
7487.077148008778
7630.179282750483
7686.029617945231
7393.388962944655
7762.782461913724
7503.311062300392
7265.723505292568
7534.857980148286
7385.333295748665
7299.731656000242
7677.969840911949
7646.665662311005
7677.561023889583
7075.064018947854
7090.389098328796
7315.430427033353
7054.809197838711
6939.2090658373545
7200.777765123433
7244.39485987968
6681.28617175679
6703.271962452346
7365.210722824002
6729.15073850074
6709.070284431555
6861.374040722418
6804.465354765774
6639.978913632741
6587.214127388555
6609.437841727693
7081.373154578031
7101.028149772867
6653.511100654506
6739.137413939107
6767.369523450048
6700.434743424884
6851.4724809408945
6788.022970137592
7026.972558029717
7110.799528616252
6867.580972854388
7048.413233884328
6923.629007304529
7053.819973952286
7038.630766438814
7313.8107588663825
7213.608395074347
7095.378422173639
7161.687584926368
7185.375787642156
7191.450822455607
7123.5625290252865
7435.461363918594
7369.229064775598
7309.412668619976
7220.196489304756
7206.284704521028
7458.557965601026
7342.973509687791
7225.728710271959
7492.634356966006
7298.274598347287
7477.8493274827015
7406.270329268097
7314.325967492858
7314.460678624395
7266.066806300836
7371.411096456571
7421.752711708228
7431.742102024365
7390.550465966859
7505.282802099428
7434.71374578512
7492.643765783621
7488.518905040806
7483.964354602934
7465.788287616782
7088.323896918712
7477.952937232779
7542.373489276254
7287.588678213151
7329.8527202128535
7475.144929470513
7525.209736896974
7462.700138545747
7588.279257054574
7498.314948202542
6942.389865680358
7496.957856673918
7509.545198142809
7028.146022205778
7587.499688031507
7702.69596936917
7212.496752812962
7266.896504240901
7502.901419430166
7559.758092103159
7382.416020721594
7682.150092642929
6835.513911875452
7448.7407625257765
7484.844094491633
6931.937076961895
7795.857463705293
7528.705536499481
7025.694979251546
7647.778871952239
7110.899719641924
7240.119671957134
7497.144203888035
7304.964537679436
6825.905437381497
7566.616890981217
6862.425470610748
7752.065656486103
7375.266347821796
6913.783606536144
7436.148098711826
7007.7968367167105
7533.516989815289
7106.932724817826
7647.401009340042
7143.317863985942
6847.742296874312
6844.336439316551
7262.514698478279
7759.7174381028535
7446.179369903733
6868.553460348699
7542.265257881611
7296.501706849402
6901.950461921599
6947.496934169041
7358.337766837637
7038.111948001208
7465.989686822934
7642.585430074771
7041.865856404444
7720.524747207251
6881.691629004188
6886.475502640806
6876.708132771748
7166.137349963013
6875.537016177503
7362.960371159839
6876.036621470797
7499.342995369181
7248.830022174362
6867.532880148448
6914.81754003697
7279.484520664459
7554.095313443224
7403.380964280069
7015.197276893581
6934.895505829586
6927.062620373175
6901.4383339252045
6906.397631720598
6874.30899597863
7023.802429653773
6856.908519716133
7319.924987019236
7360.95798716274
6844.190990432426
7121.993580547189
7430.09293228245
6835.259604578783
6933.130892224479
7216.863622862289
6977.877024769289
7008.841736558143
7335.120855949009
6973.863370795774
6895.421278479033
6921.682479147006
6873.514190177892
6838.012359719061
7011.118235495227
7294.473044648162
7410.2128518509935
7232.275811067471
6802.5115690515995
7100.473360536963
6871.138742858635
6810.515366023897
6955.847168800628
7053.476736593713
7082.057424617043
7137.426098613912
7034.836885200052
6961.066848497678
7226.173315737545
6891.807661232087
6818.399897346008
7237.180973934939
6829.562202094774
6942.875667247223
7159.24115838632
6816.400059413823
6724.828574373136
6898.743236393497
7032.366587338313
7012.0134519054045
7091.533059039535
7115.909711957972
6814.672560949061
7226.762565608568
7081.734004943627
7018.225753241428
7116.191450497547
7182.244959835112
6926.795093735865
6862.155771772981
6882.3914949399405
6764.935355379822
6903.961142566105
7086.062886768849
6923.9391555752845
7140.698298964728
6603.620067158107
7158.443999106999
7152.405631196022
7092.002792060659
6870.401108092448
7047.593697325938
7161.313758776393
7040.979578555202
7095.731334180143
6982.986251528559
6866.8843295749675
6818.0976880143
7100.866371707402
6976.16320387521
7083.82886200383
7194.026713237891
6937.45879949555
6936.698333912591
6648.983722521202
7204.650100456555
7136.4419629809145
7151.5918295126385
6592.905132741616
6933.923856749682
7001.320483551939
7126.098830598926
7068.247451609561
6846.669754669076
7024.1145019618225
7023.587962329347
6935.354734407441
7053.074815887648
7152.631455283005
7242.782307146476
6692.6915928909
7215.365219419715
7031.3915648355605
6634.402505007236
6999.157616117973
7116.275926139355
7207.9547535800075
7147.081969196732
6686.098533317858
7089.757149937603
7005.039322346734
7065.518405457652
6900.722020275242
7145.642501213329
7051.287076322557
7209.468143357465
7263.16390034484
6718.425869668437
7086.548848371998
7056.491794513469
7105.169385363521
6644.826478981358
7266.374091452796
7158.305820693976
7109.887340057974
6788.029660276045
7105.030239082679
7142.473104454544
7210.354603021246
6956.465192986461
7090.6729068171
7067.9946819722845
7119.566131060731
7225.202899266705
7142.679194288902
7148.378657890656
7123.526914153148
6765.268742845474
7165.49624601625
7284.115238881478
6706.246893326976
7170.026530479618
7164.283961970733
6884.127771849616
7288.808516317643
7179.932295629832
6974.9415188701505
7142.465631897001
7000.359877858274
7140.814052564412
7161.735514797889
7153.280382055958
7119.139750859338
7236.793925871091
6829.33765722403
7360.882834761868
7205.608653563293
7167.990968130976
7190.2496684659745
6740.0245668979815
7204.675181916752
7269.679062259319
6868.773104927412
7161.936860216832
7181.090007718527
7199.409502967598
7213.346891908659
7009.4835926808855
7038.2652932319015
7187.933006961371
7249.324592281687
6835.595886087344
7170.937638856622
7130.976462455586
7459.634164237481
7217.395049618267
7231.009052086125
6775.250236815703
7200.260729508413
7598.899723120682
7198.120072971793
7179.909348688249
7207.506826283704
7230.019572434781
6827.04060108971
7200.535283983322
7219.64646545169
7157.1317696153
7184.679634755142
7209.412921334286
6974.040132729285
7185.256351893647
7423.6196758541355
7194.096172100114
7211.696828605886
6866.510484545266
7176.08052581966
7194.110280479112
7646.692847672875
7061.875155605148
7231.51486965559
7227.317776764261
7169.275601780007
7201.985918572255
6845.078141583353
7735.852740794594
7124.897139218737
6971.344369022268
7172.745616795143
7199.44206058074
7159.52844998739
7215.492104572139
7178.254211342958
7216.9972731616845
7218.77050981362
7191.092401682574
7210.212349149056
6944.270931921036
7610.753419672805
7113.397857423486
7178.109035762037
6890.5394432123085
7754.758095444172
6998.195512367933
7217.648076539718
7104.14320342865
6883.894437582516
7655.193334577452
7042.858942400801
7163.061207517765
7165.030474852572
7190.7978920180085
7178.20127893569
7199.371234331595
7088.517980851453
7226.476659259746
7044.573320051924
7404.696099086207
7283.613153156037
6943.4117129151955
7787.03533741152
7680.763563919874
7188.214159891868
6963.592829582556
6908.966068359379
7157.928811939569
7172.1870733045
7149.207355526021
7284.093320690833
6976.528640703918
6995.324269019569
7091.542590303205
7015.270870740855
7540.29819783853
7167.853473647743
6927.431356566544
7319.452979208865
7254.413450504103
7400.12581887392
7811.479369746454
6868.555822408844
7581.359335123358
7133.114137621358
7127.458394399617
7125.09189866841
6957.996865305112
7239.570094274646
7703.53329209102
7095.330195761126
6879.3311489337875
7003.265091129806
7352.981103451636
6970.424020766059
6944.106757085711
7196.077420889288
7124.019059403966
7375.280716267825
7094.200556180882
7076.372883831587
6880.350838879668
7329.625482475446
7802.258093724022
7754.782078797972
7320.266333866296
7043.770159376749
7136.367292285613
6810.8428114417175
6795.141555907065
6990.495146375566
7295.662314736731
6977.550596677047
7496.614893771974
7416.584739038917
7104.040140335717
7059.24642226112
7042.1619278531825
6949.884647466316
7230.6879749401905
7008.043913651994
7849.8752863431855
7569.047599963447
7186.722345212556
7203.609833736486
6920.670231129374
7377.5865132712615
6873.543473680982
6746.037126208535
7685.62846034742
6794.442902237899
7179.721446186467
7045.562988953118
7321.877465012259
6992.823535274948
7010.20029310833
7316.129348950724
7134.4471494485415
7800.868248294572
6931.0471673113925
7817.511949679362
7420.423583866081
7103.614009839754
6945.089918576321
6728.2035670079
6718.8795628398875
6852.57253631313
7249.343858376913
7519.048881907858
7240.945310902817
7063.990396082188
7433.337874700414
7549.652861902406
6994.196917787369
7221.211792171248
6918.839139106028
7838.504184167716
7377.456782905723
7512.873921398966
6785.362777427361
7202.484806234655
7244.957046058073
7053.215510847504
6878.560167676865
6663.758229272112
6696.562145128668
7128.797014793336
7726.843296907116
6999.617154771057
7281.3563158817315
7332.878568587391
6897.187992786111
7065.882325138007
7273.005219982211
6841.519225199921
7791.009884461121
7220.796806366388
7708.9637281044315
6966.088354355467
7397.084179692055
6715.329657625913
6580.438234331062
6677.223126190188
7159.08432403061
7500.269891867864
7423.442748015
7336.2369828966
7160.7368144854645
6950.463308129745
7503.553852247067
7072.443076161872
6860.386180068297
7012.610424942794
7374.970011343478
6713.033081583615
7428.385423917375
7067.516185388
6883.375342195805
7785.232789120997
6667.334180723406
6596.387607197534
7452.134404250566
7245.628118003306
7253.820861576396
7673.378958209785
7243.869021292874
6887.4506635742655
6989.208987630481
7147.834373899281
7456.396698086658
6757.92028990799
7166.459367266051
6935.007378648495
7527.409055584174
7261.558621673409
7479.674591181847
6782.936598546743
6604.336369660461
6649.202811245632
7737.835121808411
7566.262312217522
7025.891065374554
7371.075239537461
7324.268754327545
7057.2026409269465
7089.0944175520135
7381.0997065122
6861.235159881928
7407.43709478638
7314.201421223507
7247.908187979021
6802.764759801123
6709.858971499259
6871.912055580093
6706.887044592806
6637.3857983336775
7618.492908707608
7202.586240964387
7406.148501060764
6972.812372732711
6964.36185217739
7288.812451880394
7126.91138521772
7611.935060848799
7066.7121358005
6783.8853591344505
7537.159274937294
7126.886430893728
7464.883369484298
7318.443647596605
6778.453438978503
7038.3682215559575
7401.708137069045
7302.7667015451825
7304.480031652052
6721.779057355703
6700.005566782858
6861.111011678705
7643.536648952789
7436.554875516331
6898.525748509336
7194.310844963962
6921.396158138244
7572.892656482007
7220.204268797968
7034.317263241015
6796.560746330108
7436.133759529258
7328.748534001319
7076.368951051209
6956.352426842584
7050.703503656314
6812.756144431825
6759.9048211179825
7154.300566967926
6880.803030566526
7463.205165695261
6874.791366269702
7479.278347497458
7265.133580831296
6959.139517065521
6956.187753160339
7448.3222475361745
7500.047557510432
7385.404744224772
6859.265442811154
7028.904071635207
7363.124983216121
7378.936064989572
6913.764022210673
7246.860616895057
7081.525605423142
7060.0176847201055
7314.606639949176
6909.54211727242
7131.335721547796
6952.675708515375
6963.042276385632
7464.010570733802
7560.632993120533
7263.462339003473
7169.110201920927
6908.531617490375
7002.752268036059
6993.657655384139
6987.622680840547
7334.910841385878
7043.882170012204
7009.788205826781
7378.137694074442
7172.476613886325
7107.115720785922
6895.45907566068
7615.134871347459
7026.01066025856
7130.712514508636
7341.3720259104975
7320.089597493411
6955.986478129232
7317.537342764748
7376.250117693501
7162.9192749645235
7056.075942465282
7267.846748815154
7203.074024729171
7082.497224688199
7572.935869568219
7249.605310523304
7193.773048268445
6883.5293484778285
6881.443309847364
7365.121486130098
7360.792339013369
7165.734900607666
7066.615389692293
7216.697644226264
7065.926573177053
7193.011366749853
6851.572207588419
7431.452229176035
7212.018705376917
7341.062366215159
7240.913740127211
7007.6360808299005
7271.870421049986
7513.882404149179
6930.927829152189
7247.1952832427605
7271.840296940528
7236.930146303679
7253.187838034935
7251.17795253908
7437.822481071346
7245.23545860405
7260.670240460205
6922.894711546714
6841.378932477955
7186.975060565969
7547.530416511728
7142.609312484828
7361.8062363111885
7389.152143513575
7362.8458629388615
7359.733702059657
6844.356354776896
7435.342409550082
7175.709085375521
7389.059135491711
6977.915064418269
7402.572398362103
7505.9895939119115
7392.541015893762
7330.243556947518
7231.5235601704235
7440.254308174471
7045.648806240883
6824.030478220515
7224.036060193861
7351.092605576269
7231.752435213589
7363.23144854203
7269.801486434915
7240.696816015464
7448.902590856393
7007.29725258736
6837.6453023491995
7425.786359122884
7263.673256084845
6937.5807461450895
7468.410288934612
7443.283970145224
7400.905965606551
7427.480894565713
7438.706146590074
7506.854259177216
7244.410154363636
6838.328172620528
7544.401782479273
7492.917484746877
7430.907683465786
7121.724286437718
7336.028203931605
7547.678995345678
7115.637494645589
7174.076795082219
7491.81524422931
7224.612974865374
7391.728429179073
7154.33417346706
6833.520923707337
6967.866002152359
7318.986284323337
7056.195143267222
7424.681329952608
7270.139710946573
6848.550358897779
7430.412386408908
7353.546715631825
7392.254606976089
7476.456103419204
7403.2119566749
7433.588482603158
7495.304626544814
7250.924761940145
6845.502370177001
7215.499285611312
7009.010022969074
7531.999141692977
7405.910755272435
7351.6030270261745
6911.37734991696
7211.750838032031
7513.683701642868
6993.756696366172
7492.493661339889
7128.8868878822595
7301.4506699795775
7265.646317637977
6938.3884146282
7411.553428594323
6890.07960808254
7240.197979822238
7268.633204261064
6997.092433132928
7188.658345897383
7365.491359855008
7345.977858848293
7323.001161536592
7484.548526976319
7393.780770559794
7292.831067920148
7255.525028326027
7384.989201113086
6867.625394756055
7429.497249006474
6863.165499385027
7462.120770619695
7060.86686893307
7412.404390168502
7198.145361163737
7280.979480368026
7150.429833747736
6979.975376986008
7238.791209781573
6996.515677498748
7259.55435709637
7293.145420752232
7174.20445670533
7385.476507747661
7332.080723059942
7366.67294722613
7329.409295025246
7502.896798794098
7305.348694299893
7128.895162978064
7267.057622666041
7151.129969761354
7377.247361295578
6787.176996315598
7386.367481117246
7421.687907059068
6918.523762319914
7230.2234379221645
7429.202206615902
7136.232723042889
7282.449223159577
7292.767960324536
7042.742196463749
7259.479313185978
7295.833627921359
7193.31196757965
6823.7364740640905
7380.994054646244
7333.689269862398
7380.303337217296
6951.46164122473
7305.234752011184
7545.538868874175
7327.011155785032
7290.337324233622
7174.016325804194
7127.55836808138
7284.576334634697
7415.694966979497
7468.854788105991
7210.264531905896
7072.836534494515
7444.090404453913
7130.446901671394
7277.531871372016
7467.526021004633
7115.161934649372
7164.394721606122
