8017.001576394976
8117.318816603212
8115.250588911162
8279.480200542732
8220.80810413063
8020.703352006796
8251.95050951266
8183.587467908261
7716.182126431161
7936.222455617366
8058.129176104237
7924.394578109296
7741.53706289493
7768.186787451553
7548.370658080499
7811.855963272397
8450.11867079218
8198.833641632922
7616.736417989992
7820.139153551022
7667.742994614739
7714.691388271856
7639.532923502342
7749.822386957681
7552.693956842949
7846.3707665762395
7883.563044335907
8024.912559810082
8202.449481599542
7968.680326106091
8093.835655064912
7859.944937135776
8016.274460367439
7397.017573094021
7934.513440523599
8137.567433202258
7802.093681462298
7622.62354669209
7802.812625464081
7800.321100383999
8078.330745957613
7919.739570800396
7859.539947398876
7814.281501460108
7712.198889714992
7730.194171152997
8060.213200594852
7890.7720306798
8006.837913559222
7670.436521665066
8221.632973912625
7776.808134404333
8159.602560183807
7471.864182919608
7834.845388993997
7520.0482729349715
8119.250784216336
8106.770176014754
8182.981647190861
7900.471702816135
8119.525678879811
7877.944556024766
8180.516009492545
7935.792000502426
8669.746960124294
8154.2290256908445
8401.653920413055
7770.476547201356
7756.317632077891
8069.189823335732
8519.85835552491
8506.40044961581
8177.252821524375
8297.547615059193
8243.160636572975
8388.848481145196
7934.166601239981
7725.715256653877
8193.784798452964
8041.106782746266
8147.99811160159
8051.315613316548
8201.824502928757
8238.98051162928
8369.257939463545
8162.259544797601
8392.295285155686
7932.831421762255
8205.981309459607
8009.447349435493
8512.053346627323
8001.93209019403
8211.65900800194
7921.053493328789
8222.553843903366
8537.865193681797
8109.350361554863
7863.80577973828
8028.841905425096
8228.424991418895
8142.068834215332
8204.900034090873
7762.733854660422
8196.65057606884
7919.494313292233
8324.20512278022
7774.701099539875
8093.385377038447
7733.935739294322
8240.298616365317
8062.4188107596265
8242.07153899666
7128.79927810366
7551.619305432993
7125.827825399504
7950.337631041342
7570.22797203518
7558.20177365484
7753.445859659973
7909.9868880195045
8716.8691613825
7302.328831155995
8598.39727107343
7780.143262836748
7982.2163694511655
7321.8950480961075
7965.33965702818
8498.48165131111
8348.69253421299
8416.693432218559
7250.329423854138
8342.634029588595
7669.41586049501
8200.535596847216
7850.4812903585325
8446.576076583635
8114.29415864332
8549.52675712751
8557.108398478322
8699.5046973285
7660.757208393654
7702.310995847391
7695.107784334038
8101.595672097982
7781.4840990733765
8043.493565448077
7909.41745517494
8127.00840835842
8399.09449961831
7973.885943396189
8664.170886919761
8208.575549071313
8333.399965973334
8146.992267800583
7943.160954904348
8521.562183749642
8500.546243547476
8530.460028917392
8091.176120118251
8335.437571227154
8383.996224028693
8367.765894358521
8236.574794981789
8367.989695337941
8382.536557073987
8340.59099609238
8388.52173552307
8342.687134620215
8101.634926452435
7938.697793282064
8197.111218452977
7543.630831615965
7966.60453049905
7653.52172397824
8264.275629368038
7687.482452977233
7886.547606774897
7779.860647540212
8318.780700848718
8164.487600014253
7971.120656847078
7969.237084981488
8050.828541646813
8359.287797673216
8593.605645170112
8706.5168774264
8199.128633506685
8532.758065329293
8262.624084829993
8172.133021251607
8373.946364157317
8426.633088533668
8468.055801598839
8281.173304939279
8478.583304458207
8325.927010254616
7713.860636501795
7763.326452870716
7953.712514397597
7990.042228064333
7959.242555419598
8357.789857722397
8181.2573472875065
8139.1171461201875
8266.186155708712
8225.266488122319
7867.831408781646
8194.637614806348
8205.954327388776
8234.83387615702
8226.310671306599
8057.377215903915
7638.438852652897
7939.947252403638
8366.146473043907
8179.356076828198
8315.820790408698
8238.561942649194
8467.276847397521
8291.86523649543
8440.880997597604
8295.131112619907
8312.111779554993
8320.02454582227
8396.06018948666
8754.39982139595
8481.198371326336
8990.022192374947
8525.982262840485
8077.73763142262
8274.131213564373
8347.533799373094
7747.848483613532
8115.895837492761
8028.876861084876
7901.4665124939975
8067.521870977612
8077.004427216564
7842.416462778332
7888.808238653425
8066.346369545966
7964.016622057815
7820.4665538323925
8054.921839980013
8013.106841162821
8196.088931089402
8233.702420004407
8598.439468297604
8392.840538967434
8584.87607237036
8637.223019374615
8714.164398308005
7647.957176427044
7904.859529596449
7944.3935569423065
8181.5635996116525
8062.833941944623
8222.991221482798
8182.229256550615
8253.85589444093
7873.958666528496
8182.562707606774
7709.495675497904
8468.302943898334
8383.812217727354
8224.713051079721
7986.024065869963
7732.8025933724375
7682.295915889236
7699.233232363897
8177.374345124425
7895.406832537377
8372.348865978358
8448.72958895338
8199.596684583834
8358.959026231583
8366.214690351424
8324.020277482767
8336.406846353782
8323.369665349292
8073.777014401223
8046.973955114952
8137.3368750222735
7863.805386436622
8120.517920987721
7895.079906739809
7960.76668202581
8312.036890054498
8180.825059320148
7791.293626591264
7877.266995404356
8050.271065636979
8148.04734406155
7829.870004676742
8080.812230301566
7935.538602376094
7928.953521061711
7823.277004678891
7909.319417486222
8111.089205586545
7673.355067278941
7836.443512616902
8167.940816190709
7796.722227820943
7645.268445007134
7778.344677407727
8032.111354534701
8022.065067011479
8650.725383473477
8625.75684495365
8833.160448039498
8508.121036606788
8693.35018897695
8334.13076903682
8752.178042651838
8427.563020203648
8104.28486427488
8284.480091674579
7905.807434297336
8469.849938928064
8353.060531207886
8258.182581551067
8199.31408675657
8059.381262706119
7754.408670257519
7978.388574450307
8207.157946065581
8186.32572966179
8273.745241175831
8419.640868604229
8194.79777620082
8336.110998322041
8241.985445580645
8379.387398858553
8309.195211557288
8338.748780840608
8145.7506826457875
8351.705877491138
8110.585036339221
8609.502841025085
8251.223327429234
7836.541499400617
8042.601655369025
8074.873475520906
7876.9978507040105
7652.238410751016
8075.752504432163
8048.987672340453
7971.082859334049
7795.9151422880095
7744.477200158024
8012.732400870809
8071.783682660894
7960.622996188482
7821.747596865025
7903.62597804991
7912.0340232694
8353.332568192574
7855.431423486945
8288.258659500849
7878.485856094377
8594.888562124319
8374.219502021304
8683.066372937263
8036.868163255381
7970.532993450709
7829.145883440753
7909.015325565006
7719.047349177947
8248.630113168034
8039.177476219461
8140.976518866439
7935.378965056648
8190.109590767391
7937.193257252749
8130.510781843274
7772.786031243775
7902.213325721931
7907.241706891316
7926.683896616478
7973.377105772519
7979.1507672824455
8027.931420377454
8208.750626654377
7894.182324734158
7696.977149993775
8455.179399600202
8358.865826745232
8543.509731437918
8172.424703183773
8549.841488667817
8206.76285333204
8364.762058212349
8417.078220250076
8458.452946611276
8406.40895423561
8508.439213546326
8258.310400067356
8680.950977398148
8527.332145751016
8372.162249821104
8435.951843175339
8515.370292102596
8578.782895338103
8569.322205745664
8570.938297554469
8510.777239472429
8521.837589214389
8449.110604786829
8457.632466070072
8559.763512169313
8572.144323610111
8514.51064700845
8453.27295234269
8562.742359936583
8378.662356663017
8367.313158458252
8395.402596438731
8296.131142074764
8314.365247526497
8035.90443846195
7888.605583172969
7903.631110878402
7721.2850833408
7692.991976246692
7757.396975823204
7791.405569248849
7419.58756436048
7603.00617434914
7643.408930585412
7243.007571265633
7851.18918963377
7800.798026071612
7619.110266685482
7566.644610192212
7338.558572330421
7089.034191921649
7075.930738280503
7434.841592813516
7738.148573950837
8050.052010532909
7912.1785215484115
7735.020345821313
8290.107157297665
8180.022600131486
8372.673471462633
8502.153357882342
8672.035934525209
8059.631054049944
8052.429396773048
7954.118346817021
8022.105888787676
7974.718913826763
8048.67946545623
7953.705092535741
7966.9324855383575
8414.548811600129
7978.431859715313
8687.283581027532
8148.087931842656
8018.2249411696575
7903.464368279826
8170.3628173082725
8796.59902658607
8727.134967547265
8766.192367863034
7907.655403180499
8551.255492098417
7950.383885246321
8216.927906496874
8077.000147123872
7873.019552820143
7836.403678633446
8072.428338636639
7712.224465159008
7980.833239013488
7990.455249602714
8106.735446247179
8020.402640755366
8301.861823645457
8212.865914574386
7958.730907133765
8303.814598308572
8696.734096746199
7737.764291573546
8259.179002025776
7859.451226322355
8506.129764813635
8745.796408447359
8564.564112532351
8060.776090186182
7857.26657733233
8011.434788114334
7927.709417124278
8413.286289132657
7951.5331001676195
8737.505778040892
8605.626636572826
8165.820169283119
8500.217197885462
8296.922399339976
8530.78262937836
8216.416585001813
8171.678634976655
8731.80032220498
8636.398726714466
8729.255571722517
8380.320980050084
8576.094746631426
8258.806274437318
8517.692436684518
8277.694980854561
8058.447149531042
8285.719823140198
7976.354851071639
8093.890106313135
8201.570110936094
8249.357182546672
8074.023808608787
7912.926965502534
8073.536165555246
8088.271261474308
8137.16220864405
7857.078651492613
8023.682838867537
7834.503918931874
8031.305316843254
7621.2223922022495
7837.962360046752
7640.768663836757
7708.117010309255
7887.785302316993
8691.406082269888
8914.536918055173
8846.53351304377
8809.612689455795
9036.246017775064
8481.892712719855
8623.070785754762
8680.410374243571
8441.984016876908
8531.196512785975
8405.507427553666
8389.765692625775
8455.868581538298
8481.814360770066
8536.190723094813
8483.393309208468
8361.285438772542
8453.804159868254
8515.06255935125
8672.962227424729
8417.839697679115
8458.325882435112
8578.762594328862
8464.589563409703
8446.642163877419
8483.31723910245
8419.563863525997
8357.797969712445
7712.570731511656
7862.901330376955
7716.933883002029
8091.622688640218
7849.366997912438
8345.002817466297
7633.374184192004
8246.351521234035
8510.25056994573
8448.197033966508
8570.622017006826
7816.127545980285
8165.804312933649
8347.52326524552
8408.085928156246
8457.353306056713
8543.329118526231
8383.867506882689
8298.582111608179
8286.491925327935
8218.123367894144
8113.537067067302
8326.52205894524
8267.461836363742
8313.893868975725
8256.150773768793
8297.384349995476
8312.574075220275
8433.080257142155
8462.06890893989
8651.92319143616
8442.290261365284
8623.149025996561
7751.9477294059425
9155.933624537898
8320.851179570254
7406.207156459095
7512.883637838138
7545.523526680435
8879.216043712499
8403.064244861736
7734.309683457316
7045.264861177471
7471.6800750981765
7643.375443394529
7649.934881386883
7540.534614047865
7514.708017789367
8084.242504207616
8380.864365321991
7770.930598560842
8223.500335246921
8094.661255138419
8293.620140578325
8246.400005667312
8314.759919272858
8437.4179832888
8107.8424944096
8305.906812282923
7814.38387146785
8115.062319195434
8023.356799016898
8259.180988458507
8137.276728340333
8217.379210941543
8046.513924920218
8102.676733025941
8331.598681820407
8274.844067913735
8107.696874850787
8025.184801945405
8102.879482826642
8026.101623528197
8069.669694338317
8058.133499279504
8085.027683396073
8216.814457012295
8315.748644040103
8128.459915713685
8317.621965502098
8365.522041441209
8307.25058165242
8392.083774217077
8344.199819512669
8290.049237348683
8121.553176053287
8198.709877008292
7890.1357324010705
8036.174397190589
7762.550524902737
7922.045002106247
7689.9405776366375
7620.723963143731
7609.118768160196
7363.960202248957
7922.323036312422
7816.40867015537
7693.104664789984
7562.996550097917
7276.452237206459
7386.172378382178
7197.996958783726
7751.803030958317
7259.378481814988
8015.997251454834
8118.121302175092
7763.711896128209
8094.087138704061
8172.643218235685
8013.63696716803
8184.400518633279
8207.645060971214
8259.507311153908
8562.41238204835
8468.438382889159
8154.55224546985
8619.499234560551
7808.258665409886
8095.580382163411
7798.029482912401
8044.392255698112
7538.408412084838
8057.9275723180845
8082.2325819310645
7877.727035581601
7555.416275420016
7593.149051154193
8295.881936117295
7925.247501842411
8424.047937223666
7787.689409790144
8444.635770594597
7667.6103105673565
7845.598116249537
8510.160785311818
8002.402596678653
8335.431639397566
7963.638530090161
8257.247763652198
8275.973500125212
8381.35936226968
8442.788678357934
8504.723680208106
8413.10513876719
8567.67360159911
8145.089859490801
8699.444706265103
8559.952524703152
8098.128011154065
8291.208265295678
8065.125866779321
8625.598296985456
8545.60094514939
8401.321152176622
8219.048038540137
8090.402374801041
8016.0137758495175
8047.541039528115
8353.699507815365
8124.676148861144
8521.67942714772
8601.388171877386
8227.254027027771
8515.222376659967
8337.503005074672
8542.583450425718
8373.040059018624
8404.616541581907
7991.13568634722
7954.542394915092
8026.4384831767165
7956.9684161994555
7989.444446857878
8234.441417785349
8100.972237711406
8018.0532551797505
7946.095181700379
8123.78262661983
8070.404195583079
8203.165247438004
8005.147007625553
8046.364221897332
8123.753425897696
8076.513318918184
8164.756653875393
8323.092223712465
8074.643652819322
8060.60274705485
7896.315805415262
8249.993425575265
8086.650084568753
7973.983650082443
7836.070434019247
8263.692781517804
7966.267815835102
8290.290256443128
8167.67119095487
8112.2425903885005
8234.626726647068
8385.49326842393
8493.079030944786
8588.978203547575
8531.955968863189
8668.485299344575
8605.71292130385
8293.841057500827
8296.693278875735
8386.083665428207
8469.241964676477
7909.798010872275
8087.734561192452
8241.549374321443
8378.975044795536
8293.5693047946
7739.394423064337
7945.448589625293
7710.257494254958
7784.381358980612
7913.785783338875
7920.861255716995
8039.969095940352
8016.798544608986
7947.522424959365
8221.671129140303
8221.237186316323
8351.223061542985
8575.553288520454
8152.920415922189
8244.948740246582
8509.490312078142
8382.499285492682
8213.795757610984
8457.31393522738
8680.331289752061
8423.376535365374
8502.750691846886
8514.275430643846
8775.636615048545
8343.649537613206
8392.484932483125
8482.749467164982
8610.761344686096
8609.681886982002
8429.199998643015
8793.117683742843
8429.823466656506
8281.830729769412
8612.356637203973
8638.618683250248
8371.449143209255
8681.697867440642
8427.008659219924
8305.279946466082
8589.564170702162
8652.071617633927
8458.683022418028
8796.91788849229
7890.826255110327
8519.287916608406
8737.894871840199
7872.776497290996
8087.277324379325
7624.712514400646
8215.379143928976
8230.227470479113
8094.39768500094
7736.836272439214
7508.452411670902
7590.500612534357
7537.989977751004
7915.934626469677
7504.865091053054
8141.83258131071
8017.269901280574
7794.199679112855
8316.233303460198
8490.36164466456
8176.184958801407
8388.750356901352
8339.785067123983
8249.781124710811
8254.8390799171
8476.823601083232
8212.233012529672
8461.884832440743
7743.871003972649
8438.512042398997
7863.521252124609
7221.287723245926
7482.101668455518
7252.701756512688
7883.755735785857
7801.9129857046355
7747.506612045853
7644.0350997942805
7514.057669679387
7483.794469709403
7753.554309823961
8144.701684584937
8205.208826647913
8046.341158771565
7893.174365752741
8377.284760373905
7857.125447928565
7999.610745274769
7708.3494683005665
7723.234666639899
7626.773142616345
8477.572281767656
8703.658620184098
8680.483862894711
9235.218330870313
8983.250156454014
8872.362852483942
8553.4833069056
8601.133113998743
8393.062788852318
8535.182017826586
8328.575600270104
8301.023939781304
8446.936546455385
8498.402039716642
8482.07187169068
8414.029304633661
8357.785725690355
8471.977635085452
8631.26751583454
8675.816453513893
8591.844436680796
8600.975709219862
8632.078325437185
8658.717292553818
8607.723190358509
8683.101599740066
8588.701611356966
8487.049044773079
8215.681400759855
8499.344054335987
8194.028851864117
8916.086288230172
8243.781566196456
8548.73433776933
8178.628834491854
7511.22136381583
7973.775547429218
7446.119903056789
7637.398127218694
8577.357945099837
8316.760137528681
7975.676189078088
7443.131082598116
7427.538288267891
7543.502655784946
7321.782345238265
8308.108305706008
8033.78302960971
8307.580062225228
8565.36454031409
8136.285947251998
8344.87898929868
8133.788511465822
8290.120577821172
8178.925875647782
8331.289542926705
