8164.208757485457
8103.816225874132
8129.306918377737
7921.7108163696485
8089.063964862199
8080.378790927007
8059.7349782167785
8185.18637458899
8440.393113072349
8267.545720093241
8090.949569642533
8196.799715457273
8112.907116329023
8204.556610114952
8130.985033740186
8265.1084672968
8024.645700686187
7712.288346521683
8163.286272251756
8123.14925933863
7953.456634219072
7445.0405082211955
8095.291647451875
8013.604153527254
7557.767950179515
7453.733001587388
8092.76781145635
8042.181067480007
7794.967045859819
7619.868660803622
7852.020742856598
7717.33358107137
7718.714473702566
7902.475161842095
8042.026266998389
7720.031725876263
7811.963849509635
8055.955689750312
8201.841538233042
8317.231937266451
8209.8268063181
8128.387558636341
8149.726083679828
7973.307459683486
7648.529547873919
8075.912289228353
8073.948502467895
7909.820984561589
7899.34014820817
8156.630849721938
8234.91611880784
7960.901691194677
7776.245225392939
7856.955480260191
7937.119241606221
7689.406655392446
7622.4892426093975
7870.779551547708
8213.382186367247
7763.50015854936
7611.268245949511
8199.16495443665
7911.353573546369
8101.7836936169515
7433.663683660927
7729.688509455763
8083.376159690025
7991.100069608996
8188.361462098911
8102.3213262155805
8069.649398203634
7833.664660598045
7617.892182985462
8073.219603037745
7877.6261447225515
7640.278349765998
7337.034515722779
7872.0900635105145
8703.950493365594
7852.81671327441
8559.389335970754
8073.980001770548
7507.116986083207
7956.0433941396695
8185.280835627585
8309.112973590354
8200.795290030303
8179.834345329764
8304.61909696574
8738.991160683738
8700.226944131655
8704.685119197631
8593.654864562948
8411.028335608637
8698.670497258649
7913.295692579808
8101.861221451213
8320.360090401657
7916.870714782493
7992.328077695013
8324.77034516977
8258.766204201185
7904.360053430217
7884.859563294566
8115.538826036697
8347.708686770893
7859.704351350759
8086.5652520447
8224.90573083472
7962.229139557679
7935.709939043115
8213.369723453212
8115.413713799998
8183.003908585774
8159.749987078598
7552.063279798338
7987.646865793216
8035.543823979023
7559.963369368316
7846.7506865946025
8062.049753516404
7906.407275576156
7735.79778618913
7720.669362113329
7900.26447194752
8277.174851029062
8016.450564757437
7683.46548696146
7702.139293409823
7705.125400081199
7626.448793421612
7702.567388086127
7672.241008192488
7766.120221726582
7798.361695220154
7811.862349302487
7648.980774732387
7740.669085977465
7717.817026682842
7804.831297113656
8076.439550486138
7991.837692749342
7885.669557396334
7672.146612777558
8003.01029538655
7833.90082627964
8138.709150200309
8210.261923124783
8256.08232807736
8249.726556975378
8285.525196105787
8229.91321014551
8313.17558863408
8260.474668979045
8009.216719814021
8364.61941224478
8698.33636028588
8594.663099381196
7706.642702450185
8566.07757306416
8601.353180635571
8365.96609603977
8055.796831927161
7656.318261329962
8257.348620260804
7919.065953026628
8133.472763615289
8230.183325825474
7841.329119172893
7986.95439106033
8576.59812730206
8011.726150162639
7818.063307423008
7731.296661654617
7893.3913466501435
7915.39020475495
7821.449992244024
7765.085810739329
8259.617170912265
8236.905228236994
8026.117800240571
7864.675444715228
7873.37514473564
7894.131633921768
7947.44348898229
8101.049856525219
8257.213922408346
7909.966623398145
7960.441298484143
8181.977755079398
7795.334771053261
7928.008869164809
8028.6924845313415
7480.683785848589
8166.263121768
7957.52406587855
8204.704879782503
7833.557426667555
7852.831564862788
8089.633167546393
8145.338428729801
8208.785446203763
8181.708471099453
8218.782674805036
8085.428334912524
7932.175982089712
8274.1914356098
8227.201935078016
7623.82967208955
8176.861082201274
7748.21640085642
7742.023137666344
8278.689777243077
8004.009135332108
7833.096912037025
7749.346448963115
8326.303524033505
8265.059790479081
8093.023267278952
7809.778519135279
7753.599374304801
7685.772633052417
8139.270082487821
8363.78694392352
8467.825770876047
8092.782046854056
8316.792025112725
8279.661908928436
8130.062050694104
7633.689911692925
8259.614936361657
7464.241850103622
7632.518572990008
8400.735547249531
8385.583882159446
7476.009766370148
7491.306578621961
7999.940596615015
8393.217796457831
8117.110122639259
8331.75081377524
8098.618816318577
7747.973799301976
7759.501446664006
8222.661609630872
8028.237210286793
8547.842713232218
8100.013000366673
7798.170310968332
7980.017222067992
8096.902310019103
7861.454950489441
7979.011879588462
8468.707355451137
8281.839400258481
8339.154930914914
8418.107371445954
8400.643519256404
8225.353743052397
7974.748365760776
8554.137204663393
8546.406867861226
8321.510086627319
7953.449710369757
8053.916494857538
7675.9132165285955
8227.326523710828
8181.003046761403
8211.042048860672
8305.115296704285
8252.236962551024
8207.065001562962
7960.169247082627
8196.649925127078
8220.724502392257
8177.895536891842
7771.7566844030125
7834.132320252803
7467.659852288266
7608.900070359301
7949.905230393704
8002.730630779943
7424.212854623132
7667.802042487793
7699.190840735834
7955.601259349609
8418.07429621117
7912.428826448167
8581.305385275748
8933.809242445246
8037.8994421827465
7673.858955349084
8257.831623908518
8437.372169081009
8110.903279016145
7536.6060919057145
7278.935441800647
7640.251632361794
7673.422579670198
8516.765784991949
8224.794307042095
7892.743878231397
8547.331707043608
8676.993279989569
8167.949715343257
7589.721483162967
7488.858760520537
8161.212243663213
7887.6647755446775
7583.48147237014
7757.490499122392
7877.833990557236
7983.6638124620185
7801.01316080972
7749.397387325718
8462.716420356843
7848.2382468672895
7820.295586810647
7819.794876375623
7662.516399859168
7903.68262142477
7673.431835790915
7457.174234540236
8102.6349475165525
7729.232371673918
8124.208626780546
7682.908202779338
7391.441896862395
7832.287176346516
8252.752859592973
7841.379340616874
7413.550987043964
7276.249137230476
8001.9652377427
8188.704089606281
8148.43006968912
7527.0198075538765
7146.296353166517
7674.885911055241
7835.356125078536
7448.132036457919
7564.122178892832
8475.205313995684
7927.6676025591205
7841.099021935719
7897.139939737488
7913.58528284788
7926.792729481647
8045.79877291568
7923.789179615993
8043.601120769608
8229.4178968825
7869.905901438637
7685.077630265954
7278.185999454521
8120.9239751696
7899.636690691491
7668.8944215275305
7853.7629735428845
7864.752129765466
7459.604447960805
8278.509647373001
8417.43598370383
8332.344926770365
8159.689092703459
8284.366285414902
8305.766777983245
8456.0917293224
7628.998339934291
7729.184091731623
8050.446023546597
8318.957226717905
8274.796480027604
8323.130478895624
8132.177926289204
7858.552342544769
7731.128316883694
8189.847533093081
7971.565014017735
7711.582029360605
7790.925925892553
7759.42827354107
7728.040520253583
7807.604691338325
7736.418218255968
7671.365057444765
7671.157618777098
7808.723440982133
7783.213499584075
7759.715057593392
7768.397319018862
8116.307498076735
7999.249759693051
7991.482111226366
7922.791919517641
7816.206518855029
8136.5056567305965
8089.780822037403
7996.291561099211
8257.750597516531
8166.305789378465
8179.997319036326
8105.227721920691
8121.799398483231
8164.373016994628
7998.890228128133
8105.0605495980335
8016.073168026662
7985.816542602146
7973.642415640091
7827.948908806992
7855.664817006422
7859.5426259488895
7647.546949953877
7623.043126366659
7815.827488683013
7737.553895750307
7949.2187939125615
8133.841413865871
8123.382287582355
8144.434669710248
8105.036190739969
8209.650650714219
8198.103444650138
8227.169357244713
8163.023470875456
8255.091161774897
8278.596310580557
8390.449654012293
8300.921323123457
8466.293426370548
8493.629611546432
8268.94878816592
8163.509865414165
8540.365966083044
8395.292120946639
8076.891982068553
8081.0925458940155
8086.9424675397595
8097.107615962058
7865.662345169923
8082.187198062564
8110.850398728441
8045.442843435845
7871.634076295604
8057.454264282013
8117.447709724041
7960.3682115901765
8072.6408925129845
7728.184895780573
7881.340689870384
7946.888315732233
7813.057632716038
7768.543055064095
7962.31830010019
7970.748338624259
7876.709329110133
7588.919712629728
8374.207588483776
7775.355164854425
7777.385925238768
8278.198638011894
8564.075424733732
8276.86196360858
8399.842204755492
8286.41520894863
8565.126037301043
8526.284683399594
9142.486764022498
7852.363179023764
8105.811133062972
8246.343197708058
7688.289627822136
7920.997583374459
8401.583710435318
8106.123392054504
8458.109991631594
8540.99346030015
8417.128199037716
8500.738302966276
8540.894770155259
8547.98420811282
8458.171235865279
8487.176894457212
8549.98658710721
8690.597894907236
8379.170829051513
8848.036591461072
8697.031115331534
8574.520194120027
8574.154666088907
8723.927874153025
8562.427021551455
8520.6785322503
8360.879604963424
8560.370635977013
8008.68762847648
8790.49496906275
8722.17587607604
8233.898988042461
7803.591405512115
8719.447195635355
8680.315446088289
8596.19149524844
7952.7394703925675
7966.932157771772
7832.38910483003
8312.282151307989
8456.095939734485
8504.992663720755
8268.38860757483
8307.725587243396
8437.536161499536
7810.0314490740375
7647.950346688918
8275.149465472461
8155.339517955568
8473.581625933291
8216.235293018928
7940.08394268818
8056.246004174122
7907.326872274517
7684.431014406785
7544.588180729842
8065.042237599376
7556.127791943485
7236.275201156697
7580.577121078613
8024.823239446041
7807.587271158629
7779.895464771642
7950.931824064249
8378.737289961831
7610.565610689855
8014.856138582268
8696.72824285732
7772.433424056886
7983.030251005511
7493.304718859802
7659.592987148549
7749.744640274026
7985.762895657716
7659.038705890175
8385.749387137175
7811.599088618657
8021.076141823718
8470.021243677224
8023.194673782569
7938.272740080066
8579.92068868783
8521.60170833285
8039.537385041822
8025.156252197576
7796.848149930783
8059.670083635384
7861.589665629876
7668.50047905426
7891.484226010562
7937.474443307752
7851.277454118518
7733.2198294290965
7723.9339493963225
7837.337729531737
7924.507589133582
7938.479956701023
7942.966595695302
7957.581576287594
8163.644932156605
8194.961697919285
8248.110783218624
8001.714415106222
8003.34075693171
7733.601760027223
8063.521504973857
7861.761073745643
7500.314966959819
7674.854336858099
7813.392886272739
7855.18773308807
7867.642829099791
7882.529744253847
8030.299270109121
7899.051198850159
7941.828657933458
7974.527560100642
7949.211058172552
7833.057192447318
7853.774279354937
7816.898831289078
8281.674485682492
8089.821927977905
8094.788222298534
7926.323131917179
8013.808316236344
7980.9480030367995
7767.825339623624
7944.895841234058
8007.201929017589
8070.872078958277
8049.285200497546
8024.820555428136
8312.033822285797
8355.085000435782
8387.780332086893
8425.694109921013
8448.441025942073
8565.504340931107
8589.251650386816
7945.034341102135
8137.2057317193185
8149.385817940301
7691.584948432993
7879.392362826373
7587.352700585223
7977.321753938818
8225.440799269762
7911.008066469325
7400.982925240252
7340.8298708270595
8324.628089053
7460.222414757991
7703.03563538277
8007.356512075811
8031.422179901347
7775.129066892771
8020.779109720156
8076.201108153515
