8082.068885323322
7691.008193345967
8065.921414120261
7736.7073927349265
7879.768706658529
8155.802258094944
8425.596730663825
8335.766451575484
8379.09944591381
8168.744532956093
8270.69874109569
8715.528614370065
8184.993410109622
7996.524846730125
8083.137814885544
8004.412324902141
7819.291747894327
8294.148473294115
8597.243994955246
7953.193692403374
7936.3699305908285
8000.145175390396
7885.54341060793
7763.363873804819
7923.067063468717
7929.246020509054
7779.974347513811
7748.264213048287
7878.923554645307
7752.367569100514
7527.223986887931
7920.861071551239
7951.313180495187
7920.248954389048
7955.16243497487
7793.524166181645
8044.719988510869
7353.886260389235
8046.329973507684
8111.535126949712
8152.921574653795
8025.1167683911135
7639.188814265257
7616.946039752869
7502.607397358564
7582.582108668865
7696.228507688116
7945.251983465379
7953.02015925101
7941.162091692783
7985.319165925027
7988.151452552886
8308.27117854219
8379.506218771176
7740.742423780901
7624.0631758368545
8061.862640907832
8329.00748329208
8439.300936695276
8574.334160946775
8523.363004432133
8089.50515120461
8059.06117210549
8474.979572745046
8031.781712099675
8089.252668034102
8022.977437303033
8152.638735303633
7692.795780628142
8133.184237481379
8360.766762550746
8011.667165374164
8353.57921142738
8069.357153235828
8664.601164317924
7655.271616285165
7658.89511063178
8067.898675442163
8064.1590600654
8093.303188808639
7935.235448460248
8499.975441358602
8005.371901086077
7810.398597177355
8135.000695149582
8293.330232559734
8462.900448681981
8013.180525947194
7987.333612740932
7968.023701650325
7699.16493238261
8052.4535227953165
7767.058361731387
7986.8588853997035
7881.018815674911
7814.880262220524
7742.549273728545
7802.388000514888
7768.578833124804
7675.83722096248
7956.483150751074
7704.436052976028
7692.201243763108
7815.050612490987
8189.294065814361
8076.729052724572
7753.775712375745
7711.830736064832
7629.500721517577
7753.671658470828
7677.434508111244
7706.0934433797165
7690.436412033979
7816.543974589417
7993.613699436255
8067.547104580236
8002.831991836638
8076.329108268104
8323.325224553273
8174.268249696944
8142.457713481624
8140.153453793746
7921.96521475308
8239.476328393446
8013.588261405446
7695.74788940372
8320.866506842627
8340.391645741294
8266.352198172744
8390.825321288545
8504.836685496166
8089.015684683876
7380.2294442674565
8032.339853096213
8035.901385430801
8113.181840105465
8068.065404907927
8133.943952342898
8143.920685268384
7899.281407836479
7961.565681868128
8067.691819669034
8009.078895327923
7987.979070160643
7829.068176854265
7756.049634887409
7685.756769027239
7670.079977547915
7650.314471137492
8232.14687259875
7834.259023055243
7765.248193629076
8369.61967020206
8774.35471618377
8425.071838414982
8270.445684236262
8713.579150736654
8156.900955541647
8076.462045018446
8770.907215704141
8234.581692620726
7490.733279753302
7476.722423507066
8255.551398140617
8035.715318889871
7649.054117531495
8150.2484809768475
8083.40487061947
8176.722126211503
7852.094337000473
8045.189037979642
7992.397101442312
7863.711060013893
7936.520533391492
7736.370108255429
7455.353012792312
7755.267030542031
7697.050366579214
7652.0518214951835
7741.794016957859
7845.993731438684
7806.818764345427
7668.51815986307
7551.965814486076
7624.958107609264
7569.824728666399
7649.535041803392
7348.4227247883355
7743.378587219376
7681.53090786498
7629.215095211174
7966.714222183733
8120.640309142034
8247.58734459205
7562.796741558818
7984.920441662256
8046.689849502375
7903.447501925595
8067.535547052436
8098.093917773111
8051.3138126536005
7877.280041790964
7640.696393094008
8131.08756527814
7354.296685911405
7685.157058508566
7391.800668916151
8271.083811615303
7906.55178420595
8085.563687970034
7818.09051598284
8108.694867999878
7896.407927581464
7949.012760598754
8128.978137235312
7802.363571131691
7818.404988443756
8042.154831107562
8073.799238132124
8109.411614311235
7777.367594882461
7620.72589945939
7539.801278496454
7645.885095640657
7620.991764795481
8042.421554002006
7818.685153539368
7809.594987740418
7935.282434474521
7620.6254528828895
7856.534684870457
7694.21578174906
7806.160698602166
8118.160330610165
7541.241780235176
7676.081948381553
8140.951495746178
8007.775310617724
8156.731306308881
7814.2368807487455
7520.949078479887
7838.135659667745
7702.719007596825
8051.495915920728
7770.768406570777
7689.199372819987
7917.6965341934365
7889.4986511385205
8008.6387248610945
8039.198038433878
8217.785036115709
8014.915036112223
8003.006591529963
7737.446645781835
7927.887847015698
8081.636218309302
8151.741539873572
8216.899439461607
8105.050270786687
7634.98268190622
7396.379153544839
7521.303769500723
7496.644972484525
7846.687403999931
7868.982705878882
8119.386036889572
7678.854075366597
7759.276253439194
7704.553456782988
7766.50926407698
7863.851067776052
8183.894226196912
7815.309921517448
7921.573588649274
8324.222805630263
8299.89813191255
8558.762112434242
8437.093355739273
8132.032167757599
8084.028256751149
8331.178393362652
8317.694193824418
7834.696751834928
7780.5279035814265
8658.841629667002
7898.18350900978
7873.74200925784
8112.688434686152
8032.630111959223
7837.730399121161
7808.70955701755
8068.009692467638
8066.38832226383
7998.246544613104
7656.7304775203565
8106.115971704632
8026.928103268942
8105.035195779771
7816.745644130594
8015.6429571333065
8060.768469640605
7730.889431250605
7960.037702497099
7998.831021208848
7991.97716141297
7901.325848895538
7963.275454581672
7877.698446725227
7779.547849037631
7936.882934403824
7580.623898206006
7702.691405549751
7940.5633534144345
8101.893291573524
8074.329039127516
7789.436403776499
7639.491383368545
7579.600704268913
7891.467848027813
7766.75939376467
7732.888632461953
7589.8701254035
7885.533855069387
8184.201433909228
8182.09758402131
8261.871604770842
8304.73502478473
8096.314908519359
7951.26480658076
8035.3949974827765
7787.640376359679
7864.009199422261
8004.580006041458
7945.639094006365
7594.317375730085
7510.127637668763
7521.981240776709
7543.39736794868
7588.821433240365
8232.15987013216
8111.611291867417
7598.284465511908
8124.4146590424725
8119.808635253125
8079.257045427482
8046.378774960678
8043.237465191852
7644.27911217143
7999.713149177152
8216.268516345623
8107.69082463982
7615.755939335544
8121.482696119065
8447.201710432824
8210.67376611435
8008.618889800042
8245.37623984795
7888.582263522414
8021.828368898416
7918.478173014407
8342.357317509983
8240.758653844143
8220.502811142627
8105.987263380012
8043.842894721066
7821.820510086092
7550.84971621574
7380.572079678571
7661.558172823856
7658.690894062775
7632.675864566257
7675.8414570144405
7727.537003553717
7838.1650784215035
8125.237953241072
8047.8129632691835
8328.039642458096
7825.590111545043
7324.135341571118
7766.055477981015
8061.48785013944
8158.810026494552
8211.603314368147
8329.928750928204
8179.517578345174
7808.298473953995
8326.092716851013
8243.559428580347
7921.770568933711
8027.748648634762
7976.83382844854
8078.544673104779
8186.538191472495
8135.679384177929
8176.785272394335
8077.327969642206
8082.964160212536
8268.305379091173
8036.816892460826
8261.861601445962
8147.367308037201
8062.26082873194
8007.8179109730345
8588.452951170464
8138.233730311216
7573.079170178833
8120.755370484254
8281.221030194412
8008.555129826168
8187.7891739043125
8155.250162314763
7814.619850473094
7750.5374497801
8050.091705599582
7994.91182197658
8521.263599739888
7454.114536977369
8232.69430032176
8080.505309697912
8076.1667351697
8002.338115617427
7985.042617053738
7854.435037308056
7746.501528388366
7976.1821627257505
7915.488001809071
7793.798235657983
8048.412576309102
7962.308862959544
7920.470319590314
8007.339358083527
8115.407142715519
7986.921768509422
8025.700196438203
7827.113052190134
8018.189318076832
7972.103188651409
7920.588677289216
8010.8784784414565
8076.796036609202
8021.0773960864135
8041.662085065681
7945.755005868908
8012.046713224212
7899.124875268641
7962.970790131839
7911.528615053348
7953.261432844424
8028.284353483537
8353.609521052571
8522.663254620631
8240.793932757799
8260.145592712764
8066.974985881809
8174.728413560667
8044.00549168975
7781.830806885567
7939.553743363479
7941.011378777328
8204.519894180656
8117.832037454891
8333.998303526838
8363.599589024958
7856.05938522951
7931.429175288241
8146.659134233179
7737.4424772103275
7735.970927924344
8147.026452602211
8046.5303498907715
8224.119561005553
8351.338479224913
8097.6554032309205
7968.672282868952
7716.994995057614
7963.518356416622
7980.750785685299
7902.777935436613
8002.417270081868
8067.30777739356
8023.722322564978
8192.121835222126
8256.568682238614
8120.855859693794
8082.957214970469
8095.841529170977
8357.363357597384
8597.685489100255
8568.344814232401
8505.486216734234
8502.597870013215
7998.704449076171
8104.683510045638
8273.746043093059
8103.794152618068
7970.714272431897
8074.460837535418
7939.216673205609
7639.9188282252135
7929.310005859531
7998.23196638353
7691.217030759783
7667.602394026983
7838.055313261511
7878.7910603871
7666.887353231177
7897.948655356829
8320.526275776929
7938.031014592693
8355.885331194238
7762.309043573617
8209.842449973994
7822.8375686986265
7828.143283197769
7476.881727123854
7965.190035310455
8340.213119144524
8884.796606247728
8646.342005030183
7998.70663166491
8455.591880106864
8509.519635408906
7956.033355153384
8186.469782492608
8439.1288809983
8236.512040436413
8479.100720801775
8441.563924670192
8299.89973464736
8978.998484891792
8043.8852928049855
8237.168356701344
7711.101693568635
7700.823147442625
7447.824950628896
7713.652242720163
8335.2847246015
9144.1332486722
8003.551172429737
8429.509294634317
8967.015875748177
8481.064298435045
8444.536515196483
8435.782200711294
8120.737784097246
8173.943712410557
8228.567872524633
8410.765945568104
8175.572186254207
7677.994526533899
8618.597797193963
8122.615987497776
8090.789273504466
8028.709941741358
8107.522051152695
8031.374065549717
7951.110803835846
8183.138005865193
8166.687202945113
7622.912829195544
7884.711263587965
7941.482778440375
8127.29356880546
8190.7551825103765
8084.220523648089
8215.99747583075
8129.417918048921
8112.995208103312
8104.605049664512
8410.105109877788
8189.013727335185
8157.486254784094
8074.568773923568
8009.45214010205
8050.101681411631
7961.234535987585
8147.934148099372
8139.880386348901
8056.179326113782
7964.837391372807
8134.61668111432
8360.88490141576
8271.713553583057
8084.476920721337
8024.955038203245
7930.454858906933
8038.892512047906
8124.3720441221885
8280.77427797629
8404.620243328014
8071.7876166357455
8269.219165644814
7967.672018942038
7722.452271846685
7789.42797055354
8491.333890408228
8092.399011687866
7829.467737774296
7940.275061265151
7852.971166339495
7865.258670448894
8147.403447965882
8237.804992179043
8478.306836495723
8520.132550036938
7493.0735282465985
8600.278684808914
8043.657648488591
7566.04170836286
7528.961837174925
7407.186278992009
7282.715824476383
7330.8924395997565
7085.998644270947
8395.246665966726
7697.046128210683
7272.207523295449
6936.255492187921
7440.8934384472905
7986.864258863599
8392.703475726352
8691.01845419491
8398.516069876521
8075.773327280305
7572.3307178652585
8841.178595453144
7728.5626278843665
