8211.144189685443
8004.658735729901
8149.110681909931
7693.018578516547
7906.6264420842235
7861.722933788796
7919.65005073296
7737.119336562093
7994.230425962063
7822.936674445267
7860.89953686552
8143.644399959185
8150.325789418448
8078.148716066039
8052.484219123653
7873.5150712901195
7662.605703284471
7756.368480137376
8279.75168914016
8057.592850005681
8142.970733910093
8256.105288946499
8176.597610382511
7983.968636542452
7767.457872737181
8003.840717662337
7891.085962685633
7939.568885898907
7555.642575085931
7806.5777409033535
7869.172284303453
7924.197603562563
8164.95847879445
8102.266398048867
8197.412137249456
8265.503378899366
7936.005385823813
8058.690951631631
8017.818371304276
8131.879367386124
8100.931332897603
8135.22616917825
7992.796370757988
8323.380636279873
8231.005800296232
8226.17309391044
8014.66455846004
8330.280156054749
8421.724065267872
8273.65815605935
8087.824594501548
8072.112660594396
8344.783226209587
8268.73174820236
8405.38765910355
8032.9727675446775
8311.459777619708
8179.181714798101
8318.813124220935
7984.523651596146
8302.50799025154
8096.826540099119
8366.157762477473
8258.600558118917
8319.884197705313
8141.758532179742
7985.326734069956
8329.522960380204
8162.081634151954
8388.400829850569
8199.025358974848
8285.077067912382
7992.7490909631215
8147.586100619732
7916.34135954732
7938.7110534076855
7900.43035585001
7832.01954056486
7742.878394054942
8068.457127544215
7321.102589087069
7774.209492728582
8212.31049185517
8084.1345964476495
8088.132746835752
7939.353581429403
8177.907336782995
8137.334409521207
8087.410945379635
8044.702444475999
7977.430239792753
7958.866452205247
7965.714088220362
7904.7546841945805
7997.386641491322
8123.041156637943
7809.273513629787
7589.304382714044
7668.555725450018
7627.479759275773
7588.311487251678
7641.273459702897
7744.626291313563
8065.046624580664
7389.015300622645
8163.226771581923
8053.783483660241
7979.755965237511
8074.9567538892825
7852.930546874634
7706.840482244455
7849.5379413683795
7900.150191212857
7846.051683423089
7959.827508816839
7884.873358374677
7872.610958012685
7819.736256155556
7940.657899906687
7717.980149226052
7916.51599970005
7939.7791851929705
7827.342181515896
7920.3032517534375
8019.728172495129
7619.407519268555
7728.287992260727
7897.101074283808
7905.816415221206
8053.163437684698
7309.253178591245
7998.952509597897
7836.709532528524
7930.775833912225
7747.35992727367
8118.262078699395
7752.3164360985265
7666.409528081975
7679.921655008337
7946.880673668943
7875.276028512103
7859.298815538537
7594.100363339617
7837.707238434757
7304.805712528597
7836.7845208170775
7993.197782929852
8068.310123878191
8799.398633685421
8262.503232853524
8455.84876700247
7771.952985694428
8084.991087294569
8444.750207093666
8127.48494712238
7863.869831777085
7332.080580370438
8133.7015274728565
7797.223721145988
7938.318222454777
7921.028467209194
8086.415222673262
7895.380930143386
7558.99763943954
7861.602999167353
7444.773944555525
8023.563613926556
7901.682153848244
7675.679268906742
7608.982122068929
8236.658095762068
7678.135027414644
7681.153905955636
7872.786260297337
7862.659510689049
8107.869477783125
7640.2871085388815
8481.154419403485
8013.496009529349
7335.996827552273
7911.708455470358
7888.098378481093
7588.514601076245
8128.147394692422
7619.159074826443
8145.1953546762215
7956.96362661578
8129.057721684081
7725.256695729977
7953.810284944149
7372.227279994262
7999.838028808538
7724.627598559536
7470.511138957195
7309.6928417953
7740.627908178002
7741.717194803464
7721.815953323644
7503.582047392253
7211.3986608811865
7692.105849782597
7815.552699864683
7790.544285703514
7544.868386585199
7756.255614074489
7767.678099369625
7652.781673846643
7855.582924430511
7984.591582387445
8079.645549832573
7937.144479517171
8186.406334610968
8211.097033759412
7731.623136959806
7320.685725020024
7892.973720328399
7338.990386577263
7745.297615306462
7589.95780084505
7749.801421541411
7742.451237552909
7944.977909450912
7943.301042496114
7869.835869202316
7920.676847661768
7711.881609719351
7816.907429724687
8146.615054507507
7861.503085808384
7658.011380103412
8042.421410214327
7945.767204571177
7716.668092685759
7794.027955273681
7709.7902836282865
7820.862639406502
7991.312596965071
7745.365278713169
7586.796705264567
7551.981372822856
7877.372064997767
7740.09184156059
7705.247076313619
7666.058528100025
7899.262171897994
7621.236520349301
7767.907652817859
7606.780899395045
7666.973404611449
7661.668625539133
7652.266297793886
8074.828336682772
7759.665793466979
8037.846614968358
7752.629146921729
7859.731412500347
7665.208741128396
7894.070980668097
7712.149331807572
8698.78834741413
8666.002127537653
8650.67867738631
8274.34797172683
8590.279427252526
7890.008225753136
8493.6182597883
8187.73215647143
7877.486310376897
7874.466668879714
8091.642885671979
8314.6540554322
8113.570320617409
7879.825735114593
7735.105697390478
7968.664498143523
8236.477065865778
8080.043045696588
7705.727833125753
7851.620750664116
7900.113374662468
8303.335710761376
7636.747597846188
8053.0487159498525
7680.854376096882
8313.68448454622
7971.383721770587
8247.590341653275
8251.798044086689
7880.21901813802
8427.385406172385
7811.013498574777
8260.369826006518
7793.0569155483445
8136.044718511347
7641.973773591407
7758.470009203735
7718.416402438056
7530.866371727949
7329.562418248306
7377.404217347863
7278.190861320336
7912.466741549102
7873.67403318382
7663.490950574319
7659.234099051715
7581.8065836016185
8327.100871215433
8251.42312448979
7728.480674903255
7704.429351752794
8032.347942059009
8687.31929171719
8800.836031350227
8963.72033626176
8302.558479476294
8009.659701109983
7958.989324169275
7714.617281622339
7452.3402938895915
7946.165372705424
7970.016784489466
7911.805964684247
7996.090391130981
8091.986474519502
7404.240106867387
7813.078800211517
7836.32279649719
7461.0943580778185
8165.381593261064
8165.849945867306
7776.085505167044
7728.8565688247045
8012.446538198754
8257.106843013671
8207.942413299384
8102.174317131528
8061.5628888312995
8074.959554076755
7984.7294884794865
7868.028825709287
7878.234076105719
8340.008440361653
7972.121037306928
8399.760435100132
7637.829356336197
7701.312602163569
7835.78224631087
8115.126252245325
8357.16240418737
8234.172541764796
8215.888295842018
7776.1284455314035
8046.704245043655
7569.464568754948
7643.4381430205995
7740.736726857495
7694.722768530445
7595.836294568646
7896.863367118165
7875.370566067908
8150.743697961322
7985.450549362897
7986.964552244228
7872.836323908273
8310.16897419476
7646.973419845256
8107.710693944135
7578.016322774564
7741.047886559772
7509.335614717303
9085.985762637174
8862.68397879629
9250.70018299205
7726.9350415642575
8707.08734667429
7503.735777915933
8453.517880299447
7768.259182207357
6917.315363872298
7704.772981589714
7321.420681456348
7722.47430588818
7717.296919702706
7897.769092066032
7346.012525045933
7219.257452629015
7402.461720282567
7387.399186636731
7751.47593343523
7324.002215748732
7952.811056337905
7718.848171303858
7504.403181841597
7786.70886892149
7936.6471518607295
7686.616988330445
7712.312408911743
7652.2711442449545
7761.257656585477
7542.958081403076
8139.40161348292
7055.669610112912
7705.633926417317
7135.617956710838
7776.9692359665505
7529.02760863838
7984.665808450576
7557.526504950892
7556.271454385396
7484.4525833479465
7655.207338192242
7551.966301134742
7956.500340530535
7675.398904333305
7876.175628264144
8230.241431685563
8035.153907674171
8482.494476223
8230.91387134808
8211.12775051968
8193.729931818638
8274.158864772277
8491.954017155203
8634.879060369956
8615.50858131451
8341.636981863654
8486.554710159075
8481.329000334918
8815.186333405238
8328.03042997218
8665.498491126247
8375.099230685679
8691.060286601234
8444.139431887223
8391.086580963482
7705.263232279362
7971.824546814204
7750.549111434514
8251.95425677396
8230.447324927878
8426.099227839793
8711.750504413423
8352.376274404804
8471.282643446548
7998.893653323568
8128.915726014364
8151.504949033541
8240.849335617595
8297.941740480379
8077.505307007886
8710.622248727479
8578.936935579404
7889.440226234071
8259.278913580998
7974.777963495462
8666.898249427366
9047.614148661856
8609.867827285361
8168.857750620028
8059.08946146135
7906.0266181622355
8070.383008991525
8446.804581417078
8300.825939663537
8968.792484491163
8186.8116006699065
8268.68742090784
8292.801422929568
8404.782866646277
8029.430162522936
8209.872481705863
8144.9107286152275
8327.261910194467
8126.194089699826
8765.842673227275
8006.09855654033
8865.793352202283
8202.653462779823
8625.773255223674
8325.787597867526
8609.87526234701
7355.687048471673
7421.223600784362
7419.224996266857
7776.685110821754
7589.484582949673
7900.160819347233
7416.412743957744
7813.128374472325
8145.598952113591
8023.170960891285
8224.96098453481
7531.473601158286
7890.985418729523
8037.378742396942
8199.853333139581
8286.041230401821
8263.649550787513
8341.48110476352
8004.390017564915
8093.959920952394
7933.6386163176985
7920.247459426944
7852.324270482683
7655.834795329105
7753.452861597713
7675.084276365862
7608.244295922764
7639.469166145139
7820.604625048606
7951.50106495324
7572.685156107337
8235.391223173976
7668.178154538594
8152.210413135048
7906.52180426936
7904.735531985998
7786.321269769918
8330.929759939232
8269.376071672097
8469.75206108376
8133.446721056904
8383.063484224018
7889.21399222894
8572.961294367951
8307.252181906475
7804.15758192356
8118.897013851748
7808.319122877647
8368.421816709517
8326.465359629336
8241.960959190254
7968.730225914221
7823.821071986412
7830.700791459945
7832.708725136761
8007.312584741019
7813.967319858873
8130.540252843433
8088.24513115275
7832.206298500257
7894.373859999763
7860.261931459233
7844.96939475332
7789.950137417104
7724.049486751877
8212.174346790704
7971.07454611315
8487.423324775982
7875.606882610221
8352.899733235288
7838.206003976667
8115.348722452533
7866.82851779458
7935.408675967335
7837.876318774919
7909.888034244287
8080.938894543786
8005.804629488472
8222.957025611056
7696.651635809599
8369.45945042738
8379.791817605326
8074.763984125729
7904.1251620002195
8467.996685762966
8248.83108725464
8017.489695152843
7949.886016062614
8057.048175651333
8389.77253521975
8739.686223188712
8503.694649878746
7998.4360483401415
8138.443507254919
7618.829850524727
8281.05778681811
7949.534139773038
7958.353454569499
7647.566223370563
8161.435956666185
7942.041789568326
8158.640150147629
8199.85915865115
7730.470441858394
8516.924298538559
8038.732066068374
8180.658166483024
8100.716486878586
7983.02015793359
7980.251995960294
7680.535353953051
7965.1599718736625
8095.082748863624
7937.251774241375
8632.04662356031
8048.251617896258
8602.347472838004
8075.186300872509
8271.750996850278
8027.356147655438
8143.722879068629
7900.477467208693
8462.129771575552
8442.81027185804
7999.648202672009
7692.178226924287
7611.171880895215
8073.419454259423
7780.462773998115
7824.9911628115415
7660.369270810426
8364.055783659967
8429.270208509757
8137.22919337793
8066.789491292425
8200.509533530845
7931.643001117826
7816.561551998451
7711.660484949143
8467.756309505308
8443.707401708007
8135.030889030769
7837.116037184177
8514.16659844993
7601.109486308447
8550.937680948064
8004.355050862751
8224.093164618882
8284.477934929851
8205.49005934159
8334.28171435471
7920.278227147934
8140.238765714789
8135.81479611153
8039.163498351395
7791.601301118432
8273.024776722405
8082.060396789679
8010.194610169343
7836.455498678988
7851.040108212067
8090.7406265416885
8253.109860239478
8061.188734909815
7944.173000954071
7943.211612265977
8296.478218221882
8091.369656314486
8107.891528674466
7772.614608336578
8444.10437860809
7868.260163061085
8360.369807696936
7670.364341027763
7895.580097977922
7689.273594480281
7882.23005683055
8115.5076017705505
7876.269674047712
8277.792862895205
7806.482706912475
8180.011615408372
7865.1810075707735
8396.129656045814
8245.904159403584
8064.883864424779
7965.190226095401
7823.382840704253
7970.834471757459
7884.77625433397
7407.4812430509755
7737.508426701841
8085.02468471202
7925.723475044239
7504.81164991087
8951.630950612784
8193.990061034072
8516.371648778766
7842.522298576791
7531.566105767659
8743.097755669294
9023.407000506775
9183.637305146212
7509.325005330392
8443.825942291356
8073.0365272665085
8207.250894040599
7712.763860519564
7725.191204103937
7714.056590009376
7741.679430045964
7666.943764936685
7668.698116768424
7984.787903344088
7366.4977885686285
7953.17809871567
7756.885786812718
8380.411844127384
8106.746121333442
8235.110306339602
7644.680931780484
7755.7359000475135
7539.657272660905
7453.674660421573
7487.570029892398
7653.555786916165
7434.2621718005
8228.296583689917
7698.804017576662
7808.590822823405
8816.666667269832
8165.797360371851
8704.800489029902
7900.959062458534
7959.604887195865
8126.223292121678
8487.589670852163
8714.291681614708
8415.620139932647
8543.213918024396
8288.831297952876
8598.210754594626
8040.693210787827
7805.171478334174
8369.733188717188
7833.424521816008
8076.763890644797
7711.538802464114
7830.887915397707
7709.417386406776
7666.488842229141
8211.314307358332
7688.519382468419
8707.800365691619
7910.908037537769
8605.29882022141
7889.486447534845
8355.605858878585
8060.076434605857
8578.90887807238
8428.369796768678
8335.863454449025
8197.06077212149
8240.324900815334
7947.594898157071
8048.248458640302
8011.300742661989
7647.736225505947
7893.66382466761
7589.25863683186
8012.052631054616
8008.972899008265
7957.9827479348305
7827.403588660176
7693.351841626855
7620.002446142314
7753.434227185145
8037.668820818983
7985.649181509246
8100.285604094476
8174.576356312615
8203.93341626103
8168.844859351264
8180.146877132259
8165.413730333506
8074.490682963158
7985.736393320091
8101.188946895611
7913.130214131379
8034.840461184814
7678.434009111379
8013.426817169628
7909.697206283051
8145.139430163652
8146.211078645933
8174.461503770969
7643.489555645214
7830.180669554256
7526.945024125639
8032.832470272201
7689.346894390804
8416.145085741344
7338.927884413151
7889.996960102422
8372.02475823569
8399.097098919652
8424.945768626232
7511.055951439472
7840.310249197938
8124.337893340129
8203.309183738738
8270.281100426797
8579.044466818337
8337.97262655009
8077.3607492735655
8047.486908509798
8149.9347280234615
8052.567730527878
8013.022746946947
8242.233224960273
8188.5312228544435
8073.548693963102
8178.833387148795
7982.079553673061
7972.543997660094
8490.026849268368
7514.5484681206535
8351.638417870641
7594.555061666185
8042.10973184861
8168.10795000893
8024.5318054061145
8207.551055783433
7683.520261437082
7885.748483342347
7813.127208360429
8037.4846369811
7980.5577633290395
7879.659700200641
8036.934978869751
8201.530488086666
7750.241154844884
7985.320291607039
7992.181473887455
8223.286327628099
8231.515281552664
8038.194862805043
7924.816254604589
7927.352326358086
8150.147386563057
8015.003218091458
7917.38743544276
7884.219835832637
7994.46512389831
8168.897400309104
7765.570564651165
7895.72772489536
7584.983653307614
8012.816909157868
7719.448878125601
7884.472779213255
8102.364470361735
7916.449597435628
8160.6087501060065
7819.850139635799
8267.123727473547
7900.512748773225
8120.126370209783
7822.969683726586
7757.062281903801
8117.787858519312
8156.225758561062
8182.413468412067
8318.781167906183
8188.751702584002
8423.906690351654
8098.203440893233
8162.220364238562
8323.382446338048
8288.053155963926
8390.836392661597
7812.7610580193095
7782.986464890237
7990.846646665781
8240.301117703682
8410.604534935354
8358.548968491079
8433.905511645142
8052.632711039228
8436.077230287265
7761.187588631093
7752.450995557137
8206.18498129669
7992.175120086627
8022.463922666538
8167.505378088704
8123.71999419817
8281.979167742433
8314.20717459231
8406.968503335545
8094.2532407074805
8314.938649621103
7780.682758096737
8359.05520122002
7680.151989389529
8159.058194948872
7933.571871531965
7296.467359228161
7195.423801922478
7133.213128270737
7682.093501167923
7096.8923957271
8098.296196183437
7582.633463159063
7693.194614010854
7330.820149308465
8128.19512899209
7750.231630592181
7652.518809417566
7664.3081721723975
7698.9595545726015
7424.622566072436
7442.349273024842
8316.5199461135
7518.6899309422015
7528.423795642428
7760.726727398205
8013.905551290217
7637.024927107084
7411.903125792452
7534.937916913219
7423.6191271809
7448.681086174551
7413.621048826624
7387.2605622862775
7792.6069368042645
8220.834713192895
7525.2488225104
7413.386303979676
7651.115004192568
7448.608769839336
7757.448312011182
7318.032057256875
7705.912758154915
7797.455596091725
7624.343951713637
7564.513154208104
7509.6567562417895
7417.14223384299
7745.735338266888
7269.611189054327
7303.611376002263
7871.226847906348
7577.281970888481
8018.432844574781
7316.271269125144
7319.153448438131
7442.303346892824
7681.356478588049
7943.49856060116
8149.975333054444
8038.313946555222
7458.20248955085
7830.020680054269
7262.822634167694
7282.35102036916
7551.844288008106
7220.905727849174
7312.030446791934
7260.855425544319
7289.951579637592
7326.135249847034
7387.800470036845
7686.451173514361
7210.809125198847
7816.589747558661
7302.735398560272
7770.231287335348
7248.952067737622
7510.591157677138
7244.716528549518
8192.627212008843
8174.404771068429
8069.217494121387
8101.679437075072
8074.254998599521
7888.353573423602
7854.829676952615
7899.276589424686
7765.802735224222
7831.362045137005
7381.41412455133
7570.717974345636
7721.378066402764
7760.498662681554
7706.645959021803
7506.54264710053
7306.610898213834
7231.6010869337515
7685.555603977334
7635.06110924978
7616.342576778838
7365.761318500459
7653.732979710734
7430.450193182248
7609.057689623942
7334.934507908565
7431.852788943623
7359.828584471365
8030.047491635046
7872.90130875097
7890.001884324433
7772.900614436118
7634.642781313632
7702.164131740301
7486.887724506336
7660.048593696076
7586.418613746301
7824.622028392115
8302.56025550776
8307.944800363231
8245.790637054872
8329.50577089824
7863.53391086468
8263.828112972971
7998.998443535303
7294.705492118756
7676.901409668973
7863.189023951866
8165.679580374037
7944.811958793132
7757.1628457429015
7654.967856498087
8014.952475188592
8106.739589174209
8190.441608105898
7916.469341970273
8115.689614709964
7944.502008465221
8255.56962193426
7841.471820215078
8165.743137982782
7824.862652900248
8286.737874061626
8246.01638216441
8396.036956121528
8074.249002499726
7803.171665122332
8228.49378455327
7280.464299954054
8092.155292777584
8125.00984923234
8149.82641243246
7943.798135869378
7969.329793286622
8174.0484196594625
8120.622533577925
7562.00996449205
8515.917074521867
8152.496459702333
7926.50548911718
7903.480056180401
7883.447052543778
7578.9134730963815
7948.607389595721
7504.520484741777
7461.761890999429
7314.26296982157
7841.792381834511
7918.290821146296
7588.15803790693
7449.7416169268745
7391.632103288769
7903.893910176366
7601.880879664646
7639.406884302297
7310.516008846719
7524.317477764009
7451.103354543011
7624.684308655695
7392.150971745712
7395.7891058983105
7367.827644527265
8308.163486077787
7941.859478369498
8206.09051080532
7762.217857560155
7508.749061392912
7828.07883366741
7223.3602107995985
7650.906262620008
7715.752956981632
8196.167157118023
8125.856030073929
8128.987824403086
8087.369895398219
8099.965819014615
8042.276527487574
7864.553548271584
7519.226958891788
8158.73178080136
7934.6267838153
8582.726587939364
7949.015996464153
8010.4727125801755
8217.16900943818
8383.954886196798
8607.52773775809
8702.043595511785
8524.514899539015
8377.797866639374
8374.92257646978
8261.126595788583
8185.69371906497
8386.05185642513
8564.25166985788
8092.342584677481
8389.706229405456
8001.052781466073
7813.932492747228
7940.572476224492
8002.815412582549
7719.583400993664
8230.321520344873
7953.115247363239
8421.542095503772
8200.194790765876
8321.971026968577
8243.23711531519
8223.430332446376
8114.629761693455
8115.961857626378
8057.776866035514
8101.842467677951
8232.809726373089
8111.190543224234
8250.733809822681
8462.062229129322
8379.118501976374
8403.863351053647
8054.570184028803
8122.610061481209
8162.272507602993
8211.704480987413
8270.110532212437
8302.227155391409
8151.3210605050335
7990.703030283082
7921.851822138399
8050.2558281631755
8138.33464637036
7886.496407701209
8334.014390389615
8231.822475468163
8505.347123125319
8630.866801478742
8739.0660484541
8143.724682609831
8341.474408885495
8149.181608259227
8426.162067659126
8082.416481737418
8035.86427713991
8109.739803970418
7873.598430158096
8078.770935595745
7531.460271738841
7445.527549286824
7378.363492461524
7286.7659962124135
7320.482707507642
7511.236990196182
7539.901394636124
7534.376975211192
7992.143209779768
7651.926833226695
7974.208039394344
7504.855775714026
7455.41331186332
7529.995833252497
7653.7664759344225
7774.969379042217
7867.151962682295
7638.415224223226
7453.780156634903
7326.605931401732
7482.890067135621
7586.577913117964
7323.451346417216
7383.771263994843
7315.890078019859
7376.941524471731
7279.625971802362
7327.46183640066
7310.292936142895
7575.8645872208235
7523.839849725551
7874.179112929303
7467.304343059068
7479.1158411504275
7540.383867955092
7356.211851657059
7407.70586426592
7781.387110071223
7682.611910170193
8112.943682545174
7504.20397040282
7984.527770145236
8092.919756492707
8325.167540482347
8346.373762073279
8440.379814335603
8190.006321353501
8337.878674981668
7884.335455369146
8061.667236797326
8214.17501331365
8506.402521278977
8073.733500432041
8216.362104198053
8137.3059893782565
8224.524239755747
8347.82256655277
8106.896194924013
7381.899241854399
8130.427839437742
7551.533126000609
7656.524165533669
7762.095394263042
7790.704987444667
8027.561450775615
7814.052710497064
8058.0963150474445
8383.36215466396
8121.84519580924
7940.515395484812
8502.818649120582
7637.361918270703
8218.307954670337
7776.69141455489
