7819.816237190309
7615.982604479216
7541.142403007309
7507.604899918004
7689.921547716854
7865.599584672648
7604.952361849183
7757.8310606409295
7851.413445522935
7880.245113400512
7898.164601476452
7969.596876432121
7992.796203830991
8123.7849153871375
8036.307921639372
8126.937627768371
7706.65575873686
7675.358547347969
7974.188934430318
7783.550795397273
7670.490204633198
7738.85144380256
7580.477284150509
7626.43701652462
7938.351965320422
7708.809371929034
7944.226846825637
8145.815809663369
8085.449396246967
8200.063683880093
8683.597409282944
8373.524846729044
7854.919231480778
8811.710328983077
7867.531185403754
7552.556242044236
7727.743665265239
8908.978492738062
7910.577434396722
8029.15903870322
8024.773388768714
8037.580919977682
7976.727932674133
7978.62626164091
7977.8585349021905
8011.147674054093
8037.604439147388
8097.534719871978
8121.370254207914
8129.848753065481
8282.61156841837
8263.27368316772
8087.637253576286
8031.4805414893435
7995.997732131447
7973.141331844827
8067.443284925613
7971.784915506067
7778.28248123958
7804.698484196562
7760.364589550082
7827.06323178669
7959.606437881392
7825.065252152749
7878.832373984835
7984.782499505232
7906.151910711014
8014.711402947961
7944.2029113110675
8054.651859798015
7991.213039066453
8201.371042697503
8023.484995838302
7796.492293995724
7775.539570388976
7968.307949922659
8008.152184494113
7629.352827603523
7751.92073796121
7682.111445840487
7619.6243703036935
7504.220142548685
8306.464282263589
7795.937577468701
7468.218233544967
7827.1310176686475
7567.604662632424
7559.553836836099
8146.512985129572
8018.248186852727
8274.768523610652
8483.545014420513
7756.554787787674
8305.89530946969
7343.968958776075
8246.697317958655
8290.386576338284
8114.006304013539
8101.676854161471
8292.604152749318
8329.421092166087
7775.055502380413
8052.262939162335
8335.562934452686
8132.499915530477
8174.527463254717
8222.562604564768
7796.603992581362
7572.319141997779
7972.399699799303
7613.145187175756
8344.358110185474
7736.138914111677
8293.388673586875
8113.575528073679
8030.790205383932
8100.54242143806
7990.607384201733
7905.48693119542
7903.1244116749385
7864.633137340643
7710.449889017684
7898.021838650443
7844.398593300635
7851.565601106478
7679.390683094466
7300.5781783365865
7767.513616893152
7164.688202306162
7614.975912173283
7958.080306495572
8018.95464675802
7779.249958219685
7467.733939422656
7609.291499981702
7178.2508454430335
7478.363948311484
7895.236719161846
7989.320945093524
7440.597113407028
7708.105052402068
8031.460959385691
7922.163789982254
8176.711567773308
7676.3757241906405
7493.33276557729
7379.476820585837
7463.713437254101
7441.519825922454
7931.266530141611
7318.7433955304705
7685.972590636363
7686.911107114362
8070.81672896067
7534.984806353224
7408.537439341809
7559.569417551652
8101.171143253706
7306.954816130239
7536.939622304719
8212.180568786529
7791.028477037469
7947.642053047868
8263.036550525048
8154.961907013604
8296.835253698502
8037.468262980751
8409.116867117938
7584.762798098371
7305.509420701361
7731.543842254558
8091.204148534861
8796.09367171183
8296.970305357898
8507.909730663836
8627.675657359845
8185.664121483613
7782.433280169717
7999.564421308838
8113.722437547557
8151.111923318529
8089.518437600625
7747.659413949474
7442.32352398241
7445.707960272864
7471.043648008924
7502.314462521026
8884.308307043868
7704.464538965847
7728.295519601005
7680.482884576924
7762.684954512914
7869.004663043197
8117.50249067367
8387.104368887309
7977.109619349462
8905.838995060723
8096.173308636665
8302.683989661955
8591.177941340919
8470.016677444095
8165.993693958383
8523.755170297616
8832.54463989791
8391.436552518315
8474.687853092271
8483.286842047071
8589.162205149933
8344.924621354392
7855.985943909357
7853.256525525252
7767.758462035204
7761.638753337914
7627.486127000516
7503.039858000621
7493.843622316286
7474.18247345782
7340.4595615605585
7473.591190342112
7170.84092421017
7276.815095276574
7211.5934332573925
7139.957632789813
7295.905256517964
7377.3190387969225
7655.660601816116
7515.620687555668
7289.0625458809145
8074.965536385504
7952.146906251788
7907.913963658252
7927.930355774056
8029.175512333595
8026.7183345186695
8143.610739644517
8084.767978415647
8062.050321923631
7859.495216223655
7824.204606347585
7746.251631449043
7843.226632355215
7743.808117375521
7601.320956067113
8312.10073774864
8005.1512939861705
8012.315630744951
7583.523994500899
8598.518578539457
8793.542661679565
8610.799858083567
8860.111365821178
8484.40688620794
8148.349298798482
8285.264580806062
8128.7057312411835
8047.700169385362
7948.059471487914
7724.131901720242
7623.355536992265
8061.226471821595
8327.541774713007
8348.397000926223
8530.910207520576
8292.537956304872
8358.235965546575
7564.843222078679
7661.10297914795
8088.45046924055
8109.9920768735155
8342.929042414977
8387.231799159392
8100.96425434693
8426.384312719441
8467.959953786421
8027.36472045936
8019.949888484996
7838.5044338642765
7970.263482618645
8085.529086364368
7907.0292506000615
7951.026983267002
7796.198748864247
8320.31637740908
8350.545940091231
7795.448871140428
7765.041462029571
7568.27338827172
7613.572855239693
7265.4047081922545
7815.946911224785
7784.116987705909
7497.09515243732
7968.878157806133
7843.21478275634
7985.099633423581
7668.5827271549515
8467.27755270548
7632.883758658615
7589.010638730177
7969.227020445057
8452.003464883532
7794.116594437975
7536.400041135472
8339.082473531793
8132.757526781814
7963.9719504578425
8177.555543194005
8062.196518451049
8095.165941373885
7548.155352141739
7995.734826576687
8370.738899014545
7628.059236273456
8139.146942665125
7467.452423218905
8362.93213126316
7974.445436282066
8019.39843296485
7962.31853236318
8166.407579840496
8003.081615944705
8010.74487324463
8138.7840625533145
7783.452509704907
7494.335443128593
7570.690307393931
7322.9084367621945
7775.045159944296
8158.5982692223515
7608.018537437814
7975.347399063345
8152.138835838794
8157.1803124694825
8182.916947437344
8143.256175885496
8267.211472367666
8353.551031002315
8141.177233573023
8363.589006201479
7707.581372258428
7553.309092920957
8044.020682573795
8224.99826261709
8006.641532306595
7658.952451930353
7969.9318409097405
7590.934623626423
7845.7897540649155
7941.8417257727515
7801.469312096705
7690.88117407333
7737.24658345913
7763.259827589887
8093.2182808983835
8132.661678298819
7981.334223118115
8642.432319481639
8243.766152591552
7619.562088830934
8068.387199539031
8408.979175956694
7823.148493446411
7750.018279187032
7815.406714353779
7786.722279288259
7666.5559854499925
7240.367487764017
7864.194916012438
7938.331676690192
7750.451865563842
7487.609554454976
7956.685229277546
8181.351600180463
7747.794702667914
7323.000345288415
7808.323387542045
7577.265814978297
7541.0725521979675
7810.1675708942275
8313.1664833243
7650.743204129414
7634.725673039288
8023.972506805136
7788.596733656546
7669.118567216498
7877.599761682313
7957.087116239547
7815.344829206606
7901.446224152259
7895.054040498727
7951.310614983393
8043.473431611735
8176.516907068653
8156.77207311896
8242.533678583495
8131.221118106258
7662.0957482368685
8137.328977924314
8085.696807282559
7824.604656777774
7901.24538412777
7994.708951997582
8001.435419122325
8265.237612958972
8151.891463230841
8006.164307796851
8275.645008346028
8611.272071164976
7768.41837641894
8183.247659107098
8377.370707977185
7917.53714581756
7909.5311229094405
8077.429423412366
8074.509794126058
8059.141830935423
8030.644570785576
8222.288412716372
7905.919231749118
7899.953711053635
7959.385360420195
7946.333950803026
7744.465922356767
7658.595949451443
8042.484841340617
7804.250856577125
7619.952737601585
7953.2860294308875
7897.325131937189
7609.064465303662
7922.189393498464
8156.50992854631
7787.011214287144
8035.315010524265
7718.5273314808155
8086.508758296859
7656.614444770309
7732.443598620415
7777.843246856893
7782.817214464002
7904.889202427656
7878.905917674863
7731.579369793117
8290.450752935129
8216.697524596933
7822.404617988577
7518.598842683891
7658.620030369548
8253.276202541101
8422.289911435226
8444.775909233174
8436.958803631203
8587.953904338634
7762.087814206316
8183.286287314926
8364.638251741479
8552.22226313732
7860.762495302607
8696.024908211479
8091.492404769334
7768.746695991036
7808.6682724109805
7974.197140498851
7959.641966028777
7551.1630271245185
7772.44019773842
7442.682553269951
7953.9124167718455
8674.753084531781
8314.74225807356
8728.224344616645
8552.824659470223
7749.801755194537
7837.705761772164
7999.151795674518
7976.080657673581
7735.462146714893
7904.510365862796
7728.676456929431
7801.563792260304
8022.249057710363
8037.453464146094
8024.347657607386
8167.590501190025
8073.326806773599
8283.348803816023
8250.471159299934
8249.843194006755
8323.45193908605
8277.571371942973
8397.138908427858
7699.547609748185
8127.418134614284
8276.601233849504
8078.481845465239
8143.296155768462
8256.770606002254
8140.415612190006
7944.2005694086465
8720.13702468858
8155.594362394359
7892.942510233088
8165.289692412811
8654.710580463361
8673.236457894349
7729.351604695373
8078.988821416163
8245.345133389112
8169.521265667597
8389.842954533806
8168.406044263649
8261.511770661924
7775.59192406957
8213.432831828854
8448.378100752414
8786.08391485132
8314.597034105285
8325.3001074916
8099.725586603009
8150.833173263936
8624.819168623357
7988.706391839336
7704.657831532861
7652.960256794606
7978.86225602461
7470.986541050964
7510.017194654032
8361.704120053295
8740.838170935174
8195.691379733607
7997.32209524159
8092.991238405347
7985.6838003175635
7518.229401735951
7699.1241723043495
8181.070186642566
7846.606349260785
8132.974309429183
8315.15148852499
7917.228626958026
8257.466091963246
7738.6534372343385
8086.023882131036
8394.64221830286
8744.34270073833
8643.906208278157
8870.34406699869
8582.439744431173
8067.848769817378
8166.075286484835
8633.336930063482
8298.261565864672
8481.463085275724
7961.075633247775
7951.869968387826
7966.074391933726
7757.460220030721
7689.193861438258
7599.623956721758
7608.843818826767
7654.995652259735
7908.2669249305645
7763.453251013858
7782.84933125068
7803.743055286632
7874.669890371884
7841.356963900227
7993.136723012017
7670.038398759495
7978.282094942008
8437.216809277399
8444.469665181441
8605.671221055383
8708.175922455644
8330.29240798002
7620.65731125605
7989.842883847613
7947.039290408056
7781.231436601817
7651.96343697163
7916.565076952006
7927.462060739565
7848.912214511222
7799.3533241752
7715.015059872583
7590.0729106411545
8406.333248381412
8004.417737871441
7941.802725788746
7786.165731782526
8029.384229603825
8063.311846689061
8153.185961609502
8129.315974674646
8008.952400016817
8704.923688954306
8576.593748605479
8228.981965683586
8046.270130920111
8044.3530361105695
8417.014412962617
8581.661017584682
8713.625496262108
8381.672240589227
8481.043790664831
8047.713627193734
8661.62195257945
8183.272042060963
8302.721979947339
8409.802222524442
8366.622328174726
8492.347351262642
8697.902747855835
8442.67659444211
8167.599255365534
8292.149485329144
8904.868509255904
8439.135779627026
8957.526271564144
8374.511673651423
8268.609483501647
8130.707501239616
7972.660286628097
7800.285684504632
8065.593375844449
8173.767701808656
8342.01106539554
