8275.374216575528
7876.601954233154
7977.191537507661
8416.968433129292
7842.043524948229
7969.44791924319
9254.745950803233
8528.436271127528
7899.020282237433
7889.056915134904
8199.042564083155
8696.546423371974
9018.493634940623
8677.761820972923
8321.770233724214
8261.129508044167
8216.432183018127
8002.958410286551
7911.262585928698
8207.28513088483
7740.7027446635875
8070.819194648419
8054.744345826135
7786.416936130218
8139.951553519392
8511.64999765377
8592.677718946017
7802.408979700984
8149.883866012384
8044.43504505143
7973.329841201204
8096.369565886738
8011.726324518566
7928.04250805908
7940.512045554119
7953.145736941499
7691.836386556801
7595.02317623785
8031.4240967232945
7834.0146627621725
7584.105066461707
7894.584399489342
7685.871128163053
7759.882299330569
8067.1903310163125
8017.561735653763
7921.981538728542
7965.2005374351465
7960.955904742217
8121.229559914819
8047.496387927621
7948.127154293208
8175.180934957234
7974.064001275338
8004.921460738925
8082.720044676243
8004.444051932363
7985.794584869298
7959.561138690366
8072.24213065992
7963.702364125439
8045.048730553267
8067.2993502785175
7972.564962015381
8051.447712306113
7870.783204195093
7569.411739295114
7844.972797678538
7909.1319299607885
8126.504004525213
7765.976823394063
8085.664657547597
8147.2373751574505
8029.819921180678
8160.170397308098
8010.558887909033
8209.696338917176
8183.712772920742
8164.31080176887
8248.619731175077
8359.691731060446
7990.283378474262
8025.6322484615175
8372.17145031484
7435.7925237203
7416.8154189678835
8030.430779097756
7471.904896008823
7432.79033363927
7762.507282865371
7680.294226749729
7559.9961936276495
8296.099935465336
7850.598695845061
7807.193496558654
8179.497190288548
8035.0073314523215
8310.915757600123
8070.415626616028
7717.609706369709
8459.395617419132
8221.846326196073
7911.361013243575
8161.733627100537
8346.70379798353
7949.412277636227
8275.918152908402
8454.238636333863
7910.320020721675
7832.646796903926
7942.827636608824
7853.089939891293
8541.047879001184
8192.727944736565
8449.238343381401
8904.642499784912
7713.060722994124
7731.335320877709
8378.041573630622
7947.008042178204
7695.617939715111
7974.927266542773
7833.130125200178
7864.338910830671
8307.04915807716
8188.762328342371
8230.501152391034
8316.551329694934
8224.029516708655
7974.681344646092
7994.098565277791
8209.890933491444
7144.148871300983
7890.643297119305
7577.119273812775
7462.599854652093
8171.406073062904
8331.336726573536
8427.438354932256
8112.38249083953
8130.396490802262
8265.13607569164
8342.816607846735
8300.219316934037
8030.583692704565
7961.261154516229
7891.806978133948
7844.103888213811
7927.323045101872
8632.534235288605
7958.066873230306
8179.083002855965
8675.292299048293
8566.108364950373
8412.20977749199
8371.97684217631
8247.791547515651
8450.977698659231
8338.583901235006
8300.723568004243
8207.500687409098
8433.100079053836
8576.811242712327
8137.882496629646
8146.370628988404
7716.594398184591
8496.371886940344
7870.476457556273
7850.184257845248
7904.858134620174
7967.174215145983
8308.066991494185
8225.317403647961
7961.931802960835
8035.376278037551
7924.72727172439
7666.265305384995
7363.473143546511
7602.7637848408895
7868.171101500036
7867.117062688192
8384.654515057631
8135.358221806221
8097.844059079413
8640.268715723758
8605.80650375968
8894.49732054784
8371.97666788664
8475.548595906434
8392.362079785877
8311.400641011798
8348.55518554137
8008.814734831487
7633.176663497006
7934.593868942589
8163.171873615472
7672.631170245799
7946.128061727245
8332.444523166794
8163.440953391424
8045.583675983643
8115.296267928791
8069.748285154691
8266.030096319979
8336.87305213981
8505.17477474463
8438.3091077141
8259.141783703708
7758.469489327343
7858.466612101362
8155.644139795419
7943.839523690352
7945.193292389421
7976.942455362827
8664.691682587249
8363.510598483104
8152.021284417174
8304.544632133742
8356.931630007264
8473.747907390883
8068.77702456866
8216.341608071236
8185.773745552054
7919.732071494529
8139.394256559594
7803.591346141522
7794.951351892033
7923.413523624316
7681.117145670566
7724.573692043757
7826.702781133533
7767.27660744099
7846.117366619212
7864.8213177037715
7941.123242958069
7925.779075679564
7888.416119484932
7877.161162521023
7955.9082402181775
7893.773497698955
8282.20543962354
8089.788484617983
7808.178072209531
8034.120753761055
7782.070195740976
7768.659153833535
8103.831311007406
7836.098991223854
7721.953882373492
8076.92605167591
7782.873563934295
7742.555609882544
8438.3091077141
8167.504823141644
8181.608918081609
8235.003500634322
8212.987601685427
8166.341373031702
8279.420558649597
8480.900176838744
8179.9278773101
8334.186787648669
8138.04682190207
8004.444142716346
8229.451567345064
8258.691122170676
8226.273613125533
8019.853236510048
8083.360014548713
7935.420450155842
7966.517748082704
7936.6455319371225
8324.701444769094
8443.535601391717
8576.179558503665
8390.89026549481
8965.612725006533
9007.030199013177
8574.607287274703
8732.94037395356
8824.469302798401
8335.738135370837
8503.175915375185
8417.515945793115
8220.010990267434
8301.173003049606
8106.902044306198
7982.472457892651
8256.281249940646
8342.816607846735
8224.609002165056
8227.99564570111
8515.112775259371
8395.133405309587
8163.264316066327
8449.142452725375
8079.565014921128
8338.06476706226
8119.345104416755
8354.091722691692
7981.1276762156995
8122.753497464652
8240.199357078145
7923.616392720683
7850.266939433574
7895.498442721874
8150.446052940297
8255.278102720236
8182.385153048872
8469.489599538641
8520.610485866655
8209.635531814738
8192.649392400157
8291.145624040922
7941.854175393158
7927.275257191497
7954.657812350713
8007.044064164613
7892.4779162588
7846.512582153046
8385.007264222655
8293.361539168704
8111.096383725759
8139.008640626799
7734.819935350713
7361.0541161449855
7964.618078802571
7784.813628191077
7568.66639492849
7679.3077870639
7931.888614248306
8030.914909832336
7986.066491565124
7881.1284365647525
7959.112885669238
7920.332788088728
7879.9572884601475
7944.787104040629
7851.267381766979
7555.868357072045
8456.848229491086
8367.425636132737
7796.096574490344
8163.660982744073
8253.088292218938
8337.561564787284
8146.239748634925
8073.886411187686
8146.043528801421
8235.175516304816
8008.393988254369
7987.266400547393
7819.982442816302
8000.476877565344
8215.389457932875
7931.180557477904
7960.769536723721
7894.052965934593
8331.934242715188
8136.708141052235
8017.49151652609
8286.540919586565
8267.449551856975
8070.574862664431
7975.751009808575
8042.546000196402
7986.614470543199
7940.397155395139
8074.959487293887
8221.998813750906
8247.39859250865
7850.922367111095
8449.120331667209
8164.923500597889
8319.30836977205
8506.470463316233
8235.42053091831
8116.725350263062
8235.077687631205
8347.406360014626
8425.534290612384
8407.35852877812
8368.47636623723
8501.87630190508
8222.445699622162
8411.478187536093
7942.280704246415
7585.04311796595
7641.752590197595
7290.10469406009
8093.864054679815
7677.1366927838135
7308.237844267319
7486.979565518639
7551.8905728398895
7891.074929465835
8131.496871704854
8021.5076194408375
7945.849534654197
8000.979592801044
7940.937362905554
7982.398313288714
7943.052830603108
7900.917372895902
8102.468285378409
8271.435038816364
7992.938089961466
8153.998640871821
8473.41245887592
8437.832949454003
8556.797102090748
8359.48037857721
8071.024264022806
8129.407609500659
8150.256601639165
8087.086173836548
8388.917095964076
7969.79942814084
8126.631013599507
8521.348746266396
7900.572735430035
7827.949429741527
8265.39726401015
7892.916727445252
7767.251447554034
7928.311770353991
7597.29027685779
8042.918300012522
8152.975227572904
8105.476742305484
8123.650898766748
8063.962402091238
8461.988298359318
7905.585744879028
7759.4256768261575
8191.53857990858
7633.8898144928835
7600.022178075902
8228.228630498377
8073.201218930452
7481.049509577998
7885.504199499438
7781.788069145906
7733.173815807261
8633.389738803375
8320.649595621251
8418.92106002336
8657.956763056074
7449.197254245724
8157.797614748045
8381.147539532698
7678.945371220301
8255.416999517418
7335.1229054374
7898.974530504637
8443.5284329761
7327.750999656623
8037.787871023052
7545.838268332696
7755.250600798694
7955.728828470593
8356.240352130064
8157.672279451946
8098.837933272964
8316.686687111782
8344.779703885355
7939.057966760902
7954.921958043766
7718.942024163831
8075.687754141352
7888.7382373003165
8178.2809292595575
8671.832188467568
8353.83512816066
8373.000667329465
8325.658711719589
7861.196665386248
7934.502574819695
7935.064576596666
7837.287850573312
8384.967647417528
8365.37621448709
8400.301194455014
8360.981768235071
8347.536075567365
8228.497538449064
7939.155890520097
8008.873936726725
8029.729171943318
8051.945591566198
7753.130566805479
7637.811341081874
8050.118932118772
7942.308233410339
8183.920390632051
8335.470190648673
7834.600149086685
7555.874361505566
7514.889472195174
7541.829689856229
7717.7012803803655
8088.061608751559
7417.752109374471
7625.195970017561
7894.009320930046
7955.0233814168505
7900.8876351211375
7904.729255712503
8150.065675284126
8026.076115309914
8070.744841177799
8110.5126072279745
8594.794133656407
8561.126280163127
8390.798360422305
7959.378576539142
8044.756416485915
7935.425824228567
7682.269731093577
8094.919319114861
8077.958562463334
8187.347503089438
8032.49052123423
8297.14290936529
7602.185385735791
7694.1383172271835
7486.222871065587
7833.450178618794
