7996.601043548619
8024.8776605605635
7952.6781704251935
8110.325998416228
7998.973415926148
7946.613633487869
8266.82981242696
8277.607070316952
8321.388431369
7985.955647017523
8214.085679958298
8139.715794498668
8276.877924527784
8191.757934175859
8198.840985576218
8184.138699861811
7772.446339877104
7760.497505066438
7925.551055383498
7791.056247367389
8053.719499057563
8120.479911876473
8045.015322833538
8144.968844728331
7890.75374509741
7775.97916811299
7629.192802802321
7607.946109948596
7787.5373048159145
7935.2760858839965
8066.39771093014
7904.1427894240005
7789.44073359716
7822.233345341028
8038.149159191298
7973.780811163434
7873.273360820815
7735.93135841212
8103.729449427997
7746.263025930983
8062.82565002449
7892.347880036778
7902.354525533416
7712.623109044052
7944.9594645239185
7749.028495568445
8315.38051390514
7940.176827373332
7765.380401093449
8179.525733654232
7698.485716050745
7693.1900590075165
7795.556722471819
8077.995378051719
7690.771892368104
7817.956960117591
7880.550229963747
7762.079120960949
7891.996392576307
7813.623756475472
7842.46230038653
8106.609481486357
8259.228680079903
7977.619964939021
8081.313172245618
7937.263797266872
8171.388281897226
8038.399644485751
8037.569378791473
7981.450469389823
8082.866146970819
7968.518581725485
8057.330507870923
7795.420157668364
7835.490636812367
7875.865683575805
7980.553886199423
7916.193033308669
8042.850176636417
8311.344105830874
7794.573110665654
7943.198584104848
8414.30475027922
7421.1544820622785
8586.730430615771
8215.026179504059
7528.5543560579645
7496.535083805255
7547.236108348413
8791.77313412354
8574.678074768259
8487.306919633034
8458.362738759823
7720.62112522239
7566.790966531172
7779.858771223191
7715.940684750509
7748.452224970915
8454.562929041336
8555.00592380982
8444.36248880177
7949.48799519697
7609.6418646862
7668.616827407285
7776.66302497954
7696.775997514023
7753.631522205789
7728.991676453464
7816.203042014709
7566.362677774181
7677.843069898205
8260.798804606786
8023.055895469302
8256.543375534326
8221.10876763873
7570.668489479113
7496.618331590719
7585.25559847548
7786.872150180751
8049.956587607773
8013.065084619123
7446.209486616066
8053.60648418384
7624.289044626481
7551.939088592334
7899.428316643806
7903.969809510453
7813.920074711917
7924.8091772027665
7888.273739113488
7902.318387769201
7843.621130723792
7868.004742285298
7819.335500647399
8035.619937359627
8169.804822804187
8075.8850454965595
8180.282624592299
8305.297233000865
7725.757804981412
7783.683866949173
7782.483836397501
7808.738165538347
7765.216804897748
7966.770051238641
7929.454840437779
8689.110163971898
8822.11034416934
9033.719904971853
8556.374586157275
8959.405336429376
8958.462179236521
7912.955930867541
7658.342555060845
7676.611750583726
7833.938356485081
7872.429261522748
7682.64175988034
7684.739963358293
8335.763179572905
7980.37597884627
8444.246788305813
7508.885489211551
7428.296077500278
7697.332721480316
7419.991280866055
8028.933903670711
8377.651569358299
8096.826099059666
8271.809614559545
7882.733662423353
7508.926349399821
7544.754989227495
7687.47588085628
7931.982758946391
8111.5346601788015
7996.506129004048
7817.446048083892
7841.020335845553
7786.514856568436
7635.996091785386
7673.266342441728
7790.184040383367
7894.37111160537
7604.2633039800785
7829.898250724127
7634.828127144838
7716.431432554501
7619.342790330591
7769.675746739042
7615.680632778368
7847.7479140346195
7828.3907244911725
7850.265970297818
7731.6214884470855
7841.13969467597
7849.455463138744
7846.53272780193
7914.234523715397
7981.1857420133865
7958.66757604928
8022.445033730067
8059.065500857103
8065.10272122003
8086.96016436498
8123.0757549213
8158.405193064345
8554.011835951032
7974.016695231221
8799.1526833375
8397.126517626572
7922.824458493481
8445.053764160231
8017.026634492004
7836.496734339551
7688.054922203274
7567.480229462597
7940.005318093797
7965.132199318133
8562.110331691301
8544.449583134765
8613.879962956207
8535.825462302912
8594.22163462862
8731.913086493998
8563.692461025285
8346.990836043176
8364.193052780001
8779.259595143798
8161.627697395127
8610.048543650058
8385.071756027652
8057.13804628457
8124.051224825624
8001.436174770323
8657.444943491135
8921.726234160762
8378.539522737934
9018.675346437341
8080.26137191833
7872.308186998156
9129.693776989163
8219.484429298873
9076.784128350499
8864.025180020595
8674.150341398561
8363.71553529972
8057.980209242294
7780.623103260523
7812.226287341304
9244.756067904305
8717.567668954951
9079.275410894634
7918.701020170331
8971.443322072535
7553.44828425002
7782.803118162932
8651.501941496072
8072.048087179354
8562.592989059009
8352.621411474507
7444.667703435707
7602.229186004172
7421.5477394834925
7848.258405466081
8388.825112961295
8110.553484054586
7523.240323098958
8296.773205593676
7688.684113539755
7608.692965069207
7946.603881997531
8254.761942921547
7847.977104343978
8024.440568308366
8136.786272849601
7986.117490330135
8189.133622275805
8101.392060437244
8169.971775166419
8563.031719944862
8512.870884687381
8708.252384223168
8637.938998892638
8898.276971408157
8374.308522598036
9076.045074342795
8716.04567917761
8944.074143274976
7941.947600111917
8123.832392804265
8222.812219917669
7846.155419255887
7913.215297481534
7957.68970890154
8085.9546152011535
7992.602199040023
8309.733951552327
8314.631029879194
8091.8277473804155
8125.910763429154
8378.00703616922
8008.010903399597
8188.612394491317
8135.422393285259
7940.0037410306295
7908.441164474211
7967.536941106973
8393.966300957523
8383.716556490033
8280.307017051387
8451.250666375012
8030.0215624983575
8043.304852385489
7892.4436520917725
7738.712889660701
8091.76937957627
7950.890955964449
7703.207722032524
7926.482969961896
8405.989544029237
8205.966088382815
7880.227971118447
8123.001595704745
8048.359245689885
8296.964421855377
7357.484347604643
7909.672184146134
7782.197707053105
8152.984991029528
7791.95750778894
7596.6899998678255
7639.798520057131
7349.524478163136
7507.75702575199
7835.364392706096
7514.846737549853
7562.442315019401
8082.24643140028
7873.549332980277
7843.562989052222
8140.043237719584
7811.881923572843
7951.62375374162
8214.108604195178
8056.355605127285
8416.887065586036
8299.225821959983
8013.103009390286
8329.25194952397
7840.303140280702
7960.658471129996
7746.637816660883
8109.528091171969
8256.478896093813
8250.327730138728
8188.5758607680655
8556.110748499324
7764.318600875119
7757.054693069041
7383.896165669215
7674.112686335953
7327.630414584526
8280.673942136325
8152.895714544029
7648.260795161826
7576.08092863206
7667.512298072572
7558.965703548997
7610.470116712076
7741.132564406969
7728.156758231043
7892.488921073186
7877.953221544543
7802.95030155564
8061.543287644717
7795.193356617112
7882.225019447967
8280.534801359468
8056.1345874923945
8296.183687140572
7902.308261650033
7958.1706413277525
7904.134049303374
8004.724452467666
8031.238426025668
8256.839969974659
8706.596229054952
8531.218581294783
8617.135791823363
8108.768274552466
8026.623077876072
7938.335748572584
7985.061951836571
8162.341911794354
8387.626884418722
8637.901011699656
8580.05453636989
8629.759398626722
8445.98784359925
8637.846898449945
8227.503872396324
8056.708443586564
8240.864864096737
7968.761359561595
8176.219166893488
8039.9413412197855
8258.609432576795
8096.9513531270595
8262.07372588127
8006.717554469683
8280.73394538442
8043.469137632617
8122.893236870224
8172.323975935069
8028.270614084318
8045.122073194488
8037.9604418849185
8281.29389780749
8027.039360216451
8126.404830826326
8225.84471140184
8118.3314750004365
8266.510754333756
8232.9987637218
8280.020814934018
7580.311637185087
7718.698714336579
7706.4700571465755
7659.930043121274
7851.943111592129
8598.762595553122
8681.077753082533
8601.15177577786
8618.699421245343
8471.39537367465
8143.993188090941
8239.894072669154
7827.168889358381
7791.127443073842
7775.854788004952
7754.444689325145
7745.944359618939
7671.358735242957
7631.481995950417
7692.894258502229
7674.912094868328
7594.435494720707
7808.506114714512
7612.154190134117
7675.584408101861
7956.673738959118
7871.447227452684
8044.4970874452965
7667.579739768269
7626.65610044868
7758.29564549082
7617.228457776183
7977.872621158802
8207.606047434214
7974.210103465988
8207.304337566136
7798.05273908529
7741.947421716323
7794.247952521805
7901.004796768588
8114.265099004577
8423.541128382529
8443.3544029631
7789.8109432463525
7751.160191208266
7710.658511861028
8383.642779232794
7771.023280813765
8853.910396929788
8584.504559592015
7850.539013652241
8232.547084201035
7908.309333993032
8029.308700461772
9026.425765251883
9066.768755949039
9069.929798082063
8579.046499136806
7990.685358265517
8283.621560884232
9341.56430528367
8091.514912774502
8876.119462955106
9060.398064396328
8491.593466379967
8073.521507751063
8613.176096065827
8360.694063011077
8214.381411607706
8393.077583667739
8151.739397397517
8249.284114834296
8188.702702665434
7723.578397781584
7660.656369540378
7659.668040439731
7657.983321658903
7571.313393315738
8121.550887878242
7984.170537336584
8060.1733420542105
7860.040689854552
8284.625596010112
8260.092957358795
8123.98739958614
8193.207647955052
8193.444554856433
8148.625555954036
8134.830732096612
8152.176735678473
8042.459762723343
7968.578219824205
7752.06891643334
7773.329602063739
7909.349650378866
7568.418814213678
7908.540353654949
7780.368924052751
7497.48269048865
7547.39848929172
7464.68577392853
7766.9891212824205
7644.199137143696
7779.551664238858
7539.16421784538
7585.520096605486
7410.610027382236
7709.279005395144
7558.332541144664
7772.995162980855
7432.504276553034
7599.222693843896
7782.17818094115
7781.3259667195225
7514.169846873249
7520.387267374317
7775.744338873266
7800.511313914621
7808.8722083731855
7662.511810546132
7781.562245132967
7664.59943742869
7951.8293691507215
7503.976639964573
7995.517642302929
7613.035806125255
7804.426861551564
7828.379513787583
8158.586182159376
7921.71849744053
8264.759349085843
7885.046674590438
8084.4407765483575
8258.722739760417
7948.934285785598
8443.497783215664
8496.98760205147
8285.19008265458
8182.863386455783
8391.186550305116
8272.716972887074
8259.62641033642
8307.23833330189
8284.42902248503
8282.07979512407
8292.788955580318
8116.5752049620405
7972.179278507069
8056.608507936659
8056.562865423828
7846.899798843057
7582.4879842289
7704.974097971863
7685.495584191867
7756.25482248569
7734.272853903543
8172.575024037084
8165.102375611665
8106.905346096965
8390.60708067124
8359.644840046487
8333.008624665494
8465.753590591818
7943.238346146172
8238.172486136904
8381.391904280008
8321.757367873433
7633.728508989641
8679.821893035103
7895.118237033849
8161.225468017068
8070.172332432394
8460.708818523392
7970.217861096721
7679.405716267919
7527.810575399849
8144.4908610350785
7517.4363457208765
8413.112908602994
8110.507663170139
8768.615034467537
8184.693516069692
8810.332689662962
7907.6612707225795
8094.917267230347
8425.527867799263
8576.274842724451
8085.62787262766
8268.847295422469
8913.78635816268
8463.667330189593
8660.416576181196
8359.514268683964
8588.003114586032
8044.082415720181
8713.769052967737
7983.604871453587
8870.92537922995
8247.862436912961
8602.88045424769
7679.501993477726
8120.854983280949
7439.745465250788
8717.494726995335
8520.91496764254
8690.069567833023
7601.919425447646
8635.04971555054
8205.03219777119
7979.37859182036
8383.272336803539
8332.461849613925
8201.77217087888
8087.70025031576
7988.7472352668165
8000.462572944118
7956.850538040248
7824.444016459693
7746.634470902092
8376.682026422024
8177.184338768353
8073.7271360076875
8299.218100702823
7393.197768772676
7849.730883788975
8891.088325947734
8907.786905403093
8759.832205842089
8095.842356677891
8340.073401604772
8329.81909127265
7818.260989189907
7861.9685467913305
7822.729113584047
7898.294191866382
7850.108173909469
7785.559022577636
7779.625726780845
7550.16140383793
7586.823854325383
7798.055989332917
7475.416076155735
7794.450727514361
7683.3049747833875
7593.3294279661795
7584.820774261925
7669.581177047407
7955.912374760602
7938.840186804854
7905.800078167743
7930.270050419798
7810.205294431217
7802.222694372147
7817.313787832115
7839.636562964917
7747.2733603052575
8297.062998849218
8318.610787484751
8246.904583524509
8103.659961756148
7978.821697065764
7909.066702823571
7752.829519832996
7682.43235166129
7695.1685926308965
7894.603911833105
7747.309593778472
8025.4020385726235
8200.794721932698
8502.890750349332
8386.536865475624
8523.947969122375
8499.226319207428
8013.527791629257
8196.70029633772
8009.243320402175
8410.83738777092
8424.549364942162
8494.331520813546
8150.116039276925
8461.506871093286
8328.738496429954
8252.22087902586
8420.305332595623
8312.830068782288
8332.407336846558
8320.952447878606
8299.436967716716
8288.04331874333
8287.430739445312
8278.257852181783
8286.210008630364
7877.293592342468
7790.098186932829
7804.453486397525
7829.52807512276
7761.906044875977
7788.584437858084
7823.178666911177
7839.3564679618485
7779.263753045524
7870.957254925612
8387.686618997914
8339.682142126125
8214.140611934681
7900.748654995621
8240.655381742632
7706.434412014796
8016.887112254401
8342.308323855917
7578.774996957172
7481.71671945019
7474.194460855693
7940.416664216483
7534.04134942568
7711.936091062445
7499.062109615179
8232.968342504897
7561.816051951816
8341.852308998457
7794.891085274776
7813.862015644021
7541.664194712374
7775.937906282655
7436.674094333933
8258.815065259263
8603.274474427642
9158.818353957387
8367.313888917974
7765.582911906828
7727.5042645527665
7522.4426836041575
7081.452854188123
7849.603620045664
8938.706139424958
8430.906415229094
8557.166309729162
8495.15182188976
8868.905792927057
8614.21675078439
8605.823908984952
7332.10702639494
7701.912825957732
7190.490268539463
7626.777092053407
7517.266323217747
8765.482533926217
7952.219012515123
8649.00062825705
7344.345218981994
7687.106231991891
7495.993476907626
8192.879075988245
7638.735997762741
7652.035149752921
7808.14853745993
7592.650856994131
7846.515322802024
7689.722592793575
7808.651758033523
7903.7343666247
7840.28861931711
7950.737598613107
7947.337940683932
7998.253108241647
7763.476319183738
7507.291532260454
8247.377935351115
7919.321140566275
7980.583526795831
9195.07876564866
8658.726622127839
8780.895440993101
8620.642662596765
8745.310829337921
7738.740248874726
7817.132407168272
7747.696854602159
7762.735962085084
7681.293797343198
7827.370997532542
7712.67826858303
7606.9404077937315
7837.622784729067
7904.495129997218
7880.113204177302
7699.412887997314
7883.314878017399
7775.14364744507
7820.119783997288
7910.1349413080525
7825.499482783612
7876.311163554181
7781.597550340652
7807.103768627455
7751.032468660258
7847.052052574103
7713.7420449908
7773.861795073596
8071.431561977518
7921.998011304644
8142.353525949223
7997.888036808382
7915.032512351346
7760.05837529869
7579.975307394039
7573.375124566577
7784.994461088192
8111.0133728895935
8181.504770387455
8140.157750395855
7820.895905587884
8039.931960337536
7518.389974091661
7357.694181106368
8202.990741204452
7622.771261349529
8168.327649357145
7977.982626771136
7528.1389352055585
7287.573614346777
7529.246475706262
7511.020675564352
8402.212609092872
7976.926557700945
7353.689032121883
8297.285758944286
7492.026430115781
7493.867680500236
7924.886938898077
8412.876326356443
7880.678262087005
8202.954630827195
8320.429352043244
8186.294164170163
8336.175916928032
8296.10021454935
8302.231797512386
7795.998291369026
7888.1376599522455
7639.7664248906585
7728.3007131412
7669.654163088913
7970.372632061437
8052.187533524316
7988.591692900364
8027.897723968992
7826.142376582821
8257.039917975408
8387.309158913784
7868.427826920714
7917.725807062719
7951.871220211048
8109.380096804942
8013.608175313571
8173.958222802343
8485.540445142142
8329.517852039062
8381.447271437073
8663.306363116571
7816.688890873269
8604.923133227361
8376.161312493117
7654.405960247826
7773.854462845704
7639.451476013128
8875.413706217545
9019.532121055672
8501.181851001458
8968.32905580383
7887.79411213096
7637.23165660564
8546.814621502834
8013.519311161108
8727.319654241366
8837.776444696707
8945.163441846893
8851.703753563803
8283.744146235591
7827.728021032505
8000.657880460404
8519.941908452478
8565.331776752246
8420.419547407462
8121.209015193644
8171.684023725036
8009.819389170533
8121.862474709921
8515.720194130332
8638.663044949146
8595.600329564226
8809.57461910261
8020.183882643485
8002.958524741575
7957.680256886533
8199.877095279895
8082.14878156816
8329.856471973006
7912.875859526776
8193.17394567607
7936.5043564848365
7840.457604017836
8008.998278084211
7755.833975537411
7872.733669897387
7837.210312396181
7721.085258128782
7820.936863945425
7675.442799286576
7712.571406651346
7683.432479554629
8168.939514072014
8476.846974511605
8221.860254753796
8324.39477978356
8658.389137348453
7992.348931365681
8454.5016136704
8264.75183338104
8230.525236577376
8050.604570992376
7926.475601917384
7806.379391893493
8647.857396998686
8701.091211444316
8548.143708142223
8717.184570911686
8632.963253324615
8617.944139362677
8436.260646426508
8070.992574730781
7966.913828165163
8591.192555615584
7874.449686496656
8290.890329341113
7776.165475293221
7995.752874040123
7737.48240317439
7988.434631069276
8181.258521916882
8502.862820777162
7790.76155175193
8627.505480793521
7736.368677113634
7991.650761720806
8051.117481179784
8076.107622104767
8006.21731772891
8176.264704827776
8027.805953514181
7883.253581437719
7875.119948947764
8000.524265233381
8061.360093365531
7969.578842585871
7993.671519801331
7942.1517774435415
8006.42916565889
7912.155260047129
8066.777257955459
8054.09216290105
7818.339368107462
7966.542492633798
7818.067311817324
7873.800067003876
8065.911306747645
8107.273864814794
8073.413930601254
8074.097882098383
7743.913712149078
7974.047393877418
8111.706724097347
7849.70863828594
8106.607427482655
8115.963793729687
8058.842131396039
7847.624946957533
8093.351322807457
8053.445343793377
7998.947129816316
8072.487601662339
7964.775531359761
8034.6855505632375
8012.946117690283
8689.565597578021
8497.700751783394
8646.194438030778
8656.799374986877
8694.605942740413
8080.7285330638415
8035.812710548209
8003.806909428261
7934.2551223119
7985.654491062704
7982.420678311323
7894.289924741748
8284.941823481118
8232.738415390664
8273.215208803478
8117.160846841706
8217.15619936346
8217.017761571033
8022.885675240429
8046.497429375288
8043.427430229584
8044.624252441197
8137.379373793074
8014.960388908969
8052.910642964602
8266.060014268347
8159.634020703884
8312.20715625247
8041.70121781511
8043.090103246447
8092.271258405918
8062.789290628305
8203.498502722363
8382.365489025044
8641.633983906582
8566.981586162226
8634.75771913359
8139.559055267658
8135.551779159172
8167.959497010958
8268.916170292154
8463.677811534
8685.607463791219
8664.33006426344
8582.751354475147
8627.947050872326
8886.767565703996
8735.387193837296
8807.63248654961
8520.39387850358
8238.157776369488
8321.455396300187
8236.2137132135
8246.08605859139
9015.423107070328
8781.657559274283
9025.58938350753
8481.024958339996
8301.26993321456
8326.120644123177
8887.300156590207
8289.926608062387
8598.50931017416
8653.530626868034
8375.653257953842
8305.19134042625
8400.84927462965
8272.854811438125
8246.9769835383
8258.712398371945
8251.48389852954
8209.643210070943
8200.712378660972
8112.142684822912
8024.641465568294
8175.961514067894
8092.464549408521
8084.807389966155
8495.308076965315
8662.251998040605
8734.342290352279
8751.243492079848
8921.795646759741
8292.81369715882
8292.671780431943
8414.298626909538
8115.641536386082
8334.461227020718
7830.407770730605
8124.574867689497
8158.225789139399
7641.279426534975
7624.831784405051
7575.0272473665245
7841.827464365326
7822.457915070896
7602.877338222241
7553.122149909343
8076.901336211689
7808.735831414839
8129.29671293447
7702.901875117
7872.6253637620675
7647.70205059939
7946.407366514924
7893.802803217485
8262.038029047377
8047.356996713665
8307.07161555929
7927.761132312625
7851.6564743955905
7745.969417772257
7671.76628296003
7919.243094603564
8440.313112942084
8606.38604452736
8047.287246655133
7852.080716049758
7970.024180378487
8705.578421703918
8319.285570128288
8746.150775466125
8268.525159143815
7825.48266244625
7606.988594530177
7733.285198856097
7583.853526757081
8625.435706052098
8289.361584564223
8472.586694250262
7798.873997258434
7819.588343635443
7691.710950493473
8111.242105132061
7748.914937614117
7867.503304719888
7811.593599049755
7912.4499475133225
7818.955462110633
8028.594705782218
7975.323067698929
7794.0068881843845
8041.344753327528
7726.242824687757
7803.028467358094
7706.639104527776
7851.587300099797
7664.623367284962
8072.67881760104
7865.537579185968
7991.182198237878
8133.154847259791
8138.72659008051
8392.04879675248
8359.248187496301
8631.300109571273
7857.436415848798
7815.292387543176
7870.989054020947
7938.277446065025
7890.556966488404
8164.735195775999
7925.901785199388
7908.952376922084
8400.457589782021
8953.21721799065
8843.591384074705
7964.820952278597
8759.479298322514
8185.667006870604
8572.67771414101
8499.339568783056
8644.559081503874
8381.31929159779
8085.988788922902
8025.80059282776
8307.065091916287
8044.859130860405
8483.887124063023
8280.119152272144
7748.862436643316
7916.089585224204
7669.123794209197
8064.06885480081
8064.750208653888
8148.075527947049
8326.477650910938
8297.890802451358
7907.0388681440645
7665.914599559501
7684.0675952818065
7681.803688784812
7752.796901349385
7694.0432930374245
8071.775301689255
8271.143645596409
8077.8175405055645
8154.270749688929
8066.037476509288
8072.344321645925
7963.950176573434
8118.302865118077
7945.838208915146
8101.117708567782
8081.435141284715
8070.524644355997
8005.873481155845
8070.704787171747
8018.24537558951
7962.742488160226
8048.58584701816
8084.010500869563
8012.391135533214
8066.7481714353335
8067.517894581629
8058.383689983185
8063.135677257338
8050.029813397481
8033.37141165042
8113.124802548467
8597.686098844426
7904.875648029631
8009.267607372676
7960.185020601205
8024.183307496458
7720.659560599079
7674.474310794261
7668.742304045236
7772.2724683850365
8073.8606343492065
8080.358690050687
7979.503955243125
7935.735340200358
7929.654978264193
7942.692543780611
7905.899493291045
7909.5901806088705
7949.736081904962
7800.649052346464
7861.336121171306
7981.782804520269
7858.7016400075
7998.6146033856885
7956.754209916582
8115.634739782099
7963.302955267097
8214.82906610613
8081.042105050121
8072.1507616037625
8061.419566342728
8074.000527779675
8073.690229030424
8268.709850238602
8080.168487035704
8346.81260255982
7899.841842053536
8114.411431172932
8120.598205040316
8126.424917868448
8144.995688919485
8225.838809364755
8278.37263058606
7923.863899209876
7860.702559140259
7888.913623404063
8080.266778377654
7912.3787555498875
8182.829034086006
8179.34755641491
8116.828030524415
8169.25503824326
8121.306858166079
8138.3100970509495
8083.3181866692685
8126.380046179415
8049.425072679245
8146.792297068313
8102.89279406743
8136.780996495945
8081.95328733233
8116.042124270562
8101.651468410212
8080.719102537333
8109.953164183494
8074.943838933415
8090.201235849818
8088.633058019892
8068.698012381143
8084.729751023542
8047.232790140037
8063.131809849261
8032.538502205001
7928.157102168462
7935.551209690749
7903.618377115672
7923.2030939275655
7981.972094176649
8349.23545712779
8087.21396928952
8087.395033253172
7944.927063283471
7987.341214418272
8100.4459582986565
8084.745556950897
7707.774572324138
7788.772755078064
7700.293567020038
7989.755732613879
7769.698679553195
7700.450517483247
8082.2217217955285
7961.127565799946
7948.173300194344
7875.622631074954
7467.299755344374
8009.592308708178
7905.797563702134
7423.475491876633
7441.979657322401
7449.763087671408
7918.39876428748
7921.715690851426
7838.795862443224
7941.781890622405
7599.946096167902
7546.2123414478765
8563.22287276135
7944.931700905091
8582.38937076478
7942.952796860805
7845.1590588806275
7769.766515813391
7787.740715095188
7753.135339444806
7772.978125332214
8495.288851391397
8365.482761355799
8344.485382158826
7855.582245871399
8351.09760185992
7750.733192642603
7914.362872053032
7952.129891032868
7842.547279405702
7894.546421083371
7823.650592655315
7734.71897951336
7835.76314378715
7769.34666374473
7852.828297199408
7993.347359443169
7896.920429345483
7780.767425406944
7963.980450662342
7755.077412325327
7711.241899074266
7827.240720903775
8056.450038557886
7727.583361342303
7896.84266949394
8004.391437294041
7853.215344941484
8038.783205667468
7969.2849323849
8014.754510231986
7953.051557195361
8148.971193789801
7747.384570525707
7893.282278427791
7797.877946892224
8010.318139267162
8464.841841477531
8234.99199724114
8355.031219932927
7949.165668434295
7972.093711452686
8041.87555756362
7732.04110328912
7664.463269235675
7684.642218573207
7601.205882592893
7627.936701853446
7757.981260150133
7660.633915810134
7851.187782525425
7856.067542974649
8045.122369020895
8041.731928035172
7926.215178201477
7977.669061522224
8211.975194072296
8111.656966974874
8280.111100373415
8644.205038770377
8906.896259373525
8378.784124909496
9060.97393287641
8241.557544458268
8292.486429910903
8415.847624779284
8422.171248735041
8338.953123192696
9401.714454520154
9305.245474949777
8926.084431178471
8490.64060520425
8273.144788795693
8292.585448317712
8336.622000394249
8300.067148835438
8293.462786330354
8190.248937252801
8224.219029525833
8177.954193634483
8352.537889264195
9073.572277486242
8674.619741983199
9033.192156009034
8931.263866668609
8092.871208070914
8221.12833852022
8066.36737842482
8422.419822657603
8639.515438911114
8559.40457198149
8158.3014383857935
8614.875328058042
8293.11640405852
8242.290678783345
8382.790679468293
8396.567430744597
8318.862374855491
8328.404452466928
8297.509273765865
8308.11426064406
8264.63315456597
8260.456291368906
8210.708219735101
7574.682964752814
7658.994861565301
7701.830076307046
7610.339678900922
8213.732486925708
8429.505588998822
8419.717169385603
8354.195444126786
8262.892024903185
8113.134800414216
8407.710730714012
8404.252522377585
8184.08748743264
8145.544797107189
8159.816986469431
8073.402454826746
8133.918950968502
8137.843766601503
8019.44902587755
7915.340806069165
7944.565794095004
8117.807988041612
7909.77605536996
8051.2555118296295
7976.969324858619
7908.511135525441
7939.213329023438
7930.948629428835
8058.287907966948
8128.230296304669
7983.144971939786
8156.306465989732
7953.635563496391
7952.7489312354555
7831.945502649082
7923.481422480661
7786.118781628448
8031.102547238735
7991.609481676546
7948.0800712813925
7932.286297518532
7947.638405370047
7947.853680478793
7837.266519126541
7780.824225344512
7845.944399112748
7966.060602183223
7940.193070831849
7955.263939772466
7891.418654207034
7867.3097058137155
7820.313512846745
7821.673100378162
7792.328658124789
7992.827195514093
7897.682490004674
8023.118738959211
7729.106435105784
7592.258250194626
7583.200013162744
7940.060350830424
7552.11460334541
7748.388082643357
7805.91799230247
7521.405282134715
7420.988350477155
7577.1470466381015
7443.9871587553025
7420.972947815142
7473.99579638571
7428.819911402927
7444.156669308947
7442.507635617823
8077.725778568443
7988.52515521626
8126.017044796174
8089.252218510879
8156.135507429
7904.858614270309
7852.558630835027
7902.913386431045
7922.001705132489
8003.375692864278
7409.0504870360965
7407.508875829656
8130.865415674023
8101.820180974948
8197.982331834508
8035.317550580644
8148.286634538312
8254.174539804784
7977.786602692051
7761.306136748964
7792.1129983101255
8116.734551019314
7707.862774073342
8022.551081754417
7861.363164944317
7860.920782221869
7735.694634303688
7896.551570362219
8089.417313833489
8160.089943219836
7965.632818521427
8184.930968680812
7869.389815789838
7979.406574243487
8164.319762055062
8098.980110061289
8196.787869981927
8180.330746921863
8129.407898832768
8028.612863348813
7983.130377806365
8092.833461575188
8178.4256710025065
8172.884066983247
8195.757052948049
8167.68009931019
8198.172786433668
8139.928109695715
8237.69597641217
8048.000796245204
8012.389297171503
7924.231578491954
7960.773039227489
7906.868859314707
8208.152662974833
8067.988067892793
8162.580635768615
7854.1443768031495
7741.677406792391
7703.38568865337
8051.66022579783
7691.326534809921
7844.053912025739
7869.111497113299
7608.172244758445
7564.046527761072
7601.613911999545
7447.28446395793
7460.38534884834
7424.202756473774
7469.413968626719
7434.950371540683
7444.858973088744
8057.396699006933
7953.9004820174505
8203.075150421235
8100.899841574023
8150.786076667245
8065.737669874765
8157.6377286048255
8156.495664855844
8150.401936876301
8173.809162544995
7525.8657806063375
7550.017815416006
7804.480831348641
7897.4227588613185
7863.339400147968
8045.850005545444
7927.105957246863
7944.6055205998
8170.8228994850115
8191.798867222408
8193.22751639025
8080.002677915966
8202.238753467522
8171.764282813814
8187.913532216889
8272.063093090737
8179.158303464759
8254.653732557837
8149.6490537693835
8072.643789962791
8151.225708218272
8029.402949793573
8127.712043172799
8197.296235664058
8110.581875851562
8203.094093731717
8037.744910295705
7972.7146467451075
8019.619937911578
8036.951337142331
8029.534302575155
8094.614125796052
8144.343102564377
8060.13452389391
8018.549708222038
8050.345795250267
8072.700314504566
8076.152219725174
8037.786510106433
7931.695981830269
7810.576789518342
7870.247928701471
7805.308512171626
7835.943898848019
7965.36628878434
7845.645262783321
7920.487318924824
7723.2336925962245
7601.92616406972
7680.950771567139
7785.980894451866
7634.182046356423
7615.61438471116
7590.156766296341
7543.218862900307
7479.162405254896
7444.873637037526
7453.652182201019
7463.269471356004
7405.794530730502
7451.772282984275
7433.678603587593
7440.88824848581
8047.805114332185
8175.5685786279455
7974.819680948172
8057.827274926175
8026.1863265593265
8240.620684821286
8112.015359971315
8108.3888101371085
8078.503496134828
8040.543488365616
7537.912512786688
7503.746009623154
7800.904800668183
7876.013234684705
7846.704891754377
8040.056122856813
7905.113658562087
7905.92638553778
8210.609465419651
8442.82804807861
8371.619239842152
8072.277027230245
8384.06919840824
8182.811884876288
8286.43111899092
8254.10899150125
8296.427784094962
8184.780982427386
8227.048892126555
8163.206713488787
8273.499611900752
8139.788886336022
8226.436309343202
8099.496735533244
7899.0985717017675
7965.672683751203
7825.149090111619
8272.980554922779
8327.290599538717
8341.570433090379
8220.82382959475
8037.71360133425
7882.34868170973
7791.842141019707
7799.505165419594
7766.157341184988
7713.5791210406605
7693.858949519717
7813.179180006415
8013.288945978177
8350.624446431786
8240.568538220474
8388.58104890875
8379.03992300056
7635.77901666504
7783.972198719447
7548.395664540041
8016.357279337028
8397.96849714471
8234.525841337289
7617.0802101113
8367.951348042523
7799.740533519432
7673.4169397160085
8017.714122525303
8256.87381098033
7864.48960876188
8014.296415666196
8055.601280066814
7950.3851114740855
8037.536233560066
7973.712168632885
7943.593357055431
8039.072022809204
8265.847782161589
7943.496213097838
8041.4598293786075
8013.024515112346
8031.554549950554
7871.548382350004
7804.917828694844
7720.608860764705
7619.9410988522395
8176.735397194743
8245.073974966655
8790.960279012403
9108.61342878949
8913.535737187836
9350.835678583211
9123.562914512419
8860.526130439304
8629.086865890495
8193.80157769557
8134.66024282212
8740.806767934353
8277.927459087516
8490.051661514297
8044.594225078696
8426.980439044462
8127.485169592895
8389.416281313645
8359.234531316708
8488.974200057757
8098.19836247561
8500.34009351825
7824.008258388662
8179.02940845131
8422.473711239661
8465.216930823934
8174.861544399044
8036.6838388749875
7844.803535691933
7759.97543244246
7631.839218895027
7776.2567602147665
8286.927196169021
8128.4808434056695
8038.453685679167
7866.273947943743
8126.472837315753
7960.00285511208
7953.303361277129
7628.116764581628
7815.004784883571
7686.492086055666
7695.756939851507
7596.570229917131
7886.856543088837
7620.6690653765745
7898.527600155083
7802.239000173848
7877.825386090029
7895.161176750635
7663.414449675649
7883.653671584693
7759.910720252554
7745.432046107326
8044.108180083097
7988.735301044016
8025.446818520948
8210.66007224482
8120.787614330145
8224.747161204352
8025.617420490658
8164.53211116485
8054.313051173871
9311.72194764079
8652.050532764166
8912.566930001218
8984.456829540892
8794.607241907344
8471.585577400267
8454.52560579942
8469.473282942748
8148.375571017915
7972.7192481943375
8110.172740793281
8030.065294563032
7434.202574475503
7418.9591638745
7403.4064239307545
7397.588177296372
7381.084461857592
7309.28054218905
7295.220731354462
7581.738553830588
7497.214602146748
7150.15123161651
7748.833730238689
7180.777709620865
7391.71646874097
7915.536392161385
7681.82148703947
7901.911946343621
7214.976110378324
7203.441411198403
7359.063396751705
7236.24155519359
7601.754401756636
7851.308538259485
8076.279845144136
8020.880034052566
8053.470434321634
7392.743854393327
7378.157889369049
7402.681498454752
7521.691150015553
7751.007243917839
7985.750633057308
8070.829556064346
8024.391210943046
8055.787476070247
8066.036447941781
8094.677110617215
7873.49758747996
7593.29714083427
7557.633692279844
7434.455248113068
7532.730568860496
7458.7789476735825
7940.061602600922
7682.824092435865
7946.615046465947
7446.261658530071
7682.962407680665
7431.099550665515
7763.603342929619
7577.070282204291
7557.967932503006
7643.3712650107755
7493.6061645599175
7838.138671942593
7579.8019910383255
7686.592676513309
7838.294108455367
7721.384329242729
7935.126294561922
7884.651617034968
7991.937793355233
7357.813941335241
7395.974166194135
7290.145944207473
7262.197553594966
7177.028467264081
8031.342932121182
8077.969618869812
8084.089993244781
8096.413464264433
8081.572079739976
7620.000164141168
7767.507630243119
8015.896527479938
8020.795480544739
8050.329979001124
8052.617138084163
8045.974488356247
8093.871272286625
8083.436492680159
8003.058400916284
8052.979037757
8080.1768719102
7967.237626392451
8078.082666791324
8090.067123656166
8087.907787710316
8070.110922083615
8175.42848537521
8041.525967014876
8002.3380727135045
8084.119110681605
7952.389141559671
8140.380591972957
8288.787566284795
8721.250892880558
8551.413433641206
8747.032355977177
7823.466630383076
7923.738387756124
8018.344964510844
8099.401767833167
8322.182599789938
8566.816827258299
8807.313564631871
8729.759399810908
8857.274989563784
8736.92349095366
8851.954726092288
8479.90738287576
8120.873648788842
7657.998282767636
7997.092537470616
7748.339609966584
7901.9864682971565
8526.73631099121
8118.976915227498
8503.268538851255
7944.650449891948
7642.024220440767
7923.039249401799
8104.080930174811
7788.413917678338
7870.321056947738
7829.618030369767
7928.731978066875
7729.566579985907
7895.875643696922
7962.724066390201
7920.107227045241
7983.517137312862
7897.50398488302
7986.446228729829
7996.829641463604
8056.1322471043595
8082.899386188377
8086.102118569513
8071.026245371182
8084.620423157056
8521.585791479296
8730.95596890011
8743.11416036544
8815.614516335696
8785.74466677863
7894.6547612746435
7785.345959800813
8096.589179009957
7933.3433018472215
7828.069838325605
7292.9412703257485
7603.402561005783
7542.201209715656
7928.802507832656
8448.900445691163
8353.602294195447
7911.2038277390275
8670.970578397457
7917.567305485545
8081.837865875673
7996.873101526207
8149.260100316972
7561.775428913186
7484.264807730151
7518.70753437378
7553.893213126013
7566.415277503718
7376.568077574668
7182.871778111056
7498.1158341352
7337.931058366798
7683.163446421212
7553.5750385320725
7307.830190351208
7027.768949014904
7130.749131471933
7361.567071071107
7534.334479427261
7722.3061579235355
7763.829908670368
7812.13270744134
7746.375134267884
7894.092548415338
7731.168305751312
7791.904250998404
7613.5601684765825
7542.272408649633
7529.472916924005
7444.8959178142
7977.326055449295
8019.883512102322
8125.7871320609875
7938.281029582626
7537.400744891034
7653.389783563743
8192.441386282711
7486.226241177973
8210.378929286215
8338.165948795593
8153.055853273671
7859.685517884631
8374.113469183065
8253.757060756581
8042.096832842032
8261.76180799929
7938.313681339669
8041.658789237925
7940.988544929374
7235.516143456578
7778.1941994540575
7499.298417130945
7551.175295065973
7896.555907657966
7277.914215888921
7546.31752747166
7636.117233159305
7805.1813324881205
7949.689265937678
8004.284368807923
7894.038286854475
7864.93877587384
7381.553011678969
7707.95551731766
7619.742565178665
7523.052095170815
7934.648607147384
7790.166079080933
8157.861479449688
8198.948807098128
7966.359506561652
7726.318028753275
8003.971560650935
8248.64790734339
7823.466048079016
7659.379287940832
7860.8984724048505
8133.687725088653
8001.858061353786
8281.114520402794
7907.648306298035
7645.939446939735
7827.291843024487
8351.5362429469
8508.494899883623
8264.456477006415
7759.33253584089
7964.254996368622
8152.854894644938
7832.663158452235
7776.167458020833
8337.474595454396
8337.220527463827
8177.628661172333
8306.581182711727
8327.447203212414
8377.532644075998
8252.590098494698
7968.887767537816
7760.5689138663565
8178.3838896626185
7899.891414800807
8056.255245192598
8310.421235898497
8188.323405361955
8270.575619387235
8361.707516780678
8048.470509194647
8375.113248937818
8258.617672796598
8164.314653296575
8182.776552887451
8124.489828589254
8477.955535552781
8227.003394747087
8241.235571554114
8379.887391613303
8231.400482630917
8303.292626894374
8181.504480002151
8166.9818634273815
8079.1543477430805
7696.7742876539205
7755.928967183386
7897.977887526728
7878.4641590370975
7946.761587607605
8591.166374639462
8358.542959630759
8359.08194111294
8355.49321010392
8281.278540504814
8357.603484365543
8246.25492432394
7900.343382762722
7835.885537905516
7786.961087594102
7583.517028676006
7710.232042882913
7662.616617544303
7594.823160997331
7738.847066999642
7872.091816315672
8042.072062432718
7983.836433377039
8092.467373699327
8226.20262856699
7871.364317932275
8141.828564636503
7942.060953158018
8580.044016614902
8695.890797543803
8442.881187145083
8721.618184901698
8201.455021832178
8059.44070812167
8111.690124547516
8083.99218195657
8236.280856620097
8355.193406237906
8316.045413261298
8228.001876786515
8098.833345032849
8093.150665224401
8216.726848622835
8254.058524063132
8214.049544323283
8213.65954410551
8165.730655883645
8167.7843458232965
8096.535232867356
7997.519647794006
8325.65507863731
8040.595583770371
8302.759215977092
8198.316784765944
7966.1049010934485
7904.797279287929
7867.233290108772
7929.7744784152455
7997.162505212421
7971.421229993504
7748.478263736922
7967.674709176213
7792.012000929579
7758.854263261525
7987.966222670875
7743.788730318326
7948.201113115111
7987.116080055727
7954.82956239477
8028.525280537471
7938.985122238564
8062.417572903139
8079.3862683717225
7519.328013754766
7383.767012211713
7626.84967217344
7555.00188598785
8087.7748630084825
7944.537144460947
8180.472419106869
8263.956815373145
8204.817592353891
8075.738774308674
7968.264645177691
7804.992939674404
7926.663382616688
7946.495398424692
7864.82102216179
7937.54181607668
7861.244780163019
7591.306502743533
7572.292467621121
7651.249752997757
7515.985242173348
7301.198817438937
7510.027444221669
7293.053462183228
7321.895223410684
7534.927882364996
7394.640935189655
7495.802905495102
7536.998134355226
7628.515002331563
7500.862113399046
7720.587290334406
7512.398766844462
7562.756675650385
7691.999387396293
7628.07532636598
7760.637054972768
7912.932936808942
7852.750755812115
7781.678447856527
7722.391564073865
7692.200949205973
7696.093788186396
7756.381360770685
7789.880052749058
7769.547389246394
7684.537228688961
7711.58456124439
7657.568265808003
7652.868323783921
7862.463994441771
7686.719504727144
7817.808773928488
7751.088997376281
7550.820319964735
7560.928973979034
7502.658125911418
7664.20783736774
7902.277935306032
7793.477357433507
7565.298503648095
7874.598955826542
7725.681664254702
7748.402969607225
7906.478219256747
8103.331233967855
7959.813056297113
8112.981526382809
8191.128837425527
8134.821948436548
8221.670525976808
8204.225607955688
8211.879888092866
7849.823110862941
7779.527095884115
7596.314940012326
7601.829341905539
7334.709336931075
7597.015816034233
7699.552468012052
7722.244923682795
7728.05835272776
7611.47516836752
8027.599297445775
8084.250368396474
8163.11779196205
8230.062996030218
8295.256139822986
8262.29471887354
8327.665710623072
8377.710745787912
8172.768014164357
8187.377248143859
8194.04740908942
8242.736586976489
8168.78546476642
8203.946623694123
8179.571500566278
8009.324034531816
8095.405514339263
7927.364119407757
8195.978389804195
8241.911127846828
8116.281067555741
8264.641506468477
7984.7585490594865
7816.022645373748
7563.670498805308
7666.628739754592
7467.747649274343
8237.545744629131
8170.637429372966
8032.8639410058095
7842.078110694431
7664.80900026046
7545.585833780898
7449.96794604504
7440.6802384548455
7415.177894050437
7331.137159196839
7315.459679462132
7374.7359024568805
7504.281214910837
8117.330495715006
7725.3431755289575
8057.508348452063
7928.477598043755
7244.844618069896
7404.228249266045
7237.955089178224
7652.897410947135
8159.407270973295
7902.798566679286
7397.861728337251
8082.6545645266615
7612.866185290864
7563.497988196852
7852.663583432237
8288.415726240792
7739.981816502843
7932.646948081994
8075.050418386737
7851.821752424448
8133.579717805168
7975.700385028971
8033.322608638917
8291.406764675128
8158.144408095808
8360.977869386112
8283.546359546408
8266.366907650678
7737.500268484248
7545.209525492969
7480.614444064055
7363.9427682548
7210.250451477337
8079.921417800956
8230.638865428584
8137.054193874071
8179.10049277087
8013.719600857153
8230.337040351722
8081.877346834086
7312.729655593195
8006.970194899454
8328.790990402544
8222.860038051926
7522.245750838095
8370.820360445108
7588.727850900098
7877.783513613799
8324.981450556419
8104.045959450905
8172.539184163429
8322.074418042434
8402.029393831053
8158.4163907066995
8453.12126125818
7954.387233950007
7828.73064798968
7797.142403936072
7808.864770498103
7700.905620053769
8795.292154215886
8797.985857186057
8652.206337190837
8336.979085035107
7757.509519623548
7450.171827871805
7622.680237041668
7709.391077383431
7596.519881025278
7225.6971615797565
7228.929894980766
7459.272469379539
7991.359065604406
8040.314035047195
8321.299730039591
8072.156481210969
8271.779263838238
7490.0741144793465
7824.661030336431
7626.144931635187
7851.5851800734135
7311.587168766569
7607.481108727619
7780.638231420464
7381.548560737589
7731.6012097049015
7730.299661905579
7448.403356279508
7491.096238023513
7461.530912433085
7516.391769958891
7613.250560022535
7556.711123620953
7663.190170299643
7661.069934697683
7730.753588169702
8179.570259028538
8239.746452168698
7416.434866827001
7707.283078321687
7692.2281030003105
8016.90451198742
7725.408652634808
7516.991637815618
7309.801086030058
7204.65579368518
7401.428340495677
7462.917227391128
