8286.509421517987
8042.459243736453
8435.69126659506
8219.382050571852
8011.467579179148
7807.160030325728
8268.568601819628
8181.705271765838
7946.411588422683
7675.174494460488
7831.991993924108
8274.777404919814
8115.120136835651
8347.034377003538
7655.660437348009
7852.3276372064565
7911.681501489297
8348.228352237964
8087.468964321859
8063.095130469454
8158.774132051658
8196.828838062334
8241.74126552999
8764.11706437444
8081.758876398804
8285.877527153823
8415.128780504045
8241.365432455068
7916.705363055456
8189.4582499279695
8283.348071296616
8276.1884596009
8233.392712567334
8276.980699597594
8183.918888682955
8814.234924361865
8363.893558432554
8238.116465195233
7616.001039518149
7759.828051453719
7498.718663539361
7663.167794928042
8281.306154094562
8409.377743784527
7555.263605529816
8000.294774408352
8102.890097276766
7826.997106355522
7534.242819713765
7829.29900330082
7949.599901703483
7924.882996701148
7948.901848616874
8010.454409963477
8302.773232083186
7467.914167473714
7648.476786384891
7893.637255108397
7917.6681183037135
7948.291236663948
7913.276522400582
7823.95099604428
7608.767477524118
7962.367875966041
7773.118205982568
7530.706277269561
7572.524883378634
7472.835714567447
7537.262642418644
7925.553394710523
8039.161882810181
7915.130139553492
8023.831165889922
7876.706588706202
8026.348300245974
7467.969374916049
8204.179879875343
8086.920585110377
7878.84452258323
7761.339978777909
8462.176049322707
8167.371394504362
7872.198613438397
7566.047873642859
8310.21304122616
7646.515124551831
7792.712849928952
7767.706943670734
8049.020910105597
8252.63222681384
8187.807298525828
8303.436096117523
7702.653601145116
7937.45904901778
8436.826103888312
7521.5460650462455
7624.055449669614
7737.487389352147
7781.473294468799
7860.275353030877
7563.264017739205
8040.427626382957
7960.109317072383
7742.016274690872
7756.571832079999
7822.709031528714
7924.126780063643
8029.33853174867
8069.510937807533
7888.406309935011
7903.8444847648825
7865.072976368059
8051.358028965534
7968.072231682872
7731.309089412896
7492.7355629407775
7473.2270249208395
7359.937807836935
7803.997770485527
7749.651476609091
7562.472960458409
7597.738305392753
7594.184638454223
7581.714791160225
7440.140187936349
7364.556235462747
7586.445247257871
7822.659018886654
7530.774242306317
7844.798694566897
7990.546129734916
7610.510991172247
7155.722291931403
8849.57756627609
8482.683640797975
8575.301938317836
8338.744744427133
7703.438586831462
7800.7747492779645
8420.398415475627
7896.360169770393
7617.16939782807
8066.669017797742
7866.318500506808
7870.442163526369
8205.655232089191
8215.197694224538
8134.710355254051
7971.297755222278
7724.448324647868
8707.177805400757
7940.7715043662965
8336.34781897723
8025.621161323474
7622.022999645354
7867.859378738824
8457.81380808495
8018.955905930436
8650.429188093496
8302.822170569345
7530.748069697308
7915.359553601872
7562.657523950856
8079.398914849931
8145.543335487729
8239.940233158624
7987.38557822082
8225.550368207645
8501.431586912375
8634.878702157417
8117.373969014659
8128.0165767132075
8214.559917618482
7958.0935363180915
8074.30707238199
8179.15664657642
8191.234086156902
8043.750230815428
8116.261071479838
8141.408155588832
7795.839053221692
7879.576230519769
8100.633636050292
8147.807728908404
8129.126802307573
8108.049041425247
7987.409273226831
8222.130846584176
7973.061896106609
8064.555636428485
8256.088075713848
8190.017813956363
8222.830299833191
8381.863427348748
7879.288142024697
7474.142522287934
8297.97912384392
8083.4779234144335
7617.382995637742
7548.842017548559
7785.181467198758
7803.300528113646
7985.207507217065
8114.953230099293
7757.377946640181
7607.334392418486
8007.416963030332
8374.925283452623
7783.307642904984
7552.204638792941
7584.50025848587
7569.637752088345
7732.715630569829
8080.043710994368
8350.280355716684
7946.720087278062
8368.594575849778
8475.23908947968
8689.696085528194
8570.932857445887
8842.741522282946
8165.910101774148
7717.9449168255305
8174.216186146299
7850.128986028686
7968.179653609272
7764.107639922763
8790.512294000306
8005.645112086819
8532.002005322422
8574.106440848338
8627.507997494886
8323.171388749292
7852.0222089630715
8209.412550851583
8058.64332635596
8054.074862066324
7726.264010606918
7890.8700428977645
7882.20220635946
7811.373858324463
7988.6609448370045
7846.293013187352
8237.498001003823
8317.702342326795
8318.306472910277
7812.243039830135
7780.602216363882
8456.854246782921
8026.101828309249
8557.398644119943
8735.612911791663
8270.24431226013
8252.26599387682
8406.124066107926
8334.640463227377
8322.86649770421
8508.498318298432
8159.0987666465
7885.212221261286
7761.0352435861
7619.192598559651
7488.564188304956
8716.495728206784
7894.954358539285
8277.749805001149
7795.1473986870915
7822.381495213419
7621.696880062726
7780.050423687013
8063.5661651316295
7888.3390700299515
7957.228392889816
8196.571675792755
8008.64279656082
7848.010253212892
7952.787381389809
8097.230469252739
8074.233244272195
7925.009133531438
8039.367723703842
7940.852003681217
7993.997796980029
7771.961571615281
8045.979819758044
7802.4321308206545
7920.954132643248
7801.051860374423
7694.1019540585285
7969.086470156983
8083.519698842118
7700.505635567189
7659.624133093055
7872.220061042756
8045.266878753773
7962.685547151332
7628.603589060358
7761.122713870996
7849.171823816206
8118.555892881377
8280.262714509943
8005.819683476415
7779.315400072178
7851.646481129382
7951.14341910408
8399.983156641667
7857.167897459264
7993.110920774191
8130.15345927546
8009.978009315572
7168.831867919371
7557.343909452476
7937.6363683896425
8220.850159052236
8059.503626667805
7735.341852168799
7163.808505007996
7169.843477266356
7525.267472433788
7405.866615947416
8298.808813573763
7276.8187474123
8039.833379677533
8460.818394066135
8562.539663689226
8623.544812041597
8772.146938428592
8355.758046318415
8379.478082840733
8362.452413078025
8090.545216589603
8223.821210571612
7922.26850592651
7924.665112602692
7611.3278458866735
7578.326211898777
7590.603581533563
7296.568302654515
7426.766058669483
8364.91134985406
8333.627344164137
7369.944978039935
8212.249319769347
8062.469420188597
8095.610991696974
8208.323734375632
8259.428564655582
7757.414247626562
8490.401139898142
8529.590244387455
8138.458742677014
8031.289324752793
8145.4711151145775
8479.25046664074
8212.077361356989
7721.7239931814265
8107.437879313633
7542.452115635557
8159.590848319559
8170.779660245712
8399.141244766734
7525.596051207531
7503.550233387343
7395.912347210329
7400.330543832715
7587.728658098398
7605.526933913832
7184.125100560635
7461.47744808548
7538.351663930722
7757.440630565385
7582.308341701227
7602.2161086104015
7582.4373419830135
7545.819017120326
7825.168685203924
7830.037760429988
7703.663579530829
7118.7189175662115
7711.93283422292
8567.154797324501
8250.46439159683
8050.050394686945
7977.836633642498
7820.306108834118
7571.351634331454
7871.244501179538
7822.037029259698
7675.851555682104
7612.971705463911
7740.399267444487
7853.621492950216
7930.903249955694
8008.9900378990815
7932.9876807679275
8011.93088216746
7922.744428322332
7871.790216823428
7871.605510973024
7744.708727705483
7718.665040458199
7949.402231860039
7945.743072033393
7839.27221739176
8095.6509012097085
8283.616147919327
7986.856540601237
7864.778392309229
8563.009738354162
8023.98756725132
7893.928299156791
8207.90125083825
8202.813589279136
8069.74455234297
8051.299968076826
7777.2940833910125
8333.347115511033
7872.389726296213
7689.114631045995
7817.541235189861
7786.718131623906
7849.627931197021
7849.330574008344
7920.432417725602
7888.274685251096
7836.467179198656
7731.49350957689
8078.696402612005
7800.304741823861
7702.986415548489
7934.109884790016
7942.158732403399
8013.88972618484
8016.334626650833
7884.391464291957
7877.795120255853
7703.282840462412
8121.219946999024
8187.462730433139
8103.062235867335
8090.353534199378
8274.186026577065
8241.88892535014
7564.786870756428
7793.801792077266
8258.546379373694
8212.513704896392
8446.873488073943
8059.10815234424
7740.551934446805
7839.442986272865
8002.57188122304
8068.3112882223895
8372.75240502832
7653.1509497676
8228.061882233073
8003.873900425664
7992.207057877358
8055.592204335623
7734.468927809381
7609.148144690136
7346.639121728401
7704.670393354365
7826.090600210136
7343.617044329679
8068.741355551198
8117.3314496979365
8112.07405673009
8213.381065696847
7655.462519859266
8037.405357385684
7592.77900056325
7801.061005472542
7878.260980937604
7938.091069068313
8037.547556807792
8056.957616929286
8042.570623112857
8049.796219340028
7707.737423343777
7765.984001411983
7639.393437339118
7503.186799396859
7598.078840074302
8026.359823618539
7720.142425351516
7271.520759722873
7084.912328691271
7242.436159987832
7141.718718070173
7333.890642744924
7710.9297371161365
7683.087826669871
7350.086211702084
8125.012568249286
8205.918516579606
7820.365549447815
8057.588615967147
8487.184839220678
8429.261157319734
7689.451104691896
8115.152080033913
8524.566819327561
7917.674633527675
8230.276932974086
8045.653196430575
7586.043531671835
7286.747654401169
7573.38856785727
7429.2249528173115
8661.964567263321
7424.832761543041
7962.890939389338
7720.04494856828
7485.74057124137
7607.058699079718
7542.418324450796
7522.958645151216
7788.1912270543535
7664.8710697550305
7324.35195645782
7910.186378734111
8118.451825799623
8171.351747581309
7781.793051892115
7001.733650777498
7149.765183563909
7800.282702188703
8020.232388920911
7492.291191655424
7860.598767703347
7721.414921851245
8483.249222515153
8484.25755345287
8251.029199114537
8148.496856992121
8040.313439944571
8196.391560066118
7850.461375535638
7609.36731911264
7834.36374759999
7773.007218462908
7884.879100023893
7568.142327667272
7729.671519840657
7863.124100790726
7680.157952717954
7566.5925344907455
8063.551091983849
7923.119274159531
7483.455260229751
8153.504252011351
8262.005443816932
8100.723231707089
7923.200326822319
7748.793668973379
8211.69247633957
7609.069485955468
7792.192717159607
8217.629326647633
8916.149714005825
8261.537192316475
7845.59785972529
7560.124729678332
7466.030529805124
7553.355646883436
7648.552771770041
7905.173119444457
7611.724554509484
7766.517050891408
8097.380385714946
8082.221660775891
8196.873592739235
8142.576202899091
8610.02242268986
8462.907198663046
8026.84270402631
8122.059607913056
8188.031245840877
8160.356990526329
7918.139905874179
7776.093456245814
7932.1725569830605
8103.766638866257
8360.148196914293
8926.27251629905
8320.845413884279
7963.040057162447
7719.020748146626
7746.894457806489
7979.489222520387
7919.308588282604
8021.768380410518
8111.211031238838
8105.363373448782
7544.439000268384
7651.550506831609
7879.363576907335
8027.335770439944
7964.991513994573
7642.6948508303885
7588.88509970589
7627.3574127199045
7384.720507682616
7415.200596702934
8299.648003670245
7504.570469846549
7697.3184443448945
7541.782548417544
7558.168280260324
7562.338858331171
7591.237795213451
8057.919774242689
8143.298251636918
7421.643050629884
7343.377730873499
7799.236665452833
7925.203098656104
7747.899869880048
7774.135028930598
7758.59370506614
7714.422604366889
7740.985427944746
8026.706337133474
7979.73790792618
7482.645769085732
7786.111742030122
