7307.709370569917
7376.581107623292
7260.185049746146
7739.6648672608
7600.996079423105
7736.620301792929
8321.884144146641
8314.674821800145
9082.872339063637
8049.576201371457
8087.260761713648
9055.81177651672
8133.190398327073
8311.340477929427
8109.528035488627
8341.647582220081
8392.107309717476
8447.89274582503
8346.406855961906
8577.004248008909
7717.671330358647
7849.0190670115435
8400.029943786425
8290.85822689446
8236.517855838436
8333.774150452822
8211.307727035695
8185.6481834909255
8226.474090771699
8064.732020091212
8012.27625936649
7818.822946936894
8026.316181528051
7728.201452927017
7995.498010092529
8052.323183469008
8061.651441499851
8361.530339423261
8333.709737750052
8355.19749149618
8416.8325283906
8335.649381920808
8445.643836614898
8548.018592037615
8583.95987615343
7970.064577555767
8401.192300391573
8376.96013558209
8070.208492616671
8444.807636401205
8538.739719851781
8085.406242682254
8390.1372128205
8369.1277641556
8383.280966368959
8445.541561118749
8332.874924562135
8188.131751273147
8125.083101231998
8071.65925270417
8413.272273955745
8433.475222715253
8196.644078033334
8312.14386187403
8294.394298002904
8176.019099637047
8396.213205684404
8379.111133905926
8541.871424315566
8350.85630493671
8522.149466700306
8240.195486710596
8362.74065198138
8213.855852754088
7937.64888321299
8015.207973067162
7956.879653467063
8139.744262742548
8110.264445554515
8107.0611438314845
7900.00662791956
7893.404646552353
7758.333844771195
8221.349236741344
8233.948485517856
7768.801678803925
8140.372708237979
7973.277787268823
8195.896531432072
8351.7268440017
8370.535594264944
8323.388329891495
8175.903155584174
8085.092240756972
8121.082567163647
8204.686755089879
8427.114120010207
8334.804590745349
8460.54771017008
8470.852228549707
8579.264462194265
8556.88039928611
8391.19842598781
8332.475403440067
8259.674854537332
8406.204923810123
8780.389546800223
8251.385864795177
8502.702534058495
8209.961061146732
8153.814085865767
8186.1824044794475
8071.320606980817
8180.507959024343
7742.797828753082
8124.42760472466
7768.126694302391
7814.0518653857725
7830.594544944767
7987.596016831401
8276.96492430166
8223.422392739063
8000.6902401475945
7950.120610782466
7959.553678248593
7906.558847969178
8291.166912502296
8287.234916005666
8139.434655283783
8092.73004842555
8103.684130521956
7918.622014591194
7937.199563338942
8062.879038890307
8239.433660155173
8277.616271773677
8221.386498269008
8292.810802438924
8243.477549051297
8218.482411605963
8347.973280575603
8348.168080949772
8507.018561259774
8361.298654812466
8542.363351167423
8199.289144320599
8475.725759811137
8155.358738831175
9005.77703169077
8800.48211650145
8936.012942307114
8132.630240092694
8924.236542451492
8192.069203528657
8708.663602917451
8669.488965503775
8128.794759704761
8932.471211389971
8801.150130790385
8256.85685293539
8365.070846751581
8089.104725326504
8150.731224209343
8561.24817891071
8631.998189849632
8375.904308700938
7837.102246310104
8202.59961360043
8257.429372245115
7968.348728032568
8039.64633968415
7590.444345745558
8067.271162436235
8288.452223996846
8679.309406632145
8489.998509722194
7983.773039236235
7403.97993281042
7323.5177582818305
7877.940513570697
8520.521683632567
7927.563825327732
8078.739961971085
8034.495621092027
7952.9534688425065
8261.790677808744
8361.057934177306
8256.213197959005
8270.002158635678
8257.009873491723
8213.239511839634
7878.760317011889
7838.690911820809
8013.828937089153
8194.07074490003
8210.399722487304
7876.112188130939
8132.397559337762
7775.14518673836
8364.084571129739
8226.42718840934
8234.035680100842
8211.204937376917
7925.548745960679
7580.3224322161095
8259.108563625463
8292.13762154278
8164.854206036194
7791.610993282507
8118.793572621367
7880.415162082882
8244.966107757571
8248.792370895768
7939.279425179228
7814.694439430582
7824.334638887996
7980.129714206381
8152.411220137075
7966.915454785707
8039.444992398363
7995.264235119946
7965.602106374544
8101.38924013902
8085.679256495053
8177.279355704468
7700.728963681593
8177.5066277788155
7667.480700108849
7995.857523342816
7961.220679168465
8186.527144931749
8330.319406960663
8182.108321333623
8123.143450251118
7690.73650776573
7809.341892831677
7735.565421981843
8229.348360934364
8148.291133648257
7755.360871926345
7724.33150288791
7908.375871246038
7598.518169601947
7475.6428085529615
7657.751738321051
7756.139691831056
7620.195860680753
7799.334532349748
8032.072768408557
8178.714932093582
7703.04075272925
7836.889190335489
7843.972923695409
7568.03504385313
7882.95023081921
7611.310330962444
8048.685451257924
7746.8847539571025
8004.1773901686565
8413.8598364869
8451.142840858074
8387.83159849723
8111.434200808813
8310.331136516686
8163.41721191782
7953.089056423788
8034.8778615277815
7954.604954746414
8229.689851356123
8237.685397344867
8079.087335071609
8261.753880073424
8350.787144328071
8136.711308944817
8206.375682286447
8205.362021925634
8215.624483222746
8316.766441197033
8509.351795997934
8182.529375272152
8248.182759659134
8305.817987342996
8316.69747268758
8170.465534847449
8394.67329650813
8100.006084879421
8073.477785985922
8365.445825397675
8222.460280075346
8206.763500143305
8101.554521659506
8007.615586701888
8099.70437495207
7924.8486572457805
8006.172548426493
7946.295490136061
8288.581031803928
8177.112120105787
7989.373720715999
8256.941845268448
7799.9975665602615
8191.68542766207
7980.949563229381
7817.151989520598
7710.667172607753
7868.018342424251
7687.24125545066
7755.033029561121
7570.317997543024
7430.398065027057
7665.943904725158
7294.360815973594
7257.6871192965855
7788.7900710835165
7883.340719547672
7996.305925770196
7663.8557999536015
7834.874529272277
7965.657817322637
8071.863224530074
8094.285781995547
8309.946902023124
8013.115664117092
7954.599099312537
8370.587670274866
8222.255422979639
8247.626420052904
7770.997791190839
7992.2229831187515
7740.933207804138
7967.283684746573
7827.592652468838
7912.472710849483
8224.510106466085
8367.14977695685
8289.76744767627
8505.79843261366
8381.42234825189
8461.849885944644
8371.663365770037
8351.357973815439
8171.490286916041
8353.877971724118
8326.732994723981
8169.542065116815
8249.792308015323
8219.024328500762
8147.029190410146
8200.340392726837
8182.982694954347
8152.637854609476
8157.875092516069
8148.446816095716
8215.980262781235
8219.073783899437
8164.416463065563
8166.728059430376
8163.503609229653
8170.7029067741805
8109.375254382727
8101.462666860839
8186.015697876444
8216.675213050767
8223.643340648472
8254.330263191809
8128.3545605074305
8251.294345008802
8026.1985744526155
8046.236629037383
7972.421647041001
7605.868876842427
7563.752245185394
7869.595183676338
8337.916147480108
8363.898784453013
8273.81050084334
8137.108023731362
8160.7346596462485
8225.291441186813
8449.321716495231
8400.800219034354
8244.745243740168
8230.664208074882
8360.596430479458
8407.869444059903
8387.050153301352
8405.939520899969
8359.493629405337
8435.176384272869
8245.904062269932
8180.498453358333
8164.172509334769
8145.341773549784
8229.771938394118
8104.07977541736
7869.363486477053
8200.963961064008
8198.285297009012
7899.423971585797
7960.861007466762
7971.026010646972
7822.522939169113
7890.7261444406595
7893.436460630941
7783.874044006057
7862.029557682222
7823.319220588571
7541.456981607102
7497.152728078612
7356.882029968551
7634.822482149144
7306.481696819851
7631.27554198743
7882.0408923870555
7878.202546223452
8039.672521406119
7381.504383379914
7438.105248148123
8043.864868773744
7714.498911889313
7901.343631313665
8296.81319284554
7606.255062156162
7622.754603615562
7784.423884333148
7942.985448210681
8076.395274219178
8376.816707432752
8357.347890265797
8236.580498185866
8106.254247952873
7933.995875696764
8210.309401683053
7686.579926453961
7661.866321838794
8224.260564570364
8204.684634504978
8206.283823733645
8053.117735415212
7726.993897320906
8063.638000259489
7836.565596846978
7892.1097447022685
7914.4900092781045
8093.870914442873
8165.280567670968
8074.294995406225
7766.73214124917
8247.328024663995
7817.3922736062295
7900.742817600145
7900.987423572724
8153.466847926898
8566.233125417288
8587.562607687096
8175.661991173924
8251.255504369894
8075.05455634754
8036.995725815918
8569.34893731252
8606.361538142906
8589.9225444069
8312.65236360929
8317.867499046595
7953.01432733299
8060.665732416058
8477.363813549266
8274.622361136378
8458.70556474955
8682.28744618105
8410.462761427883
8324.57644881446
8575.082888267094
8133.17382447488
8093.8060156725805
7839.997090566718
8094.1072586681885
7750.884487424042
7926.069543345126
7947.983847109362
7923.672464100088
8052.286985109835
7823.480544757407
8047.305034690051
7367.3788787038775
7992.794519473526
7409.633579221661
7323.271513835049
7369.86333655842
7894.876796206112
7899.768492197723
7876.941292096842
7996.680913672118
7689.167349265713
7721.506854233477
7474.837094037665
7983.997184744739
8038.153438636208
8098.348980248616
7947.696456168017
8043.3394299873835
7331.811960127502
7283.35779526911
7614.685964075976
7827.522645341878
7927.089876639405
7793.1546615768975
7974.78861492741
7924.483916580411
7759.4493138500975
7820.739740898908
7851.256878495495
7876.048429901652
7861.03065631315
7913.725302241618
7895.440343952325
7946.917748745311
7860.847771934943
7939.158206748958
7977.03045527299
7919.763164444496
7960.655600086988
7981.294894277777
7945.307780299467
7827.15263650299
7832.542788264534
7953.820436079601
7986.072646893719
7987.400285566447
7962.600912787708
7873.371172085787
7831.190004796287
8270.87958277976
7911.386222606516
7899.645623791835
7818.030864967377
7819.803857688379
7983.712629443203
8228.416732835667
8215.643691343557
8252.086392414416
8001.95413766496
7862.906477554744
8288.238402420337
7808.125662478388
7806.105177500208
8289.388689774576
8267.648247995323
8287.667950827148
8156.278866030935
7831.755608228866
8216.177608679727
7877.116194382608
8097.66647991368
8028.863862918318
7943.258015816774
7968.9816253569625
8042.399673285905
8263.127746140208
8199.871835226057
8272.48923322547
8510.366726716593
8527.768565610006
8430.63272512723
8500.980484671487
8325.068563435463
8512.77429898072
8047.243584296561
8298.815202511767
8812.382049175503
8075.305782748137
8018.6915633360595
7833.575727175834
7999.60806349406
8465.131520060086
8947.65287092232
8944.057228887426
9349.73474422182
8113.4708894437435
7668.034658857894
8972.316834127543
7681.183374996017
7723.048957689216
8969.238946247557
8472.563833188213
8534.998114088225
8230.368676701695
7846.52926005843
8400.321582341068
7961.735417176558
8047.192870810764
7948.224341997074
8048.978944922754
8035.9805657747065
7965.151737386888
8540.364348724075
7891.215535986656
8478.950478746916
8556.487368842798
8527.80849123914
8301.617714942877
7894.059148815091
7906.771639929393
8285.070681051719
8181.957829869779
8369.801832126188
7911.767747609522
7901.455820711297
7905.819668365806
8045.070122090379
8256.457599677142
8311.945538692544
7901.142282435385
7866.491520426131
7913.578768905193
8294.054018454766
8065.684867105693
8058.623499259407
7864.589135624881
7861.909816076764
7996.304799585896
8235.82604433911
8226.46060960601
8069.3968788667935
7808.642818842508
8080.2992121891275
7801.033003333787
7707.282672028297
7796.040889773173
7284.300286943835
7228.796499430226
7230.586860872678
8044.341450910271
7501.235444420216
8055.604113617977
8324.843714788827
8287.367207500012
8176.393425388076
7762.470115478292
7809.985529739895
8160.667898265235
8052.904573388016
8109.554399253247
7980.059697860364
7862.650707620525
7891.292813397361
7986.91878342877
7996.707806856917
8026.799707458146
8036.009651135773
7958.861934919153
7911.207800826021
7927.959276872299
7909.45199816167
7915.6666106415805
7940.0118275296945
7925.591244794554
7897.111020412545
7900.552189989463
7900.780425103133
7867.83271816399
7974.430161901526
7863.139959541639
7932.282374088252
7840.63513606581
7843.216898845882
7890.400853575837
7817.85407323744
7847.967298954832
7738.8849756229265
7795.151007691356
7757.985723942655
8253.355824407301
8264.560440534324
8385.094935279925
7977.245298804428
7958.6857122412985
8401.085695007343
8021.408492321294
8260.213817983255
7926.506053627212
8224.694703203788
8227.651635040898
8283.289456641709
8304.741756962816
8374.676143910116
7687.765673410191
7947.342467942636
8480.025207735442
8338.81171078442
8258.583349970315
8425.154018537682
8118.608646534784
8089.262877083329
8453.431598068822
8361.355194429305
8380.055196033245
8166.330195063635
7769.307991071414
8189.214598449067
7693.489134034352
7750.8337151545165
7781.87022284714
7523.627187373358
7326.631725526967
7394.197240577752
7362.116764543092
7263.444750340226
7345.634446527363
7600.88609300106
7590.635684163459
7656.70208653522
7665.93267832033
7622.993653965147
7662.025393523389
7589.863777435772
7669.327530606611
7835.756073353886
7844.301763897156
7841.759587437011
7806.884278024206
7801.314617861435
7815.720084063239
7913.795011154097
7892.159857885352
7875.321786736997
7885.916882456597
7840.422549388704
7959.387937821571
7685.350865978349
7634.414198675325
7979.687447712329
7917.454536262112
7914.227568068247
7809.71221895145
7553.295701841716
7806.220294616676
7721.674436865486
7814.849512763578
7951.0694836929715
8344.982171987725
8270.935688080786
8217.870734241693
8031.03626774227
7999.532827781828
8002.143991001443
7880.845929735458
7871.508771083612
7639.374858299464
7833.1117769980665
7859.448102361586
7658.6854111629045
7957.877709395927
7895.385719996623
7569.409789882848
7859.37541045711
7872.87884681962
7945.739824395184
7959.092540142709
7912.206431559632
7638.581319566312
7826.135370591956
8003.47225852157
8096.6669698894975
8014.3031294216025
8351.097999119635
7907.785568301889
7899.045043359241
8515.022551843938
8572.023090712382
8691.739478980087
8285.872885931474
7849.809810795856
8367.018785566532
7858.520273237915
7920.074079906404
7894.958101663426
7810.051371478384
7789.731541095297
7686.289698211801
7815.455937801541
7664.718080756994
7931.2963928606305
8412.179360789707
8500.54514496377
8232.605857247276
7762.336309137909
7838.656293109148
8285.518736346541
8120.71544668571
8400.829203462725
8217.71209540901
8083.7919543175285
8102.613260959683
8108.864161160672
8146.1159166039415
8082.0390950464935
8336.925506876536
8210.869609665999
7974.083576507957
7964.62700130782
8031.677990669199
7781.816918228669
8059.751076899549
8046.189734064194
7818.005376356079
7848.247978555439
7855.0136385863525
7904.205395139175
7928.096306651463
7897.915948481305
7870.793793746263
7853.05325468216
7882.942835865621
7742.205233048367
8122.927033477652
7932.530389089672
9087.15388598878
8554.019059297309
9080.117783028767
8325.426858956562
8336.799825830984
7749.6445394420725
8607.774308508406
8839.906066026011
7783.351154439284
9033.302605224906
8387.194173789978
7405.803349313801
8736.261123994167
8844.289738373973
8853.276032406246
8392.68824947463
7926.63349553363
7349.5958288805405
7419.620572296846
7586.275633861607
8014.137619307453
8322.840718899515
7689.30223511094
8466.87087276856
8402.577460391978
7663.9816828304065
7794.490868207807
7775.070424070884
7948.268768560582
8125.464021863939
7905.059649946853
7942.271848596108
7941.293583867495
7909.192048171776
8373.27886681681
8367.609337157985
8396.133115747065
8415.009976290436
8431.36986695376
8448.41069368112
8397.56633751574
8412.197390452673
8290.668876202908
8456.631475825554
8483.92799206715
8288.472612332036
8629.868090825617
8511.062301580245
8192.101079314549
8403.152716991846
8445.425580541345
8662.765701887765
8553.42300106054
8322.224013625968
8165.394327360163
8106.577445358138
8102.526989280085
8319.540869807142
8396.434202048322
8121.444812868206
8182.355978812069
8142.541390120273
8095.7737483422625
8128.197440026806
8104.868557484356
8156.772276991133
8086.385611189719
8145.81351675056
8342.800560748232
8305.825427210837
8418.671077675166
7953.057244647202
7751.930910272082
7663.410960588871
7943.5362411461265
7355.313878534686
8054.626677452527
7820.855447903707
7881.9077380252575
8457.77719502256
7268.140488890346
7477.843563496244
8567.948596982269
8539.788877504996
8030.723839346361
8142.621830997631
7402.710162519058
7500.671810106231
8023.189308090119
7802.02126951366
7975.301689688852
8250.727635438068
8181.414191333152
8019.989213357607
7646.138977753472
7840.566629233346
7875.288823968088
7972.046026942513
8009.188877727336
7747.8979322973455
7688.375224772187
7726.804338314178
8018.460407721495
8447.84912475008
8094.570145552545
8206.813390608198
8111.924737556776
7922.654228412684
7902.436408665289
7926.70052571191
7889.988256915747
7889.827963347774
7848.28172142825
7863.604332287867
7770.375345338219
7763.349699610385
7657.972178833829
7754.620653725857
7762.784277311402
7656.764096607641
7755.359046651386
7714.173810377778
7422.195323132219
7644.100891712017
7646.716291234527
7652.534170342765
7647.94055923609
7630.498193680822
7366.5016629432
7431.869037198559
7526.903176507851
7586.190419337323
7545.068612286448
7589.196014399056
7500.960937119175
7493.281196990016
7601.520011000959
7646.476867121265
7675.041207170297
7632.3790072306665
7459.3909084215575
7711.969211251524
7592.454156647661
7755.855079643814
7757.717952929307
7369.084333612579
7490.344542197506
7438.25771193314
7860.973947238696
7594.9622665716
7816.748326638002
7317.020971591077
7330.309505887825
7326.687868005174
7614.886950264386
7663.700396035039
7223.8776938099245
7722.345191036037
7431.765179045632
7754.534476357047
7689.764672757627
7739.488120669333
7862.184867241971
7608.566822847501
7111.219871828402
7966.165872390774
7667.878645036795
7262.891697888676
7457.285365408777
7996.974860951037
7165.230811116739
7896.909470240413
7763.020851082376
7221.042099937725
7360.745577907976
7379.957247428392
8050.347162835389
8052.193036759886
8022.228816690377
7860.560484242778
8164.999127617828
7870.071905131008
7889.027692385786
8067.7146595597815
7987.1953083738845
7586.381575627998
7869.252023665855
7613.651345809754
8138.271591537798
8046.987733605163
7705.12764838914
7870.790289250769
7819.786176260864
7524.396507987026
7626.526561165239
7519.101857824958
8324.825894795178
8074.434630750448
8045.546536308511
7718.849691903307
7599.530874576429
7712.352698049396
8374.477778839397
8403.493775222838
8459.744156508832
8057.822465592055
8066.181928417671
8446.259692728523
8216.968788021439
8232.501987399288
8444.639980359807
8333.28018136774
8383.394403789098
8192.573775119674
8326.751457910053
8147.408265096657
8551.043673936858
8403.219363399628
8502.534293089935
8244.827248281816
8100.066590390423
8153.343440385965
8404.420943294155
7756.048771247422
8337.138108234025
8696.03361752789
8622.791409178015
8345.869140256787
7734.801249024775
7848.678217480264
8308.81667292491
8381.95091849597
8148.590078912579
7784.370650926445
7752.409267252779
7872.823795045133
8518.917189844113
7960.083372146234
7909.516328452207
7791.526723217903
7628.8267523275545
7785.024475237467
7677.797461274525
7874.252768459205
7697.016286180571
8313.47940490017
8157.2474976790245
7753.065009500599
7775.0662387063685
7820.909567063629
7607.26290716292
8124.726139904873
7678.935694699197
7999.064101176024
7520.78365234127
7783.206075320432
8366.12148440345
8296.789562125481
8333.642152028884
7950.240608904599
8184.0045943570385
7865.104907262334
7650.325076461349
7589.623785237955
7652.740904649011
7878.692328534315
7769.023801283782
7680.836647649245
7445.759360656409
7603.102537220007
8373.423538925503
7800.832678857076
7802.01282806484
7882.311476923279
7832.286130123743
7564.060649473532
8397.086712877472
8261.018794435033
7984.096866276943
7792.506521256809
8078.625471139875
8015.389883621489
7871.019724573473
7764.948476746029
8180.81754301754
8225.749324316179
8368.777024934612
7680.677846978652
7971.402826396657
7758.560335238412
8020.979242993305
7843.65911668503
7871.562168036012
8380.941075998573
8293.67379110847
8284.173205342968
8138.709770664948
8182.77006566764
8099.064519438328
8095.970386852539
8073.845450778541
8084.213721804082
7958.450225000226
7943.84149653287
8055.950197158224
7939.050131142143
7967.010239119464
8096.150750162068
7665.60198251902
7682.011842554258
7762.709914776123
7823.672268878293
7898.198178772152
8150.480738255382
8112.678074949115
8004.6424837454415
7711.721113851797
7629.200970646459
7871.558057328366
7632.577330977043
7643.277118392678
7914.73932107911
7842.020458855472
7922.598730458959
7961.153198067291
7912.325657057586
8073.835325623694
8363.258360829794
8445.576016861543
8435.553920021834
7781.986888484795
7647.673240495528
7606.212151576437
7755.5434139905865
7590.340270054157
7811.029630912371
8077.711133787602
8065.500438490796
8034.952223785995
7759.979540646203
7777.042703813375
8004.263511663029
7910.7469211041425
7963.2011648683165
7874.061824033274
7835.17476321803
7867.165105362865
7927.124138008633
7890.619002071851
7852.80163855441
7888.31015985535
7881.564736364687
7829.7121978491205
7700.08020865978
7723.459228435312
7740.244164898633
7715.623708887977
7700.1088052098785
7749.957462537738
7650.151185884491
7644.870156670081
7531.0858367209585
7450.805428019789
7498.087832969675
7459.138135909237
7540.32208511281
7690.094123514051
7820.512124927162
7848.692726621016
8076.874897678737
7688.7066103814595
7872.296470591429
7794.325319814765
8168.232349643419
8198.746299385779
8609.92071380948
7587.029016690318
7605.640700460996
8429.93527731634
7702.4583232843925
7709.4349810243475
8688.697591202304
8160.569113856063
8201.515630808362
8137.430667383656
8063.990728093896
7910.1588568367
8594.512596786595
8078.216742273334
7769.382499163648
8405.738349976275
8430.44668954026
8449.287018492578
7959.689743290037
7788.235277041686
8448.999595757374
8084.20833716775
8001.031884463256
8092.070393856099
8043.371993745669
8141.706011366895
8297.092038480665
8303.768753707714
8360.043945471154
