8067.292359754364
7997.413369654481
7947.273353001787
7569.566236315319
7852.73714543244
7464.1032944496155
7619.35622579758
7566.283249739464
7557.580637902583
8114.1461378042995
7985.33450012527
7438.014871349373
7605.662077710722
7536.0610635426965
8006.585118011376
8062.569210666306
8028.366829499278
7858.010059503536
7745.380078782216
7556.507349143963
8184.5604456977735
8094.103295729878
7714.886065824981
7846.275213730417
7970.678655504497
7759.7764987584715
8000.2316447971625
7989.095562600374
7822.417543983316
8014.833572758698
8047.914185822093
8255.921632087331
7989.235514328292
8340.258459013454
7834.96889722821
7982.7084259675985
7849.335479736956
8136.757511456004
8304.41205935653
8154.149265389953
7853.6249055444905
8289.775242658632
7893.226485028302
7457.214007504055
7467.339605881409
7622.501470129767
8388.858484016615
8411.86503306545
7600.879627909563
8121.914066853749
7685.640995758389
7613.442252923069
8462.509518431765
8450.92539888822
8231.113592307056
7896.19036630047
7613.753043087079
7595.699930536284
7553.805470671061
7493.078142383864
7738.903147565558
8127.511938672922
7438.6165523186755
8431.999467516564
8448.020781421403
7427.060264551003
7435.4125760917
7409.47935114548
7928.010391961209
8565.117514923684
7851.305003075832
8656.024542134757
8516.69537967668
8562.929076590526
8453.878669244432
8455.641085301986
8601.613082053123
8193.111707358661
8611.930300455164
8241.286110293813
8268.453487086314
8293.97440502594
8521.185023334225
8696.979668677226
8623.515863776738
8533.557031223632
8282.31393687504
8321.774598319495
7992.896030799016
8233.258747979504
8206.677958570614
8146.581357981635
8221.782508443757
8339.697063616659
7884.262410765858
7994.321386893859
8176.812449975885
8212.214745025025
8132.7569028184835
8233.978809072738
8031.103754138421
8019.587311156793
8238.255978114837
8228.435728338814
8242.048319071791
8221.238800246547
8153.7520577600035
8241.385210065546
8202.731035782803
8254.102382376757
8226.207923461081
7987.548573634028
7965.403327674063
7999.812905260989
7978.776021426267
7998.261917530929
7981.0832850009565
8152.240254582333
8137.049955408122
8482.31510285887
8025.728190058461
8017.223610685638
8454.538362919538
7994.206211053629
8072.225736302969
8663.134424625909
8038.604503840805
8036.143801306265
8010.273498687493
8028.813604934187
8258.50647131171
8486.116289860001
8642.012759231913
8720.375187528736
8082.0895738329245
8017.809166929392
8664.69204870058
8061.386819334046
8063.826098320112
8705.77683989304
8204.762000666238
8233.030262188298
8016.816607551741
8107.01637712985
8017.3995652218955
8170.266123125488
8188.142710785142
8208.399240689972
8012.385323550239
8022.483823372535
8162.7672634474375
8193.161915472216
8238.556952584613
8314.894915574798
8369.187501392573
8686.523221672564
8372.429021276395
7793.156325420163
7868.446728195244
8417.477535522288
8272.389754884622
8590.011360859458
8333.025256159252
7818.427232700242
7811.88091117545
7741.077699540881
8048.880127208108
8376.11114803477
7850.128690493909
8163.450528185921
8680.355231380396
7835.332969072908
7794.760726729893
7957.032995055385
7884.824235446584
7871.710621085713
7799.479091491595
7535.983148683132
7481.75046035379
8120.726430132887
7838.309529331183
8269.989651867743
7849.944261435425
7831.414363251964
7851.146026692341
7590.271173777547
7602.131158286623
7594.066605962986
8067.406692338859
7787.585034474214
8071.853791643673
8147.758948581054
8152.750015321987
8170.9350479996865
7998.621792825121
8055.8574137576015
8169.95506303806
8195.274620576198
8189.228615137233
8065.32368277406
8427.07213112085
8427.144342512564
8360.320222419854
8245.934220034784
8169.300448073833
8012.721927456158
8050.680591804055
8100.705872462276
8168.3590680800935
8318.819406433751
8081.144326395705
8617.755996723114
8711.71819444635
8065.940969168412
8055.421205315738
8039.50965251721
8068.166342065399
8412.753692686612
8017.441656445561
8170.2280299260465
8000.546018829224
7987.900583193674
7890.200594798495
8009.460998889284
8000.409977101652
8367.58958783928
8210.413703427144
8400.285887154567
8058.223601621773
8080.405616909322
7845.694860498819
8246.515858910667
8277.11541829028
7884.594615222463
8380.291747375268
8170.413599282419
8152.487368763889
8247.419051639308
8261.018581250459
8313.696206158913
8211.21810949018
7999.856072936405
8243.13833041281
8307.309474144355
8138.445074460497
8082.259899309202
8267.767919927566
7982.5950042837985
8269.748965071994
8250.639149141638
8045.423413716705
7920.5522923319095
7902.268667612135
8158.707096009597
8307.66380630786
8112.1478552931085
8270.528146922441
8280.826198035964
8241.591514695747
7841.180848599097
7805.907214578419
7784.342029568923
7781.505156863198
7715.939375105869
7728.240783974681
7701.940339009175
7632.9221606385545
7748.424050310839
7897.039493670704
7846.636591181638
7610.718750466381
7619.302416335021
7382.8704565407315
8285.705406315428
8147.816061571111
8084.1584875396775
7707.613225658967
7398.5916852957525
7161.013641476229
8458.209552124767
8273.968052525424
7766.457386744225
7213.632949990737
7576.016059182769
7357.350507116783
8019.351900424713
8051.981909926871
7440.019249153139
7169.818582324912
7198.453274568875
7547.698969058678
7950.313755060628
7614.185402358151
7907.583633444664
8081.7714400923105
7959.356947720206
7754.358787384925
7689.024099486885
8023.434388007184
7915.566123801963
8234.8825763996
8075.66324379779
7818.270732891122
7911.7810232418715
7779.850129179445
7711.55502241854
7515.510745127916
7893.694706480033
7869.254192823228
8334.25327781428
8013.933431063384
7469.725526931186
7486.437790075777
8156.399101864388
8402.095387853815
8370.086411259055
7646.325601992856
7831.429569217115
8326.315727287107
8230.95444609905
8320.353985482652
8184.324999520245
8413.536518477018
8328.142488230988
8091.049195776051
7730.68776842201
7657.584581320072
7474.662942904751
8063.205503712256
7383.248138849906
7804.2907402561
7754.646238760293
7839.67097789321
8490.710421475804
8446.088597710088
8304.092013198771
7810.72785969094
7888.497095740823
7720.909012596528
7406.236213346765
7409.599895520374
7427.815810331566
7464.349531944221
7487.185823805166
7443.201609089954
7557.506803645059
7564.475401272277
7549.859676359025
7212.20270743998
7255.882018568568
7583.511845844002
7755.069964838142
7743.319714625077
7585.915868675591
7581.44462733057
7658.217986385957
8119.746839755654
8122.323436353992
7956.86501946218
7725.966270721592
7648.384844706194
7979.613105350849
8415.88875151797
8425.20091705194
8787.69537751863
8292.688136640549
8747.701805547784
8139.857388589325
8201.676833040212
8016.671292429576
7373.768956666478
7133.589777743145
7244.539060533753
7940.409266027606
7400.885420157336
7922.0980568157665
8190.09844495754
8247.912781002886
8282.657020319448
7766.35937963132
7799.072138843864
8377.989786303686
7987.405458448902
8243.314454666064
7348.791893020722
7848.877908706168
7891.818379111294
8006.922497042492
7821.691711564588
8194.769986912288
7543.538063073339
7431.990006881045
7926.768442678077
7775.475596029056
7883.645598501262
8015.948290796592
7754.346555179841
7725.584577309566
7884.59015169335
7714.067347083418
7660.957040411758
7998.595778897615
7943.4304090199585
7937.466890349888
8067.15577602398
8089.975283966998
8092.949962686566
8262.387064592862
8255.098272803716
8353.515004133165
8117.676555314013
8340.790558863415
8128.403192090673
8079.2170565089455
8083.198489841644
8017.274979788804
8252.966422540152
8221.509102601034
8018.72539495231
8146.719469844481
8133.2782815356395
7862.605545091972
7943.628027600307
7956.213233586729
8076.523384370275
8174.089938140415
8135.656079186842
7853.066629895703
7797.490754596152
7809.780743199775
8254.76284816029
8083.49700132842
7980.156520576397
7682.067841873591
7624.3656373127415
7922.353306228283
8207.265595235973
8167.321381738642
8085.788226276975
7602.427920045401
8061.119321542922
7738.870701447322
7847.056898766715
7888.194416649206
7833.997127442035
7961.44821953618
7771.726944399888
8501.874408273641
7936.2862706134665
8431.329512381679
8259.879848724122
8239.322394481704
8161.77222796071
7958.858352901526
7996.614879588209
8086.389046578851
8113.687215897351
8086.49539134023
8383.570240848365
8057.606498001614
8048.30169268498
8019.465004234884
8003.4634972368885
7899.0744767240785
8386.026342414245
8229.654291648487
7881.980447452775
7922.542277400021
7987.708578516733
7689.4042391432085
8090.387854532518
8131.817538246424
7717.382411635553
7869.1170511537075
7870.246549672316
7992.308254222542
8087.790639177763
7987.071549524132
7996.243228805256
7947.043068818023
7906.974330414293
7643.367259278735
7645.382831083378
7495.37520944775
7557.022804471415
7652.672147430621
7517.277145624284
7858.022441867993
7800.453121392825
8115.561274165297
7824.623336206914
7707.756262519891
8136.654086374691
7483.015173523825
7725.65491062713
8145.848830671986
7641.805822933621
7596.757100360146
7574.063531817161
7798.1015336954715
8124.019659511519
8106.644157365022
8042.968836986044
8175.221528981981
8118.686287532022
7921.603860645784
8358.521884432033
7877.92539924626
7912.865497448356
8423.073610982832
8403.601601096314
8458.383385453797
8182.472078888703
8101.516701878489
8192.241487668698
8088.3061726127025
8072.844504907636
8090.292282216247
7919.565805197404
7942.833865824902
7826.681126920786
7999.175461972902
7778.52751067141
7971.251916946958
8034.700306076451
8024.499863925627
8060.14121015349
7722.3947027226
7756.332990033413
8049.281581506204
7918.965405324848
7987.5597467842
8040.830359025832
7849.115558676119
7864.1848445878695
7940.552350542686
7982.6520821309305
8019.454950343022
8005.371766571942
8013.020001349775
8033.680732404682
8019.635301362738
8008.587217218687
8033.7097237256785
7998.071580980591
7994.081883952645
8028.993219095531
8039.549455847865
8039.111296107168
8059.386864363788
8098.192250047368
8063.253176551438
8189.040022815803
8169.713079901833
8210.321849057806
8335.864303611635
8203.566568632219
8204.611392630155
8323.891121953535
7938.936388841378
8324.28231738633
8425.901265809707
8426.980170121858
7984.520776447864
7738.91167222278
7793.291628744655
8013.355383296246
8072.80418665662
8174.669805379486
8201.111873999324
7872.544644719297
7882.689207348064
7956.5681126670825
8003.593466744376
7892.309881246514
8058.92953901159
8208.066945710329
8143.598105053339
7908.893294621925
7924.653410310251
7675.011863958633
7967.382069695711
7982.007718774396
7750.801757665275
7825.424192656798
7820.311726054457
7882.907233979841
7948.152087310721
7873.323224607608
7924.326542046754
7866.01673863198
7882.764484960632
7775.5190582706855
7703.0504797604235
7635.496632032045
7945.1272446627945
7485.3711669140985
7928.02108514037
8060.606105476416
8066.518778406361
8147.016875368083
7713.168393045437
7729.65659631657
8166.662008021316
7987.60148402019
8114.37747580453
8003.847068279039
8061.418810970146
8092.829517613774
8186.949926250475
8194.846853375755
8212.504983158375
7902.868153023982
7951.639018772112
8158.767642532423
8266.38961629818
8324.28852789671
8134.044742555746
8301.15886056386
8225.036411927715
8058.381995573989
8233.765501863334
8216.740259949143
8314.127756724445
8257.308327323293
8308.22217651895
8144.369857942534
8175.438289597611
8118.3378595992945
8057.816710902014
7958.911248036163
8010.506066452954
8170.52776307839
8234.007087277472
8277.446120851422
8073.547244452592
8097.508792552333
7984.477722590244
8464.274833471976
8581.119616335054
7980.780518730355
8590.473840490513
8182.747536961006
7775.677718519388
8475.85719954745
8508.77902432674
8422.509286806046
8153.505686360552
7982.9291391232755
7787.053673475952
7656.436475161441
7645.021484411006
7985.11472592391
8054.208404295469
7791.026972726142
8191.318910194898
8193.496742508449
7728.1405180835145
8036.211658683187
8052.705191613673
8118.885785230383
8063.103326704155
8189.669570477862
8076.670882588399
8120.900575969773
8101.789132969549
7869.766146863432
7782.460626881667
7905.416386718823
7362.1253978161285
7821.5838432996825
7342.87612437403
7640.649110978467
7617.267584035636
8046.464498180755
8015.678072625626
7919.817277721964
7963.567511561819
7641.921224206944
7651.619555890617
7710.7710086948655
8211.334086906785
8202.06763836714
8062.623831458117
7799.805214813385
7708.227450607355
7502.387098976305
7371.5060903592785
7676.521676375713
7694.337684853954
7992.215697465103
7820.820239732167
8291.511223316425
8304.635298359452
7779.61170430648
7796.568662803185
7833.950856906557
7758.994967168837
8201.20581832891
7730.220146883905
8162.1679640636785
8080.320529137402
8110.205864981563
8278.953436378333
8382.394261808739
8356.70049402272
8262.49082944904
8404.050516808025
8262.479867893058
7939.640541391323
7931.709843073326
7611.40027491925
8068.463332562071
8087.980165946016
7617.415623402243
8066.735037253306
7916.867188321165
7726.339247039262
7898.317850588198
7893.517674153758
7915.964846134974
7891.186690070249
7762.1096416314795
7875.893877062014
7786.49930200915
7655.451941012435
7838.19395103626
7916.939790777379
7700.456813749893
8045.672346752246
8090.4075830490365
7711.542694635762
7837.924893384934
7844.831716409506
7980.239094433801
8203.03528168958
7990.865234977643
8265.18226383694
8205.046957809318
8229.26845450108
7882.289268188417
7891.610914729967
7954.133736019068
8023.730074269541
8084.083299286925
8046.431455005344
8078.755027877809
8079.49306764663
8113.0854982080655
8195.120744181777
8171.422484382771
8103.842229847644
8100.682356294177
8077.844808100465
8222.537970779704
8080.629752565338
8071.627653820926
8045.662067492121
8044.689618149043
8059.317243058874
8216.43782077348
8138.61036994312
8084.2471300985
8013.938504714681
7953.508840077398
8048.059823211731
7830.378322318655
7797.406240288615
8039.392253870838
8038.007414560128
8048.049216065837
7948.922339004881
7698.477480307387
7968.10309428543
7737.513878596372
7850.489272999916
7865.532773896798
7851.611973359409
7855.829904425379
7790.847393997675
7850.646263412861
7830.2525846924245
7914.48706709341
8207.20889705907
8266.896990185553
8293.416445821278
7948.877107488692
7962.3193238156255
8357.537994695882
8042.609259095724
8308.07962882489
7985.617799135975
7984.448740876886
7957.781671486083
7911.405769735416
8106.61346559357
8386.657130440564
7902.072326602354
7970.60644038805
8165.874769723968
8105.93527275569
7765.747450412993
8249.655177941144
7566.187365255579
7648.119859556619
8209.729939499317
8086.469322052491
8083.094965448762
7757.498770703251
7478.636561772797
7783.083044382166
7757.863814356041
7712.289897448207
7851.53336014693
8173.980466063037
8017.85228371005
8102.127479194766
7604.812778105559
7975.807803009023
7671.306533553322
7635.574688579756
7664.093991601316
7608.051658239142
8034.3350312889825
8026.540997738635
7657.663281028057
7924.635185830457
7825.427658457701
8040.982700969103
8051.577163270425
8059.650018494532
8018.02011274233
7936.9322837677355
7870.9040871594325
8119.298114960886
8159.050601748262
8074.869030785236
7992.551288039191
8018.620771053602
8094.993579598477
7998.980102735654
7978.097744921092
8174.676751349296
8145.626456005621
8181.817445263089
8153.733306536674
7959.111365805134
8201.850272585116
7898.108950691203
8024.9874026890375
7925.77169613328
8050.1402523653
8089.8438918688735
7945.058708356001
8380.169760714574
7956.900757417421
8379.485355061674
8464.07038500922
8463.255770063617
8449.656713253013
7857.739627708402
7954.955530281732
8446.973617321648
8290.764080522162
8394.281768726985
8673.992862699179
8008.43399730905
8061.128411006604
8240.209186180715
8320.070760576928
8377.151214822667
8588.949234793177
8645.349302461162
8596.446519942217
8335.12272528968
8340.222065943362
8428.397863432436
8378.149868673703
8350.935658884291
8430.382733800801
8360.382455064942
8367.009710988088
8382.932944103304
8533.80186765603
8389.5273617559
8369.13530004727
8329.990012542163
8249.451465534992
7854.518996573459
8245.464877593102
7932.344805111794
8066.351382730996
7704.485603019856
7927.921567357465
8099.5973451913105
8032.32385536581
8273.39567233115
7547.838880258421
7585.176364584124
8236.772391461562
7808.640762510531
7885.247185304764
8146.84870047943
8120.172663717689
8057.558694513599
7942.206943325668
8010.867922565377
8046.576066434504
8287.59457316569
8355.3652453304
8314.600711844574
7895.008759644688
7937.6235107239145
8115.557562079164
8092.828592227497
8134.223883537785
8235.77689934681
7613.553678654576
7629.983906906187
7902.699990647477
8231.011302327492
7954.061534992357
8322.845740238801
8236.35998286066
8270.487839457015
7959.648047522658
8056.701113958977
8064.2616089928215
8222.393628228232
8288.335400256135
8261.758128454068
8194.79965555924
8226.110068695336
8209.240529870576
8396.606361633529
8406.279317464689
8272.81737497531
8408.017763750964
8398.229860795447
8203.156704537809
8407.570142753279
8419.709845373716
8496.352896585258
8536.988524729506
8538.237406591496
8156.248381306497
8261.20385650208
8489.667235785008
8697.538749724781
8686.210706212567
8642.300358347988
8469.357530876694
8403.016659251334
8605.323358228206
8699.959635802887
8664.179246981697
8752.546226120205
8511.770236811552
8690.129565418943
8329.159557664852
8407.552501145346
8298.038521828428
8154.185477772197
8176.209526148396
8250.50480329245
8109.767240568388
8347.612669216282
8102.03769978271
7883.318117031176
7950.015840699546
7579.546073089205
8574.703560355574
8472.09341223222
7673.18178401615
8065.902500459392
8142.8913794080345
7701.268090116824
8644.112027618983
8570.02864657752
8151.187077606696
8114.626684508729
8248.82831187326
7749.402895676731
7831.915802187167
7450.077766432094
8229.415412518634
8147.041197394341
7719.1985247251605
8534.027266062183
8648.870461351531
7573.433183677826
8183.64842343216
8141.422931710721
8159.640957667398
8464.795906718215
8145.91948658087
8402.306853988815
8347.594733176564
8312.263411633898
7831.584202672865
7671.485433214299
7538.850668256959
8019.77138590464
8152.314136166325
8350.738665121175
8876.043812586828
8824.87011524735
8438.51815771381
9313.051942780097
9442.902072915185
8360.074871070581
8576.502147560972
8035.368037146298
7884.775833801636
8136.612996157461
8045.028934130361
7604.518299219476
7445.685805864148
7604.17031657558
7997.2377184012885
7881.321601476767
7593.062487009081
7090.641123481611
7075.287691146623
7543.749451360962
7268.749351347837
7329.125279514481
7781.032554104263
7783.902201644072
7967.146103885692
7966.256450851725
7440.128859275131
8285.109307525405
8103.165149514802
8350.657560795395
8220.547018131278
8440.978573588505
8683.084139354953
8511.193907501929
8523.858931653911
8610.910563423582
8595.566317233175
8151.347710354673
8195.644389791514
8132.074209938867
8237.158059686333
8096.893599493
8139.928232927933
8859.25477162879
8362.511248954568
7857.580250147037
7643.345909283463
7736.506441007636
8687.074750680345
8232.4447776072
8168.720778557806
7835.364096083761
7750.144901289209
8035.908962675712
7954.748130143428
7912.85008562393
8333.387054273751
8162.12710173586
8009.450760546051
8222.739781088829
8599.041169932809
8662.681620703192
7939.327610238625
8135.303543902752
8176.363504191612
8183.67939681325
8049.9343952213485
8216.622348232448
8221.331220051628
8286.768100331445
8226.439677995386
8345.524463959924
8259.215724669208
8265.823065873565
8301.604612498983
8310.47951354816
8266.62000777153
8235.068671628589
8229.470951297017
8208.333650336217
8075.891145765814
8154.020380282795
7878.875737090977
8096.186271538329
8091.307759362731
8098.937577436056
8143.148971643815
8148.789913535363
7878.598391256524
7959.2226613399835
8045.171046377793
8150.930829512193
8106.683519325883
8161.8885304026435
8018.512952938725
8010.306855774929
8251.742500762917
8133.358572022991
8185.144897854698
7778.823036637758
8013.436568301673
7816.459316165623
7974.278717303768
7887.805071380285
7887.610243378927
8244.817673816564
8314.899317859015
8298.870592102225
8393.451539138076
8492.77967793466
8408.391276824526
8369.353581876896
8373.189875850252
8434.409735521096
8363.852447871106
8357.418580988346
8448.30016297709
8333.021396375681
8348.252478847855
8595.216067523108
8300.360113718338
8304.709489642368
8300.390914905269
8286.955878297058
8294.230918570885
8519.655635214542
8351.24572842449
8198.788408752387
8166.307277005484
8249.444177478214
7936.652730541698
8296.561765201148
8282.90687774447
7809.759360157326
7780.749937329578
7724.571002540369
7841.7854614548105
7980.493595978551
7801.567370815339
7865.688277993416
7822.917639454274
7849.93425687434
7832.845441204203
7765.907164721056
7737.244827628575
7955.9873114338725
7872.315178918415
8004.028896898712
7987.8168077660375
7982.859237732159
7688.085485371275
8199.312763127931
8223.645780017221
7775.240710095003
8256.423606167466
8160.417546750784
7826.234775539934
8667.689375590913
8679.39741067762
8613.121394935344
8468.073087975765
8271.106687711412
7913.843912400251
8027.45279159705
8170.5890020248935
8466.883650001966
8483.306084062982
8372.59234758838
8310.884911950649
8245.402088975217
8390.214106181036
8396.650236913165
8403.260968750645
8309.953721165562
7988.520624391135
8368.488769325657
8077.103162992372
8265.359604152685
8241.98267616505
7907.012797789458
7837.215505618373
7721.193695501673
7676.475605051187
7439.858463854171
7591.922964825514
7825.1307029002
7783.182508596652
7824.596470163323
7932.300615424314
7885.566288393907
7829.478102038576
7881.82717057238
7948.948013988483
7732.189921473908
8881.971058182857
8883.437449039659
8799.493021269489
8758.177298954428
8465.311143473195
7862.757669778788
8045.801828548757
8337.065664479336
8738.067362280384
8806.373048138394
8443.607974577259
8541.147277700518
8469.494193469705
8340.479324107388
8561.81242314018
8551.042832740459
8385.863119973148
8238.033231811627
8277.300922721251
7928.9219433434055
8021.481379491405
8024.50724464375
