8722.751720552998
8361.898595609737
8641.40397430052
8565.812917754283
8320.038930301282
8495.379258762227
8887.393961591215
8442.574577150872
8193.547329981682
8432.950920635645
8163.251863861742
8075.055575058903
8044.464955262262
7999.197806419546
7826.018085549528
8081.123454740581
8427.421741562039
8392.91385507552
8100.232382045907
8233.475049309347
7820.926064008103
7614.0132912399895
8035.669841795333
7933.363612187713
7602.751773390277
7660.094186206951
7363.184815801566
7730.97387698591
7938.149984902534
7894.9553023575045
7938.125585321879
7879.035921052968
7780.311203148777
7946.097336771535
7708.315692337922
7845.202887141744
7927.589481466468
7923.189102303947
7447.582633406937
7719.508170325052
7956.174136789031
8110.2762114330735
8077.60866560208
8008.898324186437
7941.796704221014
7873.363965742329
8175.237449747917
8216.949382673358
7703.742239151921
7555.1960116155315
7765.747917565594
7560.185093806051
7762.970618094983
7750.878936923206
7805.193797516459
7607.590971489735
7726.2646868921975
7733.89828360616
7677.627257097957
7478.440526396362
7842.424531351221
8108.035316064059
7852.628708132724
8191.932665080482
7663.759433717593
8219.2255924284
7924.13520136467
8269.645154038057
7744.547950328339
7886.95696655527
7356.774843915944
7986.256275354755
7727.121735302725
8180.035483820068
7597.004096485673
7818.291048370883
7833.238826478326
7986.791683244638
7841.699392933815
7623.236304895514
7975.256865152609
8105.739014778269
7824.317251457458
7886.797461409832
7524.4258686191815
7274.411112183593
7661.831012112449
7504.433762859335
7445.449659156266
7592.533443223222
7691.437201703872
7688.299537503177
7687.054354153076
7878.281102349417
7886.998707210004
8025.892187774718
8073.35204927886
7790.577459714289
8010.913852531798
7769.5184767084775
7899.858746401434
8143.932863713085
7947.808814729571
7936.119835814103
8062.550232002939
8422.504951980818
8244.12104883375
8019.085599123482
8124.8118645934
8164.812979032845
8185.746906131325
8224.70464265597
8158.241812085682
8107.708897797416
7824.764976233382
7975.660589997133
8213.727997333215
7987.380790494805
7832.627019336219
8192.792992156888
8327.772362589058
7941.001788730382
8128.979276087605
8127.856623404642
7904.732447974636
7965.150006164082
7933.33401215339
8070.20776179846
7913.981157114303
7569.740126891941
7476.1864744858985
7707.304797254283
7965.4667078315415
7452.2306377566365
7831.229210212762
8016.309223558167
7965.471743133537
7439.820065459537
7914.237121789307
8026.049255490613
8028.080792212981
7830.347445584972
7966.835447451674
7629.71954206132
7930.930500479374
7939.615098530066
8071.95071471746
7933.860079480028
7619.346925432219
7286.281904056523
7881.173663058316
7752.690629354456
7429.527906267762
7696.647391502463
7657.775457375294
7795.233183915587
7929.578346183462
7940.296304270216
7940.095195819876
8033.31758984565
7325.019861642261
8002.384936300191
7579.2287249022565
8249.160568198227
7790.606900012845
7940.893298210127
8067.93809586121
8192.964118612974
7745.726207072065
7745.220756610384
7692.970958851744
8048.344972494255
8092.11800575349
8045.354973769681
8181.360638154134
8294.770665906253
8538.084620730557
8548.338515825471
8452.047824864769
8365.659683537504
8119.331018407156
8003.504176974149
8164.94676027385
7934.452519038167
7836.047020521443
8099.209484661665
7798.27224095065
7676.62146385349
8057.6964804924155
8301.963886271522
8015.856655668888
8153.646868620008
8137.57845805005
7908.442499586701
8000.365753503807
7821.698578963434
8261.203077702216
8040.758894492318
7233.8095821801735
7673.102243601228
8270.122341806235
7927.264682957881
8147.559393561742
7866.064311303122
7297.889749939035
7519.95095048196
7560.886017367418
7437.2717381353195
7667.843737290613
7754.3649126846485
7667.619499835917
7812.837632156421
8068.515884376411
8436.83894651418
8078.387639940258
8236.444143410326
8391.142844958971
8759.514601396184
8664.273530612312
8595.279340750774
8464.056174120686
8283.354743683603
8588.687778637403
8465.665146046043
8079.337386729128
7956.8800728243195
8082.311960876506
8098.781124541891
8234.777727122097
7805.118068910889
8423.176234403816
8587.940429159624
8016.606836496476
7696.472507321424
7832.9709962653105
8207.000758132732
8392.29561671307
8327.397224446886
8190.482192736418
8225.64152099186
8048.829140968286
8032.362624096448
8116.678805835274
8008.326677769391
7923.2041243704625
7868.864563208477
7690.036706750204
7763.410290741099
7882.259312292028
7632.194033593183
7883.44928267065
7854.098837029709
7429.353353204412
7573.615710547493
7814.0389003303035
7479.638032449562
8235.677472523941
8109.6894035027135
8377.608490235194
8251.830411117115
7897.4426131678465
7666.725685425204
8461.696629211487
8221.250717828703
7923.680107037573
7532.5840835590225
7908.32322468015
8135.079148494382
8372.954052697198
8410.643446275037
8167.491512418065
8308.534447566733
8892.373355324753
8645.40004879286
8695.737416688788
8502.660240603387
8382.372600687551
8028.404223312654
8378.640691996043
8272.264879201064
8115.159367937724
8190.132310119337
8297.095028585167
8291.201485998616
8389.279660486984
8537.06055937968
8401.95005633641
8426.840111466263
7602.2048347541595
7970.952706233211
7925.2389551676315
8017.009584881804
8107.92407407106
7833.461278557573
7874.24497910556
7525.732223611309
7631.791606261783
7418.8203972572555
7562.124302801688
7297.728073986473
7773.740595322368
8061.21435657029
7963.21288786556
8223.448454456942
8498.979414248653
8458.301815806972
8325.371721652184
8321.658134649457
8249.326178077057
8328.539731421035
8062.475355545866
8127.27768902448
8213.92641113838
8163.183668402949
8131.486365577469
8150.009401255348
8163.109152695695
8180.65591822407
8280.70324642872
8234.371137381515
8179.895918611341
8089.087455980303
8256.10730589038
8258.59097223651
8374.114601423844
8590.409937118475
8276.202985853168
8378.371791280699
8561.412378045583
8543.525997755498
8624.610536021413
8550.922612814702
8202.014686069273
7962.181141596156
8213.69463229942
7799.328852823001
8039.507666206674
8166.338225941793
8036.589947259267
8097.116471280941
8458.401871166023
8399.748884827384
7723.624809166312
8118.66732226309
8396.256728958055
8284.503236235581
8294.896565553116
8190.11790912369
7715.939916310829
7532.172152396485
7857.44350055993
7667.639615989838
8517.20352338516
8678.392488423207
8707.162362668016
8972.311844004269
8334.139884345934
8259.259099872987
8971.630638799956
8312.8454376063
8074.925116172435
8557.884919910612
8200.92113313653
7808.883174970166
8045.630989701161
8193.919233354334
7544.823340641538
7702.517544992669
8225.493469129868
7984.816564814446
7869.043799249422
7732.586635955378
7671.91264589113
7897.018900284293
7670.611076935777
7621.991217909487
7949.684148228681
7878.741027176842
8122.065511020981
7978.539043129546
7953.134344284986
7890.418678415097
7857.182438814595
7717.211942664774
7726.831666039804
7730.576375666723
7860.611641886502
8019.860853352405
7790.714502235819
8406.876692938034
7991.606720396225
7873.228061364878
7786.319315592299
8440.873441233367
8237.456707437887
7949.753371971365
8273.622881301486
7886.587817239463
8476.096493889074
8076.314859185896
7489.236359321705
7344.486580278962
7092.104962407035
7134.699209549382
7669.8231386122025
8231.944319096296
7371.48878395794
7709.067065276009
8156.84751591532
8565.980277365114
8383.394559241116
8042.846275583781
7766.579880415806
7553.103078462893
7884.8252903103785
7752.083181717052
8633.422479781259
8475.348711383012
8443.197200926252
8500.194688434836
8197.366000877606
7822.364664326137
8249.462260342272
8286.976885954815
8049.614418279552
7673.567896708573
7911.434852796153
7978.44145121014
7914.570519002318
7927.431730719626
7810.709427810333
7914.163598930566
7571.360078846006
8189.294770326682
8010.385096345071
8240.21961114922
8289.033916374596
8128.792202450824
7856.942230858563
7986.378503972725
7947.587065963404
8228.005583495617
7880.384970998116
7797.495418856186
7969.197727879011
8279.895301608474
7836.254024987447
7653.804151940024
8544.7676043746
7979.951392286968
8237.393235552354
7893.776666973758
7662.924530058612
8377.432064458311
7671.077719454741
7362.793031070842
7907.981874693432
8027.235155838588
7957.555562151724
7266.157747852939
7463.452465472186
8258.56494594459
7189.413470112326
7765.830698065135
7864.363284505284
7588.006090488419
7997.348158587438
8009.135249949147
8024.055806149804
8216.282651136125
8355.142054761469
8610.614140907599
8681.546631894631
8396.514835659247
8473.971477594418
8585.58016779783
8327.839787240137
8100.382382273332
8189.245338309912
7982.358468768919
7801.576340390493
7830.1852554189945
7630.478692295295
7984.545293177057
8438.21557041901
8144.795607774607
7979.789976426533
8009.434197308746
8017.850342174069
7920.207748065785
7928.82032957212
7708.612432693038
7845.119610190838
8057.615258927699
8124.982548672449
8307.97290699096
8066.173521396567
8010.625321448312
7950.557469853985
7733.811768513461
7487.106963704207
7479.281097244479
7058.753580920034
7104.891499126245
7270.666698622666
7518.257510486427
7147.053188811187
7022.7875446646
7154.747659929789
7185.600400494275
7403.449330953783
7556.736302513826
7380.640030708847
7628.012146966634
8286.46081169028
8339.039003521506
8377.64755410984
8445.530697791914
8599.361126601336
8655.967563334458
8423.4286453173
8505.184569697756
8656.163694754006
8498.100068668353
8210.324143218855
8189.552177759779
8359.355128556648
8337.174202858398
