8107.828229196794
8252.82346483465
8152.162266828916
7850.264352895414
8036.990531322905
8164.121574071673
8137.714711218156
7984.694866346938
7853.699884767115
8037.5205538392975
8260.313333777307
8168.92239073405
8198.251497306606
8233.548248265375
8323.79793766868
8857.791854130293
8194.622377548656
8239.40777764274
8152.0759481332225
8128.092141335698
8103.287181043249
8133.93138694116
8066.857762964184
8173.048297624701
8196.645029684041
8411.983278653302
8622.49387914323
8053.061543974653
8436.890928182664
8228.667223133414
8245.85305112806
7988.386821517618
8194.686201177672
8227.620587505071
7960.8348899057
7742.731628633942
7936.959552832478
8082.759269362949
7934.349464600502
7601.542830782132
7697.729849601926
7930.17335898932
7851.722949032767
7595.3347708312385
7873.398856437541
7871.332074053222
7363.531670837237
8358.256945460842
8239.89090524488
8255.941741956502
7751.779994981174
7669.037170691665
7546.764028969074
7543.928386761761
7268.293345940494
7675.606310461771
8494.57038659804
7838.221824071807
7623.625796205214
7931.695057554047
7848.363321233033
7663.3471833528865
7430.355824712988
8015.679348302965
8012.683011288175
7775.515554238998
7392.241673060455
7865.2695690841665
7241.269621348649
7499.7073109508065
7761.67207496833
7933.859535813715
7525.659305838795
7615.988117161203
7634.801085972269
8211.285528724316
8443.378618189876
8216.510945992797
7581.232799332454
7445.097381594625
7633.920346239139
7633.514693786596
7717.4397897347
7592.284478552505
7932.188066309721
7912.679812080378
7847.746366729701
8003.12869353432
7992.459302953517
7893.45363596472
8099.328421409193
7943.810027548534
7985.723778590278
8003.954872534626
7935.028267756584
8572.886462875102
7957.650749265565
8040.57749165976
7953.036262173499
7853.558933152153
8016.859079506129
7965.58635943151
7664.963372617649
7914.927718385479
7978.110465578101
7962.894598425648
8578.195155440464
8420.107548723756
8443.378618189876
7759.022261568002
7725.703565335485
7717.4397897347
7663.874791908616
8069.282757486549
7855.58797175172
8501.264201472624
8116.048227844266
8036.924054527502
7439.317918029486
7932.7406723048025
7877.715113614196
8021.825377513927
7681.846747761219
8135.211356802741
7502.2399609006825
8112.938064140588
8044.7853470182
8140.57120839356
8189.816854749377
8037.360541902818
8500.108016269405
7848.282757351138
8515.744108156858
8078.775857690226
7832.684507325193
7676.261814472338
7826.617129616194
8298.448206807792
8445.317834435542
8116.024829508851
7538.468524506373
7890.399565173535
7930.701832205465
7810.331562477607
7940.784259303008
7896.8204743828655
7981.100649141128
8133.818144532395
8159.7407276497015
8021.803578240457
7847.115227332334
7960.873893498048
7870.12857263188
7909.284739320135
8204.694386861262
8282.489379091523
7831.052602294945
8149.1291226887415
8149.442957198206
7566.844257448042
7558.899804306781
7589.520803201247
8035.482401614668
8010.7974440538555
7983.127641707414
8209.027684078
8219.394301697545
8210.21386565289
7962.551974552498
8142.9039468473775
8177.650894122665
7507.248587797964
7956.217895103993
8094.544415256668
8131.503905618589
7560.011022769362
7738.108550227198
7892.5480246593315
8000.673585385423
8216.719189336618
8051.059211654841
7783.231283088478
7621.076427120149
7625.2837071495205
7779.493717529033
7577.366221569607
7601.0329385608675
8053.061543974653
7633.920346239139
7817.285611574279
8196.645029684041
8198.426631479728
8271.559184054377
7537.221889217188
7592.284478552505
7534.689269982324
7984.067582908915
7934.338431820052
7857.291412264286
7613.972601844253
7802.500617365507
7888.7194066839365
7785.213657375909
7693.33216185615
7780.631498762559
7937.412057601622
7900.4573691147925
7459.47117487706
7923.408274045579
8072.550526497462
8002.776265662819
7886.845366344096
8116.68188359164
8152.806306912683
8094.455423456108
8039.831922632087
7744.433894916561
7846.242283386206
7582.939245201689
7719.5357204791235
7720.544674552565
8056.122008327766
8000.063026064314
8146.961789597702
8171.598283889863
8798.478805066192
9006.237949950306
7617.2230755907
8189.566244524567
8199.864283314719
8554.537538407634
8205.21473300172
8039.14763313648
7663.53507163267
8673.27377541358
8407.261101128717
8359.829031486332
8284.817905638896
7907.77867027163
7929.982158313721
8298.244546195067
7944.064432268528
8414.656474195031
7856.977485341522
7826.617129616194
7795.986649843098
8631.923179060826
9158.30275803766
8567.553336951984
7986.761342998855
8116.024829508851
8151.246833847928
7478.208887471255
7896.479420916596
7868.149075363202
7939.878992608409
7959.637773868321
7874.783810112992
7622.907060778407
8121.1409346446
8122.889183849941
8021.459284365136
7738.901107948638
7555.759556768093
7762.99232759715
8101.83088660906
8284.738595435176
8219.809896664614
8129.542248638671
8327.946159072011
8134.529416378334
7675.606310461771
7720.544674552565
7771.720676031642
7546.764028969074
7538.96079812483
7558.899804306781
8228.211356450802
8146.961789597702
8219.394301697545
8043.9327227319145
7741.338584850983
8289.46054535965
7818.73192342814
7962.7999825199795
8326.240229489576
7912.010906890885
7960.749212987849
8123.413417518173
8272.615791416343
7721.712849935895
8850.91909379933
8094.104452319387
8066.772621014729
8156.614510004026
8042.5060720906595
8047.201126057656
8014.860590302661
7424.066529382646
7795.518889404644
8001.228788811645
7822.7975487833755
8719.01500044401
8607.595968972306
8890.428158703557
7697.8041733004675
7491.765938263348
7630.964793308638
8190.873728816638
8058.836520178096
7954.346567025905
8168.8117549419885
8047.147815934098
7913.857228161385
7810.186208127677
8033.746937104869
7970.137775566829
7835.085659609556
7712.56264047374
7931.773061719937
7601.79444784892
7677.909642537988
7837.426764311834
7940.718089680833
7683.499855620112
7844.988236636298
8075.248826975502
8127.60414635182
8260.22509883785
8180.641555060392
7838.967002588773
7742.762046491864
7744.433894916561
7966.865419111977
8025.010997612681
8000.063026064314
7971.980440161199
7499.097427672968
7612.148952679409
7706.309872154493
7666.91053605297
7594.064552218985
7779.398427331332
7914.920799422907
7954.222099467417
7883.616358438904
7630.546536075609
8406.354166110297
7625.02807613913
7895.890815689685
8227.688308241608
8217.376534187808
7876.628495093321
8211.668527821817
8508.622417562883
7581.232799332454
8098.286472051919
7769.276177748765
8211.285528724316
8003.606387172226
8053.428702172941
8355.725663679617
8352.18085023198
8395.68350821407
8679.759497552508
8496.332643886004
8048.547240503921
8417.825537228595
8499.83057790743
8187.451782167343
8001.698293018453
8056.933856322222
8065.685892424314
8003.865006965272
7958.10611379815
8081.31687091117
7852.742493792291
7693.890616624006
7745.798183458845
7900.961194146806
7597.012482621689
7609.821863617456
7435.434615159371
8532.950090568116
8890.428158703557
8795.288208813166
8012.667804032297
8063.026547179753
8121.3363768317795
7508.456174755242
7630.964793308638
7500.734464088492
8142.224062268654
8140.792088709974
7812.811150887283
8346.875116638928
8083.330447679801
7713.18884126106
7850.465727239342
8014.856095258718
7797.410394807974
7513.006316679816
7809.137760600017
7957.150132999768
7974.480523232744
7791.102616640648
7617.645456302016
7664.6431137480095
7926.942141527097
7784.932843666656
7648.236924170664
8210.21386565289
8194.131354035977
8242.835108878886
7983.127641707414
7976.5340365107795
7978.110465578101
7679.166352218452
7634.670087241198
7725.703565335485
8400.4945477763
8223.96882949204
8956.95126145518
7675.118622093499
7881.909096743578
8658.384545324618
8962.587351924152
7877.314857400977
7902.218159884626
8003.846302118895
8582.524637266739
7840.656407148049
8760.094551579794
7880.571306918476
8044.485869050328
8174.47185196441
7933.285566661927
8128.960359936842
8546.323071967987
8243.995063266915
8053.428702172941
8052.7384508913765
8549.559520240935
8829.61759135401
8515.744108156858
8380.343032401202
8395.68350821407
8445.317834435542
8188.010047103966
7893.551469469372
7922.018324958988
8692.848178034837
8280.937979075097
8017.3278911574525
8199.099391811782
8563.917366537546
8518.51875388566
8320.840376870714
8250.45451259869
8455.276605717554
8280.836334467218
8434.719628668043
8241.830896304667
8200.898894111286
8508.276808041843
7985.6645006265435
7376.11791388535
8098.286472051919
8594.232557351304
8427.666713733248
8352.18085023198
8297.297782714728
8294.10151728221
7548.525207668078
7644.936648141295
7291.372450156209
8130.513670849707
7739.693302107262
8008.391252124901
7717.065493674926
7517.326556886449
8080.144261204078
9052.447676034313
7582.059316770682
7607.890170882858
8145.889399701388
8857.360549110765
8271.513316171102
8785.953599515027
8528.461678279418
8083.475978312808
7694.060858923333
8563.122994906915
8166.70100126991
7436.179123163728
8103.287181043249
8121.3363768317795
8047.10118977252
8622.49387914323
8743.384853402153
8594.232557351304
7653.445472712803
7500.734464088492
7644.936648141295
8416.886107731898
8095.345901743622
8298.609824040584
8281.561073623187
8304.025354486017
8259.286684541075
8141.995978947349
8531.02355259924
8665.741969434031
8232.803981040326
7840.6246463553225
8236.715455357626
7769.990751884769
7816.754555789315
7977.44340615026
7944.020502916775
7925.784081406882
7883.163069196285
7333.186669150118
8151.246833847928
8294.10151728221
8198.043912488945
8567.553336951984
8171.845928006252
8001.228788811645
7263.226847830213
7291.372450156222
7491.765938263348
8226.707919959023
8226.33334643914
8045.747134139569
8116.519785490427
8158.056910152574
8095.233844377744
8016.901338194819
7784.908884823198
7848.06103984605
8045.45887678197
8187.213052192815
8104.747562424073
8338.519216170684
8094.306653466661
7788.189680742927
7638.598297718974
8042.749137079773
7721.99277785812
7611.328325874652
8260.22509883785
8271.559184054377
8317.019820161824
8025.010997612681
8123.8702057163655
8194.131354035977
7594.433704534115
7534.689269982324
7634.670087241198
7951.2889978768035
7864.687483070407
7964.05211515691
7796.2767267376685
7921.825817944823
8011.756398421855
8056.657888358178
7871.675303149853
7942.907626018618
8000.895710045269
8012.2465220233535
8149.797710746641
7930.887553091447
7881.428905323238
7967.818298465512
8083.854801935467
7766.209347657833
7850.30960893708
7985.893145280055
7838.967002588773
7881.323811719023
7858.824014867725
8127.60414635182
8077.651548898898
8052.395893312917
8012.308110037414
8132.184902076256
7927.145059454627
7864.73938153643
7580.826997237882
7540.72361968394
7521.873320889915
7607.813483383658
7590.218496344577
7761.325354871896
7580.063051224283
7723.371533633602
7756.463360906618
7584.322052966587
7997.411445225546
7708.469492820873
7804.317139654025
8244.27334197317
8278.609212147505
7856.784485513834
8167.166092563902
8022.305727099523
7876.043181435609
7736.23512268114
7750.455744507346
7981.681861271806
7876.932849373564
7881.323811719023
8263.80591358047
8136.256710515819
8132.184902076256
8132.556484571321
7985.114319901845
8144.093006216678
7860.22707202373
7805.773310310718
8103.78954068304
8281.291413558076
7744.4743547919215
7704.0478098471285
8001.145568376413
8310.41218124039
8050.884197138339
8144.122752305836
8192.574695911087
7890.716508235066
7817.079633631825
8135.078886903109
7885.383079114242
7918.145575481754
8066.857762964184
8052.395893312917
8007.5679696256275
8128.092141335698
8106.034688267702
7999.374816891252
7873.681929117836
7927.145059454627
7809.884551977651
8411.492177621622
7891.615735977364
7710.748417821162
7943.243339120174
7773.228071660966
7610.136372715125
7468.218838464245
7892.244484981058
7810.816687511904
7623.212832790369
7331.929579675769
7225.164439261765
6938.89494928717
7421.082045232191
7831.904169234594
8015.109757226184
7238.90409009288
7755.8995490033785
7745.881919658361
8239.89090524488
8239.439722991507
8158.352613400415
7268.293345940494
7080.33655091232
6996.420444775718
7927.073195249938
7923.49527382124
7866.253890859047
8301.914258426204
8007.69724527677
8455.72284706856
8126.2876156004495
8459.88110910348
8544.52971002294
8100.871881573506
8128.007631678651
8590.281420159448
8548.242499990289
8454.721892412717
7570.995708369343
7584.638254764136
7996.608854263242
8335.820963034097
8492.49853495034
7932.349872910962
8005.388355628014
8122.526028507955
7842.531491002903
8164.535209877752
7856.309951524386
7474.054659117951
7495.349606213853
7604.172484333445
8156.71431992519
8379.310459677003
7952.584598710386
7883.0276139928055
7815.719025137889
8114.739042031913
7608.127750557697
7722.3232798566205
8025.869743639705
8041.384815695429
7762.252797227295
7867.693941470411
8028.817658074347
7958.098946577109
8012.158571107786
7847.984647814368
8113.222739260013
8268.300423611412
8092.938241998902
8094.674036480443
8361.200666395103
8158.78496050458
7809.884551977651
7767.587432059331
7737.6750234922865
7999.374816891252
7915.722364641072
7909.203669251466
8271.309509269888
8122.1391647133
8307.828832070834
8021.1008817882275
7985.285923097358
8007.197152264879
7886.4588165099085
7992.581259223893
7872.4313440425485
8266.711784430085
8092.86797638453
8118.6626691035035
7983.958725589666
7840.073125605481
8475.059348888803
8061.651259093027
7944.941693061189
8372.33523067087
8341.443783849763
8061.636285877342
8471.356411755043
8197.993724050224
8012.667804032297
7909.203669251466
7962.166862667446
8532.950090568116
8307.84587822414
8164.535209877752
8375.077705297743
8307.828832070834
8379.310459677003
8022.820035764719
7985.124312843581
8015.7948080658725
7895.4559703476425
7567.972429902676
8089.148927071799
8150.026709928702
7790.543102447755
8065.455842904499
8246.259526921222
8072.805490721905
8456.204700606466
8009.958996364935
7872.734217588618
7904.615295791242
8031.794162455796
7904.905554409872
8007.618228643012
7601.761980024583
8490.289576222634
8357.808444297372
8524.86669317874
8131.413866170186
8257.35345172891
8239.439722991507
7826.829308223378
7757.698628770059
7923.49527382124
7537.584777715443
8877.019284099117
7861.279881042054
8101.122477829724
8868.812432663844
7956.420790947167
7960.704274849856
8004.541805262237
8372.5317023065
7926.058599526002
7804.115029736507
7795.056282501284
7717.138876541803
7553.245195031115
7581.844602166398
8058.641370523887
7502.293052703623
7427.180918792373
8020.9014875520315
8298.777170135381
7604.172484333445
8319.386059812543
7855.464426948124
7816.610895203307
7731.057759879914
7784.2182517612355
7952.584598710386
7743.223300444852
7854.6345748418125
7750.206542369791
7913.688309380165
8074.526773786062
8189.206605735464
8194.571514302053
8024.906425101234
8109.893242620355
8162.255383083345
8367.151077383489
8216.401702797271
8088.689590647077
7947.372149870978
7981.542099336404
8082.550789045495
8156.985363955138
7554.528990182454
7519.025363582609
7972.998585069959
7897.479401899684
8177.52193340011
8045.653763911336
8113.104614769751
8181.007881386093
7981.681861271806
8185.3644935637385
8509.574477462878
7876.043181435609
7806.550175976668
7628.769315997301
7177.699298616951
7547.930291310164
7253.748285582055
6882.980018369484
6851.751046450557
7866.4689550796575
7740.863834405274
7545.802055407701
7371.49639283747
7310.527730530936
7697.317253551047
7750.002262830406
7826.63968071227
7913.682989179395
7845.4239353654175
7957.042866630478
8084.291242686676
7866.253890859047
7897.479401899684
7836.694541349988
6996.420444775718
7297.0367651274455
7582.939245201689
8066.984113112308
8113.104614769751
8039.831922632087
7817.525937829402
7478.999590516504
7589.696291410495
7650.493814264735
7590.190625497449
7739.943463561897
8106.813860980701
7509.468518250524
7539.680756433525
7643.688622410407
7802.202149686122
7944.567085146331
7634.679744249088
7610.876575512807
7607.712162012047
7537.746254866186
7734.705522305378
7902.984798504818
8060.829080329797
7736.23512268114
7731.057759879914
7670.426358514397
8136.256710515819
7917.719875577553
7767.587432059331
7863.410392884834
7743.223300444852
8122.1391647133
7977.726424272637
8492.263590736813
8569.162687241913
8275.164228333491
8578.351757919992
8354.131912098228
8294.411774594879
8015.9663957381235
8048.340987924786
8104.629964083618
8253.485416249192
8187.3414070649305
8392.391116593448
8638.56730363447
8442.76251959314
8154.875046617579
8734.20441405997
8018.756489792327
8442.51523823319
8158.106038670831
8490.289576222634
8319.885998296384
8286.449665538703
8137.740822864376
8295.56227073804
8012.116818339949
8131.413866170186
8177.473009878162
