7956.178820171807
7984.523887160948
8003.8752300185115
8102.376022806572
8064.862610530149
8064.902767159205
8095.531722075482
8075.24827441161
8063.373624637417
8180.7022517665755
8226.393007227807
8018.88192508077
8217.178455606945
8098.084657497615
8098.503506227241
8251.68299980806
8305.956186608713
8404.320536870755
8237.734774009234
8091.2061486927105
8103.115382699992
7980.570428554134
7991.719595634
8228.627363476782
8235.205038682137
8134.204469253876
7992.869857399648
7917.266005925461
8140.83791192813
8253.905335882502
8249.803211489465
8206.738856629336
7894.217073645373
8224.855973209793
7887.092583916097
7961.700013410377
7927.124011749272
8046.383744587851
8017.794724982199
8042.93510210186
8049.300545002897
8076.235205567253
8063.325029116797
8054.13917677772
8272.715042690174
8073.552958902692
7996.942163447266
8007.545413695236
7981.085119995826
8008.826733213866
8407.20231142942
8117.01704197736
7985.567153073788
8131.615903624412
8252.858334132468
8188.146854351637
8034.763011617265
7833.321994986276
8057.827893877041
7936.276429201131
8074.314181405418
8131.327954909204
8076.305778456269
8085.791632841928
8004.720305979781
7934.010008173773
7958.110759777284
8054.504529947945
8022.210934437391
8289.27188154251
7829.81116184655
7802.934953506491
8215.347806904032
7833.891874835299
7923.220853990615
8035.575130624209
7796.066672515528
7792.345546188318
7828.541414020017
7889.885517991265
8011.2264515573825
7971.984442386876
7982.637215555844
8030.916807155046
7937.253525561739
7856.8729155096335
8018.971153901351
7887.294144007872
7904.946652979297
7999.965165602813
7987.4951872142055
7989.7200757096
7858.665739004258
7930.305410869223
7874.6106626413075
8044.187604085291
7967.193994808294
8063.521595087238
8030.8995398843435
8031.185828212745
7978.797911729371
7984.464746296728
7887.746230522306
7889.733061470606
7970.40555289448
7794.810376226915
8190.618888766732
8108.010950719687
8161.077236456253
8101.610474170297
8038.994110721414
7799.699119572625
8036.491259958796
7987.682624808193
7859.569157736767
7971.420306436781
7847.682357216398
7836.36470634162
7989.600942938286
7809.753436050644
7946.528815885491
7828.361961036278
8179.203598182237
8158.542386017387
8197.079992101531
8004.512350386373
8274.867908842112
8000.3392527357355
7800.778477140325
7787.352627895863
7727.308919285301
8341.26377844969
8265.194215574147
7700.592857403652
7825.851150623308
7701.601400965958
7985.373317065041
7690.605593630989
7636.448568262505
7543.557278148483
7639.554854756105
7741.644772857276
7953.942975445931
7975.601402569807
7980.948842179532
7787.490685825954
7643.742968067969
7991.423462592887
7432.571108767196
7426.322358251801
8030.78333788224
7993.549560887483
8024.130716697103
7952.760111462758
7774.377686233364
8003.843428357502
7977.37214105007
8036.724348003999
8061.000456668922
8130.646093508209
8190.06004380222
8161.407447278843
8268.109048004686
8203.125179896078
7967.865839881281
7755.081945725393
8064.857803830762
7934.635976856594
7700.304160256144
7901.885183266126
7884.183937703618
7978.225511151323
7553.390592265065
7899.340493906358
8007.877351841841
7500.437414679985
7921.923721142052
7844.050808567333
7786.32455971089
7786.002056739293
7936.672219624514
7952.776271862365
8009.892907399874
7931.743272375056
7895.403363533661
7972.240626700131
7593.844973204855
8007.568695834983
7573.252891468463
7825.357198273195
7813.044802676001
8112.120935665642
8321.037744211657
8203.29090192372
8108.162830264186
7631.057426207797
7710.9315626122825
8215.225185899248
8381.271857746815
8316.148099936634
7806.913098237443
7644.10798271824
7899.46626927975
8193.489276826118
8206.948063754737
8306.305041707985
7620.215654608262
7701.070241494596
8300.010671424863
8165.174450562792
8229.609759906398
8347.493610512725
7664.619587224764
7694.973364795752
7481.697110156747
8055.912378664012
7437.175146639714
8077.146654081201
7987.544630356608
8068.2310225745505
7657.291200638511
7913.363437539086
7652.7862709069805
8101.057362648334
7719.14388196685
7560.516184520931
7779.25176769137
7910.57092418543
8215.535809141795
8066.702999812389
8240.301757135538
8287.583709243516
8232.247889591259
8115.437844286188
8136.517591445662
8273.702839194206
7981.628467060801
7624.262975070739
7577.046485876484
7879.371828609821
8119.839734291557
7819.776569063074
8004.58467311731
7795.28353224025
8741.942857610702
8684.930565378305
8660.189460574915
8424.5227616584
8249.006461939589
8455.721555570854
7989.75133143694
7860.842934517196
7994.904659570476
7419.4102716621355
7632.653239909889
7959.527204580965
8093.609952746103
7422.759796938486
8161.500206431528
7334.0085146188185
7366.639600235723
7565.026565136289
7652.979474561296
7447.131056567052
7731.997098640642
8385.83107775071
8157.878523755726
7666.0274830769895
7516.187410880257
7935.254146078965
7341.303705119039
7406.337109257698
8112.510465850958
8000.288339126107
8098.8935257101075
7675.828068686207
7445.671777262241
7771.155447186452
8017.451418209649
8040.969742308225
8212.06026821738
8629.653817122584
8619.088179081777
8692.190493903643
8116.95948491633
8592.77873554381
8437.750827352389
7546.689854685796
7942.199809538247
8372.275564356421
7640.95742359268
8324.969795299261
7919.055553664053
8533.220000175063
7424.124166080676
7662.791561168513
8304.9260767357
7353.967739003784
7816.837592740283
7554.241339271903
7463.361149897194
7602.13713985269
7676.580954856903
7827.459816676457
7826.915326075811
7940.8027048024005
7911.66918271385
7927.987658226061
7840.595104478713
7927.197413865223
7828.230596460783
7472.0946986874915
7446.52995462191
7237.598000891932
7945.2351291179875
7952.6041290008625
7210.615377781047
7873.47269969191
7484.812541693493
7725.236017070356
7951.013337082665
7966.687493987897
7983.850897221101
7714.020209069333
7271.647241729899
7886.475275455389
7854.982119998002
7663.907369662835
7653.862295589615
7974.447489100763
7678.012624769328
7971.90164295442
7930.2208111894915
7788.88607537785
7845.632569957074
7894.723831153177
8079.7183240304785
7954.766655381945
8139.552143260993
7825.563919923381
7904.78552095443
7757.167754381508
7909.12384707037
7912.755882082919
7911.303498493222
7927.854421299868
7924.129016494014
7826.17072238016
7421.352658265633
7956.771298406625
7372.381908896673
7168.517202252947
7385.125491689391
7414.548236104055
7680.386815212476
7996.279391039659
7475.248299236084
7819.806418353869
8029.668941920183
7747.585588129791
8003.428702277425
8043.056546331733
7891.389817970662
8085.757764191208
7928.770852365764
8132.401034445635
7945.462541738576
7976.356152976899
7976.878785919526
8232.202828418447
8058.049774684916
8243.366654274847
8248.284685396244
8245.104597867354
8147.597658330175
8046.27312340826
8078.744943029186
8168.2572096426875
8213.452424046827
8227.839767051733
7951.6694918612675
8033.946510811492
8055.933384263728
8162.974305495756
8213.60015810486
8244.971501875125
8060.120487393487
7917.174911098103
7962.2839518841065
8269.638111394499
8196.576791026428
8203.897859598654
8060.656833398787
8023.74834672352
8134.886227780375
8394.836516542578
8405.720063069652
8296.001390574444
8090.772606099995
8314.593024936303
8068.491680730649
8139.406450685332
8090.275895493226
8085.159065617347
8012.233213392919
8116.303559540384
8019.7522082661135
8149.0732958168355
8245.250913893502
8238.230738631377
8144.100039555396
7987.189768612155
8202.94522655123
8017.881934599678
8107.204778003907
7908.374283750343
8101.603278190347
8259.218953211397
7868.707103927611
8123.275961648111
8348.05919592343
8254.476458927254
8172.694064616627
8039.039550773658
8210.286746815858
8123.138218666366
8221.656768537981
7919.583671872473
7893.108965133977
7893.350540468144
8188.915423013876
7878.549521993133
8145.950575318711
8485.036312792425
8433.595632788163
8495.899455337496
7821.346207570526
7830.381960972326
8451.622696022678
7968.876923124268
8143.944700749222
8121.688454747741
7664.8147032140105
7691.286375216869
7838.035101672946
7949.901422548849
8120.681515881541
8082.2647349085255
8055.426970803069
8095.769668704381
7878.707509961719
7781.999596096998
8001.462853189282
7612.81637937084
7556.905161357398
7978.745882481365
7786.034842234906
7780.6051426714885
7707.857623259157
7598.437581718934
7706.980303549256
7587.933115888154
7689.614055486646
7674.601969939356
7977.501474602748
7879.265480337805
7950.915012019986
7883.419781798105
7925.239063058307
8071.117875694439
8316.889567475051
7871.478532758172
8250.010708880225
8326.634041896412
8251.040731996016
8201.458849314684
8115.626038368869
7751.305818774534
8051.023401362553
8038.728703231575
7700.748642798065
7813.46730297083
7729.602463364432
7687.471274245121
7522.580613076732
7702.9303255830155
7640.002500444132
7721.909018899443
7721.149882760151
8283.826313149342
8381.386882875831
8665.96280603849
8293.630212515622
8608.918402315709
8455.240194069358
8473.118617191116
7692.435031681181
8182.870567841794
8293.126046448004
7810.76740963877
8729.620524010046
8735.44245807402
8002.974746471056
8133.799031437148
8215.350916794006
8585.976786841344
8545.613389150074
7898.626277206769
7959.476465992202
8081.100194182483
8026.822047122679
8001.7702190902955
8212.927927848772
7915.659045418307
7927.405227486026
7819.1734619246545
7961.050008367207
7987.587408862869
7987.03866678819
8119.814242396871
8032.102763752472
8041.623069861147
8105.165110285889
8243.53665122124
8245.477630606452
8652.235108254707
8612.973578725954
8447.435606580979
8323.279935441822
8311.314377080678
8521.661230306796
8523.7017059205
8427.729295259269
7846.202264287695
8011.3991251862935
7890.704133568942
7906.670299633174
8070.240943344714
8369.208087884957
7829.6720756169525
8089.866825502563
8110.11492526569
7975.94655722281
8168.711709944412
8208.11479598501
7896.82067798198
8266.537803067957
8186.232172153623
8199.555398024782
8057.967626877271
7965.4940906976035
8024.471648434134
7884.231776696824
7962.095826569574
7905.526601417192
7989.294373138873
7985.92228833813
7991.426713037661
7965.48310336373
7934.594760826258
7976.589756799713
7905.834574858608
7938.8970541702665
7965.194482656204
7778.653715560516
7774.212312996794
7822.473739145496
7883.011176894396
7927.1234704650105
7954.161744871975
7936.18910508283
7932.4887995449035
7888.464002420688
7816.237898464582
7937.477391262314
7718.469807801268
7709.083958842381
7942.495380635395
7933.020514901631
7945.648693907859
7882.348640934048
7755.800240513159
7912.924785676971
7720.300075493988
7796.031638955352
7721.541749680248
7841.160642734103
7948.1519093911365
7869.25945130996
8011.820855080631
7914.9756678164495
7926.013226496847
7971.882666992768
7903.6200776264595
7972.103154917394
7954.0703513028375
7951.038417653696
7935.966980093904
7944.164177922375
7782.259363258995
7929.190793264143
7929.584438465812
7751.993822339406
7910.174258408024
7842.613650743151
7789.1107365929765
7733.345820001673
7833.2813224435395
7776.049276526961
7867.8120271375265
7883.807044509087
7779.463172122891
7985.803098735612
7617.215098886828
8134.42483509135
7656.589441258075
7576.230960331312
7598.4862780390995
7520.251650895109
8183.8788257410515
8147.689888747611
7580.802171265765
8055.9670406284185
7915.4302601949985
7584.99405942544
7759.873566910169
7765.237079662877
8094.566810238479
8185.8748658085
7888.81480510773
7737.557815235685
7486.416061015748
7403.02887625839
8225.744811610193
8344.061106713669
7498.045064563392
7237.273361613955
7152.195189867212
7437.958314720002
7898.99216447012
7851.297447173016
8596.715497581621
7592.374351316085
8507.343444165763
7683.3368819680345
8263.495973966841
7919.622051608002
7732.757661839625
7922.311563521964
7789.39410452837
8237.421797388735
7938.468426573835
7799.595070522678
7696.920234550126
8144.07500574231
7495.294658168826
7706.099738204242
7489.0194205493235
7615.826442892878
7438.903069541549
7873.209993946148
7664.551073302191
7285.824930628285
7725.284528418768
8037.445402701919
8647.522267546296
8229.212746892486
7329.189885429527
8568.814826818305
8024.73993061064
8651.522075815345
8182.267595564928
8363.30319123873
8134.283467723451
8810.596847413126
8151.3289142650865
8704.39159135995
8488.904694656747
8446.202137428389
8217.564879059692
7877.156722273483
7928.230410303186
8174.383855601249
8120.176159367915
8134.343796889558
7971.692700324819
7669.718079771504
7670.6655579132885
7760.577909796987
7849.498821075052
7922.297248478942
7938.269494477668
7909.9395675313845
7910.741257258718
7684.710875978691
7549.62117589461
7817.460023706559
7375.248952776155
7380.813564615026
7819.549095795393
7644.039797107674
7657.25630698419
7506.123745282443
7297.155008326959
7535.963563444251
7534.183053041706
7552.261867527947
7650.901379291227
8712.222365244961
8310.11303846979
8614.264781174767
8016.781859297688
8361.42855927795
8463.951658181091
8337.20293912658
8024.097892293796
8060.848147907404
8084.107643121778
8027.152538516666
7962.590958412972
7946.209553841347
7693.265129862589
7835.286397033883
7891.5919960473675
7428.540985656472
7634.045467215444
7482.943542999185
7347.363531719293
7340.876786342158
7418.316994525411
7445.295799182631
7485.751665227792
7950.476441458851
7996.24957002515
7993.797386300892
7750.39037071316
8324.118402273103
7826.590103973762
7803.974216266523
7811.084658086612
7993.945517231859
8743.867928378273
8793.453308434871
7953.959497154866
8295.16070929719
7979.520018598432
8138.1100557185455
8586.103976165708
8657.321419729456
8611.696319997081
8235.04794213379
7969.424923234939
8160.85386757216
8087.229313517626
7987.1337169887665
8113.332330768904
8465.670385653932
7942.645038514278
8485.111321001536
8397.722137958184
7910.074696689505
7958.617258864104
7935.269641601319
8025.180340760015
8326.608684335552
7964.108713606762
8296.877784019845
8210.779441983947
8273.39420608372
7957.262946500119
8062.775369683582
8034.30033829191
8239.75501813794
8266.596659461988
8006.468694509757
7848.03469810478
8636.368647948146
8109.715285575346
7918.408859547573
8055.239526269014
7990.280493239209
8075.857437527311
8723.878280943762
7971.4703138152245
7971.281162784013
8599.90521525241
8013.460686121471
8186.382284705267
8314.71924322545
8322.048227888643
8151.009711245907
8251.80299972728
8079.145612022125
7748.643923695195
7575.569146556781
7479.282877287034
7549.134924986549
7214.654145124579
7529.4781061581325
7687.153571161363
7711.339910142446
7827.386188571452
7423.957304748314
7445.273001510524
7820.56825695084
7726.058745069612
7821.606770956898
7923.3899786523125
7849.830789717056
7882.743342730022
7977.625775734057
7926.156118486281
7860.98146761239
7939.926773740969
7967.77560018364
7940.316188367722
7933.981279538138
8108.960713070168
7928.0790697196135
8413.004008262991
8472.166718825874
7944.4443258594765
7993.188617597884
8005.63899399469
8252.065578614998
8643.307670628912
8269.517853915053
8377.18153425022
8342.7821974573
8053.308899899503
7452.5116722733765
7348.290675875321
7316.202557354754
7250.471482311986
7289.009016582749
7571.405038431603
7756.555818682473
7549.642959832565
7896.066450492137
7821.420886834933
7888.405639116192
7881.564816276774
7939.808193084524
7946.2950200342675
7894.236941023249
7971.230281897233
8294.688809995014
7961.522089882805
8185.453296666924
8486.914393145147
8663.928263257068
8576.783892744885
8573.087562651672
8523.739371823845
7749.304932455545
7919.1844992946935
7841.406509751774
8163.134188584449
8323.161429662718
8200.068661216057
7911.161870840709
7948.593132695987
7832.156991542109
8596.742857767735
8612.96968180858
7907.523006547567
8309.850711000576
8124.240036223409
7909.263375070384
8480.966474359262
8459.565154112679
8303.339278402627
8214.91581968932
8177.77962865163
7919.64495285796
7978.209199988172
8177.028086944851
8277.679146961798
8246.07216031017
8390.545284953436
8269.46419858038
8280.764833261956
8354.867333234128
8410.199910242747
8395.429820160753
8268.018448561943
8195.979224760082
8247.275390247356
8142.712812294248
8103.358631341842
8097.653978770977
8166.410223101603
8036.397247787512
8260.109693941817
8152.224607262441
8426.78692005515
8261.287906718117
8023.84217067956
8516.824519371987
7881.165511760872
8033.116885841034
7982.530073272409
8149.578774215488
8001.052193239376
8399.685397832392
8327.185172256886
8127.855144461596
8252.709494480345
8380.301873935081
8265.958738249208
8209.415378499505
8197.741746511643
8175.913094904589
8145.591455629692
8141.376774807486
8155.498875049497
8084.827288137414
8076.519749091693
7887.479156726917
7890.530769246185
7848.62981010081
7962.110723710133
7916.376063283862
8079.534409520447
7891.427172565254
7847.040911723035
7909.754675632889
7735.405456997124
7685.021614358826
8519.940589515565
7926.840976054287
7905.244616945993
7779.115149260677
7597.525503469516
7329.098173423581
8697.949066925428
8608.507983431991
7744.9842752555405
7321.680674345688
7692.456343981423
7168.886242157029
7903.165547919177
7942.019464682178
7326.29726938356
7296.448148736205
7322.561550093556
7500.63466799686
7943.555697160809
7441.167074391455
8165.204111360787
8049.661505498777
8234.105680383667
7939.1090088575365
8007.555870217754
7885.5715963838
7953.8162078821315
7782.340790984767
7775.41049172023
7820.536551690613
7773.400443498463
8184.20260090345
7622.461074745191
7976.515903753049
7473.442715410342
8360.625702761301
7860.235324178579
7075.910213989728
8026.584581189162
7841.987929090857
7255.18259314435
7589.135720855767
7792.700454286202
8039.405534294637
7715.02561851337
8002.340900522725
7659.724485286293
7925.514962797726
7962.79187686205
7871.796918284434
8692.008982880174
7815.273683267041
8564.444204004763
8558.356422565781
8489.386367550585
8362.670544218332
7726.090751567533
7727.8553886448535
8289.512626408376
7889.886737139752
7964.917346987355
8305.418740580275
7643.5907843689
7598.327919342371
7546.333416506097
7604.123250094555
7767.260234133324
8289.597275721999
8292.131774528367
8215.390126206023
7506.734741478063
7433.357916797311
7957.92970896853
7489.778584254611
7609.238129439269
7991.380211496391
7799.657929289128
7867.246928545842
7607.37173833738
7533.3476035922195
7670.673597757781
7753.80205548927
7471.423976008523
7788.628339225178
8200.809884434275
7913.1863109101305
8143.334883060354
7777.8211672944735
7990.769562241695
8275.0503172109
8303.923983431108
7772.387875788929
8319.848961760492
8105.570150602908
8299.602526858705
8169.675825629772
8299.109584090895
7534.5028258423245
7860.798841326423
8210.347177529397
7371.7688651486715
7655.488005918703
7505.522990410323
7402.370070889291
7699.277392043665
7374.685863963433
7506.175491469423
7327.477392010871
7958.581127137539
8004.109809182872
7983.333877094735
8164.496998445231
7991.63641528453
8139.837085073578
8234.46371785312
8197.859052768012
7897.343158940978
7950.142643703711
7959.440184251601
7884.811781346629
8049.6568756576435
8080.105765415715
7865.024228608747
8010.688065430258
8025.6578510243535
8091.7359974396795
8089.977581328431
7931.7398742551195
7911.819533427945
7855.562103472082
7754.825814205152
7991.781153791849
8155.166791778765
7742.047122989866
8256.417124589865
8269.210160207658
7728.201810788154
7708.302928037637
7660.888804680973
7793.320352673898
8350.68256270247
7667.907929574758
8245.56651898165
7887.284169041628
7955.236675497933
8044.59162552673
8010.5504814447195
8037.743935035652
7981.451022063842
8010.436102061084
8090.585775995413
8133.803238220689
7981.118070150996
7812.256764575954
7890.216855378939
7779.513653552377
7765.7348937719935
7813.261328838675
8054.024887649488
7800.698328621765
7768.207592314579
8218.685758143583
7823.19821668408
8001.413348076916
8174.004942424513
8468.897680684315
7953.588021694452
8125.610174088799
7785.444198881492
8280.20006982089
8254.563071554569
8280.10509446022
8005.019482499702
8106.346584806898
7943.640075697722
7985.956112838687
7983.403331598891
7976.407457735944
7991.656380522379
7977.12049924686
7995.555952374646
7981.272705839442
7987.167314335966
8097.172149833477
7892.856434008441
7962.115989016756
8156.572057802818
8013.49386349984
7953.374826412759
7951.057906145555
8048.29173293809
8277.299856432652
7803.090479695563
7865.865597781119
8145.137405739182
7775.908681585864
7702.707982729931
8187.9180539887775
7722.054399206663
7753.539656286931
7233.303127109239
7302.163947079604
7162.884974483564
7425.203205569729
7532.715039739316
7745.983923950815
8167.39539070174
8221.801835577426
8087.025831963124
8189.331349507761
7963.998684902323
7890.796572700661
7978.809021750711
7968.0741041625715
8111.385521925132
8005.142747289685
8135.003418971613
8150.931532700924
8176.334828365559
8090.927928532171
8032.071121541054
8265.991996076793
7875.729321685658
7711.291852593814
7461.871180436601
7367.433478339725
7307.2181890038255
7193.378130546074
7289.9274698478
7253.643682366395
8097.363864050117
8044.474174729992
7922.137369871491
7851.220321697109
7807.16188088923
7806.245024361571
7671.674505269864
7685.163475154052
7403.028743017825
8112.6741528461325
8096.211201018489
7498.580383539264
8001.961709102368
7927.89948076499
7574.3543089856985
8407.08680988236
8405.023801188057
8283.836331111635
8193.195486429113
8108.331709212437
7689.063966528747
7773.300401869035
8023.132225949562
8353.85782340208
8335.394627560527
8515.784436897975
8333.997806049098
8321.728200955828
8574.861994293533
8484.68146431261
8485.126629271734
8302.698404386803
8242.922937511858
8287.09799263729
8151.557869265373
8150.285516886764
8107.830543067392
7943.753974260099
7864.826039571173
7810.051580186894
7840.069017505248
7792.763093919985
7817.573544475025
7749.963522153741
8056.9041735957035
7379.296598938727
7743.875973406207
7510.111288938365
7874.303364710053
7674.667954760849
8371.11934292472
8346.909097090129
8091.1750667242395
8342.492310280206
8455.18498872848
8325.69840717745
8270.191599805892
8227.47615779773
8224.0742491581
8182.1306318109255
8203.161542733935
7969.906505910877
8001.764320539028
8068.635494763562
8247.339060530774
8316.377031784928
8336.860677816318
8508.906901696373
8572.246745653541
8849.84976485844
8568.029132231228
8572.90591138159
8904.675723315475
8624.544562895164
8718.042512906819
8390.6004968346
8509.822057869404
8506.70937714014
8508.554872956456
8554.995928632541
8656.414941675035
8213.104302107888
8288.843284288037
8447.454091600423
8360.171436615314
8269.021098793684
8348.987613843152
8260.33262595465
8281.583798883019
8303.171591283368
8202.794090114454
8198.065683998542
8027.982773392073
8056.386930680025
8025.536618853888
8101.889611408444
8059.988520528135
8139.899725145324
8090.944319751989
8105.188922892437
8191.093890707678
8280.701527558533
8383.421704877896
8493.527456962714
8677.11837189222
8585.9693140819
8742.01451583389
8872.611384958422
8765.901844522143
8677.526049355656
8448.258483346135
8502.129573225711
8466.364422278126
8336.289252799905
8243.247441055524
8239.030338797997
8090.985894684976
8018.021932599655
8124.238213306455
7940.788309930363
8014.840075287512
7968.465816527426
7996.986285886684
7936.009754484707
8028.283540442234
7790.498708162211
7886.032004694832
7812.312073673176
7879.986295294027
7885.053951260257
8189.425128820431
7758.002112554999
7786.374301462512
8197.927960386163
7965.3409918051375
8059.102221149749
8102.893891599538
7991.1119512571595
8013.036274206031
8144.824620440199
8205.471094430142
8395.651118209607
7990.028034992306
8083.762938953603
8347.913929041928
8398.076473150522
8377.552764222846
8596.016237621818
8501.80671745312
8453.747457441737
8573.092783632403
8502.869576079322
8509.31243918512
8339.841952518962
8522.880443701995
8297.251737181063
8268.549819451442
8150.337353113516
8175.668836447645
7839.560093483814
7947.876612893015
7854.6838283273255
7945.8927167572465
7856.792357081652
7866.986698955751
7931.521167921563
7868.8048838293735
8249.308285148403
8269.492516876027
8277.42153981919
8404.860188263732
8173.2628189195875
8074.7542842232015
8592.048857745629
8287.95281584266
8498.737971963223
8480.003261568709
8400.079482980454
8531.209041791682
8459.598993906977
8320.04493762969
8283.641884354152
8176.76515102853
8171.875760557488
8141.581906676666
8240.527626749346
8081.636245429952
8233.320208040359
8107.4484331920075
8101.839955289286
8112.671813856267
8119.323282592073
8284.886028792218
8257.332018275052
8146.460506340928
8194.297157804629
8170.307315751852
7974.646672306615
8196.830506738155
8194.500080784554
8186.814906049414
8193.883980769986
8257.583142999805
7939.482584521228
7936.678652355302
8038.760866957409
8271.845206826387
8175.787525076872
8162.844725613072
8055.579037902255
8031.831576169475
8098.140056389406
8277.262892018283
8248.86391353227
8258.29571851615
8037.835321396395
8265.697193352707
8077.922447629392
8162.0155541963995
8150.523267751265
8099.999248979195
8184.29959347449
8133.080679919609
8293.805585161119
8189.67531024999
8151.591379450277
8136.52383210429
8241.216662174305
8052.227468598063
8198.11557679743
8079.118879507601
8146.610523571786
7985.8729192514575
8197.770851295914
8256.142333755684
7972.002455962287
8107.171650197881
8308.321141903103
8225.799315758384
8122.936418916547
7989.824761518625
8174.407444673783
8107.29320469979
8208.09386555341
8147.476389220437
8100.035207845588
8146.0400004621215
7840.664558022922
8095.949950497462
7853.4662855937995
7799.7377330076715
7813.74338328351
7911.833245341611
8124.70879915831
8130.604697165276
7924.016594752922
8100.125718277582
7984.534940502642
8071.837428932769
8110.970529699709
8150.272290639906
8291.770659245643
8147.410000071618
7984.603904624839
8088.966599791179
8106.2093106368375
8019.19721456061
7996.697682514905
8104.701147639226
7855.866006813929
7952.261139382076
7899.896126436924
7818.653910230763
7733.893841849547
7681.72153120682
7745.8648838709705
7770.606667432372
7669.884075674223
7796.314266475125
7737.900543588822
7804.050712210291
7997.744154810396
8096.00749737717
7999.229279309434
8133.537051373133
8029.2788157638515
7916.715437575736
7861.9928034799195
8139.070688342945
8005.314435262293
7948.011541510306
8012.767281269682
7987.871301869579
8087.041811718387
8232.243590754792
7919.390956442665
8030.796718352647
8056.715105768981
7842.238491164965
7885.401508602336
7836.066240394753
7754.618359610562
7736.062706977606
7752.765700155601
7679.9216754979525
7889.906895600514
8093.83705848077
7838.249437723519
8109.856571689335
7878.3578241983605
8084.459272584804
7814.796152773439
7750.25389397485
7773.15159650543
7748.463969076098
7665.295783362262
7590.518999700943
7320.621986504434
7747.974348475603
7774.0209274951185
7507.226346037163
7485.975341620014
7383.225898960872
7901.806442353245
8005.575807302773
8292.493297535437
8249.504984338619
7601.117601654581
8215.945300901645
7785.599109337439
7837.49813935558
7905.351084906678
7966.184982570912
7825.267193471838
8250.820425223317
8205.317673150708
8029.262260867918
8235.447152284294
8027.844289370579
8180.831263180221
8102.183373870328
8063.010856614673
8230.738879090282
7997.031007293552
8113.408473384151
7828.605999969291
7865.816211734812
7887.062236694439
7647.236924947808
7419.117862288521
7699.838590689824
7467.412592609334
7503.946455850287
7337.976801607607
7784.064120410672
7413.084752534273
7911.791403535123
7996.63930722621
7790.096317713929
8266.231450119716
7953.087427523868
8049.825983665464
8305.064095206277
8099.036101038992
8199.423853110919
8051.8083713135875
8181.187999401114
8187.771139920747
8232.803683980572
8265.904386770684
8295.685357166678
8261.421022713219
8238.984836277408
8218.074638875863
8077.31700550235
8329.340495910512
8297.724818006205
8052.243837135635
8173.43580310871
8096.814900991262
7919.669983664866
8194.276502884295
8172.133916225139
8068.858278368475
8005.428963695985
7940.988377029245
7925.575092495407
7892.655992484236
7839.286555763763
7885.6578826375235
7918.964143321113
7818.786993066202
7988.603559896027
8005.49757380351
7822.204122643039
7857.619639207744
7869.93468590172
7891.496077429864
7913.7378484084265
7925.770291217952
7958.334369063007
8005.413486351415
8009.637790715007
8223.393325262354
8235.108406470064
8250.459307796827
8306.89034852695
8274.969539265789
8237.25866562609
8171.0782192708175
8243.040167115652
7950.884645234002
8004.103524456499
7925.263333326454
7881.95400835175
7888.325304825795
8128.2244103577095
7846.602721726702
7841.507468814177
7957.179731994211
7848.659526822316
7865.470110084977
7888.655261570403
7925.0684118243535
7925.5252987942185
7950.962561287824
7977.3969225288465
7923.820794364875
7913.081496512796
7892.988590016361
7832.351781509803
7869.3709676584285
7847.175671501278
7682.010319917692
7680.6921265204355
7569.017807274754
7830.357197549721
7865.402257493323
7596.946609284475
7944.685695723041
7728.855732586192
7632.085946098203
7877.306494076347
7905.851542115017
8031.333600098173
7867.996586306609
7530.711343875125
7800.268122609047
7757.084203436129
7803.556167808819
7714.5517560168355
8083.8391259592345
7670.419752797659
8012.329401149424
7948.558212600818
7742.691561894948
7536.8501613280005
7514.092128505066
8026.089371783866
8107.168719310452
7987.796503167424
8043.899363905353
8166.832653862731
8048.609385603319
7899.09576969795
7894.7873550571885
7904.143361913935
7846.364029491719
7914.25483330965
7881.900318619991
7684.605089676933
7935.105873821296
7514.718223398678
7578.2538500477185
7620.912509415631
7718.48103954535
7655.005187034038
7975.833304466928
7548.647018847995
7805.208473869452
8116.365319472792
7595.275118461389
8072.890574455502
8241.00251590052
8012.06604254879
8303.785861171466
8155.622093974129
8312.66191307306
8421.108136820592
8142.603807271924
7790.800692869091
7950.473928129147
7798.114615089713
7979.0503643412
8087.228449780923
8068.8095176185925
8396.88679892035
7935.335584041684
7951.421013580711
8426.282886481746
7900.53744775275
7845.201883758324
8233.403150495275
7804.158742901985
7790.784394205765
7627.705919516504
7607.063750054105
8004.235374515648
8176.60061684476
8179.083119264282
8224.759686988518
7766.297466840826
7528.951831967166
8127.544823820701
7413.762264129097
7425.019540617313
8122.099493053163
8022.319719099273
8089.552675684082
7852.269251056936
7475.355781987917
7887.08888190936
7891.444148540388
7828.4200077692
7862.34122904526
7883.287197440306
7683.433462681289
7828.397354542123
7653.228422690544
7928.314068294567
8003.370349162823
8025.531667957236
7969.225112367277
8380.018278998752
8327.166344072044
8325.19818262339
8225.750157001055
8239.578487838027
7758.852410843924
8112.756172237427
8161.441393437692
7430.23674553612
7904.5136629883455
7653.777799486851
7517.806248341542
7482.723496691369
7769.524199977893
7824.09620342529
7756.129179050459
8507.043972190884
8763.906357320991
8479.179331277353
7749.469747568858
8061.44786377176
7844.675615923102
8100.380608076578
8119.640144591006
7988.258858884276
7845.322069766653
7857.543595873448
7975.088417541124
8509.603844568275
8096.3137605113225
8090.935436298533
8190.284498314453
8161.848598720664
8332.677279955305
7952.693429860135
7883.401241844973
8053.8002743611905
8144.531559310138
7937.177695145488
7763.449935968079
7844.72809244
7864.485428246012
7932.822282770736
8007.798873494942
7908.330881889661
8063.38168531835
8110.855697004534
7953.471394658243
7944.8289588719545
8080.289877182114
8049.43988173096
7935.858147228998
8011.808268681982
8248.091511131173
8606.548107781771
8044.456235135633
8111.036026867859
7831.538627302408
8132.589636785339
8141.630407908004
7944.300091258566
7953.281647736965
7951.812551514966
7895.640036650021
7777.940938339201
8067.898348398165
8160.4158384048005
7797.908647738986
8006.83680711118
7903.199331756339
7941.832489842029
7783.536052661351
7857.719507695034
8016.874558975583
7872.718473989577
7952.075693729654
7925.892535042129
7720.30345368593
7519.776719020891
7378.40962233247
7644.157168424413
7442.61653958643
7850.4158632713525
8300.091421737883
8400.997575430743
8450.0883376722
8283.701627721144
8309.913046715235
8450.445897358579
8494.611901722217
8533.018575234972
8009.877786756305
8263.079730119534
8284.5893803528
8494.392952673546
8646.83444040731
8800.090214619175
7958.120263508768
8080.627678991752
8348.381459913602
8642.046477430664
8577.438516259394
8292.068680908049
8169.88772941191
8035.980278988435
8200.873342701612
7951.467578255715
7888.182976170251
7788.290535550253
7724.171141236908
7778.996964535861
7749.889788010645
7888.883650647934
7944.650012906695
7299.920832538686
7205.511837266415
7322.729657165739
7236.440129489365
7802.646869294642
8251.215778975136
8567.795941654385
8281.64206858595
8310.799677098044
8516.021801383304
8388.434757643723
8663.595309609893
8124.169475323533
8352.484302221019
8662.3520204129
8252.273352138041
8411.907418775494
8168.762972223752
8002.219963113991
7851.317549970941
7654.051959488102
7747.417561967128
7723.346152905496
7811.761474387323
7760.464621818028
7698.72498946101
7579.880206079881
7634.391180591927
7358.406215452361
7555.7938526306125
7664.263544789225
7630.86398543412
7812.425862520151
7604.892324629761
7622.15098628779
7838.504396641145
7715.499777956492
7809.034407612608
8108.719139610405
8276.752598944104
8256.326188114215
8177.700150258076
8144.47749351783
8126.616480842229
8095.774621352255
8123.164689278947
8203.079542945246
8450.7029917552
8496.279841811993
8455.654817089566
8459.594619537587
8453.04400645419
8497.509987130314
8575.406228663147
8508.173205297555
8343.007181286734
8323.775249042574
8225.42475617755
8004.380606315606
7914.839622910879
7923.975849325995
7643.470335156722
7552.446411274849
7539.644744713153
7333.667425605208
7396.067208816204
7474.83581229994
7621.189848775519
7656.419074375341
8038.9040631293165
7938.174263164559
8062.874221321423
8124.357694089652
8119.746047206776
8219.419257275818
8326.761857687488
8239.16734630755
8477.66003207157
8635.977025220642
8535.056421881765
8390.924391751214
8304.99617833518
8159.771298921231
8053.088465958057
8017.509497387116
8032.5254521823435
8065.894815067991
8131.6575400165675
7752.713020859472
7926.189575062512
7771.257973989346
7995.85333529949
8039.749170947991
8435.607428813268
7915.7309160878995
7935.0892415767275
8409.208108636178
8086.235219085922
8235.751457925528
8271.038180973343
8124.302818731569
8158.788075425414
8307.68754189518
8383.998805168632
8418.98200944376
8195.94054413927
8242.401828452787
8342.368436078197
8485.243495085208
8396.124510901576
8390.19168048421
8176.416654639025
8123.693690245918
8347.004488002094
8256.465108959797
8207.550820343266
8087.480157211807
7994.760093955154
8022.971522373324
7930.499567138713
7947.596965983746
7987.2688617178255
7953.356883016308
8097.898259692884
7872.450486980472
8002.477024255591
7843.015390858498
7890.177888005157
8128.401902374961
7985.606342151813
8432.249323278273
8377.197686434698
8392.692410935424
8384.467636977588
8289.782128844543
8224.831857091993
8446.09469523376
8315.5113697241
8272.128723924678
8364.07719542585
8223.266580156653
8083.567144789864
7952.521458202797
7969.155833391231
7930.212684501983
7931.970406540022
8563.802953741597
8698.875135160075
8341.562361584796
8685.371754041464
8034.140063233706
8494.918189433203
8349.230666454792
8181.72855684536
8224.504239023598
7949.544691029224
7972.289134162105
7964.1315340024985
8075.7171117739135
7994.399852552029
8519.97439126572
8094.278665155567
8112.4711160081615
8243.109663941192
8329.159107935706
8181.923301721693
8536.635271251387
8256.448043379149
7992.678805435518
8391.010373267261
8303.957880887394
8351.335591385036
8324.124843359443
8374.317774367126
8322.467757014088
8289.589376089029
8254.069139458135
8283.816238925981
8472.450952581707
8262.802940405838
8236.5270466218
8210.28299400475
8184.500913833443
8816.814131908572
8533.51849739751
8667.358681494616
7948.9858505668435
8115.7041352406595
8067.381994800897
7858.490036820379
8028.47625000673
8391.236080530472
7793.30801605734
8041.212611385596
7895.627965317021
8152.8672259567265
8157.624372024558
8329.777633972057
8034.259239055227
8277.990873434688
8344.12278335043
8314.529547650274
8421.139864330764
8410.074572185782
8368.021238628338
8275.111634518076
8279.623444730745
