7834.660089959682
7435.706144625593
7691.143259681879
7616.318641695392
7533.814537348543
7850.14306139274
8367.496442949323
7579.375028269132
7382.606080323247
7694.07416626365
8338.245747417099
8457.618813095112
8218.636688353554
7803.382703975994
7796.128608978798
7895.013409083632
7880.884581515673
7913.761139691081
7755.187361615096
7653.0415752830795
7796.1256205189675
7705.867896106761
8305.22671222729
8439.900620481609
8451.181936386365
7876.933837303481
7831.443661800551
7849.307137265281
7815.490816969471
7886.24142055363
8512.008402691337
7872.819716351702
7688.908903250317
8343.037706867943
8284.275918463836
8001.713360668692
7748.323863676174
7930.658417096103
8217.749967680116
7877.222204683596
8044.112857241916
8056.295684197048
7526.475861498965
7953.06971961334
8166.818431976075
7377.853993671866
7980.338471897643
7699.073617707257
7935.799284158893
7775.8831174220295
7975.964820554254
7955.1154405664065
7859.48170561264
7578.859702126173
8200.1908238186
7373.990144091894
8384.87155699926
8099.40591258642
8107.985890641384
7938.680637336738
7961.7406600280065
7929.960315969204
7704.999809091915
7756.608641605613
7751.951142563879
7797.48701280961
7716.703823577024
7714.500391636686
7719.51858113179
7841.001120647654
7861.642929677314
7796.3579586398955
7917.534189699925
8058.682810703141
8192.473153065735
8195.416653693756
8254.059590005558
8158.819907561263
7705.136754408571
7694.997492146162
7741.274335268304
8041.255837605254
7965.633952763418
8255.631498900688
7829.9665716167065
7708.078477394054
7902.013102592488
7616.921993447012
7640.003613576968
7848.5982867105195
7987.315240442544
7652.359059039445
7684.704009706328
7759.887523199785
7878.107197352957
8420.576645834915
7924.88528902693
7753.879864665674
7799.7092627046195
7859.6769976431815
7756.992864732517
7791.262822519816
8154.703720231432
7762.53784542425
7751.802085217067
7715.254378240646
8310.071875498417
8202.62380315973
8254.059590005558
7969.537874556764
8071.017179150008
7965.633952763418
8475.40425378849
7652.6818707315
8281.302800813322
7764.070022767953
7993.821033955511
8318.277308192586
7905.304465053786
8004.882366183797
8158.213983968535
7720.584787571071
8215.942570963625
7955.552492696919
7874.772088671073
7490.3066830732505
7906.773664618119
7924.172107691719
7551.363976006287
7965.053084324382
8531.644344733686
7988.165771751056
8288.082781039093
8131.50803849423
7980.224189495989
8092.328332642411
8100.398409322789
8123.7877992426975
8300.771441401008
8204.6888820273
7885.848015015871
8037.3535124955415
8237.144299819836
7969.911285565688
8090.651214706287
8297.561365655849
8181.760838429005
8004.304937219207
8122.903847031291
8277.172606952736
8279.785916630624
7888.283522841218
8069.910900993277
8191.883517736307
8129.879601079328
8018.29130936124
8113.321766099328
7980.672334293656
7937.911891011803
7933.394613536179
7886.526523697048
7937.654769072462
7981.519949487463
7978.298818806059
7880.260208421839
7965.372044407099
7954.658082353065
7896.678722301313
7746.613339453285
7944.565857940996
7900.372531144896
7817.214688336607
7980.135758005125
7986.036144601693
8182.081856820794
7940.449309334111
8073.556851374381
8174.279929247849
8178.426583282067
8525.837669435772
8362.600743544264
8290.806901661641
8465.207379305057
8214.39453949668
8295.015439990892
8551.020302250421
8315.859607790551
7849.307137265281
7741.274335268304
7822.159679753896
8451.181936386365
8462.903051824278
8592.690896937262
8489.766594552899
8255.631498900688
8537.920904627761
7972.331305458418
7760.626373549659
7557.239079010329
7625.8602365570205
7619.949893021777
7351.23810046637
7501.836435417449
7871.569163797682
7748.837085082136
7416.548387763048
7103.91411637701
7923.212014920818
7339.404139520861
7406.762296766198
7783.349241605525
7945.185306344308
7519.324576083125
7794.93556580736
7949.448734078197
7965.0652238326675
7754.964038583422
7793.654970125444
7863.5044686200135
7613.5884986641095
7548.260426037235
7934.449224513301
7969.778606347242
7921.654263540327
7831.688899567662
8259.347323864384
8131.573553490453
7741.852502130194
8078.884580888254
7783.050006746559
8064.456117461561
7563.767456302863
7634.7140850053
8006.613732440736
8221.793597145788
8463.945854512744
8349.982606531694
8351.757594724319
8135.7874476764455
8010.290698627941
8003.327125739262
8046.995330347629
8508.593062460683
7881.355256588178
8100.398409322789
8019.839657367874
8379.096707313085
8511.146632749345
8419.19035751889
8241.384161668819
8204.6888820273
8271.07540296402
7823.345594195681
7531.372184980526
8163.003068698963
7455.611130630304
7702.520152697902
8070.092190905952
7947.054808635487
7548.191749412191
7703.555034721384
7903.771008929532
7906.7103723148575
7872.265583037228
7917.66160594197
7929.7727933989345
7861.633845302621
7813.990822216766
7987.271484604467
7945.8642277517465
7945.508651152277
7373.990144091894
7548.260426037235
7408.112313244072
7859.48170561264
7847.659689089219
7886.526523697048
7924.551391696722
7921.654263540327
7954.658082353065
8458.172526211169
7347.448670716278
7152.141994920203
7672.926020169857
7207.944242064455
7276.720964788052
7284.941438134418
7358.841068436992
7237.546313677809
7267.83660431511
7296.866984568454
8070.732070077299
7649.275797675569
7379.49307495738
7638.256475369221
7921.402931080614
7389.222229581747
7564.77936359438
7892.734002484633
8139.3912833540135
8327.474149506612
8111.904185501327
7808.2119672459185
7816.470996113475
8094.545050255515
7816.809114690464
8212.524827828138
7496.920509049992
8537.152534214629
8527.977550354162
8362.391018860326
8475.580677823185
8394.241469469744
8256.02048808769
8036.230968719385
8194.123717990266
8192.182408727347
8133.864749193471
7923.150957069366
7951.987301885733
7697.9880285103745
7979.565447358191
8066.254043158254
8043.427155621067
7892.428611356665
7999.447304597736
7949.331587183493
8534.824600627782
8629.236582658466
8578.25092734403
7939.278357956689
7814.726710437615
7754.964038583422
7989.081041761772
7959.795778361785
7969.778606347242
7692.921816163488
7763.512543322801
8145.372581472552
7718.225918790313
7904.461221086651
8288.763900012627
8137.672003059294
7965.407606497293
8144.700587730124
8321.359632988104
8134.8175023255835
8377.410464277275
7976.64139716045
8348.314973179695
8604.241465026886
8412.49561310987
8290.284197903577
8793.179634711674
8639.433383990321
7705.136754408571
7647.034968849862
7708.292697930932
8195.416653693756
8130.599785406313
8218.603609244974
8609.81539405182
8575.308236115654
8589.515537847914
8151.782800661868
8099.341788550165
7868.936265172744
7905.498130186466
8132.210178714114
8034.907703723688
7811.83692260048
7396.42582258268
7439.372118950543
7720.701954913964
7733.11874406718
7894.242209117087
7795.691449583134
7692.820861008086
7492.052971033164
7484.960885159584
7749.423944865546
7524.14841754925
7710.362019731973
8210.816347228087
8094.545050255515
8201.084340256952
7916.854705361066
7867.747611024302
7864.214150101063
7324.531881231549
7496.920509049992
7487.893036967361
7922.2603368832215
7902.515883839036
8103.8286753477505
7664.450520858239
7837.202761653528
8079.432047278203
7987.740506613815
7870.174890146475
7974.598473683243
8091.185246254216
7880.8723052814275
7845.9006959579065
7644.4905793409835
7814.678873529449
8082.508071125169
8162.24187221725
7663.679934680241
7930.7806884022675
8231.242636522244
7896.678722301313
7848.58948631339
7824.898184457095
7880.260208421839
7797.651806722961
7751.802085217067
8166.077099935294
8292.253082959778
8071.017179150008
8437.559754881244
8231.375182823409
7751.660581404567
8112.386354991192
8289.370238421523
7875.038844484792
7740.530481274882
8278.637454765962
8200.194215010864
8059.887080581842
7520.371906573475
8521.61074065021
7386.345206370547
8058.690461702033
8113.119733254504
8628.499407054636
7998.174286780822
8016.930703537238
8612.193454267615
8429.817889348771
8218.603609244974
8298.276215455637
8281.677677747432
8101.0897330580365
8288.082781039093
8410.727130618276
8589.515537847914
8300.771441401008
7681.270993555042
7671.78596313279
7935.537718093792
7688.3674138108445
7680.371653897787
7805.379275182083
8311.670820735199
7985.46528466906
7864.619173614539
7694.4805436018905
8013.861467641531
8600.461610189674
8131.596541680005
7758.939637258673
8017.582293308775
8127.383398736042
7870.40752379486
8204.286116183423
8109.2903019655405
7647.034968849862
7649.676333639736
7593.460512493807
8575.308236115654
8505.208772675283
8434.472342581188
8323.593538173209
8099.05645964125
8509.010737797797
7865.939406825104
7678.7675026308425
7624.811027534246
7785.883100489164
7743.388316451711
7822.427084870684
7953.1669296081445
7761.705281100985
7864.707369672816
8162.110910706205
8027.897050376808
7717.048420913501
7810.16775047413
8199.468644446624
8200.558541229651
7702.565111969512
8016.6085025387365
8179.9607300636835
7871.089105609922
7796.1256205189675
7864.214150101063
7822.73999032096
7831.443661800551
7780.654907222661
7649.676333639736
7834.208276981986
7487.893036967361
8099.05645964125
8544.006182151155
7840.795229986515
7939.612194551618
8016.845778096012
7695.900822167112
7694.475726233504
8072.239411848044
7885.1618450857095
7893.177826987582
7416.843373251884
7482.9887422690335
8460.660012862088
7754.765660239764
7186.873388004074
7973.578799542352
8262.567449567381
7354.889438362861
7994.394935761817
8153.462374355736
8271.07540296402
8434.472342581188
8231.44926769181
8419.19035751889
8274.382645309572
8327.474149506612
8507.461565901001
8509.010737797797
8212.524827828138
8560.765245513938
8514.402881861573
8191.9365470356015
8443.772420865096
8417.526789356747
8159.2698019868785
7999.490644534571
8292.889042899587
8250.757200872808
8070.529920266329
7862.854340270677
7932.48262283349
7686.7170578082105
7879.9856985587
8208.227128227305
8439.324038985405
7859.8070190596745
8180.804401291227
8322.210073394503
8629.236582658466
8592.690896937262
8671.41204207975
7959.795778361785
7888.257401110534
7848.58948631339
8424.547733326255
8537.920904627761
8292.253082959778
7990.274402535058
8158.747968720167
8390.237019295777
8194.435813141115
8417.204821286261
8524.357822744683
8552.107187566882
8072.337176511224
8186.56507170875
8288.447013215233
8337.571738973333
8472.858253447737
8066.907177798977
7752.999678185861
7509.3717611464845
7494.8209572551505
7550.6436011493415
7178.767632001079
7360.342474343908
7939.278357956689
8021.967184178789
8034.641268255687
8534.824600627782
8412.425748010286
8305.045300879927
7115.646305924144
7220.614730104813
7216.352291132401
7579.68441525643
7589.905680461276
7633.230031847046
7181.0895572981135
7506.060846657309
7633.627449276852
7803.266785564819
7416.546762757579
7510.797070104822
7694.749769791605
7795.207121517676
8022.992346683213
8052.171230618972
7870.88015127321
7641.633598689292
7637.265569221122
8040.739492827136
7539.006092410219
7433.746144428355
7619.59783347271
7221.029614112306
7410.178758365367
7985.501976711035
7984.8828897418925
8021.967184178789
7419.21112765327
7588.472627777279
7220.614730104813
8420.31667020498
8111.347654958717
7657.405671539018
7937.602977846954
7789.26727658828
7549.799681089353
7294.517672947795
7519.121331478495
7428.250682149775
7380.010503283318
7069.692928513019
7829.474498271308
7364.685553942507
7006.291408717184
7329.48670203577
7213.379995220016
7132.384697604102
7345.175928734213
7438.160651283381
8305.22671222729
8305.045300879927
8212.883466026422
7653.0415752830795
7603.808287081418
7752.7445593163575
7372.303332583886
7216.352291132401
7517.5401192957615
7926.276255896041
8103.0311746376965
8064.361576122443
8521.479224981013
8584.183278959536
8375.531120582273
8223.833273509132
8938.605131924996
9248.181840338717
9002.4811556877
8535.367625339053
8247.85224124117
8678.835104035761
8737.848100338437
8972.328958135582
8872.504064940724
8702.999617978276
8681.886524350106
8376.714399361836
7935.799284158893
8161.399742179752
8109.5867980141375
8200.1908238186
8536.022299465898
8607.908512149608
8601.375599163288
8567.333420463396
8501.544422480101
8196.825875070926
7924.078654503677
7712.925361910717
7636.527869921711
7709.05437287094
7727.503748646561
7744.379627269153
7082.826989277756
7220.679135119306
7673.956198180368
7724.903158646508
7673.630581027083
7922.890719284009
7852.180296805463
7729.907106447476
7412.174893072211
7644.358548900572
7892.800626880672
8110.984364759797
8201.575513863912
8234.28824103267
8281.566460240394
7668.76266482162
7723.337222844854
8053.303003895795
7830.186095834109
7740.919887026708
8032.718624311804
7537.806879700135
7419.97934083587
7179.374072301546
7881.700218401019
7645.2276328489215
7400.5850332645105
7535.627945140146
8116.588504584431
7966.563933310268
7735.649827936871
7707.5779909659295
7864.915205654149
7879.153223679712
7826.366279438964
7960.87990416004
8248.072244259683
7870.369806707105
7902.80050157118
8250.569096599962
7517.5401192957615
7726.323285611119
7640.94406608072
7752.7445593163575
7817.849459288346
7897.71910981596
8182.1682620578895
8415.820435642274
8045.848710020968
7899.665180060851
7892.655273003555
7813.728301661064
7943.925143572613
7994.352721197847
7649.610304417734
7870.903144333221
7879.590734924151
7917.25716142725
7703.132027403935
7334.063776450661
8196.050470521237
7522.392706158081
7180.896794322003
7680.309996225073
7855.513599975246
7077.475117196384
7459.8621203900075
8107.632504947822
7916.854705361066
7897.71910981596
7945.751666902555
8210.816347228087
8129.029327709071
8234.28824103267
7822.907501014634
8045.848710020968
7740.919887026708
7924.955246704473
7699.79329543908
8677.987594912589
7533.500812834238
7902.499936497581
8557.718596648672
8632.974799233412
7949.1451880574705
8269.362023920172
8460.282122404671
8469.705508045028
7973.372224861586
8481.472386659505
8488.21562425291
7903.326990881337
7989.605361753739
8834.134696271398
8627.052482613197
8311.41940478252
7673.300819820409
7892.873919597951
7613.7447724271
8303.364673259963
8257.559440268975
8161.399742179752
8325.173844935405
8163.23023110768
8567.333420463396
7918.828714686876
7590.6040585163055
7491.29542550235
7811.989365145731
7458.575376255451
7499.530074323044
7949.414002586595
7597.819893831958
7548.919772923245
7909.012786373072
7827.3470331755325
7551.1060712962735
7581.640799542556
7939.840185707641
8291.541161499548
7880.699062220221
7605.247612740068
8463.42909216301
8336.454616708252
8438.085469124597
8053.303003895795
8189.882077321369
7744.771852907738
7581.266063195405
7145.181010157752
8466.203379086972
8032.718624311804
8779.67385247954
8386.963586076477
8324.957243652843
7812.731975543796
7622.710969412318
7424.175977160431
7548.911275638764
7815.274543638332
7695.6225092332925
7655.202217891041
7438.215842628039
7636.460022502268
8061.996761499167
7818.234706354222
7650.858601613227
7759.174589255655
7997.836536607062
7643.704008079271
7625.548094915491
7738.210869505927
8548.103511253843
8606.423424556957
8539.752781807325
7977.441487129153
8052.554588887002
7985.501976711035
7841.080024418876
8054.5098392632035
7619.59783347271
8389.531518368105
8677.183485727115
8702.35777147189
8603.943481443925
8673.297476073141
8611.127444740956
8660.994796507797
7859.269717001687
7965.719513673736
8103.99917971827
8208.696881393336
8152.406705375063
7761.796328307173
7779.156531304274
7839.2956162123355
7842.1293787067325
7591.92464693929
7793.337006729594
8042.2400497832305
8501.544422480101
8548.103511253843
8569.531406937998
8607.908512149608
8232.564747994475
7863.5044686200135
7941.22010107597
7977.441487129153
7965.0652238326675
7498.373083375202
7104.226703875217
7425.183339572341
7418.918012385745
7420.160718402998
7579.154596666007
7692.99028599369
7594.036583662018
7659.088618669029
7880.980454980364
7926.43356475626
7542.697623128025
7989.47080171103
8257.01350060573
8321.301036339753
8328.236819357693
8144.563866291554
8393.70925564625
8413.265678644811
7221.029614112306
7145.181010157752
7030.958488690738
7588.472627777279
7720.333644411652
7726.323285611119
8678.343627003023
8779.67385247954
8415.820435642274
8041.912862743983
7795.511473696485
8197.74931615376
7724.307396627403
7911.394388303057
8500.89133468315
8471.774011176129
8681.176750633043
8653.49609510155
8631.012256860835
8592.918471811376
7781.958180841932
8742.734236814904
8814.316187788096
8768.984264762605
8684.61058727297
8907.038346857511
8699.033611424156
7961.078183197763
8019.889023133773
7673.300819820409
7815.011400165264
7822.838770651499
8482.486014465645
8586.832582025858
8403.870892839088
8303.364673259963
8170.276512064514
