7958.92801664079
7950.093474905172
7875.1848078287085
7843.775292344372
7948.838768694491
7788.886125986312
7952.43920310288
7956.51609862563
8186.62762336243
7829.90883371472
8017.501296687501
7698.734493438483
7675.678219356542
7648.981202016823
7369.432642576768
7589.225541437407
7884.256796309243
8131.609333002539
8200.096913791569
8032.564145102662
8164.660119071425
8013.4865279363285
8240.508502215227
8197.334018363767
8096.706445689607
8246.737459256457
8245.66455211297
8062.349962592706
8431.669739934056
8273.972902141903
8139.824893099026
8527.626262078766
8305.05756138393
7853.272565784147
7483.934158228223
7497.9644119995055
7935.797606753355
7905.743810020967
7898.377043093581
8026.891831678995
7888.141964286653
7686.4311023431765
7711.356194654115
7934.376412075971
8255.143336517653
8220.173078691083
8066.503243388957
8164.045294432003
8155.801483182321
8718.529745157017
8546.332204199083
8116.95589083574
8352.244036220201
7959.002230897158
8188.360097990605
8302.333076705858
7508.779784042407
8403.852396793513
7488.75369438446
7933.998140939209
8102.810162724077
8220.124137588475
8254.822680116757
8154.538442368073
8096.341201563903
8855.665294205992
8398.407616336432
8509.077214892512
7767.392012081261
7952.1636923743
7764.138903424749
8049.4193533750185
7949.92880872193
7971.374910747012
7803.78220504119
7951.471291644114
7760.77401622579
7752.468094863758
7896.000801496289
8151.290857505546
8375.424388368798
8175.886806217946
8203.930995112494
8264.110823544557
7963.41930872506
7745.0293376081045
8110.074439998583
8004.077158625991
7852.349249208617
7889.054356719988
7917.311849460761
7922.54855121269
8047.751400350292
7977.080261771513
7795.074171947035
7959.364256605068
7626.188992598061
7371.045228779124
7429.666756645864
7692.872585725099
7690.664640774299
8004.585752402802
7750.729281714814
7798.210442848436
8009.153161841425
7794.0681260781985
7905.804958920117
8126.296095357312
8047.69443534099
7959.8152756144345
8021.453617791958
8064.503197184778
8229.636704797342
8048.795368341302
8008.045058811849
7894.92429932972
7861.498169947564
7777.170906355912
7853.433999588784
8059.2015784862515
8143.100537636855
8273.791125278787
8141.764613255991
7805.3336274327885
7937.134153759038
7817.906395001309
7761.298576457067
7981.434143816687
8087.01517890729
8366.379119684456
8596.838479571856
7927.837939005925
8173.592256992994
7585.929585686535
7708.389388915772
8063.999263422349
7921.551859279714
7803.820773542311
8155.837822737653
8504.540851227648
7902.664663085209
8355.174949260665
8485.587869984523
8303.845128575078
8332.568860981932
8129.525422172811
8063.442755742327
8135.368320500834
8046.193846576225
8258.261631339827
7710.405483396918
7940.178417358722
8268.558821806577
8333.950886928378
8266.944925291675
8096.931717503538
7768.493937354681
7927.190441395636
8046.810129240796
7983.246206476042
7915.364916060683
8025.364888932796
8172.771028129497
8334.333094635067
8199.166520920055
8070.2697810539885
8565.80358516052
8371.497522444903
8117.929055518907
8133.9629509512915
8042.001157470825
7691.294765866973
8388.585226137548
8414.131745204753
8111.572377654981
8095.27238897528
7800.001910677123
7997.003545606501
7910.372975476827
7789.075235908618
8039.599268003897
8026.331521593433
7951.474866277334
7926.677233186414
7916.773989674613
8142.622701418595
7889.448349089954
7831.728461526994
8064.207395896586
8014.276011165475
7942.686417645703
8007.551893621859
7643.3975066155535
7893.466474459025
7808.305420673736
7590.256882848542
7988.813705466564
7936.448479118589
7923.789037483741
8038.766027760776
8045.593433585211
8211.531974732394
8014.034714181955
8109.360687940518
8524.049377271622
8241.262610025664
8229.601102667892
8432.260469464549
8066.136458625392
7863.568912393747
7971.6230285801785
8054.752379912741
7913.28321089832
8143.167903013505
7268.642757352183
7914.1770369507785
8177.746237129034
8026.156430479702
7981.296353304163
8255.082041847554
8074.328308112834
8159.970715755421
8175.149704866766
8112.632813644988
7899.762858812974
7794.984172556705
7638.215363701949
7578.970268928061
7935.55138273946
7940.458800887572
7772.7368636497085
8018.519228841194
8000.87849143396
7997.95802541325
8098.667980215371
8060.871139542541
7997.453060132777
8048.83033305437
8096.636363129617
8076.130672824996
8126.769981507929
8051.731641575526
7892.63548126578
7989.710330225055
8140.646996096075
8048.611200967042
8058.013490897019
7929.816396314583
8200.304834516077
8151.224735437306
8429.099762378526
7673.709707056157
8229.601102667892
8046.83059438535
7792.614925097183
8201.191206048501
7516.735826025882
7582.220664958961
7426.889906865189
7390.059286237493
7854.08350132324
8519.50116530073
7359.5733755248975
7637.570936113305
8654.180400803249
8636.3819945042
8723.972142528408
8000.884655900466
7583.900304743421
7460.953650951104
7695.726578043625
7715.488021757345
7940.0503942041405
7825.024458448753
7750.808866764717
7928.856741706196
7871.576097364732
7670.573041008444
7930.725588016749
7878.8368330951525
7630.210227670309
7534.224377200994
7413.326307671752
7633.29503670384
8139.551463348147
7965.352445380579
7619.79034946529
7915.54104977852
8555.98352793799
8485.587869984523
8510.178357545296
8728.056817578035
8093.824516211754
8187.568267542497
8285.822518638963
7932.730261293675
8242.222242578458
7915.13619569336
8334.296563299149
8125.6108164298
7737.461508734183
7947.667476030057
8379.731105704113
7806.117265311983
7740.001574127169
7779.887455804467
7780.657614153777
7889.48955735528
7909.356784843357
8056.713614962976
8142.392045380069
7897.9056392409
7803.553600547491
7957.97177086072
7595.115415789848
7697.337135268017
8027.171230335267
8010.870892304114
7992.764562300295
8043.181401271457
8128.945879185482
8045.149772469571
8075.949477025733
7945.775399056596
8149.319771873775
8004.336479824774
8037.148010209852
8071.423856285928
7889.927165778251
7808.5692683491925
7618.968208590543
7545.907926673388
8057.694165693986
7871.5378488931265
7648.7327017254465
7996.432955101057
8118.301509386173
8107.410454211385
7995.650011367178
8115.687523261036
7713.669143146661
7973.450686308834
7938.347983075968
7855.306307371447
7752.521926243632
8174.777000290099
7930.355128929569
7881.164766729021
8140.332570163574
8238.311198148478
8076.034540939951
8066.412501020162
7782.044496636301
7733.778669552671
7378.949716317112
7622.333172217552
7826.171344081409
7962.256587393097
7167.649158120246
7691.380300183212
8055.904403466634
8019.581570288937
8120.43491356762
8253.036456453145
7660.919277123354
7908.34828745219
8342.099732545572
8008.146965325281
7942.513006799529
8026.091309427373
8048.699368656636
7986.090373606257
8134.534666861307
8440.75704085493
8298.50677086285
8310.72176803793
8527.38231270392
8723.014885578841
8679.191310898566
8306.231234885303
8149.887580497899
8191.387344795135
8117.047337857468
8034.67988920535
8020.757045099094
8070.053710110105
7553.402120721288
7498.252984273769
7029.158377925636
7802.942382022257
7557.401617359163
7608.6828060549005
7771.821874331406
8352.386559920995
7860.172920703551
8009.270132441204
7413.052316593106
7610.787758853638
7608.336151744055
7493.168912588232
8082.721972489901
8429.934793503213
8530.725611151565
8099.023559192034
8366.07859332948
8127.256354728641
8087.130475318262
8297.83319097193
8162.885442235128
8058.429939419906
8125.307740764604
8156.5297458784935
7816.485024514102
8032.013529113557
7895.856415263199
7714.915306733854
8052.082256213812
8130.073541963414
8070.73766868627
8112.029928429321
7781.062841699962
7828.92921055351
7998.380614867556
7787.633369499024
7599.403576850746
7980.230104449416
7514.998263524854
7537.096962581793
7900.265176083608
7505.140442974465
7387.221880029764
7618.331317823228
7926.656982059366
7577.109977439843
8054.244466925618
7970.890948854014
7470.3747333390575
7396.280224561598
7598.920656790911
7071.456843532271
7658.043512968903
7902.53684595341
7963.192488224635
8239.423023000918
8024.662720401791
8179.6694128260915
8146.814491292773
8011.638705027493
8352.707774154387
7812.879316268133
7768.918463992542
7816.580805139474
8027.94564814118
8726.331627166399
7818.5784249893595
8088.732420993944
8609.25319485515
8023.435807147521
8205.945840647608
8068.119846942091
7573.405556162925
7829.5634549786655
7714.119598882536
7575.994442094839
8047.489125800211
8085.966647010592
8184.3866568914245
8140.505711130489
7938.735740974292
7768.007397536497
8120.877306215292
8048.621841722782
8277.866329325467
8408.857639728312
7971.835730649686
7909.65655322317
8171.702595766749
8264.401211535842
8132.3047665879185
8207.727397505543
8046.415968703463
8115.041031697773
8093.43439374262
8080.656450356788
8391.142279285956
8687.20044148416
7906.970907798218
7959.899572973652
8280.73634591837
8502.390670728324
7773.38652233268
7285.775111570093
7719.649059656195
7604.278432325733
8050.6716038984205
8331.619916977083
8158.914351409798
8114.932324411733
8070.102120098571
8197.569047928502
7917.038206432077
8072.2617665417565
7800.5886645869605
7482.496541672657
7693.175520874095
8001.859406473173
8028.968189042215
7582.8598904404935
7699.955522421857
7580.159489472597
7789.98512915109
7615.821755987266
8003.394403858731
7879.640383540814
7361.133474263385
7521.71473006521
7756.831551010379
7982.663957420775
7654.919479090635
7789.479595178517
8075.326324592786
8333.252980339914
8220.56935090881
7538.893127700319
7388.577175099342
7432.383155280779
7673.604740932065
7828.303420747975
