8678.275372868542
8448.628154847405
8587.630972209687
8259.228319361975
8406.290216968946
8075.785235594715
7837.413506940172
8060.692636176244
7969.128344977297
8042.108957009303
7788.138156307873
7827.629760901995
7734.239732876296
7814.323786757962
7840.433436644085
7816.264521687245
7572.154448384118
7652.9544160030455
7681.548821450213
7750.056826637266
8002.989578321391
8591.163368865338
7752.61642290251
8410.839118231628
8273.730908923353
8363.473822527834
8399.385333912696
8277.899537275616
7606.345829236349
7798.111218242208
7788.343607875011
7955.300351279152
7945.404094322945
7727.782064978908
8078.862300651162
8271.007500173337
7814.167635161918
7925.538289534401
8140.870888227779
8220.360396134385
8308.744709054461
8113.000681430195
7932.378347221164
8187.8451200727495
8287.80466465583
8388.068300452465
8036.204987520931
8260.726172626184
8303.176881674892
8241.03581948868
7942.857395910023
8430.112112051162
8298.965301210676
8271.443368567472
8415.57466903883
8238.147522607323
8187.605363045848
8076.649650197577
8097.415144010723
8069.081334801537
8064.460457518635
8068.054152096828
8055.145972314163
7998.500312230559
7909.900229579378
7934.464655094624
8261.036828919447
7880.267103003607
7884.459161800096
7980.58424798645
8137.569557362469
8422.114893256246
8285.115055813243
8480.984042257067
8350.832992591972
8690.291596958934
8292.3280513824
8181.07793987949
8502.053917911186
8750.236143009552
8464.615298967341
8692.201706785167
8481.516590526442
8410.064065390583
8377.1790107701
8305.654503705755
8445.148119205685
8059.866167191697
8379.42228962826
7777.039583796293
8615.07192090427
8253.329957395887
7961.047011102931
7923.377028691624
8113.736042425622
8641.99147104843
8355.758444209547
8041.349730079137
7933.322991566731
8058.327969677896
8204.619475229949
8101.9346965614595
7917.488417838149
8050.256061154248
8241.237812594007
8458.679811501515
7882.086370949143
8537.245341623522
8175.334355213361
8411.28118863704
8637.379927086677
8396.692489139486
8412.127396851347
8135.733833340643
8131.083822524801
7787.732074970955
8031.102247103738
7811.776157882791
7937.41128807042
7741.483490688949
8187.444656896414
7616.376271577027
8299.784237646432
7944.861641976305
7675.005797934989
7303.329605814592
7225.601946741457
8363.455172842276
8052.075533506826
8368.59765696324
7329.365507683038
7348.142367502715
8017.9424260066735
8146.179813061677
7543.173463877276
8423.233040752546
8695.087982198093
8304.426348551595
8525.769535528181
8382.835100479831
8317.230337662564
8288.90052800695
8354.597303195933
8109.691351950583
8266.517927802925
7982.966136830725
8249.394440977996
8098.778643123464
8226.22786063873
7953.393144633874
8427.402164487106
8099.740961196712
8101.996272746035
7997.7478361958565
7950.364573233565
8332.287600537216
8406.057172212715
8400.981454867017
7937.1623990737535
8201.35523376181
8022.290132222791
8007.7230736963265
7963.856365148881
7937.740741268099
7835.918881572739
7942.286859196893
7866.913812541851
7909.415175100384
8321.141492309598
8427.191145732602
8487.971244566554
8305.735037986908
8492.538942435007
7777.147136189769
8646.188459307004
8299.375210446336
7761.400230179923
7941.264524217523
7597.890175515686
8482.108036084548
8223.133727668337
8012.63655037224
7915.579297563816
7629.604949598772
7469.845508081539
7390.439125205101
8000.51932147356
7709.232917379824
7984.659061000837
8373.203423065457
8106.2057132679165
8036.847642520047
7916.494581243479
8310.808541487711
7983.459650111315
8241.200811082497
7803.877066529906
7821.969048878127
7771.107100177992
7854.195535173344
7786.174716683479
7764.282366114908
7708.585646091439
7758.993850823566
7828.581307569882
7707.227325078459
8045.6882972278945
7579.25929348679
7695.604885025279
7687.267695562654
7668.877694220794
7968.371611847879
8170.4403657544
8118.392124369489
7632.848311457932
7878.886671029028
7693.646361518942
7718.939718400125
7654.158929491113
7823.606278935498
7738.727489507678
7871.428640220953
7874.564448014157
7908.84513168462
8250.870984737108
8622.157208681836
8311.234492566118
8369.055801242632
8168.451089761797
8038.5890684420965
7377.4295621833
8070.344896165182
7259.723784032504
8473.08752024653
6797.5816802444615
7585.399756651903
7796.640051890386
8336.23247091768
8264.13511545785
6947.747674901048
7148.1473326105515
7105.603977782048
8270.373866435373
7593.46843361158
8128.033568919492
8693.387766302269
8312.365678401915
8607.938070800517
8324.113825848195
8562.299693804303
8443.576069452847
8415.12612742929
8228.121061781994
8373.176977453464
8176.197612299617
8235.215497922783
8223.01082147377
7944.407558626409
7909.073209277303
7928.216215416262
8319.181476279566
7993.145634252333
8439.81557894889
7664.019763753243
7798.063794805636
7962.855687444708
8231.035937291424
8467.985311188613
8335.07130306111
8392.19147377564
8059.0366822931555
8274.329777841338
7890.024489840633
7754.261777813869
8097.922838030367
7909.547647989374
7994.858103933089
7889.081305237585
7938.187814664112
7915.814101829507
7468.540884032167
7846.709452306918
7778.9256962131085
8221.379115189146
8058.189761892161
7948.104132500191
7998.603584214931
8376.047022001718
8247.46942597104
7738.434948273807
8079.589676214919
8510.000979518678
8455.101976034844
7688.22638729279
7857.566482344525
8029.294944139144
8028.830738780073
7889.325365145403
7559.110123062089
8106.399599625591
7728.410015414435
9356.444948704057
7777.203440116902
8276.194080524761
7412.850487143567
8834.67302686826
8204.415523402135
8638.931886275028
7483.8673824857815
7564.04732155888
7358.565069008603
7706.655736974738
7498.310304310766
7758.025362000897
7432.517850591427
7661.126137152731
7759.74353813303
7717.674206816617
7776.377383392389
7705.396687345515
7693.604863384452
7651.11576215269
7676.837551121522
7758.268853668192
7796.290875805946
7767.653987953632
7550.003092814912
7698.312543963406
7688.269123546598
7872.8110997665635
7565.806592682374
7873.221243034146
7716.718383040087
7905.597452380792
7880.1612521615025
7906.979073238198
8191.467067287567
8180.940095575582
8049.078305111649
7906.5842899328945
8069.729546768708
8087.968846411645
8103.471927950966
8074.097582038826
8061.553416069092
8167.917416705962
8069.472555080621
8236.946945479445
8172.499094893382
8071.210500522042
7992.828971972821
7984.645366275614
8196.278655749773
8095.6106471240355
7836.499942170008
7913.7608140196235
7942.93605815222
8306.39169347348
7800.996331157844
8052.223863389965
7581.420994349644
8300.086697901179
8074.224881680877
8324.451512174288
7995.596401623765
7958.324517284562
7860.224645356601
8181.130616769423
8026.686188129669
8134.550662804295
8121.215119050903
8130.570654208177
8364.60027076385
8142.771992022021
8572.378660752225
7760.212586401643
7639.719316605665
8012.9676628502875
8218.340071517452
8521.60342306571
8714.46054000527
8746.758298111632
8353.522026954643
8111.551370212984
8060.761343161062
7499.166251515092
7930.571931239857
8301.411728098585
8356.363091519359
8235.073062518446
8557.302212466742
8590.178131776054
7890.531669789539
7825.452733916943
7788.560545470767
7804.018612822247
7711.263333334096
7970.137000585263
7540.734890864649
7774.338657253948
8233.688961449434
8029.265028544942
8422.025822628395
7721.837955129296
7907.229503580502
8106.623692091205
8335.119874461392
8471.975391348917
8405.641468332375
8466.158941721358
8387.859093009807
8636.946016166792
8165.5985260489115
7978.339916032237
8643.080111447694
8186.160954956763
8424.666608607287
8097.8483924680595
8319.830626917283
8255.546340467705
8244.702544636646
8233.873611096527
8140.532731476643
8066.665734847091
8211.765543867908
7635.895972007602
7999.061537265911
8242.765649170986
7849.41061499534
7923.510642262544
8101.162239058774
7825.134556769568
8130.084777533852
8165.692905459207
7967.295061765757
8002.142882814407
8354.080078613513
8102.449170549281
8151.525488965777
7950.974646951179
8268.998780933513
7635.828779397341
7974.084895176364
8072.138295593405
8152.646156007262
8075.327740796005
8235.066582678213
8317.375270928962
8143.559132853099
8009.012222031127
8012.579381745719
8081.106892132262
7919.647013786978
8239.38266058529
7923.930322691807
7923.33933863541
8365.235941113482
8223.900885423544
8383.976894435951
7797.150468054436
7693.919864248344
8122.592932573265
8451.237877901716
8527.30849455081
8377.610074720777
8456.50472130766
8408.957578313086
8491.270329620653
7902.120198572436
7930.197280697564
8593.938593526642
8339.214673305896
8562.17748167409
8425.911693536516
8698.58955535224
8658.59832731316
8776.708608519424
8608.286516350969
8753.15433039808
7754.0095335235155
8291.341024838659
7840.6265068185285
7979.482237972334
7286.694883464304
8629.647357491032
7909.669921973506
8320.78031028995
7862.348744440815
7677.695994406372
8060.221549357718
8380.271472671298
8294.29161369425
8194.645333052647
8084.010394789745
8261.334566551797
7999.0783179889395
8348.74525235351
8347.054230024556
7844.51474497277
8462.035258410426
8035.635411698901
8560.39950184666
8443.688073370433
8607.667120153817
8402.985828118486
8406.192634876063
8435.15652155167
8266.39864912954
8352.496697788665
8310.117155119742
8448.283638322002
8267.339342044635
7626.821188670899
8189.8451429484885
7291.400370072498
8612.644498462116
8709.732691967516
8244.988397523563
7724.594547562631
7539.878219199407
7342.193248743824
7667.511607532017
8043.7337794751775
7875.312292497809
8720.416790889703
8672.547535275231
8446.779550659225
9053.92186719347
9317.894002317777
8850.153929213428
8980.548433805403
8739.452967426416
7425.857875044544
7284.394742662348
7303.875125990935
7392.605665790556
7204.070757782516
7704.1536980199835
7643.351406657413
7618.330988779433
7871.582690445781
7711.9919381170885
7895.620717872642
8106.720785853796
7982.711178950088
7814.771395087733
7710.361629320951
7811.543028559593
7897.686730056026
7808.203201388169
7747.1040962538245
7551.991011881983
7940.092002741246
7934.102559654541
7711.411263614925
7943.21435371806
7954.555982635812
7963.743459038164
8043.098339541174
8175.7738804938335
7806.69265099142
7777.230610086855
7767.762888945616
7757.6567587111695
7744.573037245368
7758.872173370257
7613.676260753425
7695.6708640411825
7721.8738259324555
7765.525933236832
7613.754096520282
7720.815922078822
7797.790778540518
7844.618956849452
7837.875941425448
7722.101449899799
7566.233359324393
7716.501339514261
7985.709878293041
7879.062480851442
8073.854823854257
8103.301066593882
8037.522795992726
8342.14112029419
8254.266705378717
8291.072075125274
8286.275100786277
8209.871398703772
7907.762517828312
7950.703199481317
7937.757632791476
7882.537971119209
7980.8632107134235
7631.612836608052
8178.9745481118125
7983.35945310643
7734.800375938455
7589.618008904497
7861.9152036254345
8485.492535820456
8196.136326486543
7795.396857606286
7452.216825101539
7726.709338445398
7831.57953127994
7771.986336730945
7699.898182260813
7590.242250763556
8019.206112075006
8140.820187117342
7713.259259115133
8136.494964058182
8085.165955405315
8124.174285867985
8246.47788186395
8180.35428076468
7615.484052513206
7801.2491562943305
7749.761696719672
7962.680874687547
7856.806916854657
8066.64648939429
7891.827028969666
7963.563337361564
8206.348896349333
8012.343495625974
8387.827149429115
8037.094978943216
8019.023262444731
7994.185077275386
7987.564714263907
8245.280067457843
8566.891604360573
8351.841312199685
7945.378981257545
8114.70386164282
8049.245822253228
8230.733595673713
7987.383752660679
8151.876692472606
8052.916116572821
8238.691276951256
8123.502050109136
8172.402919060843
7584.3512541333375
7773.342567958085
7736.973643961872
8051.380018073392
7866.274012867778
8204.107840315583
7985.063712939637
8030.511589174427
8218.411224607675
8111.153193388278
8223.6133795796
7986.981030205548
7978.899634860158
8045.212123960353
8158.330249837434
8204.201459394051
8192.01099093077
8188.759794426266
8100.869107327955
8326.99316329193
7979.979903583764
8017.021536928274
8194.921474591207
8116.7704066047345
8023.8353358476015
8245.231671436799
8091.081434880405
8164.3638606018185
8057.68642197047
8122.7217160097625
8036.643469725426
8145.296190203096
8051.515542299263
8155.1923996199
8077.727552126439
7903.339801500651
8398.241461659249
8167.54974432173
7853.603454449679
7685.251836890269
7734.956921758854
8162.738617893635
8276.04854984448
7905.236426098739
7652.779557392182
7542.739870131337
7977.684406414496
8205.425511113703
7800.856195766015
7891.323476864094
7770.630538607882
7946.701468529496
7939.06062700108
8096.232957817191
8054.69149374696
8261.469086454985
8136.484472933364
8110.4479710643545
8084.389848431298
8063.235262660922
8098.880233492438
7999.842576938234
8067.232849598932
8139.541991363054
8127.828591120048
8108.7671298569585
8351.838504863006
8167.4723956621065
8254.184088727508
8245.213380399227
8175.654837834973
8265.297140397926
8553.700473911653
8394.103557215833
8338.14857843371
8262.77517704336
8479.175630898399
8470.145312443741
8358.572777363452
8579.486463682546
8492.807727600837
8556.856981296105
8480.178743407763
8429.10694257928
8610.53877266201
8553.719462669711
8447.424865999232
8415.362357509837
8503.812040997282
8121.448279508218
8306.783163497295
8626.774237521431
8154.9542843798745
8170.111634879027
7994.587528879354
8362.100630755544
8519.489256109957
8367.96534333205
7843.757460872163
8105.221243437593
8012.819997632234
8031.122633749842
7920.724867033003
8076.758533918355
8324.079432795292
8446.59396697213
7694.201973405489
8243.582524835774
7962.176552567895
8404.012424493294
8160.8656702739045
8341.215875629612
7840.864691253743
7761.966177964396
8136.885413423879
7995.39170800279
8236.344701754922
7832.137125037183
8211.411116946267
7869.34426321066
7760.740530374968
7855.776803758987
7739.829681197718
7833.174860058403
7914.25247855368
7921.58568307931
7957.281957998263
7813.639548421555
7523.405729066523
7676.128395549442
8095.612267012722
8004.647358309159
7768.979929041934
7565.602195027477
7999.827827701658
8024.479164494567
8044.755119696801
8053.915764926645
8309.1507972763
8244.590212741812
7666.364347856812
8041.499420196504
7666.0852216635185
7708.697448503815
8121.632581220843
7364.4007775064365
8205.568277703449
7599.174402808662
8103.803368412163
7469.922431765752
7987.647592734628
7768.05237546875
7905.919261350654
7748.876051355151
7849.960881372113
8060.01196527118
7858.423860935896
7921.684489956477
7851.0749260672665
8077.3829400058385
7901.843024241646
8002.145381427481
7970.27877502779
8183.265245551457
7985.261620708313
8118.203094377951
8402.289607711833
8347.646829371552
7989.886406303009
7823.888313214838
7595.53699922158
7944.304388837675
7738.674884091625
7971.948348401016
8007.455336816922
8039.809141416235
8017.719754089904
8001.620468197737
8020.031591459021
8234.661308858547
8232.958811654737
8283.098521125987
8498.808383874777
8181.93245362681
7857.0388953462025
7943.138083664406
8258.41585102612
7856.854629356245
8203.304407911997
8242.796157654515
7664.860605266092
7987.826271842029
7874.191339444147
8056.56622042697
7959.242946927846
7941.380658781576
8077.577664407642
8026.746496449472
7888.541738016051
8013.775991457896
7927.881591323097
8215.06285219176
7954.147354732244
8187.230168096266
8345.672566460295
8336.504789119745
8178.588729651389
7982.3527254059945
8024.312004776233
8061.883499251232
8100.012835816469
8125.103502126908
8166.408053025385
8072.956491773216
7882.795102169472
7865.9760644128655
7897.583931113331
7984.087154778119
7768.636703027026
7958.499674654217
7873.697299630055
7987.279527361125
7863.528674764769
7836.962878023517
7882.803101327836
7930.292502153357
7920.990925553616
8198.304462639906
8023.587211453059
8474.234765791169
8098.122053889856
8188.661546655864
8132.204860536053
8172.149306544704
8103.1356662032595
7976.075737154663
7960.448580463401
7939.680890227441
7960.4900753412985
8049.124319741555
8138.381012503065
8074.561745918603
7880.941982475416
8033.811562874646
7930.018569588923
7986.379425431347
8144.572321085955
8399.462796153823
8420.505583643562
8440.245818902826
8551.624184605422
8451.829693378131
7927.78202753457
7697.944336222052
7524.28017038804
7767.835522057411
7453.490710787473
8187.038675243461
8090.0250801612265
8442.327178300275
7894.4351266570975
8252.516964120377
7507.987807500299
7842.551582301109
8019.650195407842
8304.449810711954
8320.719154105383
7923.694732098057
7460.305891024401
7954.841648954393
7963.231689696979
8111.280587325565
7770.080990724832
7756.858564478702
7661.182448084955
7763.485075675351
7758.293745910678
7753.708559773924
7731.294301425792
7541.470804293983
