8027.319744636409
7796.79515739927
7843.444177353645
7333.9363224575045
7620.743646764209
7772.883999960751
7861.289912135778
7480.245095715427
8433.892307846112
7782.766410586098
8287.31669098605
8038.057165781542
7933.355889391586
7899.726540661166
8248.67470456468
8418.418087990478
8156.429023677141
8300.181097423345
7975.0086444906565
8200.110321917688
8053.031207964857
8313.770389018178
7962.058126840077
8150.3255955950435
8007.784837936612
8178.172021861854
8060.030188901311
8054.925676207059
7210.752183455016
7759.289210703908
7691.098266683786
8506.06582612339
8014.6191973682335
8250.773422309794
8220.918100365256
7958.824051105632
8037.537663696059
7380.5976995739375
7687.466694920629
7618.5166086915815
8021.633443215958
7833.830386294368
8519.219474615971
7975.641157618288
8180.986392340535
8435.369665604592
8371.21550054823
8130.391553699091
8081.537630502791
8097.250749932085
8147.260129677642
8160.288920406884
8106.235504477928
7952.959665595493
7988.633979337005
7948.909522530665
7953.773405101469
7921.661938944832
7849.994679869633
7790.718596796004
7733.496388239132
7756.47394600074
7667.956403085421
7719.380556859873
7672.544756356786
8109.450381013741
8497.853297447195
8053.969931398061
8329.60400593013
8082.960231831288
8005.6416127641405
7880.52428132834
7822.668134353285
7792.107762371771
8152.221186980005
8160.341644842892
8107.409454945468
7967.729789479947
8064.136946542304
7657.844740379809
7966.362563297681
7917.488940131454
7724.777206311379
7816.234885797698
7863.507616320463
8060.201973256475
8061.057391647251
7945.426685815308
7839.744691202427
7863.836836039507
7974.346790238309
7937.2968554189
7907.15939951288
7898.17093290084
7969.664094141635
8033.569251600688
7905.785212833625
7848.012820546899
7876.207420602285
7852.835246435899
7845.01541198677
7851.193793694371
7900.28913285944
7710.371332477067
7957.3647110583615
7761.742908296947
8080.236321690904
7868.362026086808
8017.157574476664
7898.76832691431
7881.200133678597
7899.81805408868
7819.803803070514
7831.772327130539
7649.419038819018
7783.77891635991
7595.209252968059
7743.956663749432
7750.601155526656
7844.350371378448
7765.413424865183
8064.810698945339
7750.54539055524
7821.892642072129
7886.240722886284
7880.867903803169
8001.679377143352
8134.641914422346
8094.022425000946
8007.342798835742
7959.976705484702
7927.8738106356495
7841.979540834217
8056.219925645912
7868.489901419732
8027.750210706189
7863.7710106727845
7859.338757236045
7857.087963686342
7683.21456904623
7652.098197680944
7751.275323547244
7840.767712881152
7765.70683057934
7931.528858987185
7850.321175634906
8053.80916982043
7994.76753705914
7997.135405911185
8083.281916192597
8007.741069227701
8078.676027648712
8095.1913695347685
7156.115671006437
7934.867225604421
8133.787574122882
8127.944414067794
7976.288360157342
7951.040251168433
8140.171367841884
7868.916738666676
8240.187355434453
8247.751037633656
8157.4484609279325
7897.881015363398
7950.204829561735
8164.423644092352
8051.84659893894
8049.746419981723
8609.978383893278
8056.257078592265
8569.246955384184
8248.86602802252
8346.755188347735
8303.592879143796
7933.326399393568
8130.82131513356
7212.707336220088
8012.424173617154
8387.109614551897
7970.4171206814435
8159.354538321164
8440.335712534688
8064.757657515392
8200.07773657963
7835.905155298484
7737.893816702917
7796.905857173437
7785.453571186597
7733.493095624985
7615.019639369385
7772.007242926316
7583.2947385674615
7687.409493402053
7438.086275745617
7886.853759053339
7682.97309998575
7426.1159924427
7368.925869421962
7413.373139303038
7809.143515638414
7918.40678579114
7856.875788780085
7435.166849834096
7770.453431544538
7358.756736118335
7616.903324901214
7626.90606981452
7523.3482264584545
7395.114134758199
7645.284580746874
7478.167048632624
7630.142520365856
7712.1613986639095
7543.388416313686
7702.644968467392
7572.405616856109
7605.721053420192
7668.914477508994
7502.41167632558
7561.451250332987
7416.309216070882
8012.800293456551
8026.589967713145
7964.022512240043
7994.322475236919
7981.719515698025
7963.793869567677
7915.464979208193
7951.980927815129
8177.406359766981
7973.110093837878
8285.275301061034
7908.928028820001
7929.937814133521
7964.34491757289
8086.555609248683
8263.785978795235
8173.739752178641
8270.636970497098
8030.578958835695
8235.712607221903
7913.818069904991
7879.20604332325
8125.087897235048
7855.445774114289
7926.792735595845
7850.112937046346
7857.552215029025
7855.9010125868845
7973.452260849648
7967.623831429661
7938.383764750111
8132.910467619068
7916.612643586296
8197.178837308418
7885.68746129866
8100.353607501343
7913.509159612123
8535.351522612618
8538.347800992457
8410.473084853325
8364.320359205527
8402.318573294198
8383.08159861519
8264.761198692438
8107.730752336888
8187.428299415393
7922.932503429911
7876.017465847269
8165.559562339877
8030.938288850263
7818.904612975984
7640.56316820446
7876.296312164826
7735.276721127737
7807.396578573043
7699.15562398642
7722.955778077807
7907.963715485312
7987.096554916639
7726.3628188554985
7873.66666627904
7838.790178185878
7813.34548385616
7812.460335256287
7718.762556390969
8263.318351327916
8217.684387241025
8236.475906878735
8004.295824254079
8132.50377362882
7682.181773349346
7985.418932852888
7707.627798498282
7860.019273502157
7801.047923882092
7923.624192484661
7979.634022042216
8286.975420035498
8288.911051606456
8030.98386998713
7933.351135803967
8115.472941564893
7946.127258174366
8260.261310307988
7699.788331982035
8062.382231840468
8161.588760775182
8061.563826125197
8348.689191341324
8059.782840980235
7776.89632366534
7937.810695569797
7977.5866345475415
8388.885030017049
8028.068984125648
8254.605947170248
8706.803770487795
8166.817644229854
8208.84420307428
8220.856117780186
7992.429808202893
7886.898445893511
7986.03830788632
8148.0180257308875
7888.058698230992
8373.259483794165
8103.517536480239
8377.746243731153
8210.635220340637
8471.818071679952
8139.528985404793
7717.531414272119
7734.487416749386
7783.229083156426
7752.197309742218
7759.965623552943
7786.712279386419
7732.435348406264
7778.283203664954
7934.22495584418
7815.2068898371035
7944.932045952755
7734.649486691026
7802.654714470995
7837.256743613963
7869.277483283897
7892.464379712036
7891.154689996721
7837.71865992731
7816.092808156695
7799.461527338553
7799.844618299018
7828.855384412728
7703.675519154557
7758.578208337765
7657.19697699286
7790.809125716239
7693.482016887166
7698.8453181724335
7755.430548373233
7787.542204105735
7747.839033142374
7901.470364888244
7760.650199743578
7840.893813986063
7811.321476759432
7750.727113878129
7719.066892704617
7864.094435372016
7896.861360747906
7742.405897034776
7910.111759185363
7796.445667431575
8593.372201542272
7703.803841331587
8005.499731685047
7841.099383780533
8680.039316989327
8042.342045344478
7805.160889690579
7932.915417002045
7788.330525554327
8004.3145841917185
7759.250824986291
8038.948327814069
7717.488534622244
7690.929979161447
7742.119048530522
7774.848071730476
7773.647012602588
7808.969860537205
7977.572926225973
7971.698778032973
7893.752297498702
8051.939727920814
7964.096153057284
7927.911727422006
8739.742737548378
7821.551804038561
7849.688723396357
7868.721280304143
7813.627940919868
7824.78022416039
7818.5741975877545
7950.050964982591
8026.971303745287
7827.638630944757
8036.8969018489315
7617.77322746606
7870.459775080928
7750.875912030643
8026.443433245519
7868.622177221968
8052.264876631009
7902.577159997576
8307.770647618718
7897.3655587518615
7949.331712244953
8018.128129406248
8105.229808385122
8266.383048309839
8470.21543896466
8374.407786060916
8150.957128615171
8257.682063676046
7988.788537325355
7710.200993845205
8172.956195774012
7780.769146912637
7985.346912002499
7660.4888332413475
7788.262029174108
7680.250516119949
7711.699638642337
7798.930889324877
7946.3833198614075
8065.811681566027
7912.8868698916685
8218.152164327375
7815.190392783918
8184.039898634539
7994.861883803298
7973.439531290335
7850.423976478945
7887.3392270282875
7712.6537013449015
7775.203472810072
7637.844859251154
7608.634795539091
7732.1244275485415
7995.9210424792545
7626.776581050077
8199.266005819236
7783.407196930035
7955.81224060208
7887.957980956856
8069.9827010389
8342.103601022542
8167.2412050475805
8285.71016700868
7982.582612770196
8618.534697812507
7952.911792625094
7850.311585871207
8121.959649664461
7747.6912450796135
7639.169733033254
7717.765128502164
7778.499696894715
7750.417256246223
7701.685643073369
7586.92487118339
7607.879600981834
8014.642392399426
7827.87340642182
8616.43027882995
7931.5827856654805
8067.291509071664
7656.908371160016
7829.388816624084
7407.577738508209
7576.610644309545
7413.496239277058
7446.652859455963
7703.072276242459
7721.697622914092
7756.610454922576
8015.425373460402
7910.442566693468
8128.361231113092
7790.1587413235675
7712.590071864481
8011.194092649839
8222.151802917375
8125.409006463959
8112.632558852444
8055.876270898681
8422.53869345768
8209.148899018306
8166.485815064433
7972.441754836846
8325.663365623788
8108.497995469991
8101.293071844669
8073.429959314946
8018.172286263373
7987.522705940438
7585.081660781831
7785.381339015928
7740.201171080918
8108.386701396128
7718.606691284553
8247.205866046384
7999.764948268817
8399.705519965539
8235.737466182378
7583.198616418366
7423.722928631828
7388.285895745812
7376.896609084042
7260.704326156618
7645.441967477383
7034.804225691924
7438.59404196113
7793.379971990338
7772.030152248935
7850.098024630409
7418.06701434892
7690.998841951809
7875.134756128537
7842.077828948265
7815.626340751544
7898.156943102324
7833.694703704325
7857.403074818992
7744.107761074777
7906.400949806179
7845.399321376003
7752.411572497847
7888.905663210544
7848.549490275418
7883.146999008396
7871.627820285062
7865.7812517752
7362.020465036327
7688.147954839819
7093.705704290705
7816.8563560563725
7498.243571021784
7764.3300997074075
7873.1169271967665
7775.630752169096
7871.805866052846
8152.542089654886
8126.8278400451045
8263.904745387343
8103.609725742455
8237.723912286727
8216.72711956852
8557.8139806243
8269.934828199303
7870.028579854025
8240.615945871825
7932.3522947987285
8138.175114969057
8326.33525731953
8439.209606308634
8187.774042932811
7863.172103494365
8003.159358606052
7961.80389008598
8554.21923887841
7916.850108360521
8540.823548192435
7714.90289857639
8195.269848486832
8126.154970434571
8570.098877235125
7855.240589751619
8221.965776365334
7836.102303633932
8170.17878430091
8213.775690148012
8417.69556661585
7977.774854214309
8185.04978837391
7964.679969913799
8006.999237474453
8334.409682109654
8503.386218076756
8027.4218407599255
7940.647459292531
8113.428103597044
7652.7783333827865
8023.299161970973
7776.404353049199
8205.864573073437
8025.331841938578
7824.96981828854
7856.066177507781
7710.416204356909
8288.995982550829
8407.609874202939
8094.517609014634
7872.12974538043
7712.837954030121
7743.532409784325
7749.20197057341
8053.142526073766
7862.758611071788
8393.896697988384
8217.856656651233
8042.921162644235
8128.844672217866
8093.401619932486
8013.805196039578
7980.376387987851
7956.107772619813
7771.173364451692
7774.064407478766
8171.09614291284
7812.50445948334
8401.527449316387
7839.723979365087
8449.183942788153
8037.465406109594
8195.52081248866
8036.540394695384
7900.06370031015
8016.662716790624
7931.931452524255
8007.190911155068
8040.7913180297965
8204.765190842347
8149.1143360079805
8326.441792949425
7971.349238683202
8194.197442682214
8299.241547008425
7986.599190157301
7737.86182514463
8067.982520453061
8239.006008612445
8069.070544038893
8150.9618568264905
7771.202295487947
8213.63925648821
7564.311744044682
8022.377821972252
8243.127401595335
7879.486898067403
8081.710759459628
7970.996296019521
7970.731757326342
7968.0531709136
8048.550176449001
8036.820487247835
8228.132322905085
8277.633822880216
8213.85887534182
8198.556568985365
7850.175286953031
8090.842979053133
7807.163338847908
7793.114145843591
7940.606708640912
7795.782941382765
8225.094181823206
7957.962601177083
8740.101350134419
7904.883762973364
8252.796200235902
8356.272155444269
8502.313029664627
7892.752198565118
8048.761131417307
8106.551577661978
8089.058062596804
8017.049203657321
7829.3903897041855
7813.547613942015
7737.45845230749
7777.8506041839655
7689.241001492684
7905.961374435081
8052.706210840534
7787.74652421152
7857.42502864319
7769.386581783601
7927.894330582943
7865.4148120950595
7935.59965468022
8272.138676282553
8745.461139289971
8037.084181496916
8274.554732207002
8071.974007576635
7747.715776664446
7987.353916508203
7755.84307769284
7793.026175379745
8117.918761339606
8123.011834911452
8260.24147336755
8066.784612687559
8253.111119858011
7891.783364021241
8240.25134943308
8087.88987522054
7663.615900217023
7830.610802612173
7596.192783521562
8126.933108151795
8019.488910422704
7784.269892901391
7451.778848168128
7432.431092871981
7616.179286877882
7422.463066014392
7510.157701687888
7055.879354053554
7844.1431991515565
7932.486109466064
7403.161689237929
7878.259089653248
7832.394982954776
7864.588070170005
7879.843500730966
7863.85636657844
8117.352154490135
7874.024029368912
8214.410588758588
7577.95935354863
8111.335449813802
7155.590458770609
7931.112340758555
7403.737160442886
7812.997477111145
8454.228248502417
8288.73850234514
8291.19173376802
8025.364006085882
8167.679977534402
7730.149275484066
8162.351324170634
7733.4343072019365
7585.852766241585
7571.151636392896
7812.579533434196
8017.4170893335195
7762.177996699086
7636.216668195443
7636.769235174777
7796.772008184357
8013.820437836343
7975.065909692246
7720.061652724357
7961.036367578886
7678.729966844893
7821.152154746306
7866.754274686266
7530.359788893389
7608.908249655384
7683.356006478282
7662.448943816201
7853.487108570875
7913.811070237624
7659.199723023381
8007.2849358984495
7568.4766988586525
7926.378076103843
7827.423965257985
7730.838617388246
7805.833366259721
7573.1740835546525
8118.220241438753
8346.545438916375
8222.957289722806
8465.023480814581
8314.908474481945
7889.792600230366
8366.62693809367
8215.669999813073
8166.402041329113
7864.020419056576
8433.43212787873
8543.838282729903
8412.327151359992
8156.337654671581
8236.428986445655
8313.504465201615
8494.652874000456
8320.199309405803
8218.305022765744
8228.150211825687
8338.378062954886
8466.936982835758
8050.33086114618
8097.378116149873
7892.145891816968
8093.349556403768
7793.190137945403
7923.112996734054
8288.864410568054
7790.322776090432
8351.8352195876
8121.732087550541
8546.591646359066
8348.474027490554
8524.060979085356
8138.919820891121
8083.424059191222
8085.608033024746
8235.576541490009
8052.700122012747
8384.50031593936
8207.784060325857
7779.621707517927
8024.393388070101
8179.48387380931
7388.775740897648
7836.768376039599
7849.318591226367
7887.614281193149
7998.924168169688
7881.1454295248805
7558.37898881155
7810.181431344147
8101.095454882845
8092.6849188946635
7780.797557653415
7976.478263537661
7914.809571139267
7660.7161571781135
7974.39816023726
7914.94557584489
8195.413323832214
7753.086049457367
8085.001078935211
7938.930473210424
8307.98366392924
7799.666908263589
8139.227601740634
7445.790385478618
7941.472930886139
7750.52720120816
7788.610251049355
7875.5226505982955
8046.011359039474
7307.6155607176715
7576.976483956685
7444.025369102308
7960.065791192788
7677.074242426031
8079.423933199093
7776.096580258259
8005.854126749933
7835.990344635526
8024.136613499337
7633.134025877571
8051.458647467296
8045.760235754784
7968.111606358955
7775.9483807135475
7582.843351084418
7629.842834261765
7525.182575713963
7750.38747738707
7375.436143433191
8038.087408465411
8267.291036448547
7344.558001170517
8062.277276332363
7687.747544673716
8127.388430589295
7962.5868317806735
8097.845978068807
7982.288323979957
8066.351762344723
7872.329170471218
7812.051935052453
8065.008511719582
7514.088426722255
8239.73580983913
7491.59031291022
7840.775492025463
7743.588046555927
7502.900503174826
7313.344373717955
7473.48415656345
7245.904155193697
7880.587419037011
7008.989772444037
7408.848308948831
8196.093198806106
8136.492623737256
7771.135492600327
7567.443181764074
7729.900297654545
7912.280718457148
8046.23053587297
7556.407324501735
7941.302842715139
7623.408986073074
7943.091013295143
7677.99779901913
7721.142517057771
7585.320403529912
8316.862634164681
7475.052373983475
7743.725643319616
7559.485757619367
7555.318732513106
7859.399454711943
7422.745929906252
7998.269114931106
7116.947192848563
8175.844948043988
7649.205405927044
7646.702099443653
7674.540545979999
8178.978063046792
7682.115934595808
8035.777856379888
8176.442929725627
8235.478774087647
8268.244170936896
8368.70370507846
8009.903616374726
8466.385301057513
8498.99878651745
8068.9046352061005
8279.266683144613
8189.367766140874
8419.234592430495
8490.013022409326
8437.4472291917
8393.00102508154
8346.346204621515
8174.213294590552
8329.129094205979
8492.771350375853
8492.28013245433
8513.958014215823
8489.391669829307
8391.724580349939
8413.888059335746
8284.550135176796
8400.404385385045
8204.22524945775
8145.268000950061
8394.62026790163
8107.22163360676
8557.093897803325
8208.974105392781
8463.078307855909
8510.197397895861
8512.661717293206
8454.881908501347
8430.223773664646
8177.461286476955
8147.260963436718
8305.037275025225
7980.696051075915
8184.61053559178
7685.944875144619
8436.033627919376
7883.050928640632
7357.070396513713
7660.230227228443
7359.4582599831565
8356.093857367921
7877.177884149871
7655.89194324964
7372.490719955753
7170.39211267023
7722.085541871596
7294.9517273745
7583.105732464859
7025.431007863286
7631.456979971437
8179.270777211339
7555.807078167993
7718.95218420655
7559.468001938732
8058.574491318045
7625.283203436081
7979.213280709621
7938.609700470261
7674.854779412825
8221.179965055046
7327.955520028739
8202.717177124097
7141.993885406443
7910.481445057805
7564.105057019514
7547.3890872883785
7664.197044891897
7824.611240258685
7443.8753287796835
8001.952879726693
7891.2008202112365
7679.561348298685
8400.322157148497
8472.465177096365
7511.430143662384
7940.533231120229
7338.423639639854
8113.697688266634
7939.2231419974005
7968.049232883505
7744.0758532711325
7367.211828195081
7189.620905747995
7306.704029130951
7724.524696032008
7705.302822437616
8011.365079006849
8060.293116359676
8030.4905741792145
8169.478395015773
8235.740337420566
8194.361317444127
8172.822815689154
8216.249182940368
8189.9968148018115
7749.36876814307
8472.510352293944
7630.818562812692
8053.8592301630415
7618.73115010847
8132.281674450748
7910.476525391545
8087.619654004016
8125.9911496280065
8192.769878185281
7783.630338529538
8536.54028440059
8195.707273271504
8143.003094689612
7866.403500436507
8626.536721702047
8329.71636361656
8139.154134082105
8052.105872648885
8361.062231407963
8289.166509576315
7948.287364388458
8315.250672056043
8313.04044261194
7924.242867376185
8130.9352407614415
7836.2523567453445
8400.264955101238
7579.846804161389
7742.148874047614
8005.117390540907
7817.209623635848
7798.973049729158
7650.133304636418
8219.911030717412
8030.721037249138
8669.607769424467
8149.316615727769
8555.914968686848
8457.814154453217
8395.474335899204
8697.974755099585
7715.28854294917
8022.060998294602
7549.923471787637
7930.325437357714
7546.558290510265
7560.0863482404875
7222.838173380381
7456.962175065448
7787.659623351437
8030.660575961788
8018.776594718811
8292.209826225611
8027.89237953203
8690.631424854655
8001.490437103305
8026.951511552761
8206.529326261327
8667.553918733658
8837.19544239832
8617.985235343373
8558.073933940592
8367.12226485025
8250.356579126978
8195.800176457804
8036.907733782905
7944.866120675877
8988.657088650118
8600.295181802272
8905.934058634326
8478.163567680473
8231.482043767004
7632.868140294947
7845.252950235356
8060.9026224003555
8392.50740887388
7990.6166692505685
8581.582271873041
8097.07914319238
8139.238530893839
8673.891395798604
8005.4721538025415
7863.228620472837
7605.6286994230895
7562.735320964946
7449.421441396577
7286.729637663203
7112.123186213503
7097.528384073259
7341.297511098759
7223.314919070241
7548.4510321376565
7774.539217797418
7766.163092284072
7764.872257707559
7739.841328939938
7695.732855739647
7676.181421283316
7832.911758895585
8348.373978919844
8197.57003655068
8375.758575653377
8287.756914427036
8433.36603831865
8487.207594523099
8387.06935275897
8607.082811474618
8573.223862805222
8623.223610419367
7173.3930955076
7141.803759367124
7066.552778828418
7407.602753528152
7768.43647235603
8068.507387148426
8308.513877452177
8550.613778482646
8431.957950407123
8039.044464306327
8214.181088565123
8186.06265407492
8375.74006089283
8303.62118866816
8533.57955142847
8363.041312247966
8292.876082037299
8400.720566049577
8262.55076916053
8099.53571137819
7990.7124695498815
7871.802527660038
7925.868873210388
8069.426975852832
8129.858070098177
8012.300232675534
8181.035924227338
8033.256604761525
8390.772789353665
7929.53114533403
7843.960964320139
8396.290120088252
8347.442201097176
8454.318934296569
8322.49387895243
8431.413679087435
8211.243424531196
8403.813459489173
8477.623329893315
8345.103624120013
8250.38049850612
7925.040558089775
8207.738503653813
7888.558326927072
8295.423757173288
8281.367970632571
7745.68482853738
8078.251318871236
7898.149635147534
8446.886711337427
8059.036842469914
8364.134878581734
7967.13183914305
7730.418436617811
8132.704868150795
7646.527253501473
8000.166090448232
7679.959887218788
7943.547609249932
8190.101083952005
7958.780837433741
8272.794365219203
8006.070164622293
8186.168805878359
8041.862272729975
8172.088928375149
7490.81700632004
7480.993922469959
7913.422512790315
7257.50061716522
7400.27673164643
7345.246868473523
7356.9670523025925
7215.137193146525
8173.2447470766665
8287.32286722958
7916.807986312062
8191.186275772137
7716.060258986259
8172.295913288524
7467.934651764889
7913.407549043233
7482.85320491585
