8709.981460864003
8083.048231003182
7858.49163844252
8284.26851485216
8199.458095279095
7944.103433142346
7737.022974915788
8254.002239962963
8358.545883309469
8073.802704405571
7833.267128373351
7853.310894807653
7873.632147645239
7838.425074935365
8096.720542849859
8193.530866645839
7847.074001996232
7989.493031588655
8088.112877681158
8359.5612106446
8687.053773465797
8461.464901178075
7784.56695839771
7826.117082883804
7864.695063247856
8096.894757453226
8103.943135030405
8091.935034963174
7701.190027159082
8036.969412053732
8227.769622481956
8082.399398380154
8118.696847756769
8181.132227363882
8264.211619072463
8261.1881310414
8230.815867751833
8140.127232284035
8076.4204406637955
7929.7394529841185
8025.6645866465915
7926.906396051581
8358.127971690086
8507.63612875493
7807.993812903042
8266.22561629218
8796.896209931001
7846.583146394228
7841.551339672248
7903.012773077671
8115.004977976111
8116.136810331923
8048.834959370188
8733.238773923393
8848.711575482803
8592.185306670579
8337.629127722897
7954.363874199363
7824.504736237356
7779.453719362928
7863.061896745446
7863.2569389289465
7814.507211051964
8109.291119522028
8198.343840023712
8046.428098472283
7990.134470636623
8077.513163787173
8197.806246707793
8043.1691546779875
8000.775466479904
8121.375790818265
8045.147282576283
7869.904179726164
7850.145046164257
8238.976742887762
8262.709216328038
8147.2481730201325
7986.29443714505
8098.610869985678
8140.959419774383
7790.785614965745
7841.451913839918
7818.798343229053
8009.048296773198
7672.9980507606015
7942.787944903238
7963.013528241931
7707.267041944071
7899.437087619125
7997.071210887886
8067.932879189657
7926.81821253929
7947.84509290392
7842.609529752018
8360.418296164211
7773.873642684674
8125.008771623025
7990.356941442385
8001.106012447908
8102.284088758484
8107.995775598698
7883.068681328658
7788.677688428469
8038.251424915629
7850.252153800773
8341.84911630277
8208.946900399795
8262.709216328038
7889.311150638581
7971.966461216869
7841.451913839918
7699.311347754453
8042.474471813166
8472.489316208665
8305.92189738713
8299.443472569066
8542.711606611345
8030.72125414091
8331.543404055992
8217.33618141502
8331.092315114594
8117.730060020803
8501.788854567098
8211.071546406669
8014.94111174111
8229.883550480263
8220.031486761389
7824.766024281643
8285.15624189251
7961.223146025084
7805.817873616956
7940.049516652215
7927.632781991447
8745.476021709908
8362.903389133979
8616.391888672271
8145.329064092991
8018.158719747174
8151.7657701920025
7758.268460120565
7868.973264339667
8317.086096380059
7813.578460201865
7969.264876496135
8398.399566241891
8564.619113578958
7643.919471846158
7934.110875619122
8371.539377299629
8581.523444717568
8164.31464708134
8435.85656469635
8437.50787860946
8125.323074467293
7590.104493981891
8461.971341958597
8189.871509031395
7697.694451175499
7611.280535531357
7822.8470441644495
7698.330288320038
8402.790026200046
8386.524129946367
8251.39119996704
7801.331772318854
7577.714316711971
7913.324780670576
8097.279315073543
7974.445335261905
7858.254503936592
8139.324296343438
7983.378903805099
7908.44507100344
7941.178745764175
8035.304655191606
7970.7983199095015
7966.14766492241
8081.378028849807
7846.857156469454
8100.909244161207
8201.642015284298
7909.19181177935
7874.595410059022
8367.49517920981
8021.383844103745
7874.63140298966
8091.935034963174
8140.959419774383
8113.97224460376
7864.695063247856
7892.065823188997
7828.788501541547
7853.46064399465
7818.798343229053
7924.523883861355
8618.608704449065
8400.235921417163
8372.593565430676
8340.323965207826
8286.56233487591
8217.456456344087
8335.035647226236
8248.6998904718
8200.158757983674
8121.509243955606
8104.338521583964
8644.4507513153
8128.483225013027
8126.192633741657
8031.060719230549
7970.589458738466
8118.469086751497
7862.344210831965
7656.1509080809
8650.892190711993
8451.248225164774
8525.029095099513
8466.001519491694
8373.48664358718
8418.382312724845
7727.905113542137
7704.895101181994
7610.761762610801
8214.628390827196
8212.833230037151
8420.912131668556
8320.93021485966
7813.9435388517795
7860.920859392519
8151.730165313785
7806.563319027567
7750.597045015709
7889.474081247003
7718.365069048849
8019.049832634722
7949.247317052257
8184.20148575331
8175.733086379959
8262.113704900645
8157.685965616643
8206.364055827175
8012.170103278065
8514.604097275831
8616.391888672271
8618.785828864016
8122.236325620014
8171.393553725359
8135.499765850757
8146.11579457801
8151.7657701920025
8168.61618405522
8684.234360787217
8135.888562721092
7805.272681358835
8122.447100725305
8015.39750899852
7840.552325161108
8024.18404953732
8108.288294791932
8004.574980704443
7815.737052545686
7912.4233492164585
7866.163289178698
7837.47503163695
7557.1377977477405
7405.830195140621
7706.799972702178
7609.03952480266
7304.107824056279
7644.459166429501
8592.185306670579
8418.382312724845
8410.911641776558
8048.834959370188
7970.012247259949
7822.8470441644495
7479.170389816722
7610.761762610801
7577.714316711971
7858.438506172093
7201.240501924057
7975.590062423541
7945.817599455773
7560.688220149638
8171.112547700527
7995.7494609232035
7792.784212152604
7857.946930690635
8532.537237100398
8145.037374986272
8198.085848140185
7946.4754531215
8421.071320629706
8641.932759995305
7749.417970964223
8104.511637603523
8767.142843793623
7715.83636121588
7595.986111033046
8015.11776930479
7742.270702741462
8138.637271922942
8173.092004164872
8253.86886746358
8076.449593140286
7527.95493349002
8247.796137381292
7905.251087278613
8094.871093181183
7925.378123266817
7906.373393701663
8035.795116923806
8042.245001167488
8095.676271795138
7832.537751931179
7900.779270087785
8101.10382968485
8199.203414391013
8537.908963929307
8314.731810412775
8248.895872554338
7888.66401750352
7648.909471098635
8254.846324087199
7937.912716262263
7666.22075900086
8021.229395924524
7869.967561299509
7979.948161611412
8338.737811305771
8351.294105555357
8451.248225164774
7661.398990516123
7632.529595084647
7704.895101181994
8036.971609449953
7772.432695005228
7819.965397639033
7650.737135894109
7772.476067873821
7830.314470866746
8049.817233955263
7940.785293771209
7996.601471829728
8048.575215278319
8215.308428421366
8311.409100008195
8443.248088426622
8222.258801004216
8280.053918247368
8372.535656177579
8208.339036439223
8204.087168301747
8035.577730988729
7986.29443714505
7910.215259835408
7886.301161131991
8238.976742887762
8275.151760779348
8278.142447725995
8189.3681786971765
8344.512957436791
8051.26758805391
8172.69281294989
7557.570276814231
7806.976208754038
7831.524215269434
7625.13611034097
8069.61567202626
9030.598784278549
8082.747767745382
8076.675953829978
8164.778759631118
9055.979605467444
8829.80901891
8592.852061890133
7934.3642984711005
8008.124278077328
8455.81380220649
7874.081179223553
7867.321214843919
7791.122678705131
8021.104719531822
8253.86886746358
8050.272147640406
8789.928983271902
8995.882460645003
8971.58520397779
8088.2649783725155
8247.796137381292
7864.211410030781
7731.522920403756
8244.176219274515
8472.814198026726
8192.52082865273
8365.518518905947
8546.376801354252
8390.118158501258
8358.461691721393
8499.196057034469
8688.343359095643
8355.577079890587
8098.984175157714
8112.102957524492
8278.545533450215
8384.998198465446
8314.243187635904
8099.8303324628505
8109.420987666575
7931.156749788009
7913.324780670576
7840.597933836844
7973.33936471898
8251.39119996704
8172.594607267316
8038.251424915629
8067.879770183868
8061.032361917237
7971.966461216869
8293.68830728303
7968.827946851039
7805.558911061828
8344.37890467773
8078.359739466905
7870.474555269163
8238.791316773715
8191.271561538365
8060.625854301005
8072.587746154048
8503.454365714526
7769.913526595834
8538.201727366804
8399.684381232495
7901.578277404171
8091.9907830115135
8353.7841760186
8095.841493167798
7958.315798060727
8212.316610236729
8278.142447725995
8219.319101521358
7966.818704581501
8021.589616015555
7940.049516652215
8001.531164189675
8051.26758805391
8018.158719747174
8040.443105990627
7701.7203675163555
7940.58156023191
7939.607624513905
7828.289404124129
7960.604394330736
8472.31643486774
7737.7173476499975
7704.093850939343
7943.665513183171
8421.823996588946
8109.858821926558
8498.794051409483
7965.418927891633
7533.718085738206
7514.861928380909
7829.297410152657
7377.570892261174
7488.992438030497
7910.215259835408
8037.578603113278
7955.328491603566
8344.512957436791
8546.437870346477
8395.569487088427
7326.467963479304
7524.471453455579
7165.567571444897
8848.635071537323
8230.412888067976
8224.644130735724
8354.677236229902
8016.636920958211
8084.999716535508
8180.527928694012
7861.099397587045
7802.333604307071
7833.176933449183
8044.0429364548245
8068.523386726645
7985.594315948275
7777.402414492378
7694.968037255414
7811.671918039484
7747.637034635561
7598.635446467774
7650.5636613425095
8687.053773465797
8971.58520397779
8753.278360805904
8103.943135030405
8082.85856651728
8037.578603113278
7703.383932533492
7864.211410030781
7524.471453455579
8088.078734714213
8190.773276671385
8141.470172938984
8342.148933784449
8067.030241844997
8013.015460421871
8010.7520064728105
7786.493247748618
7528.122985635309
7588.752224847134
7977.043662065366
7978.946357196909
8137.125852067616
7673.746937129323
7292.416637870226
7262.569949107645
7788.329050215964
7497.701524404448
7481.247920445332
8168.61618405522
8395.569487088427
8291.965642007155
8135.499765850757
8147.806750702791
8015.11776930479
7175.339394828854
7165.567571444884
7527.95493349002
7861.553334003752
7844.981263873934
7827.531953309993
8035.799744037412
7957.57067959231
7869.069441411627
7655.835232700665
8381.76992200994
8346.992115104333
8136.903957784004
7922.777855313594
7693.177901284908
8084.235464096561
8240.443363416696
8227.929235740472
8120.57785952124
8336.099349770993
8254.101470496036
7921.859565995021
7869.967561299509
7828.788501541547
7798.563674718942
7632.529595084647
7730.315981176974
7840.597933836844
8023.99409785616
7924.523883861355
8061.032361917237
8514.206791453002
7993.468130305981
7896.202470008782
8046.005823811167
7708.981114315643
7743.837074743791
8067.727519940375
7989.434666647172
7774.591061432487
7676.157318379308
7895.036898386417
7906.908894243215
7778.0080057215055
7694.02164806122
7785.929004562987
7998.867770798438
7570.812121056959
7635.743561853609
7916.02881084718
8338.737811305771
8339.508552316893
8240.214969037685
8021.229395924524
7959.675305170744
7862.049019520266
7838.42985656606
8018.2754925895815
7781.279696087572
8280.894096736038
8391.689647234654
8301.200073015294
8067.081758641446
8221.574557919768
8262.879551743545
8442.564800587146
8266.649490954911
8360.408887152358
8352.625962885706
8563.017257765558
8559.367254388193
8284.285755632216
8299.193953377096
8514.293550373779
8586.179581997612
8043.260798412166
8182.851040022771
7990.394300519307
8344.448960937469
8240.933825159003
8254.084642038886
8543.96486798467
8420.89771761703
8339.508552316893
8263.800241021037
8208.61866471058
8018.2754925895815
7870.65416455144
7659.26111347196
7844.999156112244
7666.18906993896
7547.289175442832
7796.3138195429065
8018.3908162163625
7545.416318324863
7488.904457415101
7720.710667790963
7918.138641727857
8601.361069562716
8030.922173415865
7806.980138907065
7707.401256588309
7619.165716779644
7831.689227921759
7771.03534851315
7875.022668307741
7784.56695839771
7862.049019520266
7768.946353757452
8359.5612106446
8269.579546572644
8373.430532974335
7781.651694518675
7781.279696087572
7805.6619462632525
7665.739425142078
8105.3626187358595
8271.455311132111
8027.400649053287
8249.459255962052
8341.684200611626
8518.441494516484
8268.33372377087
8457.435682896488
8476.22094125696
8468.84684155621
8848.542098494394
8510.348182440779
8304.629947368665
8308.939786559016
8201.221449174427
8225.34197428487
8183.509380329606
7957.8366051909225
7841.551339672248
7719.405351661067
7853.623549029292
8848.711575482803
8862.666064246294
8828.000016382935
8093.83953578654
8042.2389440782945
8076.399301051087
8058.855232359815
7291.146166165338
7773.802621662556
7626.166255825814
7665.215149572409
7539.250908500522
7590.933940801015
7355.070052441495
7383.711178606719
7471.327411076734
7544.095280530063
7423.979233827713
7518.688040015431
7722.890168825643
7699.9805327912245
7594.875101687981
7908.400419318987
8210.192784682595
8178.432716273532
7817.053131025939
7941.008629710128
7838.376855167865
7547.566405108145
7596.015210781732
7325.30913084145
8106.1103049779
7864.105802060318
8440.341286402218
7885.930884234269
7767.184283260646
7833.66680731764
7770.223578889067
7752.539939884293
7819.313030922182
8055.624067103904
7833.006908731484
7762.957702313577
7721.649945110933
7974.781798224846
8612.280109704967
8144.959563131528
7697.959374180983
7563.012403137095
7858.216930589668
7769.567826776892
7553.904105560593
8096.529804012456
7805.6619462632525
7859.011925473668
7807.7421199465825
8373.430532974335
8354.456163012788
8470.836715836938
7821.67651099784
8097.964102012516
7808.6308211508185
8701.63688859904
8643.219924878358
7788.46654165767
8205.2573276364
8204.530158342453
7810.223052306202
7543.252191999009
7788.936094314242
7850.709034887113
7696.222274922811
7417.281305132638
8113.097140868221
7552.181498202198
7409.686261432162
7665.442769333906
7654.369524288986
7354.277042466687
7596.713679964111
8045.584277522444
8789.928983271902
8470.836715836938
8578.585035399707
8021.104719531822
7865.201768203183
7941.008629710128
7802.989013408539
7808.6308211508185
7864.105802060318
8360.766261774905
8222.740985836399
7339.432373828529
8430.810277951494
8048.276622043913
7531.9223033176295
7212.211274953409
8383.78778806989
8284.999388096163
7913.495860853028
7550.272631867057
7563.8558828761215
7776.680113621393
7915.8459806203455
8111.086971326495
8084.488538441399
8208.201955583667
8125.111828444393
7863.998093936103
8266.332477460512
8150.934139798255
8220.39343474891
7441.687413544604
7497.680899506164
7719.405351661067
7961.285952924066
7905.760358594188
8042.2389440782945
7440.5970942519725
8577.490941009897
8336.600571912344
7603.296394824849
8404.13482461504
8214.547668068812
7811.8451784208555
7960.501255999807
8366.080359619837
8364.608987563097
7651.910880331229
8266.085057875394
7734.03612515173
8061.179406702398
9024.948519520627
8525.123092339858
7830.010939796703
8783.084918949324
8352.039987333466
7769.302970254002
7325.30913084145
7549.99599595729
8040.113618947571
8001.956099702017
8217.633667199285
8763.040228059575
8440.341286402218
8729.641665845935
8041.681100107234
8245.089919266391
8254.975264742605
8516.114909841994
8557.974827154105
8360.540792552136
8421.27626209616
8343.384497860665
8416.92893929774
8720.706484577646
8840.707235778604
8702.28516532072
8529.895684969979
8549.056571022706
8501.9968738058
8292.238873395649
8330.535272065657
8625.42112585107
8304.866735688953
8167.208710325529
8302.709451252073
8270.877120718902
8656.082819368517
8829.91600246478
8543.96486798467
8645.213377427095
8592.361318696188
8344.448960937469
8006.545262134615
8179.558844642068
8216.119932552838
8220.042699685084
8189.36977901464
8216.942041249866
8532.656306074214
8247.407171135912
8237.061724683374
8286.654765951278
8435.101839849589
8737.231342469575
8399.457186407886
8478.989108273507
8408.82480434797
8367.06784122047
8402.062215675976
8412.361984651348
8716.289248522631
8076.399301051087
8167.208710325529
8154.698235224452
8828.000016382935
8633.656646466354
8466.001519491694
8584.030456377857
8656.082819368517
8650.892190711993
8278.627900819694
7984.888576959121
8252.695033670148
7870.385688260757
7953.673562922217
8193.717304292904
8372.973914169253
7845.418816255656
7942.179306741587
7982.4499512545435
8008.037162122057
7953.611323922027
7811.592074826393
7864.441361568369
8133.470551416762
8391.33303552445
7845.5541394466845
8075.996688929253
8272.015549495121
8240.933825159003
8217.633667199285
8150.460173196125
8208.61866471058
8007.806533623356
7859.011925473668
8465.234249919558
8729.641665845935
8097.964102012516
8237.960923655151
8248.872559442658
7967.640459694028
8166.989751096646
8032.394439202211
7874.708571789787
8099.719757346361
7338.226402288748
7431.275751678146
7421.564122257859
7363.964254913285
8350.987394817372
7336.212122251034
7863.612600664694
7679.506392270262
7301.925589068657
8083.287621851453
7449.695267599102
7535.778722476874
8244.568997925102
8266.332477460512
8326.889463855623
8322.442748258534
8081.274152656828
7684.905751909717
7382.346156949501
7441.687413544604
7477.978214064806
