8019.077293501514
8014.257872045965
7998.531330643305
7951.616147195045
7995.926770430943
7943.287335783676
7910.291426769064
7844.085722917779
7870.602928160473
7891.984280890794
7886.501073392803
7908.0350326998505
7897.787759196842
7931.147975201859
7869.927317235295
7866.255538994677
7825.587692277609
7803.5314974096855
7857.464864041889
7792.550270936446
7854.67312641274
7786.321016570145
8058.971221667608
7834.592008294781
8134.391572359477
7789.158303811911
7770.6908760279275
7787.251542183004
7834.712887473412
7812.830250299593
7782.2420341909865
8080.038780914401
8184.564140721261
8121.950875962862
7889.933921440171
8036.587297210531
7841.132554377425
7829.2244867743
7817.95644911397
7803.036826968021
7810.062801737539
7798.599946554568
7896.950000333422
7820.756724880775
7922.734318130304
7747.635389942024
7815.618962271975
7760.330388589486
7823.924198839635
7799.457411620643
7676.848789216935
7667.688525445883
7669.026494066297
7825.626376429395
7598.5641366427435
7738.465457211723
7818.256100861463
7729.075348053077
7846.508316173949
7828.627903366661
7872.870972966057
7725.97179910104
7832.903583969707
7754.959246040039
8040.45154015818
7844.76920026218
7787.020697152266
8350.347731267657
8435.473602633614
8491.813917161344
8038.322787808884
8355.488611399116
8426.351818041361
8601.517674916182
8095.472490956749
8409.833470863314
8095.472233608384
8433.741500395687
7976.049271019871
8662.440558129561
7754.439864082314
8456.93794411032
8138.639781163817
7922.961697418717
7927.224380622786
8020.365561278601
7894.739721941567
8224.323801677276
8520.652488052086
8488.905660499351
8225.719447909096
7960.090880726612
7948.440599359126
8127.616254526365
8005.732602030099
7847.453628578804
7830.219739428429
8062.667268924854
8374.377969268196
7918.648813220632
8551.8580484224
8091.284760054934
8381.413890629103
7961.497272580597
8260.411227944043
7930.581608769062
8632.60375091645
8058.091438509951
8669.292910314294
8156.258746709341
8306.680975120204
8531.432335994701
8399.281751986904
8874.729040666574
8051.202690843832
8793.477660916773
8747.057845269494
8332.47211423199
8753.139100599754
8096.908324150132
8367.65337302228
8116.180441727587
8264.913285147124
8231.438965693567
8272.06733289561
8230.982735383866
8267.490948763607
8398.894770237941
8399.279000469649
8267.90528229291
8293.688678637878
8725.265314009175
8251.82844077655
8559.345929649053
8309.801386253745
8296.255362047505
8227.833549448105
8296.827511654894
8439.54540692899
8670.487876742201
8172.324746364968
8702.395297462263
8134.596675455934
8224.4050090644
8069.6444389544695
8162.708844297159
7950.179163032683
7995.527732807923
7866.566843751831
7832.45125117864
7959.468458910645
8081.737600407103
8053.6123590159905
7926.728868519145
7899.73217602173
7883.115912172243
7895.642785742782
7842.645470804417
7970.786425791695
7986.778452428866
7606.257088857698
7878.344863770291
7594.462396712691
7705.442710081821
7880.645650789422
7974.331714984344
7845.308697395777
8036.7171234238685
7821.077906145529
8029.232010105178
7937.49408448863
7928.694005217529
8061.792767849656
8036.640179426101
8174.282773413535
8110.473226525249
8187.140478185732
8270.466655354601
8262.347955118095
8292.170988654076
8239.080816498317
8305.2228212907
8288.812370208194
7963.473191909671
7871.096995227378
7955.879380937615
7788.396322858626
7879.430090479509
7933.713183625826
7762.897916397873
8166.875585870476
8038.887242856376
7820.062577665511
8354.465194203947
7747.671599926792
7877.671247137852
8502.93417895402
8239.463707570656
8516.061092473909
7791.107193068607
7842.922037190366
7794.53929016738
7877.517844319484
8048.821894634036
8489.238753841488
8359.840686262773
8601.12034531412
8297.213775744247
7903.015379665755
7861.340369375809
7811.966781765925
7852.341602310756
8261.305197876134
8748.438501770173
8313.907567522432
8281.02370043623
8281.539308804817
8809.738337435312
8400.953453766382
8553.583250392387
7869.995795558251
7984.599016515261
7797.244339052733
7962.049421801829
7904.562644164359
8719.5054887436
7924.887110702856
8705.856241613425
7717.239108478477
8070.826754416212
7924.847097582095
8011.415997120365
8034.898604887989
7628.197574739763
7610.211755800195
7890.314052216934
8168.565236611064
7817.775057994561
8106.941115426037
8201.360979167595
8107.117900309124
8236.236622360659
8227.262137510786
8274.453504425948
8431.946193653444
8414.308267240407
8254.66164473912
8364.883776908384
8316.895168706063
8311.361185096013
8317.132991777095
7946.971049534475
8082.262124125012
8543.882588995833
7567.635882647023
8742.40779392446
8393.724748909635
7421.692532996789
7760.737120668227
7338.712654030725
8907.283190681583
8610.21377171837
8867.75903274044
8515.705244476329
8194.19193133906
7369.698985440063
8024.255413835796
7479.9057189115865
8020.540736556977
8452.053354106789
8687.079213685687
8858.844048601788
8528.666111796372
7854.274581695136
7249.396133828252
8091.915534446587
8289.159068157154
8215.952201782333
7609.164425207209
8234.837125060125
7706.6439577598285
8368.812339176591
8092.5287951405135
8622.002660512164
8166.540319190206
8434.896929828868
7700.073672329991
8135.323972972509
7683.44270260303
8536.288203240041
7818.459718920563
8183.769406549755
7925.83197789352
7853.263749656387
8366.685912277508
8231.225283117183
8229.454243880313
8195.35694729998
8262.400462178368
8301.22396521223
8580.511755985352
8366.035450910213
8759.943862006181
8735.342395635684
8962.265978014299
8219.3401197314
8347.634428993448
8185.65271217309
8380.740738407112
8291.371359125314
8078.477524392935
8113.300939700829
7976.161266960616
7952.739279103296
8010.708085020836
7966.25924262363
7987.579624930602
7876.36545775628
8154.2437118492635
7883.5717235696875
8115.988395932623
7774.406886595415
7786.392954301518
7716.589745491547
7758.612900688635
7769.955438334462
7982.960236774743
8494.306214007469
8380.804291703056
8199.566268930957
7615.017875760208
7584.003975989864
7519.532694272528
7635.1359255726575
7840.8651687876945
8174.796580464033
8236.593464618214
8046.675685131401
8121.951329536148
8205.047860360395
8181.456894225517
7993.793898285726
7758.14755629386
7519.782453019377
7537.6723840328705
7517.113297298022
7490.443489834515
8073.8284715432565
7900.390552144903
8097.593724824584
7717.737509993882
7555.123120396335
7621.132863311272
7995.459296743255
7597.445293629299
7852.160301089673
7923.435612178846
7766.270867490572
7709.636865015607
7839.571212179507
7858.561878310519
7885.287445223502
7893.26087857422
7888.731203878
7964.225082866525
7999.939516031453
7878.375607738679
7829.841516762045
7864.83350035028
7728.186187553311
7820.832826918759
7837.063099577073
7580.783101311471
7664.508412387268
7623.482429486477
7738.229356319721
7830.5345757230125
7618.064159451966
7614.924090085582
7927.273472666712
7844.496030337157
7959.557032884075
7733.016852236646
7802.667598505849
7723.311581541307
7839.482851948428
7891.546400988468
8017.507464657187
8041.268248758589
8038.322851303515
8131.337612850735
7918.894686049399
7909.2925002332495
7921.684790407854
8003.600346316574
8096.556920120503
8119.138046437017
8134.955755894511
8191.3533674096225
8177.321428947606
8178.546281660423
8178.393401767008
8223.551310819776
8204.78658862004
8036.445029387537
8182.1729805561545
8071.5939427903795
8127.9602669437945
8288.459581179723
8316.660114118511
8312.106893667633
8344.5243214546
8200.557973920724
8355.82947268893
8365.953498976716
8264.564637341804
8380.421858777545
8379.916110665232
8461.34713903234
8296.65627948585
8443.632953680253
8451.055399272576
8368.234654319123
8448.04931534535
8324.680285676952
8367.623412130584
8313.714308907578
8156.002825453036
8180.928363224157
8063.455110093343
8177.171970484299
8090.685855040029
7907.042800104801
8096.2022763138875
8044.720636128328
8133.107804412354
7883.088932988524
8067.097305316981
8022.748542259661
8214.55179806611
7956.240740390413
8375.69983469915
8219.592056463247
7969.893254744397
7913.254309858406
8178.369584168201
7929.102431945359
8589.711425766116
8743.814815089896
8063.151836100936
8319.302629397327
8100.579615309135
8000.88638514623
7971.761379762379
8012.8778606961005
8298.775717091623
8906.776617293504
8723.192376511466
8227.033872282409
8110.385577854279
8275.228351193242
8600.550608223148
8467.386113785042
8691.397831774128
8133.511666614822
8069.423306700197
7853.043027083451
8017.884065483415
7911.377242590011
8394.024835655939
7838.970475914795
8218.439487792406
7577.86878385227
8094.8213503385505
7760.258274338023
7679.671349065803
7968.966792208136
7382.2639271925445
7322.403204585186
7602.095946366971
8132.084878922172
7492.696981842394
7770.939096649525
7974.268419725034
7726.300108929047
8075.407457982318
7928.197900100737
8028.022188357685
8380.757905295388
8410.082883339082
8288.174574209037
8242.185509508554
8326.181769772524
8233.2411797804
7887.503028623808
8095.650196592715
8056.557464203034
7492.340368286949
7913.143393647406
7612.465879688062
7948.615386311857
8038.896260494819
8134.197672705115
8026.70210097248
7728.939281159292
7646.982114368142
7871.1530038839355
7677.759690798673
8071.683759439714
7952.154761059212
8077.200312412202
8061.691973908524
7974.984086962567
7848.641901461527
7850.442484126254
7946.339008646105
8115.87443353093
8511.577064020297
8296.396509976303
8006.390216715865
7895.710681584249
7905.081625303094
8539.974410301094
8113.902381058016
8734.338529099923
8489.184816591653
8216.318488815588
8245.464254184124
8193.509670196638
8191.086605089931
8922.398683580606
8755.899486455934
8988.409427512763
8487.292476979203
8264.99104568654
8444.657649481964
8939.431833952196
8322.737354336003
8664.470350807951
8704.155172423838
8668.706722427414
8379.24712853688
8656.10517429458
8729.121702666658
8777.762886720511
8727.021341369606
8768.23641367326
8891.484995426315
8973.416750059607
8163.040772561108
8395.622573324823
8321.408706966562
8750.20188205576
8474.811896617994
8475.496947523932
8618.085188571185
8385.948666640474
8356.74513330127
8468.145153601752
8097.001565434819
8385.29470731126
8205.714217553095
7922.422913143369
8007.118860483149
7859.0926073906585
8045.938983377388
8159.797364026968
7936.8289462562125
8200.310761781768
7864.533900908934
7788.405650296952
7830.415381168376
7740.659221572864
8020.899596016333
7608.456604798656
7541.348557946735
7571.221047266016
7663.627246322339
7724.414262315147
7751.7463684844815
8015.9438684321085
8154.581608359851
8132.595277018097
7850.615762303577
8066.22456383353
7729.449296123471
7602.185476639246
7315.386674455759
7450.065569832128
7294.650863628625
7333.970911171945
7761.102110531357
7607.958289496482
7756.956547769954
7458.258894537755
7463.712044868669
7416.780582219168
7617.101916049055
7448.366435489125
7495.145917766837
7518.32379410471
7495.960439120056
7719.236556125786
7534.503635785936
7681.377001194342
7818.136353107821
7705.27517275621
7898.91826503783
7876.372240602861
7987.8491642382405
7850.685956001929
7811.5609654565
7737.076281136344
7801.086188614102
7698.826991580746
7571.379201174983
7728.445296469242
7770.466158166084
7766.120194210578
7808.9842081217785
7694.374509741581
7816.391056996711
7798.685642898197
7972.210024777986
7710.719865474871
7948.800207223841
8375.275438183955
8248.441560518002
8141.273653782882
8217.593435730585
7859.050990056838
7824.847885992245
8400.537472917882
8124.386829603993
8386.224601028647
8426.932185812078
8639.384347307154
8521.599582958826
8116.783382282334
7858.946215248871
7686.813884854744
8340.62167490751
8244.483497613668
8260.379997872613
7810.771558201781
8084.368152419721
7826.403411593224
8039.257681088856
8346.386544829425
8232.528260685223
8419.324680790334
8430.399907475
7901.286940202817
8020.221562199297
7930.047931362287
8097.72286013371
8302.501004020263
8230.696599345014
8032.296454924148
8320.02490175024
8070.295760090187
8061.92599369978
8160.512507933855
8345.185883876511
8143.376208772858
8298.77107732621
8365.201472074163
8304.577472518053
8379.595104938402
8382.962043475285
8378.98342746573
8229.723231807982
8273.246942747073
8250.534870126303
8342.793142745048
8280.09809997645
8268.989666771884
8346.032464689159
8269.389523005913
8278.963168758919
8280.555616031725
8155.157558748816
8294.804696906243
8258.68292798274
8061.034720154172
8149.231184188827
8042.321358157461
8262.454872141127
8268.762835262489
8229.915612806819
8271.293768381425
8143.91018713231
8025.742972703652
7986.751347693083
7951.90138738831
8056.198223202104
8320.4803372397
8308.644801138911
8261.64122120286
8171.206143142734
8043.459572615187
7922.203851317108
8003.76412195725
8128.294916115627
8046.3537224831725
7857.323902089301
7904.7343529313775
7962.889625234074
8117.894775080312
8414.642873019146
8260.222403134845
8426.480571702854
8379.920965828449
7927.83885840123
8064.87392864497
7930.9320732022115
8208.434199866566
8504.265336684757
8362.322649302223
8026.108643002771
8477.448118757722
8127.616625084288
8077.440672537392
8243.802751056872
8379.444677216843
8147.021052548238
8206.520435152332
8212.880173187656
8144.790812148716
8191.070863371608
8118.2675429466735
8075.889912613781
7912.770083129925
7963.440348033505
7954.929839237939
8073.840810489324
7999.816980478995
8037.1930339339715
8234.721118199206
8296.630972242492
8297.872873689903
8226.545993218286
8255.53955377939
8240.665178631842
8251.834890700806
8263.532786055455
8242.57610092803
8228.94118838832
8244.714777235477
8268.843769909881
8178.418531438162
8213.698607431079
8172.042357320359
8150.992569660307
8222.319588340388
8136.057221331346
8214.189631701407
8108.334523329002
8128.066395390897
8083.287751542506
8060.6923727715775
8045.303523860897
7993.039577734101
8154.818016092267
8250.734373318246
8170.951953069442
7898.175637930728
8021.600268252922
7897.731182934275
7960.678134134501
8069.976247408548
7992.351083000154
8091.625781164117
8054.069179012387
7820.1709880574435
7869.24041257956
7797.024929464237
7943.461642846038
8271.197536422593
8094.602294944682
7803.064901578845
8238.427135486338
7853.717072254517
7784.081258819765
8067.983487468413
8589.577830503087
7969.205982711616
8388.562834740876
8740.467756083968
8353.023883517495
8860.410854367734
8802.231688390255
8970.788876125798
8181.514733133767
8059.237311077121
8205.26602213133
7813.114086634752
8068.463269467743
8072.723673473588
7710.604623017513
7833.3586033541
7864.809317445966
7782.179675270211
7823.060305245285
7782.844615018778
7939.588549201093
7643.585001191668
7847.320374269204
7585.523587641075
7943.515444042263
7926.702256003194
7984.97334857344
7931.371084572705
7860.31710738094
7537.77897085121
7777.682682153629
7545.635787543337
7945.4899950395375
8033.635837255963
8029.270443492536
8017.442404381603
7944.130570362277
7707.583421542294
7597.797006353537
7916.144139311867
8002.986384655666
7966.508292978642
7768.971479865176
7899.275479972699
7793.797356861265
8000.453332366852
8062.037746137604
8104.440741927184
8074.996253344754
8098.394881844213
7840.23428646432
8009.4010851301855
7835.79974154995
8176.522350598195
8151.789357762879
8228.580836664714
7956.944845731143
8200.302553521089
8134.245987631739
8076.8416380236495
8292.334301286028
8307.447965915992
8255.345477735107
8394.547439942653
8406.714198498184
8364.947609377516
8391.25379380155
8382.971954587925
8377.383767442327
8040.15503848077
7989.559779580505
8078.613510189703
7898.244993999046
8018.230943405988
8087.504787849478
7902.991100537044
7931.494983702034
7955.756900994611
7970.520800978498
8042.229724302575
7955.419668334438
8022.429696686193
8102.53395231208
8106.312678809285
8130.068655482378
8040.817243023146
8012.207972845249
8131.896690719012
8019.257845773259
8200.521784958943
8155.068038587058
8173.052079397575
8131.142385892261
8088.629831749378
8117.440694855864
8162.036372513603
8246.757307170123
8286.750114389022
8170.294947931476
8073.348789882327
8047.570581866206
8011.3107611553805
7989.227492437532
7969.080346699196
7941.136660335624
8026.743724122241
8163.662950340269
8205.458783812157
8271.034644341513
8236.46447848114
8273.749680236859
7921.243808308375
8018.13640719095
7883.542222079574
8142.858329512801
8275.184354550835
8227.475613708852
7938.698845397832
8267.849217274212
8042.262433630961
7990.9082349835035
8148.346087607283
8304.655715431933
8092.812351883076
8191.406743923141
8262.793083220457
8172.055464293053
8300.6340028849
8247.491981335588
8289.462398475653
8256.077238580472
8207.966540497557
8169.5222952896
8065.838671006313
8134.169955587054
8019.8654151003675
7905.885049699908
7893.757353548404
7903.087530762473
7847.97086831492
7896.260837987699
7831.147210103615
7883.633649910457
7986.60031947141
7943.880777724353
8030.970742076955
7769.276626191091
7780.550454446741
7820.315149392398
7793.740585825258
7976.833456184511
8108.28965839363
8244.733553477367
8212.042044479578
8260.03539416449
7762.948338263732
7695.375731047446
7651.565514179965
7872.053867908002
8229.745954109032
8265.96487106018
8211.694161361249
8381.11533257081
8228.082471422145
8361.656845773245
8312.553407998705
8412.963646507866
8118.8769679597635
7772.930882880678
7493.563703331817
7703.270521280134
7528.256670741476
8463.881890430164
8288.94119444733
8505.656256666689
7725.27833665352
7923.9935045743205
7651.600665871018
8368.220008145207
7844.078069811104
7941.468032099447
8075.068008293937
7800.937886833631
8345.737579260764
7816.58229914297
8198.792943491477
8632.485520744009
8198.8628054037
8786.483535436331
8765.316412472785
8964.802384438997
7900.906132995023
7940.872027662679
7890.827357733584
8031.38722619846
7919.395941969749
7860.408173872294
8055.982299448356
8203.867799040798
8150.772893063917
7837.880638198168
8065.9601451282715
7905.1152926380055
7980.658469998531
8065.145627533314
7960.4427958634105
8040.2852509230715
7736.517575721946
7743.38053323947
7742.032343611101
7753.297053490172
7726.61920622256
7903.926248309495
8592.527484635126
8275.238095322564
8865.184302805874
7659.4003959082675
7578.7448294628375
7528.130151442639
7467.496723872204
7571.436997082963
8101.045466986247
8799.565634227336
8976.270547110844
8884.249970186833
8263.501068191143
8659.52212733658
7675.2816289540515
7311.180299015217
7669.5035778895235
7421.993592097822
7596.367843033539
7480.749150359252
7763.656761725998
7352.00283768849
7756.337362104795
7439.852855984708
7826.925865976939
7642.797365211303
7393.914113378137
7768.885229438752
7415.856531879397
7364.039079171595
7768.280448226704
8102.5877890284755
7755.80990063897
8144.257134449865
8253.608358328524
8185.295382043548
8284.814097554377
8323.856879074077
8352.946620583898
8007.968889822598
7992.8391900315255
7975.017370554321
7941.498004492161
7970.751903483808
7902.359287904788
7826.417459661105
7791.958777899912
7788.746667343294
7817.774147638943
7800.564784273265
7769.601551586467
7769.9164696572625
7819.565875242856
7815.905961041855
7828.948229787801
7743.9403954353165
7800.431089907867
7769.866482710258
7831.929602848825
7838.961861667768
7845.838394894506
7827.1432602472305
7829.659485080608
7853.028169573979
7923.839715888518
7885.467684100689
7868.06412152062
7882.204306820206
7865.313435689158
7838.072440183656
7855.7502952225
7882.76327274437
7878.644878611993
7827.256671251019
7858.451902499347
7829.465632145794
7880.579868398677
8071.555342324995
7961.13414799249
8070.2528479327575
8031.520794322287
7785.459866466941
7793.4127529815
7757.097082598836
7907.756601490359
8234.952238338245
8071.959795629761
7711.213693818537
8196.168008908453
7775.00002407363
7683.195173154934
7987.66642061179
8358.461427740205
7873.731805804461
8142.208438894621
8303.750805284935
8107.718101169097
8362.67166771611
8293.07639577219
8358.68278239368
8980.119397355598
8892.443296850213
8888.978920195565
8723.75262622967
8825.520409200164
8660.47371589256
8575.356685342438
8702.038961421018
8655.381730195817
8331.701317004809
8936.839433641611
8376.43440432033
8487.543188378417
8982.578540978944
8792.777388857345
8870.846951296957
7903.284714879706
7834.888865947346
8034.985172239504
7761.635343886627
8374.049310791135
8599.789836524791
8103.390748446845
8405.225492888216
7860.821260514894
7398.036512465557
7365.89659339486
7435.240769972862
7840.12406705561
8234.328864254967
8276.655506421472
7784.46410108717
7855.246954792532
7750.0448135719025
8007.5401698294845
7582.311256301217
8195.295277135654
7964.525321132664
7360.56024968828
7621.2056984385945
7377.932455624394
7413.7433504213095
8188.700038365626
8161.9455853469535
8212.332358758193
7991.829787168448
7772.407372675965
7930.343999395604
8313.73411907061
7881.532703306362
8215.356314101244
8328.374605668809
8197.338492688177
8194.216608947236
8271.132627777806
8346.107097231896
8375.431168092946
8345.384514749578
8346.79894892042
8381.973529656772
8369.600887819173
8213.051855381682
8238.900709545365
8193.509021653736
8266.808927568476
8220.2416023919
8182.143584585911
8254.74660958388
8270.954238420483
8263.518643623496
8234.197203072436
8317.862876554242
8247.927114699405
8251.03159378144
8413.61004082365
8294.677554372513
8407.95040046188
8285.098100570744
8304.442387176012
8250.880678321439
8313.177754835364
8242.570034879373
8319.11470889415
8378.055139529877
8421.508969296281
8189.375185759207
8377.790600142833
8363.18812790485
8294.004615824737
8211.25942397511
8187.349336769562
8246.013412069431
8197.02819371263
8076.546494828596
8110.984798005175
8118.606614710723
8096.30836171067
8096.066180839264
8146.689119651219
8380.192240425538
8245.025133217061
8376.723973079645
8334.524822991587
8031.40270900195
8109.152669357225
8020.190310107094
8215.432304049085
8429.11421564505
8315.345940273193
8105.147653984123
8395.358642721778
8207.334583805618
8202.88249490586
8294.44107417439
8445.868998234888
8277.538435551167
8329.662870816326
8361.221836063452
8308.287124441522
8365.976266985763
8318.872866197005
8311.831257068492
8133.772896359467
8063.448471476883
8086.843112460439
7989.642097183887
8048.961675954065
8028.169881982569
8017.421496402612
8063.284981958733
8071.6224908940085
8027.319123912514
8166.975413117438
8048.98182238967
8099.921510339318
8271.831356810226
8198.125601656206
8310.744299922797
8097.092449559568
8074.903040606869
8143.382068695319
8069.623832599651
8227.120207927717
8329.601212130463
8342.807563190756
8375.678544185186
8269.865329136917
8188.8804829067885
8210.230270673945
8235.493397962731
8270.082907783217
8315.365258994918
8338.182389526175
8262.935080684167
8223.357956241907
8221.567300457315
8295.778274081518
8226.042397572885
8338.76747521563
8376.24995914951
8393.59311025304
8420.973181338735
8439.425755441258
8454.57572564438
8356.34086013159
8449.52666962453
8377.497947996277
8573.992897417302
8757.653338913558
8703.024539376567
8480.989248265947
8764.77541513407
8605.728126581474
8580.064204805736
8748.756874600602
8895.266113732692
8669.361422030199
8701.03675767094
8689.68050548754
8615.037905131607
8667.747582869682
8538.569924931815
8470.20692848425
7998.428642714417
7912.249327498448
7861.425579604517
7856.91661082075
7817.252803172725
7571.814431404193
7704.73875476957
7467.757888936833
7492.576817797659
7543.126332078339
7328.0315245163665
7660.986159520236
7562.415680600607
7528.708649246341
7330.526131003454
7531.776083479486
7791.938962225061
7728.752132587671
7757.602015400226
7733.579958995886
7537.552145923847
7564.11860810793
8084.941666525429
7841.080376332045
8161.196655992075
8168.021107573042
8218.936945325304
8152.211576604187
7919.687536471443
7749.512682130417
7844.21741114738
8101.374966728278
8159.17534024155
8099.567855031436
7965.752111925247
8028.454690324454
7948.2017321606645
8072.5548540370855
8498.065491856329
8412.755951728575
8636.187377474425
8691.758306820764
8033.47183783885
8151.228686488675
8066.659308779769
8490.761876537128
8742.76492633884
8889.341491689469
8176.7059620314
8919.012655563098
8451.433350664267
8394.002267241021
8849.977482396129
8633.211657769745
8773.57596039122
8906.269617026786
8701.949109171246
8897.28556469203
8538.743463081131
8669.70048205998
8469.493287361516
8200.22214631736
8149.7071038241
8202.99869529391
8065.88366012019
8163.300479958738
8221.756003652948
8078.487009937008
7939.557930367597
7983.10027073284
8247.08007855492
7895.972492176299
8204.299654694225
8075.833020728531
7840.3071674805105
7910.912442346586
7818.7640690823255
8354.404544324972
8375.272671427556
8191.960689637666
8379.326705565383
7942.510310126779
7779.106682343841
7950.588023910249
7827.6471029592185
8018.277958911035
8491.169156367978
8470.000023992676
8296.732166916718
7999.893512215575
7749.459056050846
7768.377008280272
8014.015279012234
8028.030829219055
8036.753957469637
7853.788124842307
8016.635459375731
7686.251052040797
7784.313800545352
8577.114359036646
8085.250416212676
8548.843601989145
8380.309889621298
7745.357768980124
7683.16979066897
7777.324614676952
7886.336465507331
8616.317611675464
8184.59229682304
7695.496627569235
8464.748777538704
7767.146069504531
7729.462619235127
7992.020485307258
8598.41407438978
7876.386994114297
8112.8514478951865
8341.29467768552
8045.86806322399
8473.277764835722
8253.47975671438
8388.5950350746
7696.295124317423
7729.784538504356
7673.2749039399805
7778.27401796864
7700.9813040489735
7648.982573474552
7648.373701525095
7725.618459126029
7602.5413204710185
7578.740308862109
7735.439746979179
7512.864829120016
7422.876258187753
7897.372932680029
7570.383922666546
7827.021796602181
7389.006460152114
7474.136703609806
7307.234870984579
7508.958250044658
7424.293793651836
7696.24601327152
8030.315346381021
7863.997016826696
8016.082298176302
7358.465079385016
7270.950619246613
7231.327934876671
7344.47984766339
7571.30465811888
7727.35719228748
7887.232473450678
8025.316287877639
7882.656099916654
7691.163185233245
7721.461877189604
7644.114021352405
7490.136663585457
7259.376765615201
7284.793611918859
7180.175480826225
7150.250743683311
7670.6665817767525
7593.073939776736
7683.409866728181
7458.521757570054
7285.216345967845
7323.095609148678
7639.422649107526
7264.652418044825
7576.869325029229
7617.878705255637
7527.140975052225
7575.50710605946
7617.982328838849
7644.026854095125
7669.124407109583
7690.087519168691
7679.646606740248
7724.934086911753
7731.9758464187735
8122.816582199948
8005.423233704537
7970.417752358563
7909.897719931875
7895.67188044448
7718.642538290352
7734.411741734437
8129.097435664411
7990.826914920637
7545.982701997919
8141.058950721319
7528.564549715977
7684.200392265859
8067.939607022455
8294.454207722023
8174.866405066367
7532.307195136973
7544.738884365406
7723.938546888871
7572.386920189383
8411.648388292886
8432.070858418916
7569.498969251356
7950.928516996296
7235.646047536516
7499.002587736732
7462.857791103528
7688.5006752466725
8333.882349223548
8678.378399949872
8142.837474460113
7454.704263499585
7423.340771861016
7546.17811806135
8121.845206257791
7977.6316151712335
8541.072974453618
8641.936055512135
7548.517491077334
8126.777200166134
7540.35443411088
7635.1433501631955
8451.003366274297
8641.853595411825
8441.814053098598
8372.217108750656
7760.879584185228
7941.765093233123
8576.421054038297
7791.235791851749
8376.236105590426
8374.821411198627
8008.402186700154
7873.998066852281
8030.355224106646
7871.468167743717
7892.92051156381
7875.7349501712615
7908.058171778029
7912.17748258201
7939.073406747595
8333.907321731911
8213.373466227533
8198.846615825414
8036.964158804163
8125.306121217814
7996.394827483389
7827.17111407075
7728.784063704943
7739.428999605122
7807.06458541501
7718.985363014419
7780.44621733543
7749.890322520806
7783.616186479774
7754.780568678389
7825.912683128688
7761.7376674899715
7751.950900090433
7773.43214042898
7744.245383017364
7803.351622948778
7881.261417951635
8020.115223352763
7974.765693250055
8041.974039501764
7783.812796726151
7796.593113144075
7810.699681003192
7840.419451657358
7915.455306225518
8015.319081632948
8053.128729196906
8028.04309106244
8040.962662496675
8079.463866363151
8061.48521094788
8009.212816599673
7903.621418294487
7845.869487872083
7846.8506026656405
7854.38820175922
7847.579124159916
8036.163490637608
7945.424732505777
8022.727338954526
7862.454881983448
7919.856020486415
7855.07331804364
7958.518161794383
7896.569911312609
7888.000565150866
7903.825609450506
7864.595685190283
7968.928780451367
7876.739629247255
7903.5820348270845
7943.571046848632
7903.071903767069
7966.470489475144
7936.526666843765
7953.749494451507
8014.744245499023
7957.549577763402
8029.6665150842
7782.067845140367
7980.6404463682475
8058.094626992391
7671.942996992869
7643.941835104937
7612.54867818517
7973.464212290061
7792.906678570093
7778.331705681353
7624.427623334299
7828.367646520219
7735.748522110689
7802.80275444413
7864.839101952839
7992.848010245885
7678.9062380557325
8020.264238298611
7678.164909948681
7758.45490741103
7807.706615426919
7698.088878912205
8023.193979717868
7954.8533716636
7909.58319372652
7777.114375339104
7661.736049917823
7687.466315851945
7685.775144990167
7895.373567298969
8135.029373175588
7972.619374112946
7629.2904227150075
7719.875520651881
7642.725355751322
7635.511101116862
7905.126533260159
7738.766068233941
7902.412195870899
7863.321331132658
7600.098373153029
7576.722748715397
7577.002174308393
7694.084081205153
7883.767996866539
7846.157579290727
7533.43436488999
7889.399763478071
7617.429461000967
7555.665082398992
7816.897715297879
7902.920262729599
7770.7799306185725
7881.450107704972
7910.529678867921
7874.995566350787
7929.4311975528935
7910.570803097604
7940.638819175738
8615.306235160087
8426.632797256685
8414.488836759643
8155.369356048393
8345.086330762831
8274.359894259243
7966.601478612328
8233.366463512382
8286.04651048843
7956.874717217292
8343.466886905208
8102.102939684178
8412.25913889779
7928.85505632094
8190.989869702884
7792.350414414968
8093.820824866768
8113.4738898685155
8028.941455860052
8118.8030909028885
7806.217285726152
7688.068723528517
7578.314162531152
7601.557455914283
7626.61940297103
7691.405470664811
7533.084147079946
7427.665866900434
7589.3930119145525
7715.259462937646
7697.675197244549
7615.9698589248965
7669.0193764885025
7652.600337509781
7665.623521644663
7646.974108015452
7769.848369091174
7860.758673027096
7691.542713617241
7832.011072518813
7736.430439679026
7788.305986215026
7657.521631391972
7742.4270618879655
7525.634463411027
7821.994688769747
7992.505351605979
7871.351408237116
7482.611600386185
7938.2700314010135
7492.812790477104
7283.140333135698
7596.217852857699
7832.979371993889
7351.318108078438
7608.711466537881
7655.332867719518
7580.433825990342
7650.404390215133
7669.9256504428195
7704.082539732824
7566.433359710111
7918.705903523935
7687.679294697999
7982.170780026202
7969.794338309734
7988.432039198601
8194.321494299069
7650.567680884691
7586.253158872058
8237.97938740874
7906.058691638841
8320.158958181133
7523.020004816223
7861.174777824294
7851.213709705864
7806.98085489692
8276.515996567257
8456.047014154674
7633.263043193694
8443.206756771628
7713.018694620037
7796.679004341863
7735.628209138465
7390.693472705359
8072.78305534092
8496.004231627301
8216.80761199081
7813.461235651919
7583.886653275614
7754.03315545707
7743.149949992186
7897.224305822028
8052.1122814305345
7901.318220814174
7780.024331171704
7569.384115640514
8002.472894292995
7642.257725355664
8354.892925205277
7655.789329127546
8139.494590591134
7883.421677966005
8019.775601979108
7890.910603026151
7962.687655531339
7708.421451932045
7989.218091317283
7826.9706900870015
7936.45981232184
7887.319868899328
7804.4928646359285
7806.596318197334
7892.616542514399
7876.54115440775
7863.761081812645
8023.0692876503035
7971.168851711542
8018.545267849505
7926.4548938535445
8010.184134912996
7959.706421662306
7793.295127316728
7840.373009208309
7950.509526869934
7837.640251565695
7961.6963541057785
8252.258824248565
7997.4611525642595
7988.742675116611
8108.198377839842
8409.727809809581
7960.800667417434
8427.531729007664
8477.06113710937
7619.70457611565
8115.6483850498435
7754.766651630751
8965.55677029861
9089.09057999012
8697.085377920412
9085.456876796394
8231.448096131651
8030.166262345571
8193.011744105088
8119.490246241307
8301.454406049783
8437.484836812779
8341.435155831576
8178.904747157001
8074.60537349559
8173.328529155577
8327.886224134505
8315.170701518458
8203.83319177477
8202.675366139578
8169.057995065706
8097.091391346877
8123.814593943017
7992.51932724605
8296.043601696749
7871.690761248522
8156.850837329375
7928.291748170089
7781.931226534461
7740.755535221079
7548.581514502773
7825.679865844808
8069.452401758002
7974.885177435286
7423.350705030023
8040.479733157026
7559.244439353856
7469.316191043021
7936.091511741044
8066.144345783584
7791.818718108261
7943.690288255666
7996.638761796901
7868.239271638012
8016.696842091721
7941.3624892450825
8014.973035398401
7759.208212065734
7745.848883617183
7809.030901116595
7696.465225663736
7781.443056472581
7830.625126613913
7675.755941396487
7623.250914250276
7647.58918665385
7711.689918109018
7666.289000884553
7680.761317506121
7692.746848514773
7687.025606782527
7717.6940142719495
7707.77007241931
7851.786114400672
7919.539761039768
7805.147276955487
7975.2588648577685
7770.246109764495
7737.31809292932
7724.126608632965
7720.458772656755
7895.604935577872
7903.892609698289
7832.764517081362
7765.66691803666
7736.228266584271
7753.516915270837
7802.046898497053
7944.731468938126
8033.407788717195
8048.929184662793
7888.997964070894
8050.33304198223
7720.055900555864
7530.486294413225
7607.339265747766
7433.1438188285365
7540.756682052611
7462.107175259774
7788.507437641414
7594.348276423397
7920.279850520693
7609.240827089145
7810.174015658214
7732.248083098059
7879.187854707446
7804.41343023409
7920.162312493307
8027.746083876502
8022.217358832273
8183.32980297013
8100.172219043913
8188.418349030466
8256.954833469736
8182.55418084923
8285.77961947923
8217.131147713053
8203.715685615203
8005.36987103005
7850.918956449791
7861.60750799209
7562.258279030742
7708.965314900278
7556.351722730506
7420.535695921327
7735.352887743561
7749.996680453134
7620.389436053895
8164.680162148175
7661.095563891712
7879.344788003602
8488.33585789798
8193.76246402719
8476.018516392298
7922.2398879418015
7927.4105193743535
7976.5408004898145
7955.641342147981
8099.404316787683
8272.715347406414
8612.027956249252
8433.49002144619
8466.771566306756
7917.737465621956
7874.32394302441
7838.651157788809
7849.253018454145
7938.292901704692
8085.747663301081
8318.438167777736
8384.042053566815
8234.328693684844
7909.744073724302
8003.4016585855325
7775.888087615832
7682.024383648046
7803.327689351101
7691.698098265128
7778.048409139337
7740.16897083312
7737.287887059667
7716.208142739411
7742.296568150206
7768.362197294378
7851.862848605565
7838.02588506001
7765.807028097742
7864.37344856542
7834.064202119359
7844.339993700078
7925.830920211253
8016.414031560604
7928.117386715922
7993.293080690721
8017.330345474598
7972.8334680664775
8016.5129592467465
7980.14399970367
7968.202663773984
8648.568557508828
8636.245666647023
8469.388958994026
8605.4511113122
8503.501557750533
8165.560361600269
8669.034751838091
8678.489739129196
8789.396561381676
7950.558342463031
8744.39900335277
8100.6717108368
8447.353057506185
8647.835441898269
8698.252172482535
8676.089539718703
8032.318902115675
8140.086017060843
7996.669598222408
8220.796863421008
8141.010094175084
8333.461795524001
8438.69421004418
8433.16112301697
8359.803939380388
8329.275340630275
8244.736791345784
8107.474610490412
8037.56237983568
8075.646538188606
8079.416909171977
8317.332892471153
8313.048226345369
8283.365167849337
8104.242690260365
8155.551900219798
8226.794520833968
8062.230805870015
7938.318157548956
7910.597187519841
7902.670433180403
7898.966052050422
8173.30120991852
7868.583731202739
8050.167932800672
7673.83947064531
7540.04144055346
7580.601005784094
7781.245919657115
7514.949039944994
7632.488344802813
7642.029670159121
7427.820495366524
7572.414151652967
7426.234809143045
7544.396927451327
7622.430573800147
7583.203912232413
7629.94901621444
7654.940287956706
7668.292561109153
