8030.65023013729
7935.061905631238
8071.895205890393
7532.360932115892
7773.514203644893
7415.840591626517
7646.190191367106
7620.9381710714115
7725.563963895638
7686.858540267911
7562.913054345497
7764.81645246437
7304.096130530773
7496.413107834847
7786.577771008563
7599.239397523423
7517.132059086572
7299.401407787169
7406.045296604556
7563.934640169938
7769.85518646174
7733.11917283544
7762.247200576825
7368.588826491371
7490.822211419673
7532.883142556645
7809.219070233202
7895.609862942156
7579.679028210615
7367.0881250595485
7418.288082382332
7577.145374794915
7957.593381726093
7590.99480529302
8077.051601689434
8050.709014676995
8112.847915345372
7727.906720726044
7917.9359079308
7632.680877810931
7938.234890106426
7481.750288371068
7296.230110530392
7568.009208923771
7375.132349854353
7771.212900424444
7749.203520818018
7809.46269122197
7785.177763813691
7779.355494082928
7363.108127517821
7510.629679015868
7744.237525138493
7651.772843101665
7311.483952667955
7555.489885918327
7791.031745015552
8032.35300253414
7830.743775463926
8006.700464462809
7864.39129121193
8024.057079419899
7992.7662135809005
7972.182064297801
8034.797448672924
7798.931490485827
7994.880532092353
8296.749014543395
8293.562413243582
7981.596870421117
7638.403765862879
7632.014372275002
8015.5958105584805
7776.539389246604
8104.562472678554
7953.606449806877
7607.523741279616
7628.951757915571
7755.830786945244
7941.4054045222265
8003.712381159367
7999.034028509721
7973.843740838169
7922.729431965221
7905.460355664804
7858.67831248027
7887.367094129692
7821.983298220683
7804.544734212657
7890.06181580351
7820.830463587287
7820.267995248391
7827.874029531549
7971.489267141153
7833.793424286769
8117.61573910085
8052.129481654538
8130.091207656158
7949.538944204468
7931.764069848546
7885.008486943041
7834.15214378967
7756.765002427526
7900.91863787806
8243.240022402157
7616.6926372884
7898.567708818938
8041.69127588853
7912.068626856544
7928.1688922241865
7940.659003505837
7663.727850818116
7909.771113191466
7936.021804283966
7833.692045064307
7844.19508456587
7841.081555702591
7886.1347331580655
8011.62326656122
7889.076936976604
8032.74048133033
7907.780909509229
8192.127005822565
8348.075547635424
8466.54736839257
8033.023163377312
8584.9571458328
8075.648850133764
7944.755615999372
7994.821807283904
8241.521699564224
8684.471627611925
8608.043157621178
8273.488596911884
8199.309915215628
8163.344421928027
8179.137315151764
8273.72735990509
8248.877967336097
8163.2851024493975
8186.457800951826
8262.309860494677
8140.291751269797
8148.873401007132
8242.072902427431
8253.809960447146
8236.152298209434
8240.742465062014
8171.104132815752
8152.513721764849
8178.169829228194
8213.692159286544
8176.162708644145
8330.394076351715
8428.80740646859
8292.238654514273
8433.268258374548
8418.67107621089
8371.1104452211
8295.705929952348
8487.90657887715
8345.588814233392
8639.244816553975
8422.445388376089
8151.371585108362
8084.115366662229
8411.930751118995
8231.153100593614
8286.357160311341
8256.553049877954
8282.256918347352
8202.496900679796
8200.892030675033
8277.184655427513
8173.788632684383
8204.553977974543
8260.279292999036
8342.039246190292
8430.396202631942
8389.588896185944
8468.689293392272
8482.823131150424
8416.554344235576
7964.599335400981
7930.993724830666
7980.47896187668
7945.8513915055155
7979.4673877336645
7938.74979235378
8091.584024406884
8094.866112263621
8317.301475230392
8048.511045815341
8031.479342538733
8337.036642076371
7959.138682668204
8067.124196914113
8447.568529896173
8085.641955168062
8085.302290766683
8029.7428897273685
8043.0863565040645
8260.920393955836
8192.17216387724
8489.682021039984
8675.32625639697
8124.960852669018
8086.107546693695
8657.716040672462
8146.178840517863
8133.698747892268
8694.220186670498
8250.809780376296
8274.13814651788
8141.535774731608
8247.142398230568
8147.348636743393
8302.660920487457
8405.30406920804
8347.007106039679
7889.185397730487
7947.547121638197
7894.678834972479
8006.971167060372
7922.146334263761
7934.363409168429
8090.873235695603
7985.854955782674
8545.603191772283
8341.224722944342
8573.392697353755
8600.415084924805
8628.281326296248
8067.9258808762515
8500.712363233502
8658.774040804841
8136.976965370079
8199.044304339304
8124.438246767238
8231.337587918219
8219.397032859193
8317.338583342445
8348.067815205
8366.596374158742
8295.878291842697
8336.266309271228
8404.309296086605
8383.799302167186
8535.177902736743
8389.696085312818
7769.609488198517
7643.660322916407
7560.949510133149
8503.171278586247
8365.997546404167
7631.049348684685
8201.09926930975
8167.360310270333
7858.230771569112
7739.695551232237
7744.979907911163
7914.335772334982
8146.981114729484
8057.917689690917
7904.048868174842
7892.820080861135
7700.920897458759
8317.397788314353
8025.550515782237
8044.927855224061
7512.807188440535
7554.430935648625
8106.723846115097
8611.739051025936
8654.235571936231
8105.846739232896
7583.2689934003
8048.393438960118
7847.9387962341925
7708.052107082829
7905.08067000938
8512.648552534567
8421.023050557893
8549.311483479687
8647.963461403046
8457.836357765183
8333.542333269295
7615.449418226007
8231.993249346742
7689.194517712791
7732.939742364721
7563.217304264362
7649.492529621385
7710.705310855145
7741.183943491317
7978.2110114723955
7897.099639198302
7548.469979401297
8510.334680718248
8188.971519874032
7610.13901006022
7680.563334186708
7554.465229104979
7685.911273142729
7495.65426659375
8030.928093176782
8066.73061015541
8036.08197873662
7931.940313569713
8039.5134816842465
7938.9934785573405
7782.857276557378
7774.887739882494
7879.069304056742
8001.418666065562
8013.945762796443
7821.582099611365
7987.0517454305145
7798.264836960667
8035.367162437276
7971.197175926919
7987.632595849209
8039.359925278914
7901.953100890208
7709.38656028973
7991.335088979813
8025.084593791843
7991.128348059661
7836.109429754648
8004.277875397206
7875.565413115584
7980.846561491739
7946.668533178098
7906.66124950136
7844.33947901346
7848.922648714083
7913.433430098363
7983.275036455191
7895.188607632271
8000.491046909441
8001.899268308567
8029.251965254511
8046.129397986511
8061.162428076639
8041.468661181202
8025.574198833723
8031.541953284043
7953.784055294073
7767.507574914976
8026.313389897605
8071.449870301078
7730.477542848064
8020.781027734632
7908.628238009599
8045.122231075211
8022.471477006023
7802.900389242664
8012.307178179357
8029.904724633736
7834.57183922308
7948.398365780802
8000.229455606035
7963.719727047429
7970.542510017996
7993.062559254602
7951.462271431017
8121.691045970481
8061.378275164693
8123.611197921034
7595.54193915309
8052.378051040023
7602.958763183705
7436.224302155022
7475.2252622832775
7595.269876079185
8142.894172252176
8065.961640664804
7614.242240279324
7775.812702514254
7702.320421272904
7707.574112986035
8162.336331186613
8130.791664937717
7971.008696848558
7887.490494740236
7806.244359169199
7741.246178187659
7658.058977490998
7698.933538271871
7981.891968896359
8105.508699366523
7841.118845290415
8242.31546017013
8274.55693914708
7803.783952972356
8021.1582244619585
8015.590642173025
8188.924070011715
8355.76783382109
8173.466514100692
8396.561249645949
8340.75283078144
8352.71044050571
7871.025583348369
8054.408696537431
7856.2418850569275
8137.883608984027
7856.66009659317
7648.741083979904
7562.589741686628
7921.913840779427
7736.126233007414
7678.239219564596
7731.394913723592
7759.582966771208
7676.564023484688
8062.052090002668
7862.321305654088
7630.547680518998
8186.464325716329
8018.625975629183
8184.912830832392
8307.921193565136
8393.017326639114
8340.5009154833
8372.888655399587
8314.6250086126
8393.870963937301
8444.296466997086
8364.695178108197
8266.630639255358
8315.978653325134
8281.572787663701
8243.41706221214
8274.838774850268
8219.423642324866
8194.444476246135
8210.543634677213
8279.711258053398
8265.40106349653
8378.229611844676
8127.169956717027
8123.09929974256
8128.406283782914
8178.664189977075
8286.607114824465
8463.77975156018
8128.998692730676
8100.355162022875
8178.376973633716
8262.021521247712
8129.371727153817
8255.265601289228
8093.56603836352
8101.10571994627
8193.382731309548
8137.36627144084
8111.89057561887
8022.571388849168
8069.177025942964
7997.835060546581
8070.502836702688
8023.157894257984
8046.772793423648
8380.509365644535
8401.089180715318
8361.42448556141
8292.428843545744
8309.711591223851
8292.751177390717
8338.077360432193
8229.317517021209
8154.624832138907
8405.301236477311
8193.156897999945
8293.539443156451
8127.7844903383175
8142.0717392805345
8368.96830338453
8117.046256959417
8092.177590034442
8192.432710433442
8069.475619602536
8046.095114156733
8094.30464129721
8008.0554461360025
8042.3833217113515
7985.201926351225
7965.573310648926
7979.711668137368
7969.410653431402
8026.181117829435
8148.739251288248
8106.277776128723
8510.876828444274
8545.05102622784
7752.123667596118
8152.925129959007
8259.009093996829
7816.562131568046
8176.679227037553
8127.96216069836
7922.351367801871
8669.427846516779
8695.068963183365
8479.825526126477
8207.896112769315
8173.7895987833
7959.076637280493
8033.781610174602
8350.27552723015
8349.667429932784
8260.089426984963
8285.437816198275
8016.15036188864
8029.275057309254
8219.229514550832
7975.13653132766
7904.271571068614
7623.488097286851
7415.559978442184
7593.394084082072
7682.282042022833
7759.296484209211
7887.668556802535
7813.874691257646
8038.711665653512
7981.023101855775
8008.729756790483
8166.695219613209
8206.004794616725
8477.15992164339
8308.203768858992
7802.047885556873
7999.586069731459
7925.114620690238
8168.652518505087
8081.194664640069
8655.145983429959
8287.746833075344
8276.558796424704
8102.361700026678
8154.3752152027255
7830.667546929922
7444.698834000551
7466.219805303425
7370.829674478109
7553.159869379905
7528.395610936368
8118.708899801948
8046.74407554198
8082.940144222831
7839.0325123095845
8050.657196729079
7852.780599697704
7821.7880012455835
7828.597273793509
7891.907583786894
8167.013779290453
8114.306566979101
7894.923624700004
7946.156545304448
7897.964145957888
7984.929008211521
8101.627008332274
8073.700348388864
7968.059763608059
7929.857352617818
7925.908205669601
8013.4019796983985
8020.493275123865
7991.288948934628
7923.322652180122
7915.685134893913
7979.8210026675615
7967.7283652489
7987.538679697657
7994.841978088317
7953.285368739474
7965.736730321202
7908.32162711481
7945.2559630515925
7932.563499225096
8009.911577224883
7997.899805361675
8031.693560327387
7915.613328046272
8024.748359785953
7928.66338640259
8093.886862235836
7973.247215477918
7890.57532174133
7853.703404034788
8030.660427114513
7941.251375111879
7907.536100528751
7945.225679350309
7952.371570803359
7990.826698938231
8023.476585812904
7954.1865441130985
8015.10898884423
7937.928229973064
7933.675819281561
7890.142961981521
7903.696948184412
7973.084873488562
7927.070019513289
7975.8178625701175
7953.063432109247
7962.446173073044
7952.7668661614425
7898.401895451692
7622.822979958984
7849.34751059579
7668.2716623761635
7457.394364745423
7435.497374636893
7870.463502513135
8022.342707442571
8046.574320147715
7797.513746639483
7989.871056591666
7578.394273912125
8050.0228882136735
8159.22552844314
8216.148496984233
8183.953637012785
7885.960098404451
7634.1662304271695
8121.655235074183
7994.456084713291
7853.855089175261
7833.23889446649
8170.848263559544
7617.825796935862
8440.072029192399
8376.73985441657
7699.709717383037
7630.964670700069
7613.839257819139
8102.589552454402
8449.588063036057
8065.773004816397
8479.164833751
8792.378542618068
8630.476702825228
7820.446031267834
7861.9411141859155
7825.37884007522
7818.701466149747
7927.234819233087
7802.818722947553
7437.128923167433
8109.255066451541
8021.783318584472
7675.326121701464
7969.533805828701
7808.322674931956
7958.684849753817
8278.23358465765
7587.21105329545
7873.825638314964
8381.369219332257
7708.529075397815
8149.094516052234
8419.70828130423
8370.407492812386
8540.011734064685
8608.17381646405
8628.701908509698
7796.112868660909
7884.425096265607
7766.352386960003
8067.015725962507
7839.965276925845
8072.850796297695
7896.300969261644
7933.03940837565
7918.595507896577
7824.408828905954
7877.59580285726
7960.580903785275
8037.463672211091
8039.200138750964
8256.11454107887
7984.028647727854
7997.152621182239
8051.593279272649
8066.177055283221
8069.167290402384
8351.306923214053
8329.565087666102
8216.218868543065
8092.878765207273
8102.943993348612
8162.487367594091
8132.59721025574
8128.891723350831
8184.929827353784
8118.196264897626
8121.534245359481
8111.915402886126
8170.322769683155
8105.170783708127
8099.602667400456
8085.914873580958
8059.600100189986
8050.687750302846
7867.888678631008
8035.727490943715
7739.104885636502
7988.589787346345
8060.1609163643625
7991.221629618204
7964.710822213364
8088.740206797575
8021.067056158255
8103.201581512634
8120.065552305823
8245.887425210765
8022.723898750225
8120.39284999245
8270.800059600911
8123.702826517764
8109.8899961743155
8117.236842387954
8153.198029436098
8159.113066383528
8130.636555336236
8123.571700015725
8107.273457910213
8143.28765261491
8171.091756678868
8145.190049773716
8218.058826335615
8088.765766579483
8149.196343149636
7925.289500496749
7874.30401961854
7996.521525970932
7957.382276798415
7946.181699612143
7885.413037141351
7835.124525682844
7707.507397641476
8277.995032481236
7720.377953400118
7713.675848885849
7613.125025797184
7658.657129114163
7682.636628975403
8126.323563026425
8116.794904523605
8006.438619728834
7704.430874831684
7566.049100692003
7869.219538095833
7684.1204515533445
7733.776184435639
7937.059690617289
7828.839256483752
7847.547745451299
7770.13523132765
7868.702581537647
7787.248468160063
7993.590300969984
7969.5824923175405
7973.4789508508675
8216.067748719857
8150.971194761019
8174.012125932261
8099.358376405656
8074.9256557335
8011.337590172266
7778.64429862895
7905.210785191926
8245.02263426954
7734.147931406292
8097.44674608106
7896.2283624435
8168.427653922951
7669.20736363208
7779.661631922135
8053.456576838806
7570.057557299423
7782.972935311343
7703.115589176446
7748.581080351325
7932.5966013345505
7847.817994564834
7959.557362846425
7870.790530945306
8129.880122541231
8047.128501310722
7991.861345381067
8026.836657135952
7923.848110314641
8043.142721606091
8041.260413906315
8064.986653288977
8140.53435248992
7725.623013932377
7752.345215785673
8223.429260350273
7937.979374811765
8110.27049703771
8100.2154855120025
7615.653046549407
7633.797129950042
7822.27146227399
8036.192941426591
8263.998648397699
8068.5322042800035
8194.492184183124
8293.951777214279
8171.6915864241055
8093.480745180396
8266.849740874588
8054.960657991012
8056.091213487255
8256.782299902246
8266.518941068065
8270.459227589
8504.238257139501
8676.180914852597
8531.299764963785
8888.134239303105
8938.372974212607
8725.721840771545
8013.602326420454
7948.920332210998
8024.298253832693
7881.471379741769
8010.3362986038455
8034.0794088252
8104.925871936384
7823.837707970097
8135.202238890806
8316.792148581073
8231.376041340647
8323.562533040264
8207.265026744864
7687.013098277813
8279.478758084373
8282.534805013911
8060.687210006343
8241.86538774757
8364.54386445132
8585.643127272482
8658.474038165368
8945.251047063457
9042.718221991503
8972.717803981814
8036.754439702096
8000.4049796968375
8020.896806707256
7887.2424451527795
7894.471051032619
7872.194256004357
7850.293281920841
7852.91774590339
7914.743620075131
7823.2418398854
7814.45836312917
7921.358656322551
7838.544590224808
7858.161623702277
8019.370626221474
7865.420332531284
7864.755025985862
7859.626043258362
7871.717014434944
7942.666805333593
7984.71458011013
7996.409476114811
8031.273544424283
7973.4401865870805
7944.595053448159
8054.778297295601
7974.082681282352
7984.711679184067
8053.004413442894
8077.969826143945
8084.330598921285
8100.682037102637
8105.780191172115
8124.458610438932
8248.386845985444
8274.514996633261
8316.412041296799
7939.943743603733
7972.737360274084
7908.867034081191
7940.596604957551
7854.373697131696
7851.205350373743
7856.296121111717
7822.171376273924
8014.309958139123
7930.433022769295
8011.385799893702
8013.112308383402
8021.2867589797115
7863.707013269448
8024.899429584221
8017.428329142879
7955.804886916072
8048.143579148072
8043.319554166224
8069.79745680446
8130.2071478584385
8153.809517428217
8211.458460237825
8199.800894744665
8031.86328857698
7963.227611831556
8070.410478964517
7939.371461574669
8093.318306354116
7904.530698608584
7728.7183759706
7709.882419430945
8256.242628123558
7967.726239550937
8024.171041290959
8206.956357372057
7953.327301626715
7778.453609497384
8371.44116715513
7853.5037223211875
7865.032445155477
7818.876744339956
7704.602688211582
7934.433115143151
8299.853401643177
8420.095763200019
8823.638492579958
7554.8431135759265
7619.354232602551
8552.190206822195
7785.497555936184
7790.217803314399
8546.975179685005
7713.139322048133
7734.07240849932
7592.062692680234
7832.226307188983
7571.458477051835
7954.244957329312
7888.1208033209805
7953.9444947213115
8067.394888577286
8036.290257169394
8084.599706801536
8063.245680473033
8149.420036380389
7929.907605102616
7723.880852702598
8078.415948585432
8487.71393046829
8153.150870750926
8574.752047063528
8725.79258385463
8514.977113937875
7870.557113108081
8336.937509275807
8705.47763125334
7738.0679246183545
7632.732005248822
7596.8311593003955
7738.189377586288
7866.70073061216
7736.2464278382895
7885.407084915281
7713.840074031958
8135.631199887051
8144.39405529237
8141.389338434683
7957.010700824579
8168.9170019668645
7947.777608247023
7720.589473421804
7717.599390212911
7741.464890635649
8204.914126306505
8204.977932423242
7726.452310309576
7932.002727818849
7595.504770064931
7992.432768203209
8336.62106050942
8354.89182820764
8101.205024944813
7587.481153088249
7402.065934719832
7961.58140468931
7953.985027472848
7922.728689744297
7358.798608987937
7947.915119432133
7665.899293199511
8471.476546870765
8443.714066553857
7712.537393161577
7525.638847888119
7567.843555781984
7814.519164713983
8366.043922457618
7813.520622731933
8485.937325487854
8303.398575375553
8537.080760981993
8102.172670510504
8149.732818353064
8101.604268406766
8168.1698760618365
8106.968324697032
7927.970629608796
7685.31426225804
8149.644061148247
7944.095995953318
7636.044869544172
7931.245720300392
7827.412088995023
7983.952558306511
8337.14575151962
7536.437829164439
7913.5765156433745
8397.23363928415
7431.149304166194
7839.678125894848
8222.31274892938
8429.152209047246
8103.487824785447
8309.557970269272
8056.609020767707
8080.620196539835
8126.677543780806
8200.248574226716
7732.05297904963
8226.444130873115
7803.179642812362
7626.003699241614
7684.825947692129
7922.113556058563
8249.64949066016
8232.172518945416
7953.912696173736
8066.110447386871
7940.584326838408
8095.064607499432
8271.27869746981
8272.36238095909
8181.773675008611
8070.7846946333475
8060.086366831886
8122.935703578937
8132.790214442131
8151.133503202144
8145.992658497059
8224.444312324473
8194.230410104616
8493.030171259601
8527.23781384526
8202.416371614961
8306.66949890575
8328.752446621742
8382.239194443326
8763.38975078511
8425.39129106542
8857.268250815843
8575.202399675649
8654.464214038226
7988.243364688315
8195.782489308735
8038.846057157159
8271.714525085541
8110.493054081038
7926.7709675218575
7799.314335455486
8189.75153647262
8054.865743266105
8001.6376540502415
8083.5782950183875
8117.310075282995
8116.674342890534
8256.4168981161
8154.396580264563
8162.876420896417
8385.264888362053
8243.692912860939
8305.287810059002
8502.57671903183
8920.50954207581
8499.240841827821
8715.245306703317
8458.545748241531
7926.396984961183
7806.340582565227
7920.429339109707
7596.768918022306
7799.8046791590095
7613.875187754748
7886.141251581909
7856.06627134546
8181.089956704175
7715.863910254313
7700.063122491066
8104.622783025291
7685.936033195064
7754.615743989805
8008.108630684934
7584.225342934833
7626.9014360480705
7733.507820823903
7723.1648551124035
7800.5122440455325
7958.534615266913
7911.801225682138
7971.281565807061
7759.750101461153
7817.268037686174
8038.223158508641
7819.430994174401
7814.601306088309
8027.424906548597
8090.476528937682
8139.357284496739
8214.877967703169
7996.939514106543
8328.586728891869
8281.784920131675
8390.506466988967
8514.467927266891
7580.909914966257
7811.997139859469
7625.546116131908
7886.802636502069
7663.733242905171
7636.875521212785
7806.751740530673
7679.040566027056
8231.961467274163
7969.152622007072
8172.498904933103
8078.28012452326
7976.5945437823875
7691.880626425341
7956.2740393920885
7849.961487346386
7829.9543149620695
7954.649854647256
8005.47884230579
7998.125773628275
8034.29552652422
8192.432562328351
8207.140574702516
8315.6352020132
7753.311339631152
7714.549221096448
7651.114242628105
7801.567881628852
7583.013796590958
7765.324743298446
7978.344211156199
7961.599597500545
8120.777779019423
7792.400680065191
7789.557358885195
8087.751528391863
7823.637001751769
7902.841140430707
8090.354297443358
8013.938568643409
8011.292808333985
7956.877097671241
7922.696436103506
7930.382495091595
8052.775135957846
8038.5863041848115
7972.886275698564
7918.763671345162
8001.581685018136
7846.584504069233
8137.326543984723
8163.24634821897
7830.006699190216
7873.416663862745
7866.7418141694225
7995.381807973169
8232.963673775002
7988.794351935355
8316.809531420646
8257.366775155897
8322.976608901312
7689.689405307474
7604.54479761098
7606.264863031849
7606.305368918984
7609.458353694297
7750.533156652752
7929.518996848706
7791.1563798841935
8148.356876676625
8013.952616415444
8109.871149750587
8006.040577634233
8066.823014478282
7994.574664903248
7887.846311683274
7956.408809486549
8082.759503963254
7890.890162135541
8003.2440977814595
8126.70867031203
8292.032324089287
8138.199832211154
8257.321065267646
8136.946229006156
8322.33251751747
8227.502138049013
8182.006040549399
7890.724443230338
7857.1280727621825
7809.860075809685
7882.668203962876
7849.3186281460685
8060.634467110131
7634.275020184192
7573.946240884368
8037.7985610474725
7469.03578779781
7668.633427338723
7895.2409479124635
7630.6780150412615
7608.296691205886
7565.8181550470745
7652.310957709026
7831.205135623995
7814.464370706471
7847.309314399899
7877.507242751157
7748.2495359388995
7728.1482856474495
7756.186015542786
7773.600450492609
7788.682623191448
7710.494227270951
7637.790341816981
7601.104123353193
7696.744210578535
7832.231306012773
7674.2653920783005
7867.697046292569
7847.083715060174
7874.584227377322
8060.036915663153
8095.767828865604
7948.364225622711
7932.794380424643
7734.8978236102785
7648.265478624301
7772.403399423121
7486.522432523519
8052.076460881953
7957.8813049834425
8038.485260652419
7959.886931807932
7913.329402461124
7573.567333352568
7822.585706450449
7828.861830778435
7748.41732433722
7704.742208554006
7735.2842102583745
7794.314820331143
7846.892915872136
7792.136984421785
7845.544782068573
7787.558486397246
8681.793175476378
8506.79921765786
8586.151749305245
8606.226763573412
8194.233068572094
8540.003168551537
8611.988294014247
8605.78363354479
8266.794159428751
7890.27108232304
7919.974238863422
8271.99335931144
8163.840837272444
8325.19255755474
8242.927736484378
7795.525604771368
7808.340592453577
7947.690055562248
8062.434018084739
8072.3024513884875
8326.175434746587
8187.2824414617135
7942.920995940052
7906.647121681319
7889.987209244393
7710.700084557217
7826.531967681584
7834.593341357773
7658.811241925956
7681.829583462526
7642.464070323874
7810.818219399048
7864.495843394906
7795.507267471048
7906.823457478265
7876.255276573256
7888.301883296956
8433.176855966754
8430.062315955225
8376.28751772966
8238.0455704991
8224.788753447187
8390.95444387021
8535.41518401787
8007.481246067368
8146.9800978959
8228.697524954874
8103.630732817228
8001.75191312997
8132.551439056921
7852.428066745443
7836.876807756403
7946.440483102505
7839.186278822473
7769.499845119592
7841.5795878292065
7843.278884446565
7894.181817593672
7851.572760087974
7882.579458553553
7850.819373400248
7800.169305356672
7794.853542805075
7826.8376612423535
7706.101099809139
7735.208099655808
7676.512678522678
7653.188526827095
7664.993595988475
7572.470451180504
7683.542757262419
7613.3074065315395
7624.75012216175
7569.97752703467
7707.450937758413
7911.818418382564
7587.097114085947
7552.577231365112
7573.893389990876
7719.73755504142
7799.338484489486
7985.31508584206
7902.364238895698
7819.303816978758
7824.67541696411
7730.673969730769
7851.511387419343
7652.0599244652985
7665.377974903472
7844.368255709505
7865.842996283816
7862.144856478836
7791.235840161096
7770.212433856989
7781.026116219963
7842.584652292488
7841.67384738731
7870.131942875815
7753.108332146463
7790.058784441918
7714.946790455185
7802.762392912816
7629.527804519731
7623.901717248537
7686.0285498635485
7516.574555295728
7744.094395870844
7712.436935034163
7743.349699267122
7777.717923008892
7855.724814994537
7511.653737449034
7851.15043584616
7828.942256016061
7662.271643690905
7865.424419289821
7791.167197131971
7763.795355373077
7783.121514279639
7787.275490091548
7821.82877633135
7784.281865819179
8032.869594967726
7979.4631240510635
8030.695956598403
7631.8555280578785
7897.22149274119
7597.911796155443
7600.243853809697
7584.761999700602
7794.055427729753
7858.785741971546
7720.618701824817
7769.935333117237
7313.394404611218
7417.7488046758845
8137.452169804844
7617.522423438508
7515.6931177783845
7128.438718275066
7265.340954456096
7589.22198477357
8148.635162801475
8156.263347828744
8004.853850719686
7486.044420679812
7330.701496159369
7765.870505750219
7594.874831624742
7705.263319082845
7767.574410033617
7647.099085712225
7653.222909286456
7698.207307642358
7867.204252714011
7743.533541536296
8140.489021636033
8084.428491311122
8188.419143478074
7835.035687354348
7957.891212603968
7794.060876409902
8011.392039836697
7696.23293808498
7506.445070957756
7534.962859701552
7494.481963090802
8014.752692774261
7706.809294743054
7989.7557296491605
7894.580807636113
8131.27408362331
7313.249970491708
7725.830838735118
8039.509017342395
7413.689984172895
7611.737370737626
7580.672794921954
7701.913598725752
7967.858844601172
7854.5612269305075
8025.672137842542
7917.125037560753
8201.226781021413
8316.443407841061
8187.232665173811
8192.26685902484
8068.564996838462
7968.147613261258
7796.9715070708335
7648.5141437275015
7896.5171128317925
7973.299661051084
8005.876266835443
7821.955151458649
7946.111664261149
7602.136550284424
8320.21813314525
8169.71740916073
8227.700823253246
8400.811745698225
8323.002573318274
8149.8432358827795
8088.516081947724
8161.808192157808
8418.060615480264
8486.731163468545
8406.045758733448
8515.54332680261
8358.840557885811
8330.480859657591
8556.190092161927
8433.926276480568
8430.563709893304
7905.638958285851
8135.3916344358295
7786.308454390405
7948.093406657764
7672.872058622489
7860.212593190843
8348.61191337083
8274.885107989267
8225.142231282789
8062.402852150801
7978.247523344343
7633.390779180154
7389.915525861454
8052.7285710275755
8383.870412667084
7764.8355963826
8332.282976846298
8325.50929428175
8376.877607610799
8337.743955289496
8458.154821076521
8504.228472544963
8377.759402662588
8450.956329448281
8144.428951536955
7998.06744939133
8245.227837248412
7589.407897748486
7783.935347106234
7428.937433412411
7879.184537837419
7846.006096046023
7886.337656742418
7776.139322975038
7828.462936074493
7767.960967672365
7860.333684308817
7855.019379809953
7841.966407162655
7930.569535773204
7872.992458749056
7839.9496858503135
7812.979648055716
7850.857415185422
7900.125557103273
8002.383560578949
7980.485923439131
7914.132706519345
7893.455054385842
7844.720073588841
7982.711288018279
7912.987657414513
7780.761788022954
7906.6665224515455
7982.0899837127445
7776.082125919954
8022.881403772396
8023.867925161198
7781.0135044723465
7898.026480265626
7901.025516258203
8030.035623629101
8040.0727676887445
8039.476171193076
7967.832924906099
7996.612814434564
7922.378222313882
7779.172223135925
7841.213067583629
7763.006597366674
7892.9768016525795
7744.581057274387
7766.857413073455
7846.968802354568
7811.530140699506
7825.958777212716
7835.153675738048
7809.4768899841
7784.395190623562
7851.56245575798
7944.424785893431
7797.213722896014
7810.696812329925
8013.507977656335
7898.570087808597
8016.1428417518755
8055.3206501819
8017.466555641257
8063.350775426246
8018.2920714686425
8066.62707022429
8016.659584110353
8053.160792018948
7940.152595823787
8108.154723167059
7875.045528071405
8053.367006419151
8034.8067612206405
8023.75917282739
8017.478434307955
7790.78489343227
7826.122932313447
7999.149773537771
7872.790521714784
7949.509100362868
8075.584187627009
7903.25028024082
7913.145085006411
7936.41405072185
7935.141376291931
7963.887922535011
8157.990032700484
8140.681473218354
7991.316307359167
8035.0370773301
8089.825750906999
7971.409507055448
8060.59331541657
8044.357912658321
7968.181012204895
8138.730057918914
8155.771147199208
8290.48651502282
8121.954063574348
8315.84160692329
8001.0614130150425
8000.617056438105
7919.990529277914
8094.686121344319
7979.657559328804
8028.8949740496255
7829.851139460636
7931.768563425564
7957.081239200703
7995.51769502442
7873.915997414968
8016.767604519447
7971.530673234646
8007.261123435285
7966.654807137917
8063.910646556022
7937.775216512486
7971.225627025326
8041.599519233544
8103.82918812446
8100.006811478218
8224.645223030588
8246.71918393109
8074.964753466209
8292.807263977522
8074.332313897711
8272.72822585161
7424.913991603172
7753.172912697667
7847.55088765267
8006.807021805466
8044.240522336611
8037.79414174481
8121.468115595279
8140.857132489202
7979.86499416065
8301.661833979122
8368.969389468084
8024.8834223010645
8302.14224707137
8282.86751416704
8109.670241862172
8390.136353599466
8391.850404522575
8404.608100061794
8422.298433957829
8362.819516095808
8058.922720918977
8073.616633933224
8293.542845743415
8662.484357684729
8480.643473798078
8282.957597364295
8450.129829785732
8461.182700491914
7965.21039587679
7929.606959470407
7683.109528593746
7966.688730383281
8379.573099286896
7766.819365926661
8347.39876091458
8200.072185906158
8257.382257226163
8125.5223325238085
8283.903422434654
8077.864045763342
8196.526804010495
8034.974489947087
8154.621067544619
8173.473634068093
8377.564883737474
8027.717653444156
8143.171777558265
8127.90188933053
8337.937839048094
8171.503500866483
8388.003147407804
8634.316819052805
8091.323764186361
8426.547797543883
8432.199210286857
8368.909398733276
8322.589035756244
8417.451555664245
8108.229878932232
8260.22584279455
8009.8255520093535
7974.546883689633
8120.331638184569
8092.831512471633
8261.028431225825
8744.031393414942
8234.802400417728
8522.38922228805
8512.618643344378
8169.252726409377
8578.763816593597
8553.826947259411
8185.4629830432405
7828.095459952369
8208.29759073996
8889.130932128282
8409.87374985751
8272.380211220914
7518.547012545316
7796.947065910786
7989.973121041256
8877.945091453927
8797.959505795416
8103.139956533279
7668.759210488297
7462.285904024661
7619.739689128477
7498.146329919495
7705.75506086842
7748.469715614933
7424.67338543287
7430.227366834079
7640.677795547063
7403.215442485295
7736.398895350342
7657.4076745105585
7830.240793803653
7843.126289160066
8397.377397933808
8530.4631618638
8306.300870727157
8594.077148324437
8152.719030245661
8121.520714007923
8443.768959424313
8207.32957230452
8192.492636960791
8155.392654987921
8144.381245193722
8051.433913309188
8550.962835118158
7879.120548820651
7591.318593166462
8228.29918256185
7362.700608655017
7544.222392168588
7448.816300301979
7457.131868999811
7393.1415590703255
7635.850014219209
7666.621123961539
7772.439892577873
8137.877349508956
8029.565497321602
8058.150648376832
7817.36781270387
7925.380767938029
7850.655088019016
8005.880314022521
8014.706195154475
8151.770952713623
7569.8960702617
7570.15968179484
8106.899265040927
7783.468177454689
7930.360519195778
8440.714235215963
7820.580422971785
7830.891517592849
7851.175432676806
7863.522737329608
7899.839834795336
8395.940898123627
8304.278189121365
8192.718762454751
7953.091703080294
7932.993434717886
8181.048731544497
8042.924506860966
8083.43918502408
8250.365541906072
8520.218666606988
8602.245946751667
8696.94549825406
8309.733701599971
8653.123844082573
8366.405075074485
8475.903390462225
8594.606654060874
7912.334768058385
8018.183634882228
7911.04759980626
7985.02710106515
7840.318328523975
7829.582202838753
7987.912854309419
7677.444851727263
8202.361272224174
8023.078284119077
8184.548585222299
8079.85648421341
8380.113534018019
7845.423674208372
8014.964350434971
8169.1903067946405
7969.407773909688
8272.52134990835
8371.223281767236
8390.761275026343
8229.510242097986
8605.220814189826
8418.41794949256
8469.342629024537
8153.164212518883
8062.833303111832
8026.649965982624
7747.474667009517
7844.252853167784
7719.976792630746
7653.6461640620655
7650.732632474802
7776.293839082271
7802.575890569274
7790.624173411561
7825.487944186354
7773.930732479382
7816.989658030221
8152.145032520576
8004.35700366146
8010.942714129067
8023.642240755002
8024.023414777473
8038.668629581321
8143.088584885536
8130.50154273225
8122.2490696223
8133.558137571833
8166.578303437732
8161.665492841832
8176.905647995077
8164.322145115444
8197.419903510985
8206.605432015496
8232.933425353935
8220.481619988057
8189.4514197404915
8254.239355917787
8431.378542698949
8455.432575405797
8428.520376414768
7913.1859878123305
7965.172571226442
7855.234076398455
7897.985166964044
7752.419472003614
7664.729025074354
7660.971878594247
7775.35674559148
8053.846810231193
7929.902707902446
8076.37919581552
8083.8626604350175
8132.9945957684
8019.722589829205
8118.029538426772
8141.778857485177
8185.00539314006
8160.059764384594
8172.703516570674
8179.63894510872
8200.352551850592
8280.151601491583
8375.569927618206
8364.618615988124
8763.651356464936
8623.671361229983
8718.048924511631
7870.558429402487
8056.111467635721
7822.1198072238085
7792.414038011591
7789.649539119727
7842.183316469102
7763.758208436062
7729.405971834907
7866.928123381971
7736.567149708845
7836.978824950918
7918.756364552039
7444.259384646635
7480.982926849646
7751.436529977001
7959.961619372592
8074.515175960074
7893.685466670983
7906.983565493815
7996.494781332581
8255.43348471002
8111.902984661233
8057.861726668389
7823.650178392944
7769.707438134517
7966.121725842907
8049.652251353979
8012.5988152556
8028.880968216686
7871.488888498142
8023.077685065772
7878.643609338242
7948.786230000825
7895.231213087085
8215.544017507118
8439.229524255055
8049.770516975873
8207.382495161413
7879.208991215595
7783.207816653727
7799.2650899996
7703.737804585619
7910.766475017367
7931.440671110604
7948.703992679019
8033.300026980825
7944.887971034112
7576.917164177102
8169.280319301956
7927.1091979114835
7936.0454990256985
8155.805958962557
8078.036416072879
7962.291871684748
7816.630275464785
7982.907608145848
7928.134178090278
8005.642101086249
7449.656761734867
7458.679254114141
7660.452614962322
7455.17552098502
7987.05409312101
7584.7018247515025
7789.719063966983
7849.486573098915
8170.391087323028
8004.340387999494
8005.9516066557635
8157.307775926711
8123.174879881376
8298.080936024377
8470.340788016329
8113.243547900684
8092.517830401187
7981.76632317952
8006.603495964834
8164.209774000541
8477.593934852188
8026.982325909712
7974.778925162097
7876.999004237389
7839.720168086524
7970.586422166613
7945.231323978799
7965.656188416055
7948.763522618568
7615.29644318659
7578.875646767941
7708.4342705911995
7895.063955953509
7733.46216970354
8087.58439626346
8055.871682015502
8064.308746415591
7438.286958385905
7712.62625163168
7630.802183145442
8085.563871976554
7890.530761766529
7934.672181071991
8047.158222322524
8026.5749891520845
8389.479560102416
8203.625423701498
8159.634229606479
8087.875006603103
8072.777598539136
8041.595092145617
8030.455772946843
7910.049523102579
7904.7989111225115
7719.870322182536
7699.905819935135
7811.82606670782
7982.6835083319265
7851.609501895566
8017.869526626452
7919.264767152554
