7877.529633666839
7945.63964437322
7958.413599884833
8161.83360746892
8021.4158230222765
8074.8391607507765
8620.762106801292
8550.235548390889
8676.156527376637
8316.1200013825
8346.120058838562
8615.620050189174
8772.21176465499
8141.494332295367
8381.80648207908
8081.939816187639
8402.354885882565
8261.746479508758
8536.744605110402
8216.723721107457
8391.744282943488
8067.020181067236
8166.044444777729
7961.249420326706
8330.591583335572
8314.621659047785
8328.261004722606
8362.176183282558
8385.6124518454
8269.151995180924
8023.900653318525
8259.812292442684
8445.721177361467
8338.781531819088
8136.792474791555
8198.866371529604
8380.262350200986
8495.87037430404
8459.03862522941
8389.641499544376
8450.518690744335
8396.188761448846
8437.452376139909
8594.763333855635
8431.75247998158
8435.72015517867
8560.936171236513
8408.727301820767
8533.829249303177
8492.545500833661
8442.19434238195
8432.189762952403
8387.743110543743
8467.248247171003
8382.799329488145
8365.751824845041
8383.624396500722
8354.290514719882
8397.891288185001
8359.593505630579
8361.378295110993
7831.301212796387
7901.622794917731
7876.741838736988
8040.996449063386
7937.653908734747
7983.8137222226005
8246.43056024008
7800.603893560324
7923.661800839525
8256.578561007102
7545.430887520015
8437.958412738975
8151.771835578051
7813.685262465078
7608.334601824053
7832.425182053426
8570.978886253723
8330.45399630245
8386.260599373829
8213.25971436425
7825.429745425645
7850.107940577088
7997.212371360792
8004.4052380056555
7941.172683048706
8262.183608599305
8385.716124420238
8364.498530962459
8065.769143403976
7945.137042964719
7976.754457082492
7898.261222867474
7959.97985002422
7897.406388167788
7907.078256866389
7799.665652550286
8063.403425796344
8093.396894146597
8195.712974978054
8137.030259767314
8205.039739649681
8197.571546940286
8066.603287787301
8205.722747973869
8061.788335140167
8125.88989447724
8119.969954544495
8073.103960232717
8240.323948983996
8091.699463483969
8190.871333516554
8228.514321956141
8052.469977929286
8069.761680839195
8086.02104807918
8010.615783902331
8021.64204459213
8017.794355018711
8042.864142609962
8021.0072066819985
8040.795886462187
8776.930007112054
8654.699488630167
8737.898114815314
8455.487723224942
8653.279043599205
8704.866287267734
8411.779474213947
8247.784447545313
8271.697283367017
8694.519615750085
8156.80554584873
8519.622029410155
8289.372887308426
8061.042774025296
8128.709717555522
8048.009431118527
8453.106387502597
8627.748604117593
8221.173682161043
8654.093925905052
8083.9459945107665
8051.831099886319
8175.701550065723
8109.421445722116
8283.536937042798
8237.025465941455
8145.3158767973555
8054.898196677862
8022.747743823458
8061.229508601288
8168.353848573291
8295.32238958545
8334.212330033393
8327.293317454454
8306.840666844924
8333.892429419036
8178.090745131274
8033.117623951178
7988.744034976526
7946.762931079227
7940.439079589471
7917.412795368561
8248.499769675638
8094.595371935727
8245.145909260125
7948.704678757524
7866.151071789464
7858.089379851561
8127.208274483056
7844.424164449249
7985.45697851959
8018.761875840789
7860.12984153377
7803.07279829363
7891.426507187114
7814.530088460264
7797.136493210249
7823.663365157699
7799.825283048747
7805.381068512465
7809.318534412336
7758.0572686323385
7846.551786541304
7776.476835378519
8016.079431814618
7846.489573701221
7781.448699346719
8160.015122850164
8227.26460059674
8216.806356325133
7876.341856048977
8285.23687677636
8081.853641962345
8198.075287051137
8397.308121509923
8263.726203344748
8426.336006797863
7952.532731919252
7785.958988832065
8122.160480554759
7726.370956671057
8209.782605763743
8435.226336598573
8727.93665051658
8616.974359945143
8806.282868778544
7755.920411537836
7840.864503903751
7986.327436472157
8106.791732079176
8333.217475239842
8675.14784414207
8776.823342007565
8809.020660314027
8761.440176548214
8774.590817451362
8709.864086375806
8543.296939699752
8127.650549424873
7784.533461977346
7974.565684884894
7807.0902696969715
7873.956358265345
8664.111289118126
8187.988436047916
8656.614209943997
7956.759873211447
7820.251900487931
7871.149715965711
8247.132109564185
7828.827013222285
7962.068721576144
7990.72489687977
7864.166777752108
7827.564280394043
7870.758473281729
7807.977276522295
7809.577396085029
7804.252021805862
7818.714703246602
7802.532616745299
7812.551858449722
8386.752681065935
8324.784534192258
8560.449993446638
8110.063820265341
8434.292234481098
8477.231070445523
7942.224130579478
7960.279992155646
7956.620304567726
8182.563133723203
8039.871413669239
8157.583691607112
8056.214584092568
8337.256958285097
8083.166157561512
8513.122633445753
8153.704626248811
8055.876682418786
8189.752320305702
8009.366010434339
8339.18008337117
8580.011022827668
8236.85636842129
8850.819462212616
7831.210156136192
8065.284180337457
8106.7907396976825
8148.37398307743
8116.865204682632
8460.133325588486
8710.300785005233
7949.554692422644
7556.087707437003
7689.44578707769
8652.02095889619
8157.603226078406
8725.271902118584
8209.339825138666
7981.989423858948
8138.481943326527
7900.226117673309
7956.645791967166
8721.927998089603
8311.132162004702
8552.318281825745
8175.299331354309
7646.321024702822
7742.0027150047545
8229.213210715921
7502.073065858376
8099.05261632113
8053.9358971772635
7704.929342164968
7666.337127445575
7693.827646779214
7532.857809790012
7648.625107386447
7533.32613559537
7784.146874641422
7697.187127378749
7883.207078604613
7991.545276149992
8042.702459653035
7970.19625167575
8049.47839467763
8021.761677374444
7924.8868044577475
7998.840056941524
7979.234070199588
8003.308921678582
7958.044689842593
8103.672641232601
8003.233890888454
8045.34007063554
8018.805625491305
8177.359110911473
8069.117525306564
7957.557970360607
7880.438929194728
8054.664514888816
7836.1646698225395
8219.414946634612
8210.580193949661
7511.8249999849595
7767.556425891746
7623.506322316073
7779.326499933731
7862.947002873201
7997.929108657475
8162.642296117285
8289.596239514896
7968.527112344082
7633.55364276813
7702.821790624535
7683.49531720069
7860.039827079732
7706.665734632102
8137.149908970909
8192.304951163316
7675.597177853805
8045.596537640113
7733.009072327628
7876.701041847734
8036.999277653952
8140.624731798557
8010.9541508395505
8064.764885713479
7644.313612239739
7908.022441402606
8091.982760830605
7745.753134575672
8074.980804814515
8078.054072514671
7947.131972184394
7629.068844045172
7986.818698180757
7797.735999236017
7652.685826388543
7810.781589410197
7597.601472812431
7627.997239740814
7545.5388208983495
8347.732032988697
8352.371808776768
8336.064991260577
8352.876899232228
8343.671812816514
8335.07092290893
8361.042488593135
8427.772461869099
8400.100969292973
8317.914057591028
8476.02405693829
8322.39153250495
8347.382618632984
8423.775995439995
8391.700859326587
8360.581443820678
8239.346971345649
8245.445966593785
8245.210146637379
8244.537053115497
8265.741817672342
8269.177164792256
8202.920453277025
8189.319754799712
8356.52069911225
8129.265001294171
8115.270394584137
8107.603341272627
8120.425379231996
8152.109637445565
8158.067022313374
8355.020818413523
8466.839628000262
8443.099290090684
8178.440729455038
8386.950560396792
8072.690799412191
8021.912166059814
8019.45190034464
7976.980359243313
7995.2681004494125
7973.672117737379
8055.273913012336
7969.51677135079
8048.918590624073
7903.563474751998
7895.162250287494
7861.853819340999
7953.608057967157
7877.614134819489
7894.362895068015
7903.189683988637
7820.8928591143995
7824.353274203315
7836.557544545934
7800.515141203366
7806.639987772198
7806.071770170789
7807.026537535802
7809.752830900854
7811.248898775122
7704.363489739077
7674.722827595648
7767.295888190788
7693.613322409539
7740.595453362752
7871.291387444904
7859.225987044932
7977.479231390887
7982.345518153677
7930.805793282675
8119.716629810109
7930.346561769364
8006.216881988058
8179.261637257835
8144.65649695662
8209.11282905703
7985.415828423529
7988.003692927027
8025.254288249052
7994.593684381285
8137.577635638678
8232.269202376672
8074.866418284946
8166.781678220498
8053.476783020708
7958.362168724544
7968.977331731575
7999.706162566022
8078.174236006573
8197.798184037907
8194.705745260337
8056.57669584091
8044.935261294434
8042.459487975757
8143.559131585657
8070.826050798196
8169.280480453741
8080.9140873279985
7837.005474189618
7974.141808529777
7845.7483015990665
7896.265716333135
8127.824452196821
8056.477537605577
8104.9509334167
7934.054448389486
7637.838169685771
7817.747124318988
8034.328884731611
7709.15941892719
7909.445531876054
7911.349881793273
7769.057187485086
7471.8048131327305
7749.711219677201
7629.4652157823675
7532.124201230474
7622.7274047244755
7469.95548142804
7545.867672382605
7506.2519409433435
7496.0261628989
7487.003332004224
7630.774815943292
7489.2512601913
7636.3776330816845
8136.817588523918
7235.035532045808
7574.564059610461
7399.546236913355
8015.064043358615
7626.843348669109
7420.556217923362
7308.228157225446
7727.986037855491
7893.885085214294
7911.248303927373
7971.216442430056
8340.006379820023
7682.2479607820915
8521.932583644617
7959.443178478479
8321.576903532337
8020.647512586864
8100.712033439777
8023.112334198828
8125.051928699453
7958.116915078871
7814.921278522185
7856.596205530729
8286.346873642502
8243.123407374569
8006.806759802711
7973.636927698884
7953.878484869864
8018.233256693345
7958.166144777926
8189.428382009752
7896.517973099946
8038.259353623926
7710.753048131812
7906.913654904997
7759.761499344137
8282.065845458388
8099.953773268788
8414.957137177284
7660.519225136296
7656.355422559659
7486.243072453723
8351.355995764143
7552.226644741741
7891.259129288441
8068.058877268476
7530.024700081767
7532.341120356182
7766.099556979883
7717.874934953785
7721.340035111509
7859.191358437416
7711.412996420892
7906.686803284821
7911.097014512168
8038.385539854774
8022.365729247588
8037.362013023456
8019.522631931617
8029.736221774263
8069.376785616428
8105.78658596356
8229.801755484328
8214.231256286193
8102.167120990323
8222.244792594769
8115.584756498803
8169.436586424557
8055.518199190666
8157.374400317748
7987.618077478248
8081.160639409651
8094.366017289339
8073.953333196085
8102.316953010131
8037.980380437355
7905.627305652291
7796.653176843718
7768.747287427153
7896.761642940516
8017.597771749139
7985.009365515033
7943.337580569382
7903.194091414239
7848.8458879833515
7776.906109812662
7882.839446954087
7964.387774805761
7944.103160121168
7820.794557096226
7917.442907737086
7790.277488244979
7754.511430416723
7907.487027112827
7736.225997285528
7856.227672001989
7783.021965538463
7813.27051068001
7714.846131756497
7830.990116503652
7590.148254734866
7728.8650885835805
7582.967006360761
7743.543380673339
7662.78364019574
7609.996120231465
7666.457059107851
7548.057161947837
7620.92808862202
7602.728596597872
7600.062066737926
7580.776856740141
7623.613090261448
7556.909332753804
7585.673506649158
7534.262145011832
7939.540860431748
7874.704179584593
7866.188089375026
7653.869924934849
7803.905782947298
7761.2497425956335
7307.285422745286
7570.611572240166
7456.850215974265
7629.063057340127
7858.762324275777
7352.359369576015
7386.8101352506565
7955.707910106894
7674.752212328096
7869.556837987229
7390.6175889694405
7724.32853571637
7422.82696571943
7897.817073923989
7599.4166866429405
7687.12107013507
8019.675254911511
7808.55634989635
8055.613428045355
7954.891593585541
7753.189308659923
7666.3231697056335
7858.498461396315
7628.947975950262
7464.415853681438
8035.022227031557
8038.264146432985
8043.202684677381
7462.554291537287
7862.296870791798
7337.003425238295
7837.03693571554
8321.640125931654
8046.983046003832
8341.844953104055
8163.645673793324
7238.605073739847
7509.99793005704
7251.551990361553
7973.902450448188
8653.186334886703
8229.786225723676
7326.636693631475
8514.36222980312
7749.104553890002
7580.155587608903
8129.7416093657175
8734.91056732325
8027.944196389974
8361.042012416643
8572.471394224296
8338.256390461207
8679.701838486037
8547.659438491613
8635.98148199568
8537.984520764216
8620.357908780232
8585.377533350833
8753.3462770897
8639.063513143163
8585.75667027864
8724.326061196878
8534.872643941993
8556.031450805795
8478.098546065874
8295.15045945687
8524.535614665143
8465.584003235952
8130.156884777339
8279.814453160056
8116.698173645607
8210.6618769408
8151.273862083315
8237.699311904615
8091.496778851057
8201.223567172592
8104.913012994574
7908.832865094339
8006.979303960111
7805.732573155639
7793.341164259395
7828.770694513542
7920.468908968755
8033.381369846565
8071.871762876867
8019.275967396876
7832.555274028364
7733.576361060964
7785.73483444228
7976.989464056395
7874.511659301911
8023.30568334587
7965.3389902062945
7475.326218464895
7755.89370098732
7444.255623674509
7528.698079796654
8002.846686741933
7957.008290393647
7995.636497649637
7736.935434070128
7184.419897341586
7427.466121282701
7955.8875264710805
7221.283091212006
7787.7520368547675
7833.068801691344
7508.804460986925
7236.337051689554
7598.786427120091
7412.963538327052
7371.425546249857
7461.818612440011
7394.741856402201
7441.409938750708
7480.981678422937
8334.314667936824
8276.24079175701
8313.266028618465
8172.011271313574
8252.289457098806
8231.127513868772
8037.950070474741
8061.216376177135
8042.888356522205
8012.000546186217
8163.129422588207
7975.739300516176
7999.777352685403
8244.173384256614
8146.6267012988665
8215.546743413113
7846.280345024336
7867.817508024957
7881.516754198064
7881.29246685117
8050.525646202343
8131.686293082757
8446.452564105437
8162.625055308534
8630.889736089195
7833.495719409185
7732.624062698861
7671.039455762496
7857.441154103242
8002.158540809275
7978.227696698708
8512.80129962093
8757.586283012955
8601.555093283434
7995.608885736787
8357.472680062367
7908.87995636015
7943.556914116021
7973.624127002803
7731.362581205744
7895.105213944779
7701.118847717411
7976.744737791948
8062.613285306675
8077.644241982914
8047.101361685177
8261.580218212186
7965.617049588239
8161.5508007385
8103.547311050746
8265.12341409218
8328.362719922923
8171.4807489983095
8376.286415075658
8276.264346050983
8126.479501498805
8138.058944128881
8107.682757197913
8166.961344040169
8037.242065448234
8011.091951530106
8032.599002919336
8008.255540681809
8033.202864968302
7749.905392019636
7963.991572673617
7856.041151909777
7413.995945456278
7799.980504925724
7811.001530552222
7376.588966007561
8136.00825699234
7418.584097055929
7868.11849631382
8250.064378816705
8184.420202278384
8237.88354630518
7432.093231320542
7296.583738731081
7778.219670769054
7256.387806325827
8119.883897570721
8192.291927260756
8027.490944341829
8143.264304312382
7886.230354026083
7291.637772637645
7324.40507484888
7569.243639223814
7989.85274347177
8182.101033588777
8118.995683819386
7917.304022867438
7860.684359831991
7903.365591826704
8045.265478972779
7953.923363461486
8193.759917457555
8303.496851191278
7569.677460679892
8064.799550458558
7632.264319630991
7773.031519737467
8136.060177595567
8346.537755515255
8105.438793145146
8384.721190271177
8018.693641536627
8235.490394351198
8272.723255820663
8107.3736605616905
8415.75699272258
8398.114959691433
8438.386020092843
8338.558617811183
8500.96734788491
8539.68976172182
8537.281804795743
8565.939429729806
8541.767537147385
8582.038602823815
8614.272695028947
7530.061516380751
7624.891780382237
7549.976705481498
7812.812497983081
7647.584936927501
7651.517009544804
8003.3417131594415
8076.96294587971
8068.463016356372
7964.888557133068
8067.577741485612
8039.440763078723
8060.2388352312855
8005.393504740126
8036.217313157239
7963.775021546487
8062.405167346903
8053.13973819046
8040.415893966889
8038.9839347459965
7994.421271848438
7913.954124231579
7708.685097497101
7804.442057709258
7701.137200785539
8031.184721883106
8023.848289066288
7996.91254072876
7948.915405093963
7872.94025776355
7779.300379472863
7724.9477815781775
7729.386056319779
7754.160038762209
7727.635880291113
7775.544096376147
7755.373985835587
7843.334713306249
7982.527026246671
7909.322604890054
7968.016392752274
7945.247009174381
7709.372473093849
7760.29067482425
7720.924322799397
7836.555553806968
7913.715195028463
7879.629538808145
7738.260553663609
7900.193541606351
7795.122155796359
7783.598657452591
7838.859425508312
7859.737710175294
7822.508013309067
7834.947188875082
7833.317448138285
7828.679644719925
7828.99984692871
7823.05620712021
7817.066656937614
8784.10763190638
8739.467815549891
8619.589413599908
8576.276470165281
8604.93096298451
8365.131051958808
8341.03370687183
7838.578682567327
7836.67045778746
8372.411631833
7942.0986102343595
8501.756810216437
8019.29379825769
8311.631199469348
7829.237786479419
8203.536547063031
8404.399972933334
8208.514848167091
8277.521785917916
8095.099515117846
7965.107605102034
8041.785416108657
8441.418910395763
8203.847130931437
8510.524152261338
8230.167758163
8344.03381710288
8420.157553408202
8265.818466736886
8032.0622189682335
7997.747706608123
8584.043629764254
8424.832293509084
8587.49913818194
8016.02781878907
8478.159975519102
7957.908279289324
8255.140844660375
8340.072094043333
8552.974090764288
8417.81236141044
8521.776967584552
7964.947175177698
8133.17187950918
8003.504722084573
8291.794169177514
8304.657146201662
8306.458132757882
8074.8219817378
8302.537391790498
8051.650659193512
7993.373759381546
7948.8856397535565
8103.567398790257
7749.129560217243
7774.495105087965
7909.769421918051
7684.4530382567245
7993.019088151248
7833.417133223765
7943.206240194108
8355.96674120208
8336.707871151617
8398.786261565914
8238.239939446265
8380.20447119294
8467.164850217823
8126.538033972736
7885.933226306793
7923.756649353938
8356.681623451004
7878.839129231148
8170.012671090452
7964.958155893823
7986.924255044099
7917.325099429005
8076.499162609049
8072.748398506745
8188.466516856962
7940.078455519444
8235.532670750865
7913.232242992747
8139.939849574949
8391.426253777649
8489.297618461667
8197.713738532542
8073.427827824176
7914.659800246916
7828.434862792303
7857.405338711381
8046.767347974291
8522.398236288514
8316.00971329553
8036.28595280515
8186.087949044663
8663.525861424285
8452.8193357346
8284.118966233915
7967.529907197098
8111.761289446681
7859.752491879755
7973.69587386736
7812.294434460572
8394.141293022112
8188.688466114504
8408.007039496864
8104.698876732991
8249.350740680406
8081.095020229102
8350.274297985683
8150.832081363162
8335.868809167236
8446.915844999843
8380.409653460189
8484.265004307159
8529.671543294837
8660.866114023938
8638.934382336756
8744.712632026978
8614.714800087855
8715.356118820973
8654.499487948326
7878.97866621228
7948.777441858077
7912.271140593525
8067.8287224339065
7950.817322872916
7954.139067723003
8058.864744986797
8210.671067238101
8167.818397366237
7978.2459784493685
8315.042024751616
7987.298435880477
8118.3842932529315
8462.924861953672
8329.036362490566
8505.744515404695
8017.8190487058155
8051.167441754216
8159.585429878708
8098.520846957272
8395.3541184321
8536.384828177635
8469.864537465059
8580.007878260863
8407.532850275471
8241.367038149858
8245.523034685128
8376.5126206874
8584.574096162238
8565.714536146766
8536.20510837916
8435.919938345347
8368.721095813113
8408.351794468217
8460.224261997155
8468.86049698439
8458.039565882047
8672.578831888533
8398.820854212028
8807.158575263633
8445.690245445274
8584.749418207528
8324.133641252625
8396.275399471486
8246.67785954102
8671.685828376949
8529.44778715094
8701.768558412
8186.587572258467
8599.546316868964
8322.505873065325
8138.709487404434
8520.471717233742
8569.36733478416
8332.839622268459
8523.073411097297
8586.86277566588
8489.39871484026
8589.996651092308
8603.46538239402
8626.413215607789
7996.684399015867
7980.1879074727485
8149.886549048353
7880.602735093086
8108.163627253056
8438.989228531413
8004.400912799542
8084.691849411437
8117.493611228305
8393.291121420738
8435.845667964622
8214.641683366926
8233.077123853058
8423.925701621778
8469.741119471542
8394.399593320964
8411.466399505185
8425.813171587351
8413.325592822206
8411.724703078391
8429.351228137846
8336.448106777554
7957.602471518885
8101.128576737995
7930.172429398458
8445.027209680693
8602.464481480712
8678.32356466887
8451.831406187937
8243.56872826337
8166.049432531377
7887.555224137457
7946.012352670669
7877.57721030136
8061.880646412443
7771.606986638074
8150.96357936144
8254.092975708694
8468.446943871797
8606.824986218671
8608.032263793177
8758.757328814469
8039.398814563708
8173.347517985254
7922.2016139858715
8508.432842123144
8608.093344018136
8762.675878091455
8059.883820363534
8758.35057528673
8441.696469692259
8330.031381572564
8755.602532011559
8760.240178513825
8689.07112813093
8811.48448886894
8805.73288648899
8748.268954099467
8746.36602229769
8723.397518486432
8671.63434164186
8509.7815529064
8563.874752982858
8475.30522329604
8581.316823911066
8523.44843822088
8395.173794961065
8395.670093369705
8089.3270755038775
8121.060163484058
8292.045428209438
7787.762290960529
8284.515970456181
8113.557165593535
7475.633131844621
7810.340127578406
7457.26213160851
8093.735842710603
8075.171740203634
8047.005914224844
8050.364767854923
7881.484242886114
7584.5237006235375
7239.014727057763
7295.3513900532525
7404.560561940803
7950.576269043609
7953.4570030156465
7967.340807116753
7947.344256486754
7822.937602530425
7587.550900764392
7430.9618991669595
7493.628494602399
7512.021097833522
7736.780600344591
7639.663749605145
7899.520394584181
7964.98804168691
7903.239781583277
7948.124226682876
7898.282928452396
7913.065057014469
7994.5383655896185
8006.266311422991
8035.065245879799
7959.791606458392
7844.511458856018
7902.078464896302
8026.948794814695
7859.013881078785
7972.48689756249
7982.809913534045
7905.999521256909
7807.584021145659
7914.955745983496
7856.128644399435
7823.694546812831
7859.499852972939
7813.074895552267
7827.21558737819
7815.542430975487
7737.776670889772
7809.849151890751
7811.172775737664
7909.9463475590055
7855.521562275569
7940.533267806878
8024.387336584232
8130.91051771127
8125.793263853102
8049.127977794054
8307.98637728765
8052.895666432435
8127.534723875471
8539.517963616467
8339.061797140937
8620.452438255354
8079.4626932507335
8110.221171735007
8121.8458838372135
8138.943543450472
8321.376233850808
8615.202451133233
8752.322065792516
8782.222863635283
8607.20918689743
8147.980785006918
8133.811051435732
8151.038238873286
8254.132369399711
8445.303441438755
8604.109346854431
8570.958868483063
8517.243288921309
8486.457543591501
8458.052977133912
8417.749020324072
8400.439907490445
8294.772326915854
8177.831340566655
8216.049380078788
8180.304661109939
8186.505506234305
8345.537193666156
8301.511072108158
8327.854029519194
8251.88677725554
8231.371606671
8229.823881275672
8313.889219292367
8229.483370457914
8281.01850665543
8297.456084565572
8255.184720771666
8267.414447783052
8267.206377513114
8259.530155378648
8265.607237275643
8262.421640667526
8270.956387637678
8271.127144218777
8279.560612182284
8131.112964237134
8147.524737200705
8153.60991740184
8147.397081267955
8147.231209326598
8143.284279239955
8115.647620602693
8191.449897318077
8183.180561689959
8011.76349250537
8243.044591568058
8066.184975510861
8160.621878932408
8175.877967155757
8269.366268170137
8203.504602634697
8009.657618826534
7935.029406771804
8122.375286579997
7917.432001183569
8254.614971722382
8271.331401571577
7808.8115991526265
8071.761601461348
7730.402558202077
8017.688001010702
8053.925533202176
8119.075308559449
8203.395000834984
8296.290775916039
8189.318121668226
7810.002506340668
7718.086689481721
7800.816633608561
8111.501491274138
7940.060368455413
8256.713195416183
8227.220480220285
8154.09429319483
8206.131810344552
8193.604735404662
8224.205554466711
8180.809980913672
8199.087582629292
8144.3320651200665
8216.131484455935
8276.747687490346
8289.02509039577
8165.174578007216
8307.952744933815
8194.74382804869
8179.045564256601
8263.819693321218
8286.117813952034
8237.681845465278
8278.274714394818
8280.503717132668
8268.78374464659
8281.593883150272
8273.53688441382
8281.280140422563
8467.528399296812
8347.009860578995
8444.771714857114
8171.493757528982
8346.148432588809
8407.093295187311
8131.332773244002
8145.723776750049
8145.0928390844965
8282.306219527522
8325.413168601528
8219.530993091004
8189.038444456673
8537.838841107538
8301.753377580586
8506.109722891799
8306.487064999084
8319.111567081545
8256.133314633722
8326.397513379221
8278.70979753834
8418.757515232197
8156.283436964964
8390.542754966236
7928.11872086664
8323.218307664552
8330.982370544205
8294.781536632876
8269.221766744433
8329.611003841226
8313.33898466776
7931.999297030077
7855.737948669635
7853.797258062307
8131.125345699639
7884.683386601215
8274.573954597055
8289.273885660832
8299.118134329041
8273.482529222927
8299.458570549805
8288.04343165218
8190.3530736122975
8285.509608146192
8155.900938214619
8301.478066151423
8270.427439404164
8281.339188471326
8263.265476200615
8271.862033944844
8334.613757192472
8336.394164118214
8326.787781037736
8263.051777857067
8373.722266883007
8325.409758012003
8286.983533987152
8350.065672144865
8275.068339125559
8304.115601217496
8286.461761276958
7817.576251036383
7865.376033265441
7828.796581333939
7980.010047573435
7873.244282536287
7885.633416149945
8071.222372586266
8198.800209029027
8139.858889069614
8027.505104808178
8197.561032624166
8079.493786838717
8104.013906699
8191.67632444238
8149.098070263368
8170.366740924987
8193.539851564528
8147.317409468549
8215.852838835344
8134.085931004053
8179.543381306945
8169.619290107951
8072.918843837468
8136.857008454662
8053.752896612121
8220.879195317608
8295.939104639634
8378.889965677448
8299.730397563468
8215.968078905746
8184.518610348999
8078.608323950516
8051.756841608129
8078.2122439193
8228.182818202888
8153.315297772093
8254.918470637338
8267.087322146135
8167.487854363354
8293.434441567795
8173.013123752199
8234.31511042215
8317.557208252794
8280.463049487093
8354.541122750978
8228.674224566821
8086.665694126325
8153.703139510477
8313.88598508891
8093.4862073417
8236.818830263035
8257.201316511566
8162.894761766637
8133.265851367475
8180.836922078256
8132.784933495721
8110.179126856421
8138.632733851336
8094.576013017798
8103.649273904538
8074.582255338819
8009.313721794875
7954.237973732637
8019.569028399542
7797.175443241314
8004.558878865944
7901.795303406476
7563.548070327287
7503.470635838702
7398.580119096599
7482.1054541904905
7765.299164396715
7388.578584579421
7244.871824428134
8220.285356480546
7695.6830134859165
8268.961516750354
7206.946784381814
7303.44875234435
7152.948219753418
7385.784031783119
7614.20882257689
8180.443119226467
8431.35636044904
8623.786951007754
8214.11701536215
7678.566857392684
7600.230778352047
7512.991380446052
7662.53047301771
8031.439631296342
8471.068565774722
8323.983610619143
8183.457213819152
8411.742052559115
8789.089948707744
8608.13874733717
8360.629690908498
8057.401193435215
7977.316715404808
7938.412067071495
7978.374920416639
7969.665108752549
8733.530733336216
8370.215748040902
8844.332694496787
8198.646141554194
8122.082921597983
8243.067621269316
8575.298463667097
8177.8176472226305
8321.924986723077
8370.392807067727
8418.669597237531
8248.457921369147
8376.629271474167
8507.125338800573
8379.317590678476
8477.051760390825
8330.062848780612
8351.708891105738
8301.102965543372
8293.788778389748
8313.056778200053
8316.85527564331
8354.019615146084
8335.793553950469
8370.837170244895
8432.937825941537
8337.704041008887
8362.217732110836
8472.561460452844
8250.8211416751
8480.5337724875
8390.87536199807
8149.799640934232
8244.785634042375
8107.330515601119
8453.632130721018
8444.776567257275
8388.370261455104
8421.516114454203
8246.738410400585
8061.437159923362
7875.807912335005
7911.835922540647
7831.610657487768
8366.591826439377
8383.290985093668
8376.562717581777
8287.157947385831
8079.012803109347
7852.709709326552
7793.34023548397
7837.940349766008
7799.479478701892
7734.307634281008
7746.680302183025
7918.484333197893
8215.344972021894
8318.516472099102
8399.946295450367
8345.551429259003
8402.534792887283
7867.097642581828
8138.816243458512
7896.468347057427
8417.496863077044
8312.327865734651
8488.502940094006
8098.04122988038
8391.999415654833
8339.597455183006
8275.366313816787
8469.390057102573
8276.510615768015
8406.91277685036
8393.15697779237
8323.612182019682
8376.128735999127
8276.558571318741
8320.965383056458
8285.798331519036
7840.621671508401
7872.725242953398
7805.930192521173
8026.873943676404
7845.891366664084
7750.412490118351
8207.289255115404
8252.648354164587
8288.178077610359
7890.319397139945
8115.861043396636
8173.076681500116
8356.545892591832
7795.871415366155
8143.265890337568
7765.3757027621605
8132.777421437296
7929.560311448779
8411.663097222036
7899.609448179973
8222.440038480046
7785.281616512072
7751.03078285608
7458.872003906446
8006.573452681962
8088.365345223036
8135.718317930326
8319.869376938897
8331.584940185403
7897.165802674515
7453.184980908876
7962.900848761135
8024.434389603034
8016.537887316776
7354.29587742407
7888.299893825003
7597.775530605934
8084.0087493785
8267.862104756878
8283.370454562586
8242.043276429078
8224.79242905568
7435.002325848274
7878.642821324707
7396.912433459568
8161.811399776305
8366.137795557517
8194.888689300808
7744.632786265443
8279.451513337346
8060.361918465326
7985.118698865903
8147.824712847317
8371.83126835528
8123.731978837883
8244.543331955634
8318.820691168221
8245.061044849728
8323.538055032372
8322.117244048275
8302.086607511292
8434.9889394589
8584.048670308763
8490.267728279041
8776.054583572834
8556.045290026972
8150.07404374955
7990.925263484613
8006.808548117624
8015.437173063598
8034.945086008739
7950.5687827424335
8159.511261538184
8135.550355228936
8091.512553948541
8044.600452989962
8171.617162904416
8642.394498259457
8896.533552377838
8309.161174015062
8950.450879922866
8172.458278722634
8219.890532131392
8061.330360379829
8164.47426476179
7830.182365803413
8447.008387366468
8378.348637216204
8275.503771443078
8202.318710355545
8151.921603898308
8033.2046750895215
7798.283526210174
7798.232587347949
7805.308048012553
7904.8024495997115
7878.1797792003545
8014.182343316758
8162.286616753697
8297.177524556233
8368.821263759413
8317.407456733908
8390.546107726539
8040.46429635822
8115.687694438628
8124.267954839844
8273.154693195924
8448.39234288004
8467.413910842286
8167.542208367202
8531.283155278952
8162.204117206559
8164.946044998321
8166.275431175392
8170.305135594937
8102.309415200451
8144.796663093998
8086.440183179029
8135.8551576020545
8039.910804243575
8088.349375173727
8056.010162062056
8334.21553984023
8917.557649944467
8555.261669886564
8719.001283112068
8858.242806415936
8633.951640346624
8412.122454786928
7683.6437759682
7748.265576872469
8921.48815233377
8128.279696006049
8547.305593398083
7975.589096535828
8096.180669322755
8261.060259756337
8092.9760122437765
8578.06842097935
8866.006294887913
8188.153804231265
8854.639576045556
8357.773660747867
8155.9198994193375
7871.822183710278
7551.4644464796975
8065.0312591381025
8600.709103463458
8392.409772958963
8160.895832356195
8300.141162762351
8278.685710230156
7660.6657327447065
8097.779434363123
8113.412885552552
8157.8803577166045
7878.078183756718
8134.324672089671
8069.991417571981
8294.94436280959
8366.796917108879
8215.777245332678
8253.2571140959
8099.951395290685
8120.189570040518
8275.548935796827
8127.334811192565
8241.762548622812
8346.733066801793
8164.461461901651
8343.132860236952
8268.108849670618
8253.201293095106
8314.990532820353
8118.435347742087
8465.02002898837
8157.27175691265
8056.298898871992
8210.995104050966
8057.270951807715
8317.182303592708
8164.722093822735
8266.533306570158
8091.737052735081
8148.521979685849
8176.192838779741
8225.19710600791
8216.351417443433
8320.187856779197
8165.12072955915
8077.6107229091895
8037.810076010775
8017.9557689690455
7723.399976012887
8026.074029369357
8016.123490637554
7462.712164867427
7675.486124665093
7561.532210466024
7937.608788806622
7693.669289656794
8036.197520976709
7609.996592086479
7841.625233010366
7716.649635157684
7620.905245159665
7623.974815038723
7569.944305090775
7952.464036470418
8004.56076040957
8058.4848239122875
8053.370930433998
7779.339305895844
7452.967862321592
7555.7705415138535
7668.3585865404475
7680.652946740613
7664.289993529071
7792.796525724672
7744.681025125137
8057.558606738446
8168.581127553753
8234.083372239427
8173.189811231264
8185.314440452434
8018.372497085563
8084.336625443198
8162.813117964176
8137.490462854343
8210.964652930552
8181.864569205299
8201.133320529118
8215.882565222475
8175.35080034217
8191.317426136333
8160.891321447693
8395.480165272627
8148.568077918556
8179.003698885362
8203.484860020353
8150.676110169437
8203.27205497089
8152.27587113353
8133.851423967115
8084.920135337271
8110.652405470015
8138.509404923512
8140.937090762249
8147.641286901865
8222.663882833216
8236.477562142087
8261.668827241214
8294.37488707261
8263.88825367941
8348.573127438036
8302.281749566766
8363.065529785723
8359.874978051828
8402.263251046812
8362.385848717802
8188.17470324957
8133.9733926988365
8231.204070987204
8085.716267500517
8255.172416903311
8238.231472187856
8151.635358350179
8191.073948423195
8075.597019603339
7774.462715011946
7793.491017617957
7849.795534011152
7939.480512172505
8025.823597079047
8071.822664824078
8066.144064636346
8052.079621366413
8054.989602919411
8056.392991405494
8072.64501479373
8008.775975368897
7893.625822805567
7463.066885930018
7723.705545545876
7496.123868760209
7579.998168490876
8121.733070232294
8070.798404808583
8173.5919141686445
7936.105879317001
7711.946794711211
7820.955482108304
8108.88389561548
7750.091426639013
7971.254128561415
7976.639906770455
7829.353737114441
7630.093003138677
7818.568292514926
7686.299000988936
7611.198319066863
7689.29304320036
7584.17678725269
7645.837464557816
7662.5721961921145
8127.918594831618
8159.1557807364325
8167.311603573377
8145.096028341201
8188.443630292143
8139.102574031224
7934.443635847899
7916.666091814214
7921.959880302659
7978.247278553155
8026.3653673689005
7963.060823843144
7991.046592219954
8154.5926025204435
8085.366968475401
8191.291506123349
8117.707118893081
8109.537064664812
8144.216986956286
8125.4180711071895
8179.379094503673
8224.949043362056
8284.95644801538
8263.916296033995
8283.852674226417
8344.617228253259
8345.332551071258
8323.427602138896
8290.142113645363
8275.142309481378
8283.96216087043
8294.285112230047
8288.585096685118
8309.059241218083
8354.955995172975
8366.86500572357
8338.230028867554
8315.446650165268
8319.28440929437
8301.339997113173
8303.544851183844
8295.071882005997
8401.660579172707
8338.114448556953
8418.888547855366
8263.004255081514
8171.737818682434
8196.152120444578
8355.235694114213
8164.533238626312
8281.994586083038
8313.665829932403
8200.202817784822
8060.173509479024
8271.312531640111
8207.27417246144
8165.72143643578
8266.878503077865
8160.451516063681
8249.268379425228
8259.265729292189
8428.059030512037
8528.886698800023
8589.660981535026
8687.141114536375
8632.542872158818
8781.059974683265
8752.603050016241
8747.677930023077
8770.197402336551
8458.79090097055
8636.118165107186
8562.326495830508
8534.021624359822
8499.42382012312
8623.21290582971
8555.370395211303
8124.449367697847
8021.3047683827235
8193.903870646034
8008.208856993323
8163.223432745478
8341.24126534295
8445.4586652555
8402.4662438931
8395.955752206013
7943.103868699675
7984.490329302888
8110.019617239172
8221.912153556283
8196.458876346576
8345.166046030177
8330.050210276902
8345.215202549249
8309.740557193141
8367.56659336666
8488.88415830915
8092.265541323274
8106.023401890296
8084.763852705001
8114.418133062192
8094.603868444978
8088.620284580519
8051.245340022248
8199.516716659953
8099.640086689093
8267.857822310001
8259.685927077422
8259.290439863911
8281.691597764446
8270.055945822014
8303.126328385646
8310.00146374923
8300.832795296194
8070.558545583806
8294.24748905618
8110.159847760552
7938.875400926772
8070.6242021984
7856.4158257834915
7864.392242643443
7801.722456317351
