7892.38405827119
8048.826614257811
8055.3523046922055
8135.271758487321
8017.658178836765
8117.820658019818
8236.32815704006
7803.981013857583
7920.123868790594
8399.67086463602
7942.497376179938
7166.45429574331
8175.924902056692
7887.039924787414
7609.955512678557
7807.56062950904
7512.535213310432
8159.822099710284
8173.443231089648
7691.869109546023
8384.864254077032
8341.490166259666
8042.4919099988265
8318.54966397833
8372.34542363361
8385.044417319252
8506.934106273993
8364.511103226068
7949.9750879847315
8112.787966074385
8172.974036001213
8075.388662104039
7919.142002566345
7891.963151632267
7923.008651791528
7916.3122576796195
7892.414516698135
7732.400023632057
8293.136350765988
8089.838964616705
7613.544621374651
7655.324211547893
7467.991278654806
7858.661229492138
8492.033601739964
8592.88224761972
8401.46712790609
8536.816713933636
7632.168691266197
8040.210647018327
7650.149817833518
7366.88407523813
8596.930035100679
8108.3574577859645
7508.981174661352
8145.105476677405
8058.468752981655
7944.632494482834
7933.739133657511
8283.915250524396
7931.369608012013
8189.515422966254
8489.010665827576
8410.841347882762
7847.315007522957
7543.916103565851
7906.619395444891
7411.695777773287
7921.1795956044225
8174.022120307106
7743.288977348729
7987.579975725159
8458.764854619587
8406.43296677272
8847.164490370466
7885.371235830646
8700.207304266847
8164.050985978818
7771.342206472683
8396.76477417093
8269.397617629933
8227.746822321475
8095.448176876318
8177.491765329271
7975.766633455874
7742.010102510479
7872.660390386891
7912.873675694984
7835.930376614801
7656.776064992937
7804.073024254129
8029.591787500491
7747.278080537642
7886.923073180376
8037.195088342952
7940.779860559607
7680.904807717139
7612.238633642213
7595.985976573125
7482.835125928914
7507.808395317137
8039.5235693578015
7854.755304743907
7954.840587452549
8227.109834848101
8571.953881235144
8702.01829516547
8591.188266133284
8375.050186748937
8298.921877087136
8421.926769357762
8403.526610051451
7486.512007655931
7849.061289657724
7680.098289655253
7417.249371469916
8390.849354228909
8366.168403102243
7896.848823192583
8174.277843277182
8449.055705547467
8144.719631729945
8282.976046892469
8150.014849199165
8090.828146151899
7965.727729873839
7859.349960875415
7978.340268396227
8611.36524977557
9002.763257906734
8888.69634825888
8914.180409939381
8596.161033976712
8463.098081547212
8357.476368029136
8002.52493330876
8198.405839861452
8003.7189875066715
8067.330902255272
7724.926084013692
7705.075343845367
7925.157308893662
8169.454665543052
8235.368240974578
8127.561877581938
8178.933556189693
8206.979916259128
8269.67046394864
8364.97048267937
8514.102812863004
8045.053505474252
8078.152649206478
8388.04855563858
8368.029578904001
8196.214736630884
7895.385706054685
7845.416168675531
7722.042343942971
7734.851706232572
7894.521258491281
7599.755091091321
7481.780092311246
8054.656114046704
8098.6023286108975
7544.356530196429
7547.474092741646
7915.838852874279
7598.06097378241
7994.442179666087
7927.441755798489
8273.819200497266
7762.132495959289
7966.6525869997795
7836.813781408419
7947.505796408592
8431.709630424783
8596.878312538487
8558.898950408842
8523.199715014223
8646.790612704724
8266.380059590347
7836.672745147657
8326.583620943436
8185.007275026418
7644.050434323773
7497.249552615557
7430.224290416522
8007.171990839286
8219.612213826586
8182.804922824438
8091.700503874636
8055.96278711713
7767.755321553199
7749.085860284335
7885.439527183961
8007.151486719123
7830.947076175013
7883.689335637707
7675.414359212864
7618.979688952104
7834.7782604669455
7933.657369357726
7706.390228021432
7628.73302525167
7479.634798575949
7416.29489443922
7637.692327673003
7865.433562788529
8239.98609805221
8410.433748362751
8440.823492817743
8298.728102657835
7894.661108938048
8090.211662551017
7824.216030663062
7983.815506296485
8021.756095163838
7907.543485666061
8069.561087644151
8273.449277360083
7945.385508532685
8236.813773638365
8390.896584690916
8560.05272873257
8016.2982233253115
8038.504091619697
8141.870733561255
8149.372127448527
8174.3512709557
7793.805235203342
8377.382571782353
8412.284315548552
7605.016036933107
7588.718884595716
7354.721022826842
7547.336360597732
8350.369640328172
8215.082004008245
7954.444471251132
8307.809672535122
7996.767997254113
7890.994768261326
7482.686947106794
7664.224308167894
8151.144436399174
7405.547637575613
7688.175382252891
7958.221091321624
7430.501435010018
7694.27819164314
7367.296601112349
8009.664403310966
7637.692327673003
8102.437433292955
8605.439489724056
8203.687563374042
7819.476235478144
8002.091482815147
7981.222755893679
7967.240535355389
7873.593467789271
7477.598863877011
8170.2361461050905
8021.472712717426
7506.477697111686
7789.329815465933
7663.635909634253
7834.901718755689
8285.126834712488
8398.673257654125
8290.244145235845
8588.86745337903
7859.230574169246
8146.7405080754625
8274.491388785884
8082.78167439729
8210.151760236567
8172.191993201156
8320.35711423765
7974.805379040352
8115.922821893828
7855.334334081052
7977.149005981334
7992.869941236973
8343.628423566504
8114.0597929848645
8258.561085337635
8510.917150651801
7951.435727990204
8169.454665543052
8079.923999902996
7664.603786305121
7958.561649401967
8042.515215050784
7675.031165192312
7503.920170389931
7926.45765852897
7916.370652084817
8099.052841970814
7575.684769380288
8283.722896067628
8090.330574933699
7951.076009843954
8622.482988993703
8689.92740668513
8661.968475061827
8790.253711582092
8705.30371448644
8404.556942614505
8218.758351707698
8821.751789054506
8479.189121300229
8211.908113589694
8086.102798910559
8146.820258889767
8326.515032709123
8431.003722617867
8426.136329453197
8355.27872415826
8343.149157141073
7725.460182064092
7937.374532586417
8216.045359772486
8167.455288260994
8481.505411105138
8558.37104288154
8501.699463360877
8557.949825429263
8464.359018832492
8476.905854487479
8279.814671103179
8299.577556976386
8527.683713559207
8474.356920343618
8376.129259962901
8465.678783312136
7896.335497035753
7636.380536583077
7879.714368554729
7868.016221791613
7907.660609803651
7876.969417719543
8347.886585212273
8169.600173905164
8032.487365396652
7750.305190540288
8152.039477193405
8334.947085143942
8605.781938834727
8655.988953774835
8534.1653826777
8527.569493637364
8378.773629543892
8120.534071218919
8131.511340782431
8278.706228537034
8081.622265849378
8054.346466529615
8189.544977027713
8128.572260770591
8099.941224787415
7948.872292629164
8047.123144638347
8194.42027796212
8356.926650186542
8230.56623694083
8229.456655980479
8372.281436675397
7346.652316646651
7653.7075625375055
7522.6778433800955
7408.00490066961
7654.858348202744
7925.321572198616
7642.93282534719
7658.612618085179
7770.258989275754
7985.0263309885995
7604.236464182789
7830.244728651813
7779.520702353722
7816.144415866417
8058.084132055598
8020.659735290228
8694.575713855676
8334.909469053928
8384.825658271062
8415.918454044833
8058.7470778351535
8152.93197714349
8064.758793532329
7872.688175452463
7956.844665205867
7664.712590847234
7754.083993103196
7390.791310931826
8275.634516605467
8351.81423195197
8451.10803633697
8322.317690265929
8364.905775389512
8225.590408342576
8254.91823426712
8387.479525569353
8164.733730986025
8050.607991669454
8200.906517858806
8143.0300742161335
8048.172481663387
7947.6494952030225
8040.857668644492
8146.451240860208
7988.20498401064
8116.940025620684
8179.201568557154
8035.953058225694
7946.192523976947
8107.382232198287
8163.829041204072
8054.519632194158
7789.139438409762
8383.610689642454
8189.926167163233
8149.241758569694
8005.761636814454
8491.815820624122
8318.596199302232
7833.838615786062
8180.410442964283
8250.611470907965
8269.737328677975
8186.195213235783
7540.305364383354
7914.548929803658
7983.1265327558585
7941.307413041839
8233.479188770525
7992.8790912305885
7906.4539573812035
7407.004106182791
7442.263335238789
7212.780701258125
7377.196488314229
7608.890224360582
8653.623645671047
8212.943800891178
7794.804530490497
8081.67765252582
7825.930450342926
7356.701920259112
7198.802814184961
7660.40246394293
8406.701907036302
8170.133413384948
7469.516702785357
8444.106801290538
8204.08646137311
8081.179637287593
7990.201809505398
7926.247028740382
8538.173761894976
8101.427748163707
7805.945196940384
8071.84139552797
8097.621240909599
8577.446838789147
8038.775579166117
8011.843404435005
8244.2639818231
8178.218545896683
7832.578663966132
7856.647081330921
7753.150329345175
7628.419029688882
7875.256268590308
7792.45660638848
7735.191362533898
7586.740556527165
7626.502890802808
7779.132823961182
8067.310265336077
8089.560614965587
8584.919682472544
8614.227676065488
7742.827071222982
7601.046377250863
8249.480262836427
8144.732301481344
7998.126035175467
8031.927248855816
8346.28927251362
8481.501996382402
8217.002493846168
8263.244732577863
7858.359564278215
7629.769788395306
7939.273922033558
7868.476642199469
7982.463752819333
7989.572378311111
8280.430372973016
8554.627437486391
7720.477356335357
8101.451909429955
8448.585081620275
8439.946320535642
8406.31197970057
8342.975599522557
7809.347071427391
7950.505052984747
7971.903180294854
7891.325180159442
7719.510462504462
7861.0573090223115
8198.525485175842
7962.221876493058
8004.5093679306765
8186.591031989208
8477.946588951907
8404.325414415835
8542.946321729034
8414.519290113341
8293.24511210995
8665.543352114357
8041.8819591079055
8376.752970759997
8100.813721620884
7454.4119365240695
