8374.133203162575
8292.935826213314
8418.89813899319
8052.675125074069
8315.82496027033
8264.303183104943
7825.299756445602
7655.691023522213
7668.049778155981
7982.067760302514
7660.3408405159935
7865.9384492305935
7707.563648964858
7636.492669422281
7649.179447489614
7581.400601781237
7943.433115979175
7942.505376610274
7828.852736330625
7913.621797604003
7664.850930272172
7505.820539568791
7686.928635222119
7520.512096779764
7733.170931651049
8003.889319756784
8025.418217123292
7952.7316634562385
7720.431799174313
7478.473098920579
7460.071567848949
7762.712417053794
7743.326349218263
7810.050863335523
7602.332415834068
7847.375469219104
7368.53491017932
7490.326625645372
8038.7808619012185
7834.2677022199605
8037.214086240075
7997.4468721561625
7443.284252288078
7411.65956272777
7530.984610975522
7802.9006104440095
8107.152317926004
8024.318138595238
7525.769960824608
8093.232757010744
7848.654669634983
7861.861300514292
8114.448749426556
8266.765074740531
8175.3665628497565
8328.85860442756
8392.864711704236
8385.878916349524
8425.386830999614
8481.213071214306
8512.406778176774
8522.66404854016
8564.054836180205
8530.364770551396
8414.119399151765
8543.423143610074
8589.33252450496
7948.290471784544
7516.814776300289
7515.268030218902
8533.10305535957
7381.902616199025
7956.105880481937
7489.118952976649
7509.096382910581
7374.057620381834
7520.503755420873
8081.8045682271695
8824.496138616718
7545.222971516587
9179.830902964637
7445.395491252034
7530.811492019999
7709.875930266709
7616.175540745045
7787.674466218772
8876.807142830363
8348.95923778138
7825.487870009981
7610.395815937483
7561.845151019524
7573.935827687956
7709.944751765346
7876.3173137066315
7760.075244791286
7523.963292245311
7577.997994782245
7550.803211726523
7652.20381948411
8597.29921965874
7836.616395597293
8374.805084761228
8077.5403159948
7522.967533719155
7596.60381239725
7531.673829178423
7830.313639688292
8242.079025881167
8026.13362788721
7573.577499621654
8142.945141664104
7775.078725504013
7733.752612695322
8016.960184563398
8122.2494261665215
7983.60764034873
8101.9629249067075
8099.429281571576
8101.381513159015
8090.7874255515535
8107.01081418563
8100.32264832126
7415.329630915781
7428.299567246322
7391.530312201783
7565.016296009642
7442.457095755279
7545.8417488027035
7912.611814382335
7970.604772518421
8001.367245171321
8075.55011364907
8002.8362003999355
8105.119541321465
8075.161434999164
7987.2480809620565
8015.586424419412
7998.560126844224
8243.715164857358
8308.967696932541
8141.676248580607
8319.844984653811
8059.592832791363
8082.723681784093
8483.191383602529
8311.869785026862
8590.273049615182
8243.204242764195
8228.382093300374
8186.2697885367625
8153.225218717839
8237.280866935716
8520.405091181503
8645.687653983565
8557.411680539613
8609.234298631325
8895.064295277823
8730.005000721965
8636.291571018723
8350.255666278954
8199.36659277586
8251.32175323311
8209.111555879446
8226.356222169277
8784.508374638881
8518.963290453332
8704.378658081827
8357.93381456874
8198.184996741535
8312.448842391615
8516.728629586218
8253.725772814654
8357.992500014443
8338.449036322882
8303.287099303881
8208.64541078439
8235.390507842045
8197.98821866328
8166.88518705295
8145.393390266153
8135.500614057702
8098.0849082336745
8066.410356469413
7933.155156904918
7880.850933757545
7849.525001378412
7811.709355358898
7822.652435716571
7701.619668219837
7740.770070164924
7702.510045685317
7733.491263378858
7593.319324962849
7808.687877343541
7705.415641781851
7775.101544817527
7954.353923282232
7845.930275751973
7983.221231555777
7635.214893096177
7463.188499094488
7798.113474651822
7412.320456599117
7903.600227198477
8040.4861763824565
7494.924303543584
7936.830769730976
7376.967341389167
7500.020357012219
7603.92622540436
7797.986045658665
7946.182010458504
8082.104342007792
8126.010886245474
7384.387661813521
7408.249771590952
7381.9034680464865
8079.437324840323
7543.394111783397
8236.435312232612
8086.087320267791
7663.693779995808
7966.45649528077
7702.275935162238
7821.073142563589
8309.17121642483
8185.572993219415
8319.632602583544
8090.09438371227
7861.019520240162
8005.003476586591
8233.846654109557
7907.064281497462
8164.726728844938
8196.193557908506
8125.790192768402
7980.803138362825
8176.055005684431
8163.515528346522
8080.6911102872145
8202.033762919555
8038.235115016646
8119.151828855143
8056.157956786131
9025.91023036836
8901.190901885442
8990.437204619999
8467.115341278968
8857.297587537865
8417.961164335655
8176.035723773371
8683.214243280538
8533.283681630663
7933.878354194398
9021.10259523129
7842.36406382608
8176.902484348032
8256.152591317128
8956.408582888836
8282.422371778424
7553.935527295661
7769.417559250491
7707.887859787288
7897.959814588324
8449.757726709055
8497.143855175114
8233.31737611379
7907.738692787243
8795.54356459721
7940.50584569386
7678.08723183369
7517.401214859084
7892.161326496583
8344.687411122099
8298.924360949179
8546.316563569808
8859.840648405852
8685.585181257286
8096.85866360206
8311.563461646945
8135.281006529436
7803.3993730630655
8146.544267318575
7649.938834155379
8057.739978864555
7839.425443193994
7982.867224711123
7754.670060209162
7962.6893607562815
7686.889969779581
8329.49989818457
8086.651163246085
7780.301280776797
8310.459052475682
7777.86068283317
7772.757952806136
8225.2360190453
8265.621212481607
8290.950528827365
8260.474780179276
8165.712075185225
8247.35261333325
8107.863935355899
8106.668570279168
8025.209169582346
7954.484325015893
8072.701674196885
7929.482901216891
8203.734192661668
8034.374063022719
7886.035659417508
8134.836718371541
8157.745783886519
8121.226214251796
7974.131029601862
8100.263082637315
8026.482350526999
8030.757921916675
8116.567756695896
8053.326316639755
8102.378843267346
7917.936585701824
7925.339899302644
7902.696487550721
7924.323999173357
7969.550807185497
8061.15847939792
8160.012315628415
8132.9752163915155
8046.612756807181
7943.9518501067505
7871.090176848057
7780.041941339707
7848.036016656034
7993.257981456255
8074.73934590011
8010.305813738659
7974.7629327451905
7936.996399965176
8032.311998689075
7905.62746090005
8028.271477319347
7893.4157540080705
7994.52821462624
7745.35815010105
7924.464861379906
7788.146076455662
8046.219844550008
7949.785902436142
8057.804322985645
7782.409966940848
7991.035969836803
7759.845064125703
7999.593986232996
7880.696908425102
7814.554945519121
7857.146239035021
7719.489018430531
7981.650909734186
7684.844330496216
7727.946706637944
7844.375808771642
7686.37231178812
7914.460399318297
7797.84567846744
7871.808757474449
8540.061647748927
8512.508810291794
8592.724255726083
8394.898743342474
8563.991394666062
8722.10641428695
8293.793807114747
7871.961272681064
7968.950524587912
8638.760869987069
7615.0171174994075
8376.447126936491
8077.103023614963
7548.491677234797
7740.144146628147
7652.859115884991
8387.742057864514
8601.804891152398
8138.300081273524
8688.712980634846
7902.995665373799
7840.801128932799
7857.032606366198
7903.628315511266
7832.803441817262
8455.81054848205
8319.6610767307
8146.673023354216
8026.433261488896
8053.840076970672
8105.8882322826685
7891.3544165074445
7763.833914434055
7850.076457337091
8227.781963075191
8011.06120650573
8356.581773327873
8173.4764854600435
8329.30058947702
8046.644082712693
8245.815613415421
8115.5163370413
8530.11269296806
8445.949966568327
8582.295167044103
8111.176446999075
8193.360726714765
7998.761304742451
8626.077054349636
8094.820693402178
8278.288415523253
8406.934518504046
7994.498965790018
8136.001370646512
8070.949115843937
7963.392155037457
8020.905396747875
7969.93042690967
8070.672475435077
8002.633441750329
8041.569892841233
7846.9310385549015
7844.38741224832
7802.392220297729
7895.156157217403
7810.670145867897
7735.1750180580375
7962.217149676252
8239.392000534344
8172.655271790564
7782.701016010343
8389.459999616847
7910.4284466403915
8102.457625482425
8487.830168908207
8306.713766190436
8430.452266455675
7945.283857503892
7883.136202472599
8093.56586107729
7884.445433487553
8253.72958824469
8346.314510857792
8225.193448643648
8324.639672962456
8145.699425486583
8004.574653063199
8053.464918385031
8167.8124970365625
8323.154115548426
8362.774770192023
8303.108477881238
8158.554444366058
8115.019485747042
8134.632022378282
8255.659704057558
8160.7725272970765
8422.589759811877
8584.571991826931
8054.052736229481
8429.491226579039
8099.569838301006
8216.898417539836
8445.42599232789
8771.107004241996
8469.450342712418
8682.393624248627
8061.246264450531
8346.19360023983
8809.716237013134
8146.4056767994225
8843.206680921074
8897.507106794916
8444.036958725455
7992.606528716881
8515.472121564884
8193.864764959912
8024.318988171559
8202.765586287955
7945.495123044276
8010.388710656672
7912.0129960457625
8819.387747841845
8679.81767538839
8678.08082616316
8267.8590611488
8593.83836508744
8318.626542564825
7922.21415951837
7784.233441314451
7916.074233563164
7933.095940581457
7751.88390310659
8208.059213615543
8176.905463596102
7945.409336355118
7770.695224879543
8123.035069166749
8209.577185960989
8019.1180186119855
8005.345163716217
7965.7754955305045
7698.808233394039
8312.49827201844
7986.545853128229
8299.288360954124
8063.577821200745
7787.851010380321
7759.208566063551
7638.091847511825
7682.5482711026825
7909.029638667212
8332.648496115451
8030.6312668003
8234.49702281172
8163.089569440009
8529.703704848387
8194.878312844115
8421.772502798873
8393.034606527284
7780.31904305343
8120.705252039017
7889.988118515
7957.185309336768
8674.655816564482
8640.04430915583
8630.218961043985
8499.569455472953
8319.924474225327
8265.740176230644
8614.582773838756
8312.726845505193
8482.348419512344
8505.08954532327
8205.167684492113
8243.481508455392
8253.601824084684
8069.35068805487
8062.604550446628
8052.828317260537
8087.498896800793
7995.345061671959
8002.9134912016925
8109.387432317915
8112.227617957661
8128.907052900338
8101.26499414622
8123.405491263579
8158.198529655592
8006.122864694258
7734.955808048748
7785.485109300503
8171.1032502780145
7594.474308305718
8076.089038179475
7890.487203380976
7534.37720681273
7674.419968135768
7551.075698696114
8297.659668659038
8403.8543783807
8110.442236289051
8466.357418685451
7857.399317697722
7638.820766385604
7579.4177114206295
7516.036470480588
7773.762763313869
8792.651723647312
8700.752484912802
8454.82567713856
8130.574512340754
7842.06957739616
7655.295646581894
7775.078574528243
7897.247941113431
7881.024715462149
7779.43814272399
7873.615755570681
7862.437939135145
8077.6370208042
8895.055588766281
8361.939829625448
8817.597948528297
8632.3279088059
7905.500159971391
8022.639056419551
7923.6210596997735
8203.35758285706
8515.018342848745
8350.028077483687
7977.82304734747
8445.145254837871
8073.975575671393
8005.477480353351
8152.396637354073
8203.102051032845
8044.471346541851
8044.0079152116095
8027.723098457906
7991.64152625307
8011.047125303536
7947.921559398523
7912.530659775511
8362.951073434268
8497.337304089428
8398.916562969584
8285.026124793538
8477.349244170724
8300.97317846991
7903.322532715302
7937.695533551489
7909.301642471869
8056.186745567349
8056.941837132063
7903.463611663529
7884.251389633381
8020.627248307271
8132.263539554416
8053.424671114605
7961.31071894111
7956.730960898566
7903.794816006669
7912.245785446234
8100.832308583669
8112.441731858194
8174.467590805668
8081.321242947303
8301.250998831147
7989.049959968613
8040.195101780264
7897.6671211200655
7800.81070442038
8010.797224090008
8192.764588221178
8346.399549165044
8269.182504672855
8355.618936759927
8186.261168427133
8369.504739429876
7987.780014528092
7615.161861513514
8043.573803272806
7443.167042233495
8060.196147172041
7827.568905335513
7942.614832062075
7635.372192480328
7897.107050804479
7138.990060859771
7896.781231765764
7295.159267458248
7671.326010920618
7726.6795838719245
7300.192419976431
7439.626536598618
7054.916035027569
7620.254385909791
7153.264124702456
7296.291754099303
7470.799427557715
7299.461201232086
7510.674572941285
7466.583798086484
7520.769850960854
7704.8651441064885
7623.847720230781
7721.080010718789
7459.656738742562
7645.443904182061
7776.285342128887
7424.431790739929
7406.070380508215
7429.060468568083
7728.025415906316
7546.604193461771
7594.993977688836
7538.924074847868
7656.847850438933
7600.93745818825
7683.483838526447
7767.561175957162
7841.542073350715
7707.884524916399
7880.528976648335
7701.969757746674
7722.920231429951
7808.379251726283
7745.809030878771
7829.6603424546565
7867.273218565862
7852.734672358042
7837.7727787147505
7825.335269671731
7797.679014119844
7749.248965286368
7790.379040223939
7846.246194812846
7799.737272763918
7737.383723072185
7734.063874111958
7828.299701908595
7906.337705966788
7831.136541164748
7906.394428878439
7837.460149381912
7868.523300941513
7851.445152067962
7955.487396223457
7882.093981571383
7970.7764895076325
7786.799240259149
7908.280970330058
7984.389062563854
7831.817471953259
8023.049711146896
8048.623423357268
7974.544421039565
7788.659466300908
8029.699340599349
7953.368012983423
7881.635653452038
7985.470458695779
7842.74328893853
7919.597311424502
7880.0190907133765
8545.299430909201
8567.314053186708
8531.578742792084
8475.015439227485
8524.00795179254
8524.110329339357
8220.07996978959
7988.268294186375
8013.734619535665
8515.883241177318
7997.662286945156
8331.418645091693
8109.112989687864
7964.141786061186
8005.921340379684
7911.20189958134
8512.823462536995
8642.89899611225
8283.802079936346
8638.01725685691
8061.507510053828
7836.000695633771
7561.315593357011
7664.026472370577
7439.351019835852
8531.885508704941
8571.234050060673
8519.729196006332
8225.97053936016
7843.848532880392
7510.427458648453
7473.318045968107
7432.987049680144
7469.876635956657
7352.181386483911
7475.017260563865
7554.345607835947
8061.048138267348
8344.822064993845
8457.702710143967
8385.185391262408
8525.328061613047
7478.435717125723
7939.176236790402
7536.384008093761
8310.336353502264
8085.274324895068
8348.186124676728
7904.55784645403
8188.462697726309
8249.403222216803
8207.894685630967
8288.785293155464
7926.843261602505
8298.58592898642
8140.590736566858
8005.245957928554
8159.612023392688
7949.847677464801
8032.700557022307
7986.339284264603
8272.647179572621
8331.405776121635
8358.263231211155
8264.494791271745
8369.519607379965
8370.085077642023
7942.31174687978
7639.892530072884
7643.811936320343
8070.0382420490305
7537.366369660287
7874.081457781941
7617.384684099634
7552.366971290784
7511.355695989513
7529.038499423416
7771.259741542806
7868.601570975315
7629.338875905944
7891.690774932569
7536.634101326594
7505.23027794489
8018.7748046580555
7707.146576112935
8289.464080075672
7666.284767575102
7635.575626117106
7631.104426322692
7634.916004445186
7606.284222232812
7734.00831229993
8324.821453088385
8372.439945989281
8429.066630897709
7973.259378793804
8355.969310559034
7753.709382340935
7724.274832716062
7447.827722084521
7665.278884775632
7444.223454911342
7534.716634431637
7774.30890125162
7743.433205115706
7718.333423279898
7714.501120577874
7226.099086381908
7559.827111436435
7701.82005531923
7359.296906582084
7733.976805449987
7736.478705212254
7642.090260360631
7305.331678076065
7714.291720613577
7584.156161882913
7497.900067053599
7636.8211866598585
7472.953059652065
7561.987961283629
7534.36304615179
7841.053812541852
7773.08941675337
7755.708571750543
7679.599934543692
7709.998046139253
7604.090359181835
7618.318473214772
7860.166631275026
7842.372826722652
7430.941290711994
8030.145088709373
7567.243613489774
7859.2193612542305
8059.456918649147
8079.838008519447
8056.507985006261
7662.0812709381535
7494.471045858178
7972.771710008014
7474.881655328994
8169.878440801214
8040.941739245005
7896.423677498197
7885.227034591722
7905.2166890046365
7797.589862016113
7925.637679148533
8142.697889094069
8253.905551418844
8014.221914327132
7763.562022227273
7836.020504945573
7938.127505863294
7852.355425478457
7568.268532659964
7701.681075111273
7648.63099634178
7961.321145887717
8013.748397475219
8178.239279530362
8078.437493219721
8164.466179269035
7441.121833100706
7640.485015953907
7411.092503292369
7916.137138906169
8084.181207307489
8054.16451380729
7509.384524240888
8084.38906288631
7739.42101260877
7667.213956576561
7927.397319461275
8022.827038724416
7868.285155359528
7979.579814593069
8006.824464565444
7979.533294808667
8006.894517801012
8024.289874282347
8032.730497202402
7448.350412322214
7492.487968411923
7477.814585900531
7550.490991471042
7504.833547102493
7476.488621914297
7574.8939695488925
7749.563691244279
7689.613312815691
7438.864195549096
7970.532151230663
7519.056997295121
7663.595715149029
8165.904990214822
7914.91718825293
8126.188556315591
7635.1205139512795
7545.989936322814
7789.5721673868675
7541.546396082251
7970.414796077461
8082.462655578583
8363.325251493912
8097.686265847156
8812.479662553615
7914.627732356748
7972.821427178082
8082.8676483581785
8191.892065949486
8183.767293539146
8011.105184454633
8756.301197781042
8990.858909548335
8958.625438674939
7939.6332268044725
8408.212288008459
8122.687511961832
8398.818721697426
8208.399633499866
8422.22604888461
8254.443850384429
8327.851645741664
7984.42897474029
8264.762722826807
7916.447367724268
8390.15354220114
8301.514636608046
8367.008522656753
8079.838083826098
8309.711974593834
8261.073710835726
8163.701675832479
8332.296258295237
8163.003573455934
8329.511291332388
8248.95744874547
8117.7065786684925
8262.095773097933
8053.713266497656
8099.360680777753
8014.723047772001
8525.19333184199
8529.993559315813
8503.29005969753
8526.871652241296
8528.812034222163
8483.12826083478
8552.582170286576
8634.548354138196
8612.54182077948
8466.80700268907
8507.258157791099
8480.195344530175
8520.842163487996
8337.184300684146
8481.956059300264
8279.074414661214
8312.777110294955
8263.289398612245
8383.394638892396
8221.654994554701
8460.16041965711
8270.213098074333
7918.619204570164
7970.949793440007
7930.283774398525
8103.281425344361
8110.450938077987
8195.888388147541
8403.130418210143
8407.297243178136
8015.877706599954
7889.05450874845
7966.4731872292905
7917.030574752695
7927.75209150632
7875.595615749771
8286.295861905583
8466.617935512753
8011.668670065942
8177.151826380301
7974.225217429359
7980.8379863134105
8258.528072249816
8448.68013062144
8297.391083686995
8200.269226886176
7882.068251869775
7904.545252850889
8449.780077804355
7840.39430502912
8271.979233828442
8351.678219969783
7873.964443777694
7737.845123560247
7921.336079284526
7612.081496153238
7590.122687862732
7588.943243618756
7606.364350169832
7541.13515011027
7549.741959716811
8400.649988830348
8447.102229840772
8456.926945167785
8267.436595298226
8468.80761724252
8360.408308344642
7906.319027777773
7906.654335580981
7854.752976717302
7927.612603161165
7983.831462979855
7737.118285416313
7747.592451203254
8039.127359943328
7955.471053840312
8048.440105422736
7549.312555468494
7662.062219859828
7659.75079093974
7708.94533420854
7934.591985193073
8063.4124601982985
8269.146618497532
8143.065604910532
8430.212734946172
7670.192103890782
7650.037679604531
7748.786007953784
7974.3901906589335
8086.47476767876
8162.675535953936
8424.066048405833
8507.996325009422
8484.956254737448
8288.267847254114
8475.44382156207
8152.229097274781
8120.930970447174
7737.56654306481
8042.281191011982
7764.9586241838815
7863.147277041368
8202.643947828205
8112.78904909786
8217.362436539004
8078.35573679046
7744.668502699879
7949.643327509078
8104.578683887642
7809.9237042061895
8027.159353548602
8015.533811002246
7921.4242961899035
7645.308915814716
7900.8023193232875
7754.446543007113
7645.059376266877
7741.260143879149
7587.830625976003
7616.815206340642
7557.029146724924
7972.692699149015
7973.8343052822975
7925.884553871023
8051.052207392511
7947.940402107116
7881.564860117122
8295.514354513685
8505.795479935037
8499.313556773992
8124.399900297842
8575.182046076206
8354.371642410619
8508.662146583541
8617.012379976162
8490.231193452106
8528.560985006052
8425.751501174052
8319.909694027549
8475.321491563787
8301.74998092628
8320.078347208237
8267.69194982293
8199.09990413988
8327.79716026859
8207.505328832445
8468.467202871401
8522.393974509778
8495.925274087644
8171.069724645766
7922.79660952772
8047.310591737215
8251.713074836094
8297.95543945865
8347.101380109058
7997.084868488368
8292.536822065817
7794.519829287012
7800.445057983562
8356.41045975772
8120.774219530143
8327.498825371586
8294.918839024102
7856.9417412241
7828.896036846434
7903.664451173975
7928.967563700816
7920.994074735656
7896.328656178671
7926.823335239169
7859.873239876021
7989.204304010724
8035.0950645055345
7835.194880776541
7584.362085937018
7901.314425880377
7611.830844413208
7513.430070603634
7622.519968751901
7525.216485648568
7515.6412693096445
7529.45443553509
7743.783890570097
7757.837173318022
7839.886417208461
7787.509397169266
7849.109430154219
8010.115796765558
7973.251397238602
7886.82165610396
7932.520215603528
8220.32932138334
7879.10801743356
8154.009610259215
8041.401705066931
7829.303858764801
7906.729686589232
7807.0248604433
8424.0912137687
8539.144597272429
8215.432619793683
8582.933158473073
7965.498270616159
7772.538607067077
7782.539403186935
7708.465641024027
7818.915764087683
8674.86229419753
8635.843906829305
8417.463777028488
8080.332774277138
7761.403053283396
7607.608183761503
7751.611249983707
7849.749379270703
7763.177775536604
7482.7069031866395
7606.668250491756
7546.939380722801
7872.028265266234
8416.367855756056
8189.303077346312
8393.002985717147
8349.688967202741
7447.678197672812
7761.232856541573
7470.359011303242
8047.211868091068
8098.348053913445
8131.639172364757
7756.444717715974
8111.563950154769
8014.3483515225325
8007.945338998032
8074.076405627186
7971.988950170358
8078.508156630678
8020.1615370318395
7992.604244428965
8022.736948796454
7996.970938875974
8003.674883877799
8026.2603938788525
7862.800331651441
7844.996401516948
7895.274962155575
7812.412102795515
7875.814149039028
7970.429455193077
7774.5420256482275
7653.252621515068
7639.7257013719845
7920.812013155122
7509.680734915104
7766.55163327698
7588.467861818918
7398.88122587609
7442.484332956341
7338.7693122420715
7739.366130061853
7922.577813078463
7545.256109416698
8012.052218422851
7423.540629306467
7336.210624916173
7457.613752477746
7334.348602968696
7616.883177371415
7905.4471219143925
7803.850502511064
7675.083714443488
7564.191802418828
7484.062685816975
7456.266907310401
7607.709898136578
7693.565372815678
7666.218265331886
7611.30165503652
7658.911877347641
7628.299124570289
7686.6019114858445
7857.94849683407
7751.26840305877
7831.382783900089
7799.166607182884
7721.963173869644
7770.567692159112
7757.4858714768425
7816.131433487355
7795.669215616276
7829.734409661464
7803.324405172834
7812.702790104074
7839.945977404763
7841.053226727703
7849.368936060104
7776.516380277075
7848.937548826083
7826.947883619957
7800.640761623189
7821.161644082568
7785.484349036897
7793.57489201534
7780.993276362657
7325.34029802218
7431.555340077732
7307.369228731367
7582.147083924049
7400.83284778493
7306.993594132786
7675.842487805778
7919.30705224166
7913.303425483555
7370.445708885808
8243.589792062865
7591.759007251488
7901.259286290613
8344.840883061257
8310.501530164052
8407.907815689843
7447.012130535535
7244.489564873125
7800.522568336904
7194.017385303113
8257.80924429816
8502.603800637735
8054.7769182884285
8294.978001390602
7936.512545084316
7247.026938176951
7330.016289834923
7603.752168550766
8026.4095523621745
8444.50983129882
8393.732280603825
7963.811486724462
7879.424801799168
7910.65442584313
8200.985794822349
7976.637619300053
8369.527603255068
8118.211780216391
7382.968441206733
7747.827766081486
7391.079407431797
7477.909715966518
8160.395245562207
8066.6656976988415
8030.330730233985
7828.117726092799
7556.071766090194
7615.785220541939
7971.82139412667
7541.9291902810355
7858.905094526081
7861.531472084485
7728.366347464174
7706.980061312914
7782.2737436308535
7746.448937163077
7753.206603129431
7772.58786386709
7765.5457341166375
7777.693036706429
7778.178040191167
7712.5173616246275
7719.757269530039
7683.527271956006
7688.398344013728
7703.199462358946
7664.064734845162
7667.5275168724365
7641.688807884615
7656.399764972388
7727.035224974162
7667.3112437578275
7721.153239534217
7698.314859910343
7654.329466056111
7675.431480744848
7648.879077801725
7775.258107696548
7771.3661284659665
7748.941336157277
7761.082625900226
7688.055750811759
7629.00866350351
8048.392130515888
7761.037263386487
8268.792316931034
7814.587817641749
7818.460622239499
7788.393179744035
7704.382098943319
7599.750159109253
7703.287982802338
8204.583118006141
8339.086024112583
8266.626869217233
7847.881262964585
8127.2235978246
7604.024011030773
7594.259824402137
7841.453705569758
7723.563742379683
7841.228869767465
7810.188394888597
7692.959823343738
7547.351355322639
7732.448146454786
7617.912598207976
7843.545510638491
7742.053829380156
7586.024789503397
7817.206647488422
7549.013600045595
7543.05333328682
7648.190203980816
7819.478190773079
7580.923431669866
7699.793737478881
7768.869973852377
7672.580517038118
7787.999643528776
7751.6923457531775
7775.187728804741
8495.347954948851
8517.322486308845
8468.72417325177
8591.222759324015
8504.958126542655
8446.404442259198
8924.692172094417
9221.923084197862
9365.7328637189
8571.056792358791
9102.467743229428
8895.872361798745
9423.652158908028
8618.459448413945
9227.10649127892
8610.321390191282
8575.548289193594
8354.263858061835
8955.236573452148
8259.235194641262
9035.079712028924
8587.414994102017
8123.517738719229
8269.008063551775
8088.618875623047
8038.76151804617
8069.390049896545
8186.456157507807
8445.380927194383
8441.714218668312
8265.317141259115
8088.737360502079
8097.251980652113
8091.927576462733
8167.248212402668
8109.65225378533
8190.830960962225
8127.184917124524
7837.832350488061
7950.623619910095
7823.151014891935
7836.633505068068
8098.324432020862
7966.606992867208
8046.996446734926
7828.893782492435
7610.490924918651
7717.701828142151
7868.572710882917
7640.507254164321
7735.048612041022
7685.410262481794
7650.1414736932975
7374.390596525034
7622.626298923175
7559.602680227833
7475.962221140948
7578.420349655769
7438.334428463719
7534.566366717883
7525.436037472872
8222.302149297202
8155.194012626665
8270.982375145586
8075.548845159556
8226.475319897474
8285.29973156851
8223.622437892334
8261.331785161898
8304.431919600976
8092.624801083722
8344.415724346438
8122.54218504878
8256.377521383749
7954.351296822973
8320.989573496341
7885.884310248641
7745.112398022585
7752.727607536166
7748.597220464444
7717.001761034891
7979.811129648963
7905.402962875173
7873.392806597264
7430.296927540345
7860.325926968042
7734.19140462317
7772.812263224162
7736.034665742765
7724.696720393611
7872.556650198997
7676.653696407742
7868.258724466552
7823.455969873726
7847.601080103304
7601.408705774182
7746.285858857955
8013.401045015894
8000.380939926704
7784.120674705253
7999.813902266114
7834.859310086186
7929.4846418997495
7934.156518057886
8172.854270033047
7899.541762268261
8171.147964131403
7713.489562053838
7941.494497988974
8163.4296512221
7771.366065934647
8244.492617311087
8267.271102843804
7996.419909398562
7709.524453810193
8120.493030696262
7857.392888467864
7830.8042008148095
7920.868078976691
7853.838559248095
7914.809011864525
7959.81056046803
7770.228548062434
7744.557888339523
7756.912858649126
7668.987070767111
7728.347242715647
7737.46694467482
7550.178604841898
7544.223931003495
7545.677966608431
7634.559929566036
7619.928285036649
7554.210694114369
7573.098889523032
7740.423167653961
7668.127632110455
7795.395959505093
7675.161283707503
7750.006553377793
7678.074538411616
7816.704477546922
7753.632698364858
7867.297186469066
8131.027931252402
7996.950362931791
8269.868380179994
7915.110446158121
7874.588470072765
7851.549174983806
7871.589743854583
7933.670013937526
8030.5255816497975
8242.96415466071
8331.742445167454
8279.265159055169
8110.138548917711
8198.12491354642
8036.964713701632
7994.475114993061
8028.230732690497
7990.573438760087
8024.5131070299185
8007.76959351786
8062.755053209419
8031.052372934749
8052.5723032923215
8036.03632190906
8108.572861139715
8063.482235753412
8022.431574861142
8091.979879867017
8015.905947574926
7995.0641142182085
8034.67085673179
8120.905811099493
7991.042858056043
8011.416376471434
8042.936115692434
7979.390387901457
8062.260893482176
7996.428699584124
8009.525145405527
8340.205302327959
8273.055066212748
8283.682579397004
8019.543383309225
8243.748120606328
8198.42346474053
7813.60767073483
7556.923851169959
7595.978154650216
8070.171432778547
7551.153323640435
7898.572462328839
7674.912023904717
7639.849409249386
7570.796990185317
7642.2975200750025
7927.661529730189
8029.51088883361
7750.655610536344
8050.320518969132
7617.578642316169
7610.016828734659
8261.85680834806
7890.799176258779
8320.41317337347
8000.864653524485
7929.019310430413
7798.962208808449
7684.86243301054
7593.92631689894
7764.411658917255
8312.833825711527
8258.215821529002
8291.4940708523
7911.824053328081
8281.21126782754
7636.862253306404
7673.802158061459
7989.604755849972
7721.31099538998
7937.992635838182
7820.046007730331
7696.046495069852
7689.903961876524
7712.327276968736
7712.279533071934
7958.904376903728
7721.725483227691
7709.28275187588
7862.669591578366
7750.809766148837
7777.910059704503
7674.007181615303
7971.687605661275
7694.322320891783
7727.438183961388
7878.979382753354
7710.622293610006
7966.172033695344
7864.012645450977
7970.565362054607
8780.04498826049
8364.641419008907
8228.110672384442
7576.612570028968
7892.86741198299
7630.669083041843
7671.9773332505665
7695.612526557434
7782.489558115028
7980.100994618384
7903.081285666082
7963.12299143638
7968.120822171693
8014.81050142675
8003.94482526461
8062.261167405532
8192.135567727997
8299.89570190474
8120.183604549384
8327.15462966015
8145.0414565095125
8124.930880222066
8178.322681630388
8116.26121608749
8360.098259329578
8008.81698003654
8045.131946356811
8157.134673082029
8184.7084617033515
8149.062010606944
8171.659790319527
8362.164987340208
8469.153641701148
8443.74336755248
8280.205696698067
8435.597601988195
8200.300946423284
8127.894155966476
7876.317177551531
8046.157234578336
7899.205054747091
7950.79227326457
8227.39289087749
8093.328337676517
8250.147179698999
7978.928171821691
7714.237696557364
7875.099444393146
8046.1151713982335
7775.105046844914
7856.140485464628
7839.673740761592
7668.275242348545
7652.127792051628
7594.689285384986
7342.389393138914
7351.182319600621
7363.0705084279825
7405.158546539183
7398.291290819058
7483.544958364657
7817.53337188884
7815.215253247559
7843.708767113257
7848.304153469844
7798.260870182033
7739.553923188983
8008.342173002537
8036.542315132047
8011.675297502851
7682.128360306143
7615.145722994866
7946.768374203747
7925.71323209126
7569.908582187218
7468.547018535581
7505.1340524308935
8020.834406231487
7905.3397362499445
8004.384997160729
7897.159375420683
7403.2640497397315
7395.397225967344
7457.536924372716
7489.453574983103
7074.907876975989
8160.409982016738
8234.58708397157
8235.788542578426
7621.013701223243
7373.785928901101
7345.012322034272
7142.376828756118
7205.4915757775925
7144.4047982995535
7432.9289809686215
7240.196504771633
7475.891782979658
7626.30493698696
8270.507118764686
7974.307144387251
8315.791614489874
8325.718960370996
7542.11448656355
7780.065628698193
7587.451938598978
8001.195679630382
8153.131711598171
8147.059059706625
7846.02719295876
8154.242558574913
8020.619274570721
8046.221542210854
8183.3354422204975
7931.848721669699
8155.091386052644
8203.906123142711
8067.682192398048
8209.891929295836
7959.973631619756
8119.618380633418
8013.452638491785
7612.182131336297
7659.859325609598
7753.405264201298
7563.8052537036065
7727.207265762747
7920.378924049743
7607.156415088919
7866.358521518886
7903.6352452670835
7881.5869275109835
8230.176071578904
7878.032123897075
7991.3310961557045
8491.961579955569
8259.872246099025
8408.081947581582
7974.109854071893
7957.909152814808
8044.131597350778
7956.627469692575
8206.414319992253
8238.588887608488
8022.820352209643
8118.038436750397
7891.163698536924
8004.561665658575
8097.305327345459
8280.6898307019
8420.010917885533
8262.50123067761
8018.98914333038
7904.998060599865
7873.019763289926
7923.17592309791
8048.975419792015
8047.161174313528
8148.644490555483
8391.293440977654
7855.398968480062
8556.705683772243
8030.941041114358
8388.852548023113
8224.572539638
8170.3894713338605
8329.751347413094
8062.722532864275
7929.955028853267
7981.016399411067
8195.11646879601
7947.856217693372
7900.054717506576
7916.5783084938585
7773.511024939814
7754.178410435481
7728.999894676567
7660.559158542654
7628.92438971728
7591.917184291293
7612.879003133939
7481.480049212724
7399.874505449466
7566.87694808078
7566.2308962585585
7635.234677456485
7582.927739067669
7619.093408659862
7563.723282334657
7524.764671017638
7676.847139902818
7627.345119298882
7323.458599687279
7850.654080667841
7391.076267225608
7628.727967725062
8048.466525107956
7943.332500826212
8111.033369850167
7795.984413311916
7802.084230325783
7897.507901211355
7858.75598177804
8040.088735518494
8124.29106600961
8109.263386286339
8130.208116271646
8097.899212204335
8206.521481592488
8219.104110478656
8227.108510428343
8224.325529619353
8208.320091983463
8178.753735235208
8121.181536758032
8107.3217771737145
8138.430793632306
8279.490063378296
8222.799256180835
8381.527470079942
8502.304612177673
8496.831575371798
8572.446930758982
8528.398514685634
8565.484725258828
8491.020563753445
8575.620164992188
8495.534657684746
8508.01333534229
8316.827075908135
8381.546038198485
8462.762944079659
8318.040573170574
8320.157726748323
8250.869822227362
8155.5498610033255
8028.173685753792
8058.288152664661
7943.536162919651
7903.7755369624865
7900.959619667861
7892.318671151988
7859.010599719757
7859.884746590553
7266.853792985479
7268.593305542244
7182.886023302336
7300.144967078427
7227.2086298458
7239.808724893264
7203.435189652579
7191.25848514602
7200.27415813713
7347.039298481348
7271.025201725686
7321.7232753063745
7338.800204564173
7391.25924967321
7411.962518460381
7499.061809349796
7600.9232410707355
7582.988802281004
7645.552892133174
7589.288480141227
7689.540372456866
7713.66916320797
7712.402622554229
7721.1734958466395
7771.381974324714
7877.2526418370135
7945.045353889753
8007.320684822849
8024.074200125224
7970.636215906734
7877.405692321476
7781.046315886553
7775.317446954325
7767.394146484451
7850.32046052389
7743.878250947796
8001.466410220702
8157.180651873873
8053.751587506797
8200.090357842573
8107.032573455546
8166.952165112933
7879.348761408718
8029.522368508796
7825.677616649593
8122.425970433772
8156.954097044243
8161.338729708609
7946.030619345401
8170.487018230216
8058.778892226062
8030.805540836003
8138.739832180868
8208.9101596698
8117.829861035408
8149.767197762258
8145.595393326736
8124.868126118163
8132.869958746154
8082.8710376655945
8038.632053822638
8853.466305660713
8877.277172835507
8490.17048111632
8814.067487002916
8545.462036122763
7591.835928663254
8014.950744901332
8230.1298273613
8034.444316933954
7436.988401664342
7973.472197728308
7492.188404336003
7678.771204927198
7906.079827858344
7789.443836638347
7813.449991414901
7453.963339927597
7573.813089865369
7520.89910288758
7679.193069758836
7736.100471091649
7750.206225233646
7888.213902527043
7778.59258528076
8003.342262881076
7859.442061154193
7814.888938685813
7761.016268371885
7819.139450660307
7978.875797032104
7750.136216119445
7949.826649394436
8113.009507478259
8003.984486204428
8135.692341446047
7900.933991315213
8700.257326314437
8390.757853958285
8010.009676001314
8086.097205740447
8007.938585972592
8007.133128179425
8975.0723298517
8419.632050658887
8838.53315799386
8114.905532221148
8063.650999496034
8049.085831938611
8318.302149977762
8052.7292254660915
8093.300671123336
8092.456006836816
8077.733449235086
8174.724022823368
8116.9567761400795
8212.98501583662
8301.745557259372
8257.427701470917
8349.420826309835
8399.783652107717
8466.286927931475
