7603.613754115078
7994.679576426881
7853.936209661844
8029.1613703433395
8145.727792599676
8066.580538598517
7854.277364045164
8087.484597353334
8282.38565011721
8156.0992039171215
8288.489779887259
8302.072800619912
7990.245124238761
7980.3990177849755
8113.37324434602
8375.45912318538
8099.68071494419
7847.883039304871
8302.310561027542
8584.19006497924
8159.897742039793
8231.250475946468
7972.053576142871
7841.347527718546
7871.361403671716
7941.281449421143
7999.369363861853
8098.167997765767
8026.973283797454
8163.409557558005
8474.643935323906
8097.836325708809
7840.135981443279
8273.084377891995
7817.6652019643525
7770.366416034202
8043.3933041352175
8699.906687834593
8069.7757198822455
7992.6237696148255
7995.907208641207
8011.619538151281
8202.086809512786
8542.552476868974
8249.01291919831
8186.054740218343
8475.283366540754
8560.534612522533
8566.897066677819
7982.994934532765
7347.261595206209
7330.857623044066
7229.091471971475
7210.589255549919
8103.96598917987
8204.508948517969
8019.53286228429
7872.207118846543
7775.903305449614
8024.688207655354
7860.337725276042
7824.780314645326
8021.7349213457255
7934.957594132366
7948.419529103673
7966.150574382334
8089.704027364415
7996.869006155735
8137.876190357427
7654.83504968273
7696.178717524848
7430.472247091064
7364.889692633882
7766.831015360832
8093.549650877802
8184.883479503538
7512.208098889273
7979.321490851299
7602.915488160487
7809.054508063675
7848.645714144215
8068.660105018153
8147.529497487667
7934.042376093326
8521.348584892778
8901.229432650274
9139.554018097317
8072.543617252936
8092.627035872164
7726.2418293760375
8180.882380737052
7644.937403889168
7520.364821508253
8026.028956391304
8170.803787685829
8109.434736369756
8210.636723772017
8096.8995177776305
8133.078327585441
8252.807930621766
7972.639466059012
8041.616458644234
8155.353151486342
8165.2864141494965
7890.560619718878
8105.5941720391265
8163.696304711578
7967.530142184735
7923.748882964978
7852.444668399811
7815.953124609392
8267.686737027525
8019.5680008695435
8198.842053041035
8444.934362687065
8155.4543157807575
8434.706458384695
8153.057958313006
8230.199766771251
8311.0437900043
7994.11451735132
8154.024425958145
8365.598366038015
8246.00024235745
8372.361309600534
8354.115619574899
7988.874997639995
7517.542649130859
8113.777146683481
7611.085342962587
8280.184594157718
8013.362932849249
8458.835697208033
7547.191948700041
7761.842849837698
7780.485091859691
7889.685441847769
8209.96337511103
8182.155929643024
8232.304705114551
8223.374112969497
8248.851382117156
7929.4841484757635
8213.22306359134
8425.726361430625
8275.530298869091
8112.66686275665
8191.809550926511
7894.061132802783
8297.814124182569
8350.198980681647
8482.575129097471
8636.266957586693
9094.49611297506
9275.159131938637
9134.41157652876
8240.631954435845
8206.663954273927
8218.209172867544
8183.6923246346405
8069.37037756492
7743.8586919377
7438.077612200633
7789.734618254112
7994.605019090135
8209.746308482998
7964.065616395096
7768.4571363708765
8007.671545192819
8171.196634077368
7820.723999643897
7964.996633003378
8341.41503184674
8246.44413405163
8425.754243272891
8586.218704955247
8170.959932460418
8444.406312409781
8318.29191996138
8174.42979408348
8074.005639656611
8094.926458798141
8074.544943726908
8101.809055438468
8154.3114999781565
7941.905401568097
7892.2893057122255
8708.997475538568
8485.02070591587
8024.21731315866
7727.941252962563
8002.666509464335
7801.158162941943
8248.3326952266
8275.310061047077
7842.344445762115
7989.141500346128
8617.094156861262
7743.041589879259
7545.99216988087
7693.226194983784
8183.733596045309
8430.088145462507
8203.030934937968
8396.10190302899
8222.723657367886
8178.46376371541
8076.563299440924
7812.660196809547
8178.243791627439
8113.673613011038
8206.614888407375
8139.558571529727
8133.182000438941
7916.048897175062
8060.473196852051
8257.053803082426
8037.335238925646
7640.749385213746
7832.92017625432
8442.05347845777
8034.195883582637
7684.95540580429
8047.919555381122
7782.234711236175
8102.280794014201
7975.986613908383
8396.868388230416
8607.294641348937
8533.753463513773
8716.150623247078
8504.783940068912
8028.555919579316
7993.000421524415
8442.554658547762
8133.019978223842
7987.375106154747
8046.50260412403
7954.074873091535
8030.740693202765
8152.347479837796
8230.937416948034
7958.348650265278
7777.461973165561
8069.0832820145515
8466.140382220969
7995.326142275632
7748.366495706722
7985.472071794329
7785.483347440187
7809.909722746533
7852.866335936661
8258.98420599912
7685.832264623716
7852.152230485529
8378.849023707979
7660.605602360301
7912.194579673302
7866.847468598979
8056.648116406935
8314.01271948887
8346.992892536771
8390.435367948909
7728.899861226449
7747.9110731983055
7944.7501956739725
7729.080225156207
7800.448735841397
7587.403385257443
7815.46419001109
8313.364566435774
8135.015650515277
8182.987965791882
8509.282053527364
8244.379860550267
7934.837921706288
8101.2804387949
8279.864093474967
8234.914872876929
8157.114626881526
7883.700735773995
7725.85793053321
8226.208310296128
7959.501928449271
8155.010605117788
8019.357302051405
7710.105691561011
7872.187897067845
7641.180553202945
7553.17213084255
7501.091801450313
7941.115860552874
7812.884181373927
7648.723995846156
7346.762757268035
7561.035834800715
7849.471700025339
7964.188815111707
7916.002771119967
7761.473724866872
7633.936751313834
7462.789292033884
7979.6613616071845
7960.445038722297
8652.990093701172
8735.156026333598
8673.389666025769
8591.645864658025
8306.445214018864
8340.803086240372
8231.864708158988
7993.017235189704
8297.154952785624
7917.314137397227
8332.993006603227
7773.076594842165
7906.639164601083
7982.874891986137
7688.579484728076
7929.6693343842535
8436.819942636563
8195.486073402984
7768.89776697505
7569.571835617473
7842.028481715211
7832.798535435567
7962.241290661945
7877.483346550711
8009.902950112054
8002.012983792168
7874.338063235775
8010.805803514107
8501.759272605159
8482.085591528596
7976.326775608709
8008.846893907777
8285.22393754252
8018.926003522546
8191.973946141221
7856.859668403906
7974.597387391243
8142.275257400667
7880.522058664862
8027.54634023896
8229.74029291793
8080.665347057073
7937.646778931589
7546.932069405383
7716.9462227738
7992.686571360854
7954.173448825313
7656.33855360638
7799.2169358030515
8234.785690158818
7810.409577345258
7640.699932288614
8051.315121484113
7907.003042815081
7859.931742838021
7756.577715572369
8140.062598068969
8250.30541233927
8258.797359469329
8375.853879592678
8299.897908009723
7943.776437869833
7603.487527824312
8381.07569537152
8038.378395703248
7607.891623990343
7699.749781617326
7558.988770981207
7872.452738826549
8181.911821134164
8159.459316244821
8149.8213384103265
7826.064623426423
7954.999551580179
8467.274558465891
7904.082953326902
7717.615273889503
7965.952121078376
8135.056861451013
8170.071411204067
8109.76258172072
8090.414094594858
8220.06495873801
8112.916194912132
8037.471242211386
8112.944323743942
7971.51360012705
7975.988956288367
8126.244270722454
8109.656571902522
8101.5415728297785
8048.049870910428
8100.960188428556
8268.150487842333
7854.143789818094
7732.133039853775
7545.642681385651
7727.411918510058
7588.502916573445
7277.659305525238
7824.145078536471
7683.631534771647
7771.345666036606
8108.747994207782
7704.8214406897505
8143.4187154798
8191.173593220803
7817.638569920656
7769.493851068789
8029.788691400105
7978.490410593624
7136.939359461044
7678.42471586636
8273.043301766596
8080.4669000878885
7943.133672210514
7912.913468008654
7771.6908682482845
8036.553178366275
7994.8231492237655
7738.359858707716
7963.902552052381
8084.96663230646
7595.287798931221
7771.058187903276
8071.359280731361
7949.238755214356
8029.226786216928
7906.915035672997
7978.710741923537
8078.081629576927
7801.335022504323
7977.154552100897
8479.335138762968
8214.061136881082
8036.324892580789
8046.930751419658
8031.185311692327
7760.392318821052
7804.918207311649
7824.348443895292
7725.499800214224
7626.708613850569
7516.303083223376
7839.389534705714
7978.924722984215
8017.5527670793335
8030.156782627448
7775.526695342236
8065.8369565101375
7850.310229375872
7866.460964000651
8145.263369396532
8516.420293785146
8096.76292598549
7899.031275894068
7930.272463134769
7821.412031762864
7862.534855737087
8172.813612494597
8035.540547873886
7920.431097595384
7749.9091700728895
8923.835991034133
8572.355325322013
8246.295936262182
8828.534409126798
8219.813341486966
8028.807345101701
7704.092859926158
8941.533202326023
7909.936375441277
7852.3103716590695
7771.360306352034
7746.689467650687
7811.105250669672
7653.988924042633
7638.3344761603685
7623.519990242315
7543.559192158434
7536.215027544588
7460.967955690533
7484.644389161478
7482.79261431595
7501.745415160542
7607.9107441204205
7722.208499180733
7925.420998073904
7658.182161596019
7518.444057337433
7607.392072559317
8102.611691946803
7544.0962446363
7886.337710066337
7689.602926345202
8022.763418232758
7741.838286542892
7746.728816485456
7812.4483515063575
7932.615496338714
8131.095505009256
7593.452620593188
7937.1685544921165
7747.114539583355
8111.284711370566
7953.419936605479
7699.767304485795
7564.805421711173
7641.7190155160715
7376.179791370363
7674.855825716562
7672.39389061859
7690.157034425532
8368.066591826991
8218.307409467234
8446.777027883638
8367.057969345904
8017.204554103069
8460.146099759691
7951.999805699153
7835.095888526434
7868.064193652654
7710.134108583202
7911.823510124042
7505.024510063091
8386.353166703972
8433.895403456461
7853.381099439916
7893.586785408973
7732.837013613124
7890.6263236275345
8202.798885206932
8665.966365244141
7707.358852797321
8773.824266988457
8527.602217265397
7669.375489479847
7635.868562439745
7721.412504382779
7855.774491303092
8040.355674964632
8661.430279409658
7592.65506077719
7909.075536794141
8577.825135122624
8865.448750208105
7711.993781894466
8118.064165909037
8301.925879589195
8137.582012054448
7756.080833648108
7849.874915019102
7912.785963366148
7511.7741187379415
7742.995934658689
7844.568368589522
7514.865997097421
7740.942266881341
7627.622936456826
7575.018077460008
7746.449840183538
7459.017993875728
7790.373253206674
7927.822092147988
7497.0923702684595
7203.5401914537015
7952.711481880104
8097.314508803732
8307.80606279123
8187.1686531543255
7678.870333122057
7497.260980084842
7958.166143119201
7926.640029710149
7794.865975696619
7730.955857828454
8082.332723995101
8367.508032787382
8210.667509508205
8017.544606577641
7844.692280772827
7517.358718157353
7850.275288962528
7941.208039852919
8350.838321232148
7710.944425598104
7744.333808040565
7749.007264770045
7730.9856278357365
7739.399022336603
7805.371918350954
7780.764474691218
7824.235685988971
7837.1563021053225
7920.666145736165
7805.548086656022
7752.026212057952
7679.060877671887
7611.580564462071
7512.133838011484
7631.221385590174
7689.31231237472
7727.420385777324
7677.181756959491
7311.258629619058
7501.968010273348
7744.1185596199075
7420.63422074847
7490.0211669680675
7958.856343623206
8113.0691017940035
7745.102693647567
8131.325282770257
8097.782036269531
8265.206558569607
7993.788717771477
8254.72275388905
8255.644719365779
8107.175484973239
8389.666263343703
7668.972333521134
8329.37584783976
8008.312393729204
