2.445718431440258e-5
7.195238689859662e-5
0.00020541520024919963
-6.148004171750016e-5
0.00012362466417400325
0.0001381934202340021
0.0002088431832961979
2.35099685856055e-5
-0.00014690389016620148
0.0002286233774499019
0.0002705097716927951
7.986256758020505e-5
0.00015676367266519858
-0.0001819704153988022
2.8459713028596012e-5
0.0001737887564631016
9.627802389670231e-5
-0.00019299232920990533
0.000175335546263998
0.00031140275819600133
-2.5437243803196063e-5
9.513925417249658e-5
0.00012630964119499793
-0.00011308147157839538
1.7592164309396252e-5
0.00013450516529639467
0.00015697458434150297
3.5264398127503316e-5
7.8737509418704e-5
1.4725230364699693e-5
0.00021415361253859788
0.0001232336811865034
-8.755160620059488e-5
8.988096852109717e-5
0.00018556359098369918
0.00039471624818439993
7.302535337300187e-5
-7.618531033280057e-5
0.00011626818677950429
5.831881157990215e-5
0.0003008916789959959
5.85377993259778e-6
0.00024260106229610084
-5.8880602085101263e-5
0.00015872500886830038
0.0002208287356436009
0.0004382376167180041
0.00018672971765590352
0.00018426159658740254
0.00030906576609620456
0.00019426669689009968
-0.00010958297681869927
3.276242505460131e-5
0.0003959164103869012
5.86839489399027e-5
0.00022205739843229877
6.34690137800431e-7
0.00011172878067960273
0.00011641445955149626
-6.478732993100283e-5
-2.5776744731302592e-5
-6.532930045650281e-5
0.0001908481425916958
-0.000355731400508201
0.0004704020213711982
0.00011760160957379612
0.0002070551696611994
-0.0001827865201241008
0.0002985053080148056
0.0003069879810032039
0.00014540401401749725
2.794993253660283e-5
