1 1 1 1 637 505 380 616 598 577 559 540 521 486 470 451 434 415 399 416 453 489 525 561 599 578 506 435 560 542 523 487 471 452 473 508 543 524 507 488
2 1 1 1 53 129 111 58 66 75 87 100 114 127 124 120 119 117 113 99 89 78 69 62 57 65 112 102 74 85 98 108 106 104 91 80 71 82 95 93
3 1 1 1 370 332 505 363 357 352 349 342 336 355 382 404 430 455 478 485 466 448 426 406 387 383 360 460 376 372 369 386 409 437 440 421 402 398 391 417
4 1 1 1 211 332 370 226 242 258 277 294 311 336 342 349 352 357 363 344 320 297 273 252 231 249 319 339 265 282 302 324 327 333 313 290 268 286 305 308
5 1 1 1 538 641 836 552 569 584 597 610 626 674 704 733 762 789 816 811 771 729 688 642 589 606 663 782 619 636 649 695 726 756 741 701 656 669 682 713
6 1 1 1 111 223 211 125 140 155 170 187 204 220 219 216 215 214 212 195 179 166 150 135 122 136 202 197 153 169 186 201 199 198 181 167 152 168 184 182
7 1 1 1 505 332 380 478 455 430 404 382 355 338 345 351 358 367 373 399 415 434 451 470 486 461 364 390 438 414 388 371 375 384 408 425 444 420 393 401
8 1 1 1 270 223 129 262 255 248 241 235 225 207 193 178 165 154 142 145 163 180 200 221 243 238 210 159 229 224 217 196 185 171 176 194 213 208 205 189
9 1 1 1 836 641 843 816 789 762 733 704 674 675 705 734 763 790 817 850 851 852 853 854 855 813 706 818 791 760 735 736 764 792 814 819 815 793 761 794
10 1 1 1 129 223 111 142 154 165 178 193 207 204 187 170 155 140 125 113 117 119 120 124 127 137 188 128 149 161 175 172 157 143 130 132 134 146 160 144
11 1 1 1 843 707 835 833 807 783 767 751 727 728 752 768 784 808 827 844 845 846 847 848 849 828 753 829 805 785 769 766 786 809 830 831 832 810 787 806
12 1 1 1 380 223 270 354 330 306 283 260 240 225 235 241 248 255 262 285 301 316 331 348 366 340 247 276 315 289 267 254 261 269 291 307 323 300 275 284
13 1 1 1 505 641 370 526 545 566 581 602 621 601 562 518 481 446 405 387 406 426 448 466 485 503 579 424 522 544 563 541 499 464 447 465 484 501 520 483
14 1 1 1 835 707 637 827 808 784 768 752 728 698 686 677 668 657 648 671 703 732 759 788 812 803 718 680 780 757 738 709 700 690 712 742 772 754 730 721
15 1 1 1 223 332 211 236 251 266 281 298 312 311 294 277 258 242 226 212 214 215 216 219 220 234 295 227 250 264 280 279 259 244 228 230 232 246 263 245
16 1 1 1 370 641 538 405 446 481 518 562 601 626 610 597 584 569 552 513 492 467 441 418 392 432 586 529 472 510 547 571 557 546 504 479 456 495 532 516
17 1 1 1 505 707 641 533 567 594 624 655 681 699 689 679 670 660 652 621 602 581 566 545 526 551 673 631 585 614 646 665 653 643 611 592 573 604 634 622
18 1 1 1 637 707 505 648 657 668 677 686 698 681 655 624 594 567 533 521 540 559 577 598 616 628 672 550 639 651 661 645 613 583 570 588 609 620 632 603
19 1 1 1 641 707 843 652 660 670 679 689 699 727 751 767 783 807 833 817 790 763 734 705 675 684 719 804 694 702 711 739 758 781 774 744 715 725 731 755
20 1 1 1 380 332 223 373 367 358 351 345 338 312 298 281 266 251 236 240 260 283 306 330 354 350 321 257 341 335 326 304 287 271 278 303 325 318 309 293
21 1 1 1 270 493 380 299 328 361 394 427 458 475 459 443 429 412 397 366 348 331 316 301 285 314 442 379 346 377 410 428 411 396 365 347 329 362 395 378
22 1 1 1 423 493 270 436 445 454 462 474 480 458 427 394 361 328 299 288 310 334 356 381 403 413 450 322 422 431 439 419 385 353 343 368 389 400 407 374
23 1 1 1 380 493 637 397 412 429 443 459 475 511 531 549 574 593 615 599 561 525 489 453 416 433 496 575 449 463 477 514 534 553 537 502 468 482 498 517
24 1 1 1 53 86 129 56 60 64 68 73 79 92 97 103 109 116 121 114 100 87 75 66 58 61 84 107 67 72 77 90 96 101 94 81 70 76 83 88
25 1 1 1 835 667 834 820 798 775 747 722 696 697 723 748 776 799 821 837 838 839 840 841 842 822 724 823 797 777 749 750 778 800 824 825 826 801 779 802
26 1 1 1 493 667 637 515 539 568 590 617 644 664 658 654 650 647 640 615 593 574 549 531 511 535 638 618 564 587 612 635 629 623 600 576 555 582 608 605
27 1 1 1 637 667 835 640 647 650 654 658 664 696 722 747 775 798 820 812 788 759 732 703 671 676 692 795 678 683 685 717 745 770 765 737 708 710 714 740
28 1 1 1 1 86 53 16 24 32 44 51 63 79 73 68 64 60 56 47 40 34 29 20 15 23 59 50 31 41 49 55 54 52 43 37 30 38 48 45
29 1 1 1 834 667 423 821 799 776 748 723 697 633 596 565 528 494 457 491 556 625 687 743 796 773 666 527 746 720 693 630 595 558 591 659 716 691 662 627
30 1 1 1 86 423 270 115 151 192 239 296 359 403 381 356 334 310 288 233 203 174 148 126 105 138 337 253 177 222 274 317 292 272 218 190 162 206 256 237
31 1 1 1 86 270 129 105 126 148 174 203 233 243 221 200 180 163 145 121 116 109 103 97 92 110 209 139 133 158 183 191 173 156 131 123 118 141 164 147
32 1 1 1 423 667 493 457 494 528 565 596 633 644 617 590 568 539 515 480 474 462 454 445 436 469 607 509 500 536 572 580 554 530 497 490 476 512 548 519
33 1 1 1 1 53 2 15 20 29 34 40 47 46 39 33 26 17 9 3 4 5 6 7 8 13 42 11 21 27 35 36 28 22 10 12 14 18 25 19
