1 16.2933103922939 4.02497384664834 0
2 15.7376102161306 4.03446358102899 0
3 15.4987718642113 4.52116984592772 0
4 15.796764024109 4.82540854066395 0
5 14.4986988037371 4.45135725311443 0
6 13.2620987125905 4.03446358102899 0
7 15.0517371087432 5.49471345167151 0
8 13.4982386917439 4.52116984592772 0
9 12.7064511489426 4.02497384664834 0
10 14.496105057764 5.38702665402293 0
11 13.1985597867447 4.82540854066395 0
12 13.9398759749754 5.49471345167151 0
13 14.8855242839233 6.52674854032156 0
14 14.4933013315005 6.39844446460206 0
15 14.1003670419763 6.52674854032156 0
16 14.4905503462193 7.39083646316078 0
17 14.4996834432992 4.09615781618687 0
18 15.3351356949649 5.6723131701353 0
19 13.6554927491915 5.6723131701353 0
20 16.006456537019 4.54166619759111 0
21 14.9504565346548 4.10400767293403 0
22 14.0488668311567 4.10400767293403 0
23 15.0438130102798 4.80529548008963 0
24 13.9516223104081 4.80529548008963 0
25 12.9904403840785 4.54166619759111 0
26 14.4948765667679 5.83019319627823 0
27 14.7622612872465 6.86465437783739 0
28 14.2217566378462 6.86465437783739 0
29 5.03992001541511 2.02177455386279 0
30 5.42361164513307 2.47227565545593 0
31 5.83307584034961 2.45440500382706 0
32 5.78406351226907 2.07727343952017 0
33 6.47956255232338 3.30323209800851 0
34 7.11144505360669 4.49767574562428 0
35 6.63117860132764 2.39353580398295 0
36 7.19706333078196 4.09118999234588 0
37 7.48548363075811 4.95645089227439 0
38 6.95544868093067 2.8953297020594 0
39 7.55555029695579 4.20305758114424 0
40 7.38925884634894 3.30323209800851 0
41 7.26745211407772 2.07727343952017 0
42 7.46986082886843 2.45440500382706 0
43 7.80278173059057 2.71966897933559 0
44 7.97459635382672 2.02177455386279 0
45 6.29890634537804 3.45808027539023 0
46 6.52794648307316 2.08383944921951 0
47 7.67314717154876 3.45808027539023 0
48 5.49731615455576 2.03004859891979 0
49 5.99554148967491 3.08582935437818 0
50 6.61025615374481 3.82348695126206 0
51 6.28724294785554 2.70213251701211 0
52 7.03191165532526 3.59573496597578 0
53 7.55367211014283 4.49767574562428 0
54 7.18084539681921 2.70213251701211 0
55 7.52271624472411 2.03004859891979 0
56 7.89123879183756 2.47227565545593 0
57 12.5105382526022 10.9451128653684 0
58 12.8079473138885 10.3995959582882 0
59 12.7199188439958 9.85458095814505 0
60 12.4220883424559 9.9480713125625 0
61 13.2940166890273 8.92874550940025 0
62 14.1517407859968 7.99665059480834 0
63 12.5271697688515 8.79421033795884 0
64 13.8058776101148 7.91269060360881 0
65 14.4576098092053 7.46339735892043 0
66 12.8769487719483 8.32415841469899 0
67 13.8324836843404 7.42602978028924 0
68 13.1307265413858 7.71494185045628 0
69 12.1558206381795 7.96879259686783 0
70 12.4261165451541 7.67062613606145 0
71 12.5820312111452 7.2066511358238 0
72 11.9837649374571 7.02938747352657 0
73 13.4523442876034 9.15825926223116 0
74 12.2939001430578 8.95502250468374 0
75 13.2056685686035 7.32461593090048 0
76 12.4351630577029 10.3341949082258 0
77 13.204138195371 9.59076747544711 0
78 13.6935523452742 8.71560660680091 0
79 12.8398117762188 9.23013402555466 0
80 13.4326907552444 8.16995936082804 0
81 14.0723611932392 7.40658902939044 0
82 12.6794104678015 8.0378043114326 0
83 12.071604492137 7.63171271013665 0
84 12.365009155565 7.10705219478112 0
85 10.032382398756 8.01449541879213 0
86 10.4132098329431 8.46223054446999 0
87 10.675776143262 8.30249946213459 0
88 10.5349383673005 7.83669134816 0
89 11.3433337206902 9.17167485507339 0
90 12.1010432414167 10.4876306346383 0
91 11.1800435730487 7.95787119612942 0
92 12.0397636336943 9.93928445065341 0
93 12.477946014099 10.9491717572037 0
94 11.536815726175 8.4910525995609 0
95 12.3064251519873 9.96247548978407 0
96 11.93812381807 8.86756749015498 0
97 11.504827831198 7.34080123427398 0
98 11.7459613348526 7.75532962856981 0
99 12.0401574477109 7.9831967740894 0
100 11.9511726989539 7.03344636536192 0
101 11.2698839537777 9.43005312594947 0
102 11.0232082347778 7.5964097946188 0
103 12.1684089232534 8.97065062078952 0
104 10.3338302401855 7.87216897905208 0
105 10.964149851085 9.0555142046805 0
106 11.5788645151549 9.79317180156438 0
107 11.0441883350956 8.46741278585084 0
108 11.7888570425653 9.36101523481451 0
109 12.3901861957726 10.3397961257566 0
110 11.6284557341481 8.16868552069245 0
111 11.6581050830933 7.19508687113125 0
112 12.0266276302067 7.63731392766739 0
113 15.0465211670785 13.9744089402756 0
114 15.8012436950172 13.9646846730163 0
115 15.9708328004131 13.4659497657101 0
116 15.4669080135813 13.1541920009938 0
117 17.3569467125222 13.5374877333029 0
118 19.1769105119644 13.9646846730163 0
119 16.2681848772884 12.4683456356909 0
120 18.6988077812778 13.4659497657101 0
121 19.9376483977645 13.9744089402756 0
122 17.0603954045091 12.5786938455183 0
123 19.0098815829548 13.1541920009938 0
124 17.784345367331 12.4683456356909 0
125 16.1638420311599 11.4108044421709 0
126 16.7398363754507 11.5422794732645 0
127 17.2345012641856 11.4108044421709 0
128 16.4253073922985 10.5253611241333 0
129 17.4695237162418 13.9014657032354 0
130 15.8247759319743 12.2863566507246 0
131 18.1151773089255 12.2863566507246 0
132 15.2719682161277 13.4449468594724 0
133 16.8523211164932 13.8934218421645 0
134 18.081750444633 13.8934218421645 0
135 16.5001007295497 13.1748021433417 0
136 17.9894381444891 13.1748021433417 0
137 19.3846801273018 13.4449468594724 0
138 16.9199380831029 12.1245747180012 0
139 16.2235531348226 11.0645474721959 0
140 16.9605982290495 11.0645474721959 0
141 7.53738323395733 5.01847050882861 0
142 7.92011091997228 5.46771611661667 0
143 8.2801366988499 5.38545412630915 0
144 8.20022055805613 4.96807172028361 0
145 8.93371480100727 6.24351744083966 0
146 9.60794432844591 7.49311620678502 0
147 8.97934931278024 5.19578490773315 0
148 9.64412418928225 7.02223911482797 0
149 9.98294684930033 7.95314684724021 0
150 9.31455795044245 5.71182579122708 0
151 9.97170734274286 7.09385586190768 0
152 9.73742955780154 6.10548120175871 0
153 9.51079125858988 4.74298408935228 0
154 9.72623278345696 5.13709030919443 0
155 10.0461208751027 5.3853796291677 0
156 10.1301635883314 4.57316619426269 0
157 8.78913887268713 6.44535857658494 0
158 8.85807705521316 4.86259207378793 0
159 10.0032777436888 6.23683289995865 0
160 7.94229504444367 4.95838604987263 0
161 8.48497664798744 6.07206911791509 0
162 9.09969131205734 6.80972671479897 0
163 8.70544302849594 5.5955917598151 0
164 9.45011173596566 6.48919420877877 0
165 9.99865100003075 7.42601319657712 0
166 9.49493890712752 5.45999758173767 0
167 9.73173175158608 4.65105423713776 0
168 10.1002542986995 5.0932812936739 0
169 14.4588190227632 7.41259006657388 0
170 14.1779678273964 6.89467406541117 0
171 13.8311122346606 6.85241226134567 0
172 13.836774936015 7.24572508807551 0
173 13.3663895115367 5.88787061404703 0
174 12.9466515736288 4.57168588516489 0
175 13.152580896367 6.7966916411627 0
176 12.8360495949041 4.97513764267133 0
177 12.6747198254865 4.04672745006144 0
178 12.926669414736 6.23505577656036 0
179 12.5444314734621 4.80760362322594 0
180 12.599542591361 5.75333544260562 0
181 12.5863224628199 7.02634644361007 0
182 12.4513511696999 6.61034779379831 0
183 12.1957862554986 6.28956497841812 0
184 11.984974151015 6.97858018118002 0
185 13.5333163455634 5.75607195298725 0
186 13.2103244526835 7.12899054938826 0
187 12.3748722010178 5.55283519543983 0
188 14.0740298920992 7.33647563191093 0
189 13.753852068754 6.18200477991849 0
190 13.3054025040644 5.33596458916897 0
191 13.4716825143558 6.53165015446645 0
192 12.928428257996 5.50675243827784 0
193 12.5738673174432 4.50628483510252 0
194 12.7184022269129 6.39949510507101 0
195 12.366677854425 7.03693879730161 0
196 12.0978315335366 6.52973618073948 0
197 10.972059572369 2.01847050882861 0
198 10.5192155195633 2.02548906008053 0
199 10.4169216873687 2.38545412630915 0
200 10.7189387763776 2.61046726009903 0
201 9.58533085001156 2.3338211468141 0
202 8.49381542939498 2.02548906008053 0
203 10.2374295578016 3.10548120175871 0
204 8.7801366988499 2.38545412630915 0
205 8.03738323395736 2.01847050882861 0
206 9.76222280147218 3.02583668504885 0
207 8.59315463475357 2.61046726009903 0
208 9.32773326377601 3.10548120175871 0
209 10.298889441468 3.86876823097635 0
210 9.95343528537049 3.77387529771325 0
211 9.65649390165254 3.86876823097635 0
212 10.1410508652628 4.50784253267429 0
213 9.51817901038229 2.07111775041422 0
214 10.5032777436888 3.23683289995865 0
215 9.12903691751808 3.23683289995865 0
216 10.8362176817255 2.40061310640877 0
217 9.88849185487439 2.07692345789667 0
218 9.15083425799051 2.07692345789667 0
219 10.0990454774596 2.5955917598151 0
220 9.20544302849594 2.5955917598151 0
221 8.36859053502099 2.40061310640877 0
222 9.84600516563357 3.35360003070134 0
223 10.2626876170048 4.11868138384225 0
224 9.82046056046867 4.11868138384225 0
225 19.9739393208692 13.938118017171 0
226 19.964036604391 13.1775585805897 0
227 19.4561494543229 12.708608092665 0
228 19.1386706488217 13.0254029351268 0
229 19.5290002092031 11.365434236622 0
230 19.964036604391 9.80189176364246 0
231 18.4402383739693 11.8124526290526 0
232 19.4561494543229 9.98063311180026 0
233 19.9739393208692 9.046990786485 0
234 18.5526115746082 11.0864776754193 0
235 19.1386706488217 9.48242936575338 0
236 18.4402383739693 10.29629213901 0
237 17.3632903300526 11.282015376304 0
238 17.4971780484958 10.7849378002194 0
239 17.3632903300526 10.2113561432783 0
240 16.4615983154032 10.4890702010287 0
241 19.8996575085589 11.4713319109183 0
242 18.2549097242914 12.1466242353588 0
243 18.2549097242914 9.85622285840756 0
244 19.4347611255015 13.3948658612727 0
245 19.8914660352633 12.0837062515342 0
246 19.8914660352633 10.8542769233944 0
247 19.159659006176 12.0045812816548 0
248 19.159659006176 10.5152438667154 0
249 19.4347611255015 9.28215395009858 0
250 18.0901589447897 10.9543538563144 0
251 17.0106792272492 11.0144664739963 0
252 17.0106792272492 10.2774213797694 0
253 8.01197958778407 2.0402450626914 0
254 7.94282716469639 2.49776471553646 0
255 8.24999752771833 2.83985913013621 0
256 8.5030022886467 2.6877406996192 0
257 8.06489340233494 3.63705324482261 0
258 7.60526048300166 4.52316480570481 0
259 8.86860815912921 3.49901700574166 0
260 7.97720002963186 4.47664411865503 0
261 7.52286686471547 4.974921401103 0
262 8.71767148240285 3.92116638710825 0
263 8.14870493170935 4.81352484124327 0
264 8.71699211012495 4.40871329976722 0
265 9.56634155554567 3.94604167049652 0
266 9.42329611423892 4.22828030154031 0
267 9.4592756322431 4.58843721031194 0
268 10.1156472190896 4.52961708653708 0
269 7.81708535576032 3.52919802580445 0
270 9.03122422676195 3.32067234917816 0
271 8.80218408906683 4.69491317534888 0
272 8.33353383628123 2.43066170532856 0
273 7.8840333445493 3.16275281227485 0
274 7.76109041173532 3.90041040915873 0
275 8.38628842531514 3.29772427682721 0
276 8.2373546838212 4.19132672579088 0
277 7.92226264516381 4.89828885203305 0
278 9.02685056245278 4.05573254771345 0
279 9.78540386172891 4.14872998276204 0
280 9.71169935230622 4.59095703929818 0
281 19.9814672255227 8.94906926503829 0
282 19.9744250141404 8.19267115910264 0
283 19.6132464752047 7.93714558006441 0
284 19.3874748030947 8.38735172290754 0
285 19.665053513844 6.56335829794731 0
286 19.9744250141404 4.81700434215539 0
287 18.8907921275377 7.46789741216189 0
288 19.6132464752047 5.20917059919971 0
289 19.9814672255227 4.05794203435229 0
290 18.9707051326549 6.69470086588847 0
291 19.3874748030947 4.84437815353409 0
292 18.8907921275377 5.95173692211929 0
293 18.1249319931369 7.39001647653539 0
294 18.2201448185101 6.83667645296428 0
295 18.1249319931369 6.31935724350969 0
296 17.4837033178741 6.97598133283791 0
297 19.9286425056294 6.51349794542106 0
298 18.758997631645 7.87994803187931 0
299 18.758997631645 5.58954665492811 0
300 19.5980363929 8.63239117624243 0
301 19.9228172266156 7.12931451614957 0
302 19.9228172266156 5.89988518800977 0
303 19.4024004499493 7.35771031832467 0
304 19.4024004499493 5.86837290338522 0
305 19.5980363929 4.51967926506828 0
306 18.6418368690209 6.75690941051852 0
307 17.874176361879 7.2706422080575 0
308 17.874176361879 6.5335971138306 0
309 12.6362411452533 3.98943777034489 0
310 12.3790333075717 3.69060622383005 0
311 12.033052438277 3.77958078787307 0
312 12.0200841374761 4.07917231419519 0
313 11.6125518195338 3.20264254548646 0
314 11.2538560441469 2.34033949705115 0
315 11.3549542332982 3.97430260043107 0
316 11.1237638176552 2.68839079552719 0
317 11.005930616721 2.03298687807049 0
318 11.154937997349 3.62272315308847 0
319 10.8391401873326 2.66198288644581 0
320 10.8495876187572 3.36783840441403 0
321 10.775962987975 4.34854755053341 0
322 10.6602774156569 4.07681196693129 0
323 10.4190908524229 3.92028385732313 0
324 10.1749219096149 4.52235890191617 0
325 11.7862714814277 3.04317126734106 0
326 11.3971293885634 4.20888641688549 0
327 10.6336928015981 3.29272586610501 0
328 12.2538084131977 4.06573027015829 0
329 11.987328993577 3.29258142540471 0
330 11.5775356099215 2.80080969414879 0
331 11.6876619592368 3.65941507046562 0
332 11.1912360120892 3.06368010448984 0
333 10.8829592789652 2.42064550568863 0
334 10.9381957002631 3.82168837537608 0
335 10.5551010850522 4.43353182081287 0
336 10.3094292142445 4.13871378312211 0
337 14.4898940390802 7.48863454199228 0
338 14.1962926000572 8.03147757665013 0
339 14.4796051037884 8.43935591866545 0
340 14.8995070965803 8.26014183131437 0
341 13.8774959391572 9.3848620936041 0
342 12.8524991279489 10.43442294013 0
343 15.0629748389872 9.22541629001767 0
344 13.3936463376695 10.3812462732017 0
345 12.5428224824771 10.9703500484402 0
346 14.6699880250349 9.7258105544781 0
347 13.4891117546959 10.7821833635876 0
348 14.4594180664529 10.3046847775202 0
349 15.8484135134141 9.76004294552941 0
350 15.5266374031394 10.0943609692749 0
351 15.4222029404484 10.5221844065734 0
352 16.36717232304 10.4559785707095 0
353 13.5766495692748 9.25543101334629 0
354 15.3675038504341 9.01456278700623 0
355 14.4557354248884 10.6449693607895 0
356 14.7725847625081 7.95396681964238 0
357 13.8280053059668 8.82071098738264 0
358 13.3385911560635 9.69587185602884 0
359 14.4737135805419 8.9837462693552 0
360 13.8808346015163 10.0439209340818 0
361 13.1353866269717 10.8815726984778 0
362 15.0453406625392 9.88729595770504 0
363 16.0682096175683 10.0019128860142 0
364 15.7748049541403 10.5265734013697 0
365 19.9548536399731 4.02165111124759 0
366 19.3971939655204 4.02987824972884 0
367 19.0578575326938 4.45182892615461 0
368 19.2930286295319 4.71558908766714 0
369 18.0721998025881 4.39130480126641 0
370 16.9216824619803 4.02987824972884 0
371 18.4097995500496 5.29584391548099 0
372 17.0573243602264 4.45182892615461 0
373 16.3679943966219 4.02165111124759 0
374 17.8764033264745 5.20248469578942 0
375 16.6948243921675 4.71558908766714 0
376 17.2979384162818 5.29584391548099 0
377 18.030485819574 6.19056817764274 0
378 17.6647558759992 6.07933477991918 0
379 17.2453285776269 6.19056817764274 0
380 17.4570897323245 6.93969040973321 0
381 18.1465281903717 4.08336415310396 0
382 18.6565262621606 5.44981423956221 0
383 16.9768833163872 5.44981423956221 0
384 19.5613099936803 4.46959826686863 0
385 18.5956803953828 4.09016959737947 0
386 17.6940906918848 4.09016959737947 0
387 18.5442306832398 4.69815204169837 0
388 17.4520399833681 4.69815204169837 0
389 16.5452938407398 4.46959826686863 0
390 17.7836671023115 5.58668854883167 0
391 17.8374499626593 6.48351611563094 0
392 17.2969453132589 6.48351611563094 0
393 10.1625459870874 4.58766161305482 0
394 10.1449415845292 5.11328478160774 0
395 10.402008926719 5.43958977132902 0
396 10.5810592424033 5.2220709773277 0
397 10.3226830334704 6.36745976280653 0
398 10.0433382858604 7.44601668451096 0
399 10.9174731308503 6.06335239788812 0
400 10.3199003325442 7.32473857696256 0
401 10.0153292480563 7.96764226603234 0
402 10.8356214591741 6.564536926024 0
403 10.4744202222436 7.67041908885565 0
404 10.8718386190773 7.11108493099464 0
405 11.4765351739409 6.43465709618166 0
406 11.3900855241349 6.77756874339778 0
407 11.4443096861411 7.17452897496962 0
408 11.9341195482543 6.98659321260213 0
409 10.1279610089909 6.2926451997374 0
410 11.0264859784666 5.83324269457744 0
411 10.9575477959406 7.41600919737445 0
412 10.4340845388851 4.96545027272598 0
413 10.1507664712333 5.86950414705017 0
414 10.1137622045231 6.71909303470886 0
415 10.5391272422231 5.92741036758852 0
416 10.4943000710612 6.95660699462961 0
417 10.3102971157449 7.80751224237324 0
418 11.0785674701137 6.65787972947122 0
419 11.656756083124 6.62110006770836 0
420 11.6345719586526 7.13043013445241 0
421 12.5465211670785 11.0179580480012 0
422 12.9327211479037 11.467008927392 0
423 13.4708328004131 11.3747597733642 0
424 13.5022376300942 10.9511344198495 0
425 14.0988664675009 12.2342556352943 0
426 14.6205545563773 13.4924090175603 0
427 14.5262651223097 11.1651135376823 0
428 14.8348202908455 13.011544761883 0
429 14.9920847824215 13.9526343864128 0
430 14.8220711493606 11.6833641434589 0
431 15.2737244147809 13.0769185614736 0
432 15.284345367331 12.0748098317079 0
433 15.4353288158467 10.6911354628353 0
434 15.603823865883 11.0878744694374 0
435 15.9706584323595 11.3335310026508 0
436 16.3708710076415 10.5035865702705 0
437 13.8243230277662 12.4433854278451 0
438 14.4699766204499 10.8282763753343 0
439 15.6151773089255 12.2025172015051 0
440 13.1404907632411 10.9472711138481 0
441 13.5230330664778 12.0699348909025 0
442 14.1377477305477 12.8075924877863 0
443 14.0001007295497 11.5790671773659 0
444 14.7447694370194 12.4726696263296 0
445 15.1968467188282 13.4148982605526 0
446 15.1646067905726 11.4224422009891 0
447 15.7799090904097 10.59227181674 0
448 16.1484316375231 11.0344988732761 0
449 14.5257976492599 7.45947836089335 0
450 14.822131273948 7.91373167189171 0
451 15.2288640885608 7.83090650255693 0
452 15.2490108279211 7.40909832124244 0
453 15.7118678627886 8.69847088199053 0
454 16.1177561290083 9.96167773826349 0
455 16.0263683117162 7.6398311137319 0
456 16.2758963879117 9.48591155316639 0
457 16.4030759332197 10.4268223896106 0
458 16.2548385294968 8.16153836678787 0
459 16.6088501918821 9.55854587579087 0
460 16.6082904390119 8.55965379764803 0
461 16.7107547535661 7.18273741156043 0
462 16.8417661370443 7.58113773764716 0
463 17.1216877006934 7.83228385189382 0
464 17.4176530310371 7.01165504286653 0
465 15.5057449791123 8.902301558598 0
466 15.9808478893954 7.30305794366463 0
467 16.859933745009 8.69259629110782 0
468 14.975018131597 7.39909931412159 0
469 15.274364777429 8.52486247077777 0
470 15.7462357532851 9.27073138882548 0
471 15.6314453230214 8.04358910469198 0
472 16.2030724050187 8.94713879304182 0
473 16.5535304856801 9.89419513884114 0
474 16.5120088854767 7.90722789563668 0
475 16.9708648538886 7.09002898263762 0
476 17.2537523529115 7.53717874098541 0
477 16.3280047889157 4.04662495789593 0
478 16.0543343495989 4.57154444731995 0
479 16.2227962244377 4.97299877208233 0
480 16.5529094509023 4.80421616313913 0
481 15.6787757775634 5.88601825293792 0
482 14.8101390998264 6.89453262756623 0
483 16.5751983537868 5.74720116859542 0
484 15.2173256917269 6.85027339075667 0
485 14.5252447428411 7.41248757440837 0
486 16.2321040320497 6.22936344700668 0
487 15.2470486760909 7.24233762798869 0
488 16.016375525025 6.7905573671525 0
489 17.1034136363617 6.27919525311473 0
490 16.8302277402105 6.6005046258469 0
491 16.7087926017359 7.01597671830668 0
492 17.4171001246183 6.96466425638155 0
493 15.4687209395632 5.75567732323926 0
494 16.8229097054598 5.54597205574908 0
495 15.9787190113521 7.12212740969751 0
496 16.4901087062708 4.50406184789761 0
497 15.6999331908402 5.33553774376644 0
498 15.2467930520318 6.18157793451596 0
499 16.1625529936479 5.503447521788 0
500 15.613616550136 6.52834523797661 0
501 14.9742551279863 7.33425264470602 0
502 16.4941801125913 6.3919840289213 0
503 17.2417601787899 6.51797969665993 0
504 16.9701018502779 7.02518231322206 0
505 16.4430655409259 10.4381394660669 0
506 16.9851042413896 10.2071376330989 0
507 17.1104245237004 9.72208338028378 0
508 16.7507651331473 9.59870786618582 0
509 18.1052918878132 9.3758109269999 0
510 19.4091861396419 9.21187020342812 0
511 17.331030501507 8.76418955117188 0
512 19.0693959295276 8.91777869186467 0
513 19.9554065463919 8.99606005152325 0
514 17.8991378239216 8.62687578566963 0
515 19.294990781362 8.55411241616128 0
516 18.4197923367408 8.31717115874126 0
517 17.2636026419586 7.87244584228877 0
518 17.6762942728331 7.81730956476454 0
519 18.0324479714042 7.55677716978914 0
520 17.4576426387433 7.02297211932287 0
521 18.1835522299208 9.66012218077979 0
522 17.0139073559363 8.73617089028683 0
523 18.6586551402039 8.06087856584642 0
524 16.6087156201492 9.90981255601181 0
525 17.7403932543296 9.83507883306881 0
526 18.62325212078 9.47259905241138 0
527 17.492559394739 9.31206417463904 0
528 18.5620594561252 8.87295418504005 0
529 19.562072997291 8.69723784565799 0
530 17.8014958751969 8.2721532772339 0
531 17.3089374873805 7.55279615815607 0
532 17.83821296627 7.33548887747306 0
533 12.643219897836 4.02570774299982 0
534 12.2634390002876 4.11578235701192 0
535 12.1786894104074 4.53648525383472 0
536 12.43264467087 4.73300898066333 0
537 11.4810826043203 4.62981696546184 0
538 10.5647316721421 4.4835839076665 0
539 12.0302381899272 5.37344213364995 0
540 10.8059143877874 4.83371643289294 0
541 10.1819006621976 4.5586288745711 0
542 11.6314501870113 5.37076398994479 0
543 10.6497450270114 5.11903972463414 0
544 11.2672739891506 5.53863799257752 0
545 12.0839994529065 6.2149703358555 0
546 11.7939909852033 6.1716954049617 0
547 11.545220958549 6.3316258434881 0
548 11.9534742233645 6.9575604741184 0
549 11.4239999631094 4.34853816588375 0
550 12.2535867500591 5.47190216352081 0
551 11.1010080702295 5.72145676228475 0
552 12.5303978301721 4.4772779148742 0
553 11.7345989726015 4.28777709969278 0
554 11.1159239900282 4.42173167454593 0
555 11.9126956911516 4.82896037332857 0
556 11.1632294321779 4.99123367823904 0
557 10.4607937368449 4.92538547416626 0
558 11.7026696600686 5.72170304012174 0
559 12.0543620462655 6.50072926051117 0
560 11.6834652810838 6.58103526914864 0
561 11.0360483303807 2.01741964309023 0
562 11.2954180942281 2.31885691682659 0
563 11.752279096408 2.36352400306165 0
564 11.8345582512785 2.14747149025819 0
565 12.1568751950609 2.9212928392034 0
566 12.4205953576529 3.66912364360549 0
567 12.6521674285324 2.43612148238977 0
568 12.6615677170298 3.45471399540753 0
569 12.6663588589129 3.97387053536463 0
570 12.8276507433043 2.75813188082376 0
571 13.0155022014221 3.56466091800757 0
572 13.1575340430734 3.04258567840681 0
573 13.4662741758011 2.34525663716601 0
574 13.5527298532288 2.58176200153082 0
575 13.8231463113533 2.77352033037629 0
576 14.264169477373 2.40870982154511 0
577 11.902234937712 2.98323211015609 0
578 12.6504525709946 2.2503036695317 0
579 13.41388915796 3.16646422031218 0
580 11.5361925460663 2.08300248667398 0
581 11.702965759147 2.73597739550009 0
582 12.1127591428026 3.22774912675601 0
583 12.1623983253001 2.56170601360969 0
584 12.6588242724477 3.15744097958547 0
585 12.9070416802989 3.72808725114364 0
586 13.1453540689189 2.68085300680484 0
587 13.7641168921397 2.35305583202976 0
588 14.0097887629474 2.64787386972052 0
589 13.3234136449938 0.031936012332092 0
590 12.9756899161415 0.338889316106452 0
591 13.1263230751065 0.666460672279688 0
592 13.5051195096226 0.627250809815252 0
593 12.446511288665 1.1836500418587 0
594 11.4003787348995 1.68915604288535 0
595 13.4471701366775 1.30494288106211 0
596 11.8532680840363 1.75765066462557 0
597 11.040887604007 1.98838690460649 0
598 13.0266327955331 1.56435894474454 0
599 11.851731843915 2.04444023756463 0
600 12.7396285746576 1.91140707707915 0
601 13.9830887438496 1.81396169126217 0
602 13.6537188408571 1.97588866309474 0
603 13.4834477684376 2.24222538447245 0
604 14.2690087509993 2.37967708306137 0
605 12.2262851784715 1.03912507630243 0
606 13.7379393987195 1.22235718645852 0
607 12.669085422809 2.138517737239 0
608 13.4621362387875 0.397852923644604 0
609 12.5180189872375 0.796433191739928 0
610 11.9442853007723 1.28820492299585 0
611 13.0134675034416 1.02979435828443 0
612 12.3184433764698 1.62552932426021 0
613 11.5428706802396 2.04293768811426 0
614 13.3013991200886 1.74467631745536 0
615 14.1147494036189 2.01817299577928 0
616 13.770795026313 2.31299103347004 0
617 12.7050689349518 3.98838690460651 0
618 13.2601912754006 3.98397408057611 0
619 13.4693937860001 3.75765066462557 0
620 13.1528763464197 3.61617654435435 0
621 14.4737177778305 3.79011423787576 0
622 15.7357027789407 3.98397408057611 0
623 13.8571488775341 3.30494288106213 0
624 15.4699269584674 3.75765066462557 0
625 16.291928178303 3.98838690460651 0
626 14.4193380433021 3.35501834886338 0
627 15.7510805837841 3.61617654435435 0
628 14.969010011302 3.30494288106213 0
629 13.9605204563509 2.82503595672307 0
630 14.3605559221991 2.88469867074886 0
631 14.745677698298 2.82503595672307 0
632 14.3028795534118 2.42322619078699 0
633 14.4943614486249 3.95528562708293 0
634 13.5629361361342 3.22235718645854 0
635 15.2425790819076 3.22235718645854 0
636 12.9604610778385 3.7481196504235 0
637 14.0431103747043 3.95163536300813 0
638 14.9447000782023 3.95163536300813 0
639 13.9070520567746 3.62552932426021 0
640 14.9992427566463 3.62552932426021 0
641 15.976477230779 3.7481196504235 0
642 14.3935818532458 3.14894135147958 0
643 14.0632081604871 2.66790626900038 0
644 14.6037128098874 2.66790626900038 0
645 5.03387152823101 1.98548363075814 0
646 5.48896932152248 1.97996760072014 0
647 5.70685222817543 1.69706333078196 0
648 5.47708953915105 1.52022068044294 0
649 6.52186310022126 1.7376427973447 0
650 7.51436941169083 1.97996760072014 0
651 6.1175536362099 1.13117860132766 0
652 7.34363721669425 1.69706333078196 0
653 7.96854786664261 1.98548363075814 0
654 6.56718558866005 1.19377293607922 0
655 7.60287368077513 1.52022068044294 0
656 7.02724993023546 1.13117860132766 0
657 6.30119431793364 0.53129494590384 0
658 6.61617722179699 0.60587333843608 0
659 6.94358985774906 0.53129494590384 0
660 6.66424727179301 0.0290327384837401 0
661 6.50465774717885 1.94410703385366 0
662 5.89388404665853 1.02794648307318 0
663 7.26812487282925 1.02794648307318 0
664 5.29242396306197 1.68514956302938 0
665 6.13620918457805 1.93954420376016 0
666 6.87386678146193 1.93954420376016 0
667 6.09220613757439 1.53191165532526 0
668 6.98580858653806 1.53191165532526 0
669 7.76005110976647 1.68514956302938 0
670 6.58865194255421 0.93617668934948 0
671 6.41764623537772 0.33488283625048 0
672 6.85987329191386 0.33488283625048 0
673 19.9767253390561 3.95703154704409 0
674 19.967881272971 3.35106802275009 0
675 19.5142898237126 3.1033074591146 0
676 19.2307511055607 3.43638060053166 0
677 19.5793524650519 2.01049428810623 0
678 19.967881272971 0.650534569192295 0
679 18.6069847674741 2.64121705196395 0
680 19.5142898237126 0.920927474422841 0
681 19.9767253390561 0.0441297624952948 0
682 18.7073447055603 2.03224908255685 0
683 19.2307511055607 0.602001745032902 0
684 18.6069847674741 1.42828865992987 0
685 17.6451679072705 2.48701189537413 0
686 17.7647423525748 2.05576506646256 0
687 17.6451679072705 1.63048450895357 0
688 16.8398713218878 2.07883869046067 0
689 19.9103846275519 2.00223571864587 0
690 18.4414686862241 2.95504269145757 0
691 18.4414686862241 1.12272158989661 0
692 19.495188015238 3.65767878194848 0
693 19.9030688641126 2.49418996310551 0
694 19.9030688641126 1.51064650059367 0
695 19.2494957015375 2.61445849976277 0
696 19.2494957015375 1.42298856781121 0
697 19.495188015238 0.367509253009165 0
698 18.2943305969249 2.04255293242602 0
699 17.330252711791 2.36142272424074 0
700 17.330252711791 1.77178664885922 0
701 14.3328320635671 2.40929047631479 0
702 14.6450468812979 2.64867516569172 0
703 14.9856236309335 2.59387946829955 0
704 14.9504783929315 2.36444780994829 0
705 15.51034763133 3.05307996651302 0
706 16.0178113021895 3.72888854711484 0
707 15.6498410675201 2.47087433833667 0
708 16.0949946672018 3.46683146217625 0
709 16.3218806884583 3.97445119013431 0
710 15.9119095017915 2.74851284420436 0
711 16.3912805585295 3.4981993521478 0
712 16.2664099678165 2.9560456951503 0
713 16.1833450755446 2.20621969242204 0
714 16.3459803685313 2.4192890695242 0
715 16.6187443556566 2.54883064699026 0
716 16.7718859146412 2.09625833355089 0
717 15.3579064484283 3.16869993895804 0
718 15.5686334528738 2.28918581020878 0
719 16.5000587653646 3.02211425083316 0
720 14.7128582729652 2.36564984950859 0
721 15.1112926428056 2.96943606160332 0
722 15.6112581107238 3.36285344660806 0
723 15.3594170882022 2.69957654059183 0
724 15.9650779916027 3.17616451337246 0
725 16.3853528914189 3.68171766108432 0
726 16.1021035868618 2.60425894603571 0
727 16.3961988939499 2.14960717322396 0
728 16.695929091512 2.38546160337657 0
729 16.3632525101553 3.98606428552781 0
730 16.9151387208108 3.98076889669133 0
731 16.9583677087344 3.70918079755068 0
732 16.5381006946335 3.53941185322522 0
733 17.9864987537959 3.74813708545091 0
734 19.3906502243509 3.98076889669133 0
735 17.0141310562181 3.16593145727455 0
736 18.9589008812017 3.70918079755068 0
737 19.9501117535065 3.98606428552781 0
738 17.6130428993799 3.22602201863605 0
739 19.1363049319978 3.53941185322522 0
740 18.125992189986 3.16593145727455 0
741 16.7655644917606 2.59004314806769 0
742 17.2093534100639 2.66163840489864 0
743 17.5507217337076 2.59004314806769 0
744 16.8132577363382 2.10787142894439 0
745 18.1282703122941 3.94634275249951 0
746 16.6593543709662 3.06682862375025 0
747 18.3389973167396 3.06682862375025 0
748 16.4424454630778 3.69774358050821 0
749 17.6743423293817 3.94196243560975 0
750 18.5759320328798 3.94196243560975 0
751 17.2991352349564 3.55063518911225 0
752 18.3913259348281 3.55063518911225 0
753 19.4584616160182 3.69774358050821 0
754 17.4361608302155 2.9787296217755 0
755 16.7530216631709 2.40148752280046 0
756 17.2935263125713 2.40148752280046 0
757 0.0846788205775167 0.01451636924186 0
758 0.85390075669275 0.31485043697062 0
759 1.76713057043857 0.30293666921804 0
760 1.72805346439048 0.05151562634678 0
761 3.04657750553185 0.86882139867234 0
762 4.22956757364 1.66511716374952 0
763 3.55196433554605 0.2623572026553 0
764 4.49510555130327 1.39412666156392 0
765 4.97580605126352 1.97096726151626 0
766 4.1796397165016 0.5968864680396 0
767 5.27102703376393 1.46870505409616 0
768 5.06812482558865 0.86882139867234 0
769 5.02447257952082 0.05151562634678 0
770 5.40443054492483 0.30293666921804 0
771 6.09513181254652 0.47977931955706 0
772 6.60618179482552 0.01451636924186 0
773 2.61644367947152 0.97205351692682 0
774 3.37991080512192 0.05589296614634 0
775 5.67031218207312 0.97205351692682 0
776 1.09958245476838 0.02003239927986 0
777 2.01123491142977 0.72388623625212 0
778 3.24066423956957 1.21565796750804 0
779 2.73051534393598 0.46808834467474 0
780 4.21985275887543 1.06382331065052 0
781 5.21229436594253 1.66511716374952 0
782 4.71629856385525 0.46808834467474 0
783 5.60047154403138 0.02003239927986 0
784 6.33751663825828 0.31485043697062 0
785 19.9283374415833 0.0150970240115344 0
786 18.9183798164023 0.0208336952510544 0
787 18.5045009263191 0.315054135986762 0
788 19.0590323510714 0.498970492339342 0
789 16.6832811361441 0.272851490761512 0
790 14.4174907271393 0.0208336952510544 0
791 17.7324607586231 0.903574254619234 0
792 14.8672009518329 0.315054135986762 0
793 13.4068344673353 0.0150970240115344 0
794 16.7177231454283 0.838476146477611 0
795 14.3350675919068 0.498970492339342 0
796 15.7109134385663 0.903574254619234 0
797 17.4734491527812 1.52745325626001 0
798 16.7549534551813 1.44989172802648 0
799 16.045903508747 1.52745325626001 0
800 16.7914834244149 2.04980595197691 0
801 16.6702062377958 0.0581286847921936 0
802 18.2551587990696 1.01093565760389 0
803 15.201290296468 1.01093565760389 0
804 19.4284133509718 0.327444454449445 0
805 17.4901147432722 0.0628740280894336 0
806 15.8508756390858 0.0628740280894336 0
807 17.6892012192884 0.48681187846173 0
808 15.7034179993691 0.48681187846173 0
809 13.9447974694062 0.327444454449445 0
810 16.7340361146758 1.10637624307654 0
811 17.2634780475248 1.7317218502995 0
812 16.2807512552223 1.7317218502995 0
813 6.7465066974969 0.01451636924186 0
814 7.41561727770254 0.31485043697062 0
815 8.33281834736589 0.30293666921804 0
816 8.37754825560822 0.05151562634678 0
817 9.42363703930774 0.86882139867234 0
818 10.3411951857235 1.66511716374952 0
819 10.1311786013276 0.2623572026553 0
820 10.697063330782 1.39412666156392 0
821 10.9854836307581 1.97096726151626 0
822 10.6473442271551 0.5968864680396 0
823 11.4481253490652 1.46870505409616 0
824 11.4451843593645 0.86882139867234 0
825 11.6739673707386 0.05151562634678 0
826 11.9701183218522 0.30293666921804 0
827 12.6018720393608 0.47977931955706 0
828 13.2680096717449 0.01451636924186 0
829 8.95909250716258 0.97205351692682 0
830 10.0279464830731 0.05589296614634 0
831 12.0129610097642 0.97205351692682 0
832 7.75957165500843 0.02003239927986 0
833 8.43660616601239 0.72388623625212 0
834 9.50211158373355 1.21565796750804 0
835 9.24115256237774 0.46808834467474 0
836 10.5319116553253 1.06382331065052 0
837 11.323921978026 1.66511716374952 0
838 11.226935782297 0.46808834467474 0
839 12.2604607442714 0.02003239927986 0
840 12.8992331592681 0.31485043697062 0
841 6.7077963795186 0.02903273848372 0
842 6.91997048975344 0.33488283625048 0
843 7.52498722945111 0.60587333843608 0
844 7.74053227660482 0.53129494590384 0
845 7.81432153820138 1.13117860132764 0
846 7.82014830760605 1.68514956302938 0
847 8.72401783222694 1.13117860132764 0
848 8.25244722434837 1.69706333078196 0
849 8.01209697436821 1.98548363075812 0
850 8.81141628385476 1.40311353196038 0
851 8.68532522843774 1.94848437365322 0
852 9.1283272962383 1.73764279734468 0
853 9.88320470143953 1.52022068044294 0
854 9.88923221286719 1.69706333078196 0
855 10.1687138302464 1.94848437365322 0
856 10.9467733127798 1.98548363075812 0
857 7.43580377126828 1.02794648307316 0
858 8.810044597439 1.02794648307316 0
859 9.42081829795933 1.94410703385364 0
860 7.36219754628958 0.33488283625048 0
861 7.2802450493544 0.78434203249196 0
862 7.60809287019168 1.27611376374788 0
863 7.99291697657843 0.93617668934948 0
864 8.39007362056229 1.53191165532526 0
865 8.45892072260269 1.97996760072014 0
866 9.28367606952595 1.53191165532526 0
867 10.2877754543105 1.68514956302938 0
868 10.484320812771 1.97996760072014 0
869 13.3654626456382 0.0325166671017664 0
870 13.5201633085179 0.398654219615798 0
871 14.0038279103003 0.67857813904841 0
872 14.1882474558029 0.560789243955478 0
873 14.2071300136782 1.31543716916832 0
874 14.1727764733493 2.01897429175048 0
875 14.9631923501646 1.21840289780559 0
876 14.5312236760509 1.98800612986347 0
877 14.3110577516438 2.38025773783105 0
878 15.0165897478399 1.55473990812513 0
879 14.8732058120051 2.26141655725473 0
880 15.2563096361572 1.94615993302604 0
881 15.899083372643 1.58927200787614 0
882 15.8915804136487 1.81341573108812 0
883 16.1060724946182 2.10318843972848 0
884 16.7501116027179 2.06722559506714 0
885 13.89984237393 1.22459290510438 0
886 15.0419946908663 1.0780072169795 0
887 15.4847949352037 2.17739987791608 0
888 13.8877048977473 0.351483333585277 0
889 13.7877914204278 0.931537511591978 0
890 14.025475353198 1.52166358909908 0
891 14.3693607560154 1.04851789207142 0
892 14.6572923726625 1.76339985124235 0
893 14.6828100079187 2.32558505094887 0
894 15.3999788713221 1.66808225668623 0
895 16.2236586835633 1.75576072943533 0
896 16.3661506289034 2.10954237466424 0
897 0.03629092310465 0.02903273848372 0
898 0.05008099819965 0.33488283625048 0
899 0.7573416730451 0.60587333843608 0
900 1.19944829889265 0.53129494590384 0
901 0.65589300663825 1.13117860132764 0
902 0.05008099819965 1.68514956302938 0
903 2.17205349668085 1.13117860132764 0
904 0.7573416730451 1.69706333078196 0
905 0.03629092310465 1.98548363075812 0
906 2.01556765980195 1.40311353196038 0
907 1.19944829889265 1.94848437365322 0
908 2.17205349668085 1.73764279734468 0
909 3.6717626352404 1.52022068044294 0
910 3.4853166539098 1.69706333078196 0
911 3.6717626352404 1.94848437365322 0
912 4.92741815379065 1.98548363075812 0
913 0.13973241536585 1.02794648307316 0
914 2.43013379231705 1.02794648307316 0
915 2.43013379231705 1.94410703385364 0
916 0.78712609242655 0.33488283625048 0
917 0.1511394905996 0.78434203249196 0
918 0.1511394905996 1.27611376374788 0
919 1.17022086168685 0.93617668934948 0
920 1.17022086168685 1.53191165532526 0
921 0.78712609242655 1.97996760072014 0
922 2.6595582766263 1.53191165532526 0
923 4.1627929093738 1.68514956302938 0
924 4.1627929093738 1.97996760072014 0
