0.0005093158862342004
0.0010419617746537033
0.0008843615709464014
0.0005846903384746985
0.000970207270665803
0.0010561972563828959
0.0007383417332752981
0.00033256226102140046
0.00029386147260299783
0.0005699665689192016
0.0006837224264737013
0.001370245253730605
0.00038064590932659903
0.0012843178105034006
0.0008741930590646999
0.0004547150675114006
0.001209840380642098
0.0007005787308001984
7.677403533319638e-5
0.00043013155386820157
0.0013418508029356957
0.0007435112236048036
0.0012085843027619045
0.0005386519292666994
0.0007546346514823998
0.0009167806167055051
0.00042778735179700017
0.0004990652174415022
0.0006880623908401967
0.00010481875949469588
0.0007923834817717967
0.0011096417401185027
0.0006830534825313997
0.0004382202612763994
0.0008752926858999963
0.00025427414291849526
0.0008503056271140022
0.000736599661575299
0.0008984465274749012
0.0005490578076969982
0.0010176879755627033
0.0008893458776711022
0.0011984879657766026
0.0007754248609401007
0.00038664841601539907
0.0008662005022622016
0.0011272402748768034
0.00025606154956880206
0.0010320591549678043
0.0007639886070629001
0.0005788241925260007
0.0006677084670329986
0.0005760709469769948
6.172476095020474e-5
0.0007914616870582022
0.0004004070344713964
0.0008831818783145012
0.0007001219036678052
0.00019400915925520124
0.0009067095936657957
0.0007110005625119986
0.0012604692633306006
0.0009790489960019022
0.0004098468035979991
0.0008543264363936945
0.0010322986024028022
0.0003447909009663963
0.0010340884123555966
0.0010329135537480993
0.0006856887156481001
0.0006040269618639987
0.0009927448575928963
0.0012236432680570036
0.0002231493136026011
0.00035755193323280116
0.0011838816117960976
0.0005667833139261017
0.0009798246371644018
0.0011777138710529975
0.00042350134268250017
0.0005628391677061015
0.0004983000794546028
0.0003401556498901018
0.001244767345751796
0.0006829678950694001
0.0003101499001297997
0.0008562756421265014
0.002230658335850698
0.0012464567086087966
0.001065675686419
0.0005079159193592045
0.0004556273435256039
0.001111281066900803
0.0007041192024314982
0.0004569200104732954
0.0011853200018936
0.00037285060048519725
0.0010583994884333023
0.0003458039563162055
0.0006917879845491984
0.0009557719674906026
0.0006038949319170997
0.0006065783648265058
0.0011684575015682985
0.0012620739572049983
0.0007021073003787015
0.0010378254703320017
0.00029560076750260317
0.0004676472341679991
0.0006714611333289017
0.0008996563116202977
0.0008455327667582016
0.00048608079102540475
0.0009163044616306987
0.0010755001279925958
0.00023479425329830245
0.001110079914833799
0.00038278015097729934
0.00042775819819430155
0.0001625063170909019
0.0009234948437506982
0.0007115241813207968
4.225775596429504e-5
0.0004958757908198053
0.0013183981806834943
0.001006621001196202
0.001270273768059195
0.00032988339406020417
0.0012374145156638025
0.0009214696595064992
0.0005589292001150006
0.0011559937228234965
0.0006058421694848035
-0.00021775833837330005
0.0008089308393800024
0.0012431571423821008
0.000835099139060505
0.0008484984187236005
0.0009859150793517998
0.0009065330407131977
0.0011779074936328002
0.0012556934854814003
0.0009418775700366019
0.0006768370191271023
0.0006156229148711959
0.0004556075410721977
0.0008012575563125027
0.0008572259595281961
0.0008117232217226059
0.0007214831721776005
0.0005811972884295011
0.000665156567242399
0.0006064674603653009
0.0005651553149468996
0.000910025670321099
0.0008070993388313991
0.0007872682792033001
0.00020946320523980433
0.0012915652420744939
0.0005686529172007002
0.00033565695196460105
0.0007613423025707999
0.0008972872026439052
0.00041295498231080224
0.0010792180962365047
0.0009114097849451039
0.000985544701720499
0.001286860390348303
0.0006284333702531036
0.0006055701343888956
0.0005653085281032977
0.0009304788586993948
0.0013554994650656002
0.0004604178934869002
0.0005604863473284982
0.0004940261860382003
0.0007583057861513046
0.0011028101388547984
0.0005635755037667056
0.000732052934122103
0.0014619662826273958
0.0008939951085383951
0.0003283437646317
0.0010246899424617983
0.0009258660686815995
0.0013258900102222984
0.0008776420390335035
0.00027729257554410386
0.0009397599973322013
-3.677734178070269e-5
0.000961050827788204
0.0003216711061581959
0.0008680292542029011
0.0013626565018590997
0.0015148214915605002
0.00015095094968679834
0.0006037426795085996
0.0005347253233043969
0.0013575712826697992
0.0007206182151264992
0.0007122457278211994
0.0009776139558055064
0.0009718634848063998
0.0008017257858525043
0.0014036853092641022
0.0008039526134099029
0.0005548743780385001
0.0003439806201566975
0.000878157309782801
0.0010537504284699947
-0.00025472429946250125
0.001006411175303694
0.0007501043836377966
0.0006772124155592016
0.0009481157059579998
0.0008761825890677005
0.0008146517221035016
0.0007805038034052955
0.0008151403439527055
0.000383203512980497
0.001326672446640198
0.0010829723431850999
0.0011440861862776971
0.0006214280884506013
0.0008589189568674951
0.0005654065378511985
0.0010863613038313014
0.00024340597314100043
0.0010478386505126044
0.0012185429193917047
0.0014294058723239994
0.0008657625051026047
0.0006086483387336
0.0006884504750349005
0.000964483855930301
0.0008393659676824011
0.0005217956695461948
0.00032670895033139885
0.0008741053700151019
0.0007188632097409955
4.653994250179705e-5
0.0004855480593373984
0.00044386942633889426
0.0004965782866981003
0.000609770154591599
0.0007382971192693988
0.0007003767901975003
0.0007059868483998005
0.0007474765826249036
0.00023052108992240028
0.0004905631773032063
0.001179268128726603
0.00043654200328110265
0.0008846734828997019
0.0007719408568470018
0.0007484945882679991
0.0002833840923903985
0.0001660147414407967
0.0005370951092385015
0.0004621388881220004
0.0005520050914670019
0.0006206867864434959
0.0010835236846587978
0.0004890353634989034
0.0010311149368539968
0.0007561532790956033
0.00039308627601710583
0.001300412460693498
0.0008900740647827046
0.0005325428959919998
0.0006996161807840962
0.0008188990515193978
0.0010049698733100992
0.00042783124982519877
0.00017860464328100373
0.0005842468088820968
9.641210897810143e-5
0.0005314711093835009
0.0010850103704341044
0.0006831776013327961
0.0010394181787208995
0.0013048024705547001
0.0007143840972016965
0.001006327299825499
0.0006133899557791977
-4.728247119629991e-5
0.0013560911870953984
0.0012799365406283986
0.0008477161176074013
6.433335759590403e-5
0.0005494761581201976
0.001273460969508998
0.001205926251735101
-0.00015328803065290525
0.0010360291379869005
0.0008268241694641965
0.000850506531408099
0.0012481193567847049
0.0009940684678254041
0.0004646795513432028
0.00039912104192939973
0.0011289022373667038
0.0008140626968200018
0.0007447091586730015
0.0005886567604219961
0.0007980132767505047
0.0007702028389571999
0.0008949820232524025
0.0004787473753636029
0.0008883235137717993
0.001358539448042602
0.0012205512344935984
0.0010795663981167034
0.0009635411735302996
-0.00039401404053560074
0.0009493587634770012
0.0001142889155796023
0.0011051821845122003
0.001218257543109398
0.0004202369473007006
0.0004572777608876019
0.0013904502969591045
0.000922808013545301
0.0008781996603151945
0.0007582493862544962
0.0008680462632682032
0.001029226396993696
0.0019338907238536027
0.0007856036138565031
0.0006465942216844003
0.0017772839935671012
0.0007199751172723007
0.0006369695364853017
0.0006199265215314984
0.0006561694099874033
0.000686280599289095
0.0007265856176116997
0.0007971676650063014
0.0010376262424913046
0.0011550845943391966
0.0007371448293373023
0.0004047077167054977
0.0005661947750464011
0.0007156792069197004
0.0012738597329063975
0.0007976980333756004
0.00046878489492470365
0.0010738042352584007
0.0004491681175792933
0.00045496444595689856
0.000803806786323101
0.0006151984756620973
0.0012464516393946995
0.0008259880017770019
0.0008824423305023033
0.00019306295198590062
0.0006080827020122984
0.00046522407267200055
0.0008466562166061023
0.00016027147687090043
0.0007359368642100989
0.0009878225472631993
0.0006566446858040018
0.0012457270316499972
0.00022982455680390507
0.0005581107551928047
0.0009275542879821977
0.0011678713275789995
0.0008492295013779044
0.0012670974940085997
0.0009211802019954002
0.001594027690802996
0.0008117237661980012
0.0006146702245100957
0.0009382492659427977
0.0008380047767254997
0.0009838746944526022
0.001078181015280101
0.0009486566492141954
0.0011597088502483949
0.0005514807684067966
0.0003325999663596965
8.852082721400034e-5
0.0009735187959781996
0.0013449075991747023
0.000992283421508297
0.0008569204198232011
0.0009848860119821001
0.0013029477443822976
0.0012974291474094
0.0007756726696839036
0.0005847741573207013
0.0013829467960610048
0.0012230091388552022
0.00038616943235150053
0.0013318041181229062
0.00046970153667530434
0.0009030671321735018
0.0008004191490098012
0.00032915562195899584
0.0007105502338118005
0.0006195245472567987
0.0006261709071242044
0.001412475852474497
0.0004919310373454056
0.0010525216730309997
0.0002245593486021949
0.0012781450362132976
0.00038197983352999954
0.0006085257057397014
0.001062944879800902
0.0005899025755558979
0.0004924006055357991
0.0012960092006248994
0.0007469459537430972
0.0007256876041508986
0.001224563402714103
0.0008134064001832017
0.000726602930787898
0.00021337514055820572
0.0011323682732867005
0.0008766690573996025
0.0005040518977385972
0.00022119849982790013
0.0004588512845457998
0.001102369468376302
0.0005487809496176957
0.0008096259900843977
0.0013212000970658985
0.001376532164184402
0.0006682837585196971
0.001168657848059397
0.0009795770461531045
0.0007335975516212997
0.001439224896868499
0.0008864892428928975
0.0011071138997262031
0.001124997960487803
0.0006998030321897983
0.0012054618986246032
-8.069259203390133e-5
0.001157287400863502
0.001067074730571202
0.00046811878371779553
0.0013811614309360981
0.0007578861648075974
0.0004834486404166963
0.0003437840934339964
0.00023033142182089794
0.001006610458952499
-5.305501261099188e-6
0.0011571213741449968
0.0006153896315128013
0.0005954047779380967
0.0007223339662288039
0.0005694426751206988
0.000991762560231195
0.0009325581939830033
0.0010009461220725005
0.0009687530487377041
0.0005286957993550986
0.0015240358716391983
0.0010890282292607967
0.0002601886169424014
0.0014726504230867035
0.00013704561970769719
0.0008083640878910961
0.001223670626646696
0.0006855781884443982
0.000866291777773899
0.0009210302806842985
0.00041607601685870327
0.0008178975204922029
0.0008988408746361948
0.0010280839472515055
0.0009710329635845005
0.0007536683049989001
0.0006289230784354977
0.0007380583063387042
-4.127214684529479e-5
0.0012393662692885
0.00039889843241059514
0.0009095128668352992
0.0010589995816557979
0.0005833245916401983
0.0008734423638412994
0.0005812015001144949
0.00026787970719549525
0.000932270695964299
0.00030298534353050133
0.0009456755922250051
0.0005458905642886994
0.0015067399826290961
0.0014510984854649023
0.0006393551765931024
0.0005865268253053002
0.0003172156397509007
0.0007283141557328995
0.00020954943994289793
0.0010142352336198965
0.0007544665318511001
0.001073452657110202
0.0006707376673585966
0.000840388553479697
0.0006982949628997967
0.0010416968752125014
0.0011323639126648993
0.0008666163118682957
0.0006044743548081002
0.000725552056925996
0.0012431673985133992
0.0006314536285733016
0.00045455819373520223
0.0008729525737729976
0.0006958200866373013
0.0009635832982871004
0.000392109519391802
0.00035629092788500016
0.0005927817542787026
0.0013629750106550972
0.0006618929461857034
0.0006580788031402968
0.0005399972900528988
0.0007337779307104997
0.00029857030028549586
0.0007694474279592023
0.0007398037709363953
0.00046216370693379777
0.0006188937923096022
0.0009711248442933959
0.0010183757882787012
0.0009281469326327049
0.00017898871836680152
0.0008250413903053977
0.0004615351770336021
0.0009252294643811027
0.000631468819453404
0.00048296768133140183
0.0009253688121860018
0.0008313796993709016
0.0004451098467610007
0.0012360686487973976
0.0005967265614186049
0.0003273589466499943
0.0003924686496376978
0.0007005591341670975
0.0008285397326779007
0.00038598695708690067
0.0007650618947614984
0.00044053445587859813
0.001427603461408404
0.0006105324911690954
-0.0001455195349777047
0.0004648417317253059
0.0008150243177489983
0.00040520595950080396
0.0006542432626895009
0.0006495243848531965
0.0010281726682076983
0.001084666592422498
0.0010694585335018006
0.0008566586933833956
0.0002039888356502942
0.0011976128682515963
0.0011394457895661028
0.0006266573011326007
0.0018157720300226998
0.0008548099209627
0.000851084139273102
0.0013756267985665024
0.0010311202335141975
0.0008366699956285015
0.0010767484702390029
0.0009342634489076934
0.0010719539725908972
0.0006352413537814988
0.0009591227474686978
0.0010302797709053
0.0012448920620052942
0.0010877635592144996
0.0005926838660970032
0.0010268362266823983
0.0009954643011765019
0.000663637907054003
0.001350889926423203
0.0009735504850664975
0.0013457345171324978
0.00020221409263909695
0.0011921537446139968
0.0005766024249428958
0.0004719938606514984
0.0008844128169950005
0.0009255072028757014
0.001017916900453296
0.0010848859968334984
0.00046087859095769734
0.0012798778142553008
0.0005249402212608029
0.000623529379838797
0.0012233620286848032
0.000668560925188702
0.00034033424497829923
0.0012440591033867007
0.0009024479269480051
0.0009089714050155989
0.00040763407548539965
0.0011062042554371987
0.0007614904702440972
0.00010687891462499849
0.0005364971180037009
0.0009892466803697042
0.0007795141087938995
0.00046635769021249884
0.0010344137683307997
0.0007493771980875003
0.0006694014176040972
0.0008319911245222994
0.0009353510090378964
0.001284419955290897
0.001206434210646902
0.0008455348722530981
0.0011464118109942023
0.0008249622842027987
0.0007131488850289983
0.0006053307061415977
0.0008227745272787051
0.0009446815661606975
0.0010812240316172006
0.0008656859665220965
0.0007778438871875945
0.0002853718578285022
0.001206271668237703
0.0007754466563189011
0.0005940262253747997
0.0005856899538050006
0.0012012278452199002
0.0004780530066906055
0.0012223519251357007
0.0007837100577370026
0.0009465339421258975
0.0012576110655247996
0.0007585825562108975
0.0006854659544780969
0.0013514471805024034
0.000759002920674004
0.0012200465213070971
0.0007715698817106972
0.0006717976717610999
0.0005513246692191026
0.000811217735182404
0.00019700037133859455
0.000987905263384603
0.00012444063931820598
0.0003040576168199943
0.000986215461946001
0.0007431026146490008
0.0006296166281829982
0.000916831981466304
0.0014984201649339973
0.0011413193041522954
0.0014681005965320043
0.0008621698176577014
0.0010728334694806024
0.0006800545670499064
0.0012191062501542005
0.0008165875938688019
0.0008982195821642044
0.0011646693639085007
0.0011297238637512017
0.000596368896005596
0.0007164538954269953
0.0009669761050594
0.0010787666104946012
0.0008963666816324961
0.0004909077901728981
0.00018975641363540297
0.0006256098723175993
0.0005378553279015014
0.0005607828114911964
0.0006593847708965955
0.0011641083414090994
0.0010606988512130017
0.000895449071516799
0.0006183146404512008
0.0016247937419421946
0.0008518304885124992
0.0006729080746219959
0.0011203341533762012
0.0008300082615707027
0.0010677742699227999
0.0005194542149625989
0.0007873251516350016
0.0008173301161888968
0.0015971331508840975
0.0007303728003050028
0.0012520331874827026
0.0009817448150744035
0.0006870938195493032
