3.5822786567402815e-5
6.467253785539737e-5
7.608424610239944e-5
3.794575925170074e-5
6.645603942670095e-5
7.625721107230171e-5
4.4868888138999835e-5
2.9166841303399083e-5
2.7069241711401987e-5
4.6746199928199283e-5
6.109533274009996e-5
8.299276760349861e-5
3.4785049957700154e-5
9.402629394730105e-5
6.025193769379836e-5
3.07951808665996e-5
9.052489986089915e-5
5.605082669470074e-5
2.370734657870105e-5
2.821912341730015e-5
7.980086528919933e-5
5.25988395325e-5
8.391526009030037e-5
4.226379247840306e-5
5.8407207199500516e-5
5.506994854359917e-5
4.089762014290038e-5
3.145412876240025e-5
4.779911177420215e-5
1.5141214217400528e-5
5.66026448172996e-5
8.677747489349921e-5
3.7960828434800004e-5
2.8865857072599838e-5
4.987022790289841e-5
3.154623141930074e-5
6.062946996780033e-5
5.210987722070043e-5
6.091262597250277e-5
4.212800096299943e-5
5.874233797559941e-5
6.554133943940249e-5
7.280140601469837e-5
4.7352581992201465e-5
3.556338089099817e-5
5.540903214700313e-5
8.280081480889837e-5
2.5433764117798602e-5
7.260069181630122e-5
6.52372700426021e-5
4.880950659719857e-5
6.373642487289902e-5
5.1891065966199607e-5
3.0195314709900722e-5
5.0824221697297334e-5
3.972727419269961e-5
6.621893943560206e-5
4.873499035819989e-5
3.5096698022797634e-5
5.956188591790118e-5
5.776555851440268e-5
7.016632937860076e-5
6.287095152380032e-5
2.5436219705399915e-5
5.886291297080293e-5
6.418323068940052e-5
5.111469207300101e-5
7.639961354720046e-5
5.929146040749983e-5
4.65296593074975e-5
4.131735181810148e-5
7.092013021380017e-5
8.01123771103987e-5
3.064634739000094e-5
3.483582115140077e-5
7.687649144410072e-5
3.5287623849897254e-5
6.229198049379978e-5
8.248498823380107e-5
3.753326205090113e-5
3.729242935110108e-5
4.4148621878799255e-5
2.7799299777503395e-5
7.740601442930012e-5
4.774091455499868e-5
3.540561163320119e-5
7.283212137540115e-5
0.00013858658540650062
7.660088638189802e-5
7.023408607730042e-5
3.327526230170047e-5
4.1521449434700486e-5
7.50761043365987e-5
4.2667876018399886e-5
3.2123511363602725e-5
8.340196132569991e-5
2.9722870344198876e-5
7.370980977930083e-5
3.936170076609957e-5
4.510386240649811e-5
6.392570621909996e-5
5.1519114997500975e-5
4.632643291700017e-5
8.17195683811972e-5
7.442010455580017e-5
6.588039252709843e-5
6.762558920430164e-5
2.6369495340700794e-5
2.7174781071902937e-5
4.6290716405397725e-5
6.648217159619871e-5
5.57671773945001e-5
4.44649594384984e-5
6.430320478939891e-5
7.970029043230173e-5
1.763711752620148e-5
7.382925422979789e-5
3.5804649382801396e-5
3.152817555079901e-5
1.7009533816000205e-5
6.647308585660053e-5
5.2593712852998936e-5
1.2917806460101267e-5
4.35068008185005e-5
8.642278640959983e-5
7.513589563939993e-5
7.727957281120079e-5
3.088517933499957e-5
8.413784475489947e-5
6.13980099513009e-5
5.3062022433200684e-5
6.67083397743011e-5
5.467193526910094e-5
-1.950663661001717e-6
6.335433001669957e-5
7.984166934790066e-5
5.6740488262301686e-5
6.733140259630038e-5
6.596233834569795e-5
5.6329469148300865e-5
7.831550488560102e-5
8.225141412500012e-5
4.5500680535100896e-5
4.457328485230061e-5
3.689489384259975e-5
4.142065423539884e-5
6.056416337110043e-5
4.935088909319846e-5
6.319926012770052e-5
5.8798458109399904e-5
3.907173440029915e-5
4.76700303775994e-5
5.3826673262900165e-5
3.098360887309956e-5
5.842021758470026e-5
5.402211800559914e-5
5.445642763019995e-5
2.5526221512299496e-5
8.775279061419908e-5
3.971029674429763e-5
3.793347435630118e-5
5.323756764679874e-5
7.202925821360104e-5
4.0896566205299995e-5
6.936777757390183e-5
6.560172190120048e-5
7.80164284104011e-5
0.0001035719148013009
5.069124978859807e-5
4.23461135106995e-5
4.1963775714397994e-5
6.1323413992901e-5
8.810953693030171e-5
4.6233077837999625e-5
4.468810268590251e-5
3.6366692441797827e-5
5.8905897971400084e-5
6.756965137610232e-5
4.229805466409928e-5
4.9675272669198745e-5
0.00010093067571110073
5.6608124090799794e-5
2.3269431410399832e-5
6.683886481489987e-5
6.588198961690259e-5
7.796201135260028e-5
6.741624964990214e-5
3.077923795710008e-5
6.561039838810095e-5
1.6297603910898906e-5
6.689858627410145e-5
2.560543565510026e-5
6.0858752334802535e-5
8.347291650979971e-5
0.000102747077433199
2.0046909825401776e-5
4.488504981040031e-5
3.497823502289846e-5
8.289642941820136e-5
4.712694536570042e-5
4.860463157979958e-5
6.582737782839798e-5
6.070600296910131e-5
5.6382778587601295e-5
7.309892426879752e-5
5.133589275390163e-5
3.327779727019947e-5
3.3885741566899025e-5
7.396046686879848e-5
5.842475044399997e-5
1.3032125696900432e-5
7.314772174119716e-5
5.12314498328989e-5
4.805030904289978e-5
5.9648526320801865e-5
5.599936137699879e-5
6.138644151139697e-5
5.6271788987798804e-5
5.805819950600172e-5
4.298270700699852e-5
7.096310502200179e-5
6.938978053849798e-5
7.35488845637032e-5
4.19068681754009e-5
5.219745928780259e-5
5.4111151034000327e-5
8.400780563469837e-5
3.8038697100898494e-5
7.561897854959851e-5
7.029841251370017e-5
8.983922162380045e-5
6.884603365659922e-5
4.713683595989823e-5
6.325542908320117e-5
6.161528033329922e-5
5.6984518282197916e-5
4.178084762729989e-5
3.204234859359792e-5
5.938294210049849e-5
5.1603949882499806e-5
9.340507557600158e-6
4.7210554566100293e-5
3.646563198039798e-5
3.645501268500009e-5
4.8411450806799816e-5
4.856242036050187e-5
5.160638765819986e-5
4.5118715009000165e-5
5.040902482270071e-5
2.2344312973598957e-5
4.391443241070006e-5
7.503333980429794e-5
3.4039329314200506e-5
6.035076265860015e-5
5.36914020437991e-5
5.2421240883702286e-5
3.3367448997900784e-5
1.4442968683300167e-5
2.9766012607002762e-5
3.533350712570105e-5
4.103914229140054e-5
5.366169178830024e-5
7.538830862520093e-5
3.329268936360166e-5
7.288747994120201e-5
5.154861321900184e-5
5.3111744729900795e-5
8.141599228900231e-5
4.9273809921698136e-5
3.921892989840192e-5
5.066002617989951e-5
5.5165625159201565e-5
6.898594178299938e-5
3.127448398200158e-5
1.6037275318799005e-5
4.478758439590072e-5
2.240659859949895e-5
3.285710160719907e-5
7.545728798930007e-5
4.41545637206997e-5
7.06127389642e-5
8.441120739529837e-5
4.308758753729727e-5
8.353265510609859e-5
3.944486109330042e-5
5.189580262000837e-6
8.639142738140274e-5
9.490216972130039e-5
4.981588757269756e-5
1.9498845069298998e-5
3.94984496031002e-5
8.930704831650038e-5
7.533108889839699e-5
3.7929779606975245e-6
7.882896782910112e-5
6.379687749200058e-5
5.628004149790117e-5
8.561040150770194e-5
5.853274111230003e-5
4.574422555739949e-5
2.8848847821900947e-5
9.137426709879964e-5
4.344951237139974e-5
5.300255431179776e-5
5.2107518213797416e-5
5.5018722319100793e-5
5.10588816310005e-5
7.183346890560216e-5
4.137911872659911e-5
5.7328007852599366e-5
8.697591472029906e-5
8.190568872720044e-5
7.128237190599795e-5
6.859411080729905e-5
-8.20786127070025e-6
6.401538418780023e-5
1.873198550990038e-5
6.671248757770046e-5
8.535902639189921e-5
3.153973269920049e-5
4.167459095710119e-5
9.010937262310045e-5
5.485685410230173e-5
6.772539008510076e-5
4.985503137830069e-5
5.953618321600032e-5
7.434119776109777e-5
0.00012210238478349913
5.1633019878899455e-5
5.621942700020227e-5
9.997796119630073e-5
5.010635906910199e-5
4.129763763420155e-5
3.7381431762902734e-5
4.8793407453399246e-5
4.6559492374999983e-5
4.38557615068981e-5
5.165035183970004e-5
6.936970952740179e-5
6.764878652490078e-5
4.8627974668299934e-5
3.308365435659988e-5
3.80797854046995e-5
5.1412684111899754e-5
7.736107909559961e-5
5.2233444483101854e-5
4.7797092820302256e-5
6.93264256814985e-5
3.6673046837600726e-5
3.1627933018699844e-5
6.293925762329913e-5
4.643800729819958e-5
7.57106684107986e-5
6.11113601836008e-5
5.647415949030024e-5
1.7623889400401882e-5
4.5325673371197917e-5
3.634963406669994e-5
5.551534298800162e-5
3.1104210098501645e-5
4.67001068098008e-5
6.667461704819994e-5
4.415203872249959e-5
8.21480106867993e-5
3.356881405030057e-5
4.38691875099019e-5
5.931841238100005e-5
6.759491256669997e-5
7.339758788679762e-5
8.286743722940235e-5
6.463260126059883e-5
0.00010902550625009957
6.772139292650012e-5
4.134898192540218e-5
5.888906011959974e-5
4.893379229409939e-5
7.372375881679882e-5
5.9223848903201814e-5
6.841087410159805e-5
7.434246124859989e-5
5.693671107970255e-5
2.985401924709974e-5
1.3857586075898681e-5
6.431912411879875e-5
0.00010133932102959764
6.296285979729907e-5
6.11860989616006e-5
7.195616628239906e-5
9.0503792366501e-5
7.183732976829768e-5
5.9641142504601036e-5
4.059896096650015e-5
8.558607402189833e-5
0.00010955501869970227
2.985054293409839e-5
8.129348612270076e-5
3.4561752804900675e-5
5.1274817326699834e-5
4.8138781736498104e-5
3.933371122699994e-5
5.1841988033301395e-5
5.688364235419824e-5
4.0121515533002305e-5
9.438424038129764e-5
5.0994564617601323e-5
6.929366651899777e-5
2.1827851296098155e-5
9.367386973590033e-5
3.347791882250123e-5
4.353407976670151e-5
7.697803869649925e-5
3.841955813690262e-5
4.626617883160197e-5
7.383253444729829e-5
4.889469775980204e-5
5.351286932130106e-5
7.876265262490162e-5
5.0662512893300676e-5
5.4117438170499244e-5
2.4059487981800687e-5
6.946655537809834e-5
6.444718742730157e-5
4.2660324859101345e-5
3.312394675710276e-5
3.218559965879886e-5
7.12766785490003e-5
4.511577190810176e-5
5.3875504901400306e-5
9.315862097279692e-5
9.447012300619825e-5
5.099256675809849e-5
6.195194974499899e-5
6.942349640670295e-5
5.509687112920103e-5
9.550641683449962e-5
6.867359367439957e-5
7.457900590579838e-5
8.176387933469739e-5
5.3100456273397906e-5
8.409971371849817e-5
1.1437442073800735e-5
7.294880262189926e-5
7.091396929019902e-5
2.9439187773400155e-5
8.577306093330087e-5
6.028354153300025e-5
2.5179639863801007e-5
3.245526502330259e-5
2.930167264559788e-5
5.576161538289881e-5
3.111435066201901e-6
6.801129547389859e-5
5.086397753980079e-5
5.475285159969867e-5
6.182525636650241e-5
4.376642312890061e-5
6.695060474519801e-5
6.264400649799717e-5
5.9671122142900684e-5
7.522217028540015e-5
3.834313479799886e-5
0.0001012453741595018
6.848888266109895e-5
3.606130010860159e-5
9.629019825280194e-5
1.0577640801298638e-5
6.674073349170057e-5
7.570883466450143e-5
5.322966238729965e-5
5.841046843230169e-5
6.36386429526993e-5
3.0876454002497916e-5
4.519155541090128e-5
6.323587199329878e-5
6.64708040374988e-5
6.042987073840225e-5
5.333810585090096e-5
5.542912284789772e-5
5.6320067291001225e-5
1.7472904577299497e-5
8.335062563529991e-5
2.9790069691199017e-5
6.33574593395976e-5
6.264586167119973e-5
4.32955115097014e-5
7.602977621889995e-5
3.674438415359957e-5
2.6037329675800136e-5
6.451139390330207e-5
2.421430649830053e-5
7.165091676409815e-5
3.993594028539951e-5
9.417267269419896e-5
8.345793402629934e-5
4.256748113089931e-5
3.560647703959932e-5
3.6410601490198535e-5
4.4290717073697944e-5
2.5696363052100935e-5
7.076594081729948e-5
4.8599610813399724e-5
7.299576256960053e-5
4.564488260979868e-5
5.641747507379932e-5
4.910561679479994e-5
7.344681651400009e-5
7.290270090989925e-5
5.2088993442601234e-5
4.735416367330006e-5
5.502279790150014e-5
7.621986561269847e-5
4.685620664000162e-5
3.658230799080328e-5
6.626804442020143e-5
4.8445597541198204e-5
6.018327696650019e-5
4.1367503554400054e-5
4.636970345330005e-5
4.189811010670008e-5
9.375475669029867e-5
4.4534553435900126e-5
4.549250049080272e-5
4.652342884970198e-5
4.589797214170008e-5
2.9178282208698614e-5
6.175751942850277e-5
5.4895282759599706e-5
3.6312338748099166e-5
4.054685738999822e-5
5.6189567136797486e-5
7.455087579449904e-5
6.050125864549838e-5
1.712346981089935e-5
6.390984197859884e-5
4.3571768980697756e-5
6.494332338759928e-5
4.1629318666702025e-5
4.195508689990024e-5
6.382100102889782e-5
5.097948485070086e-5
3.409826117169862e-5
7.382053177569861e-5
3.4167136033397966e-5
2.9065733405300026e-5
3.1172821563198866e-5
4.1612068654800494e-5
4.933017030750095e-5
3.2236461676299344e-5
5.1964731683697835e-5
3.1205620894002306e-5
8.29576992452015e-5
4.430868791580056e-5
1.7652936004017294e-6
2.5297181881201586e-5
5.991271366060161e-5
4.384248393940124e-5
5.460084692799835e-5
4.485538811659778e-5
7.50036378316006e-5
7.518199251729807e-5
7.88070587584011e-5
6.616338583990272e-5
1.9797337944899712e-5
7.879511636350173e-5
7.652922696479991e-5
5.1154081899099785e-5
0.00012428994262110235
6.0016414017399766e-5
5.891320655460053e-5
9.199796740400057e-5
7.283772535530281e-5
5.320949351210122e-5
6.999879136040249e-5
5.790006201419895e-5
7.074392633450027e-5
4.949884115540079e-5
6.424968947079876e-5
6.978713459290103e-5
8.936511659749999e-5
6.850166933529758e-5
4.242065155769803e-5
6.390455322340116e-5
6.258120751420279e-5
5.166690326029871e-5
7.95982739501995e-5
6.8713667621699e-5
7.805549707800077e-5
2.7837462500100024e-5
7.773809051320191e-5
4.755727040089974e-5
3.58388680388004e-5
6.545505666310028e-5
6.170249568460129e-5
7.041607384869822e-5
7.14173478550996e-5
3.785657068119952e-5
8.229676191209845e-5
3.136886624649851e-5
3.9868188789298625e-5
7.846598703410007e-5
4.948621025169936e-5
3.93484176564006e-5
7.8083069624299e-5
5.743016378699853e-5
4.992100515109968e-5
4.4634241881696957e-5
6.456240565390001e-5
4.494224917249781e-5
2.2233913691899893e-5
4.2167720287200616e-5
6.975163020880165e-5
5.931721398570039e-5
4.44283685823027e-5
7.071962004009946e-5
5.762614516479844e-5
4.5588439180899165e-5
6.400076873299895e-5
5.310651813589945e-5
8.349749991730035e-5
8.0339053943803e-5
6.164066893759798e-5
7.100590519569863e-5
5.76154472556982e-5
5.90818654771022e-5
5.1338592403599864e-5
5.424918841749962e-5
6.515166855180013e-5
6.564062007869895e-5
6.222444352179876e-5
5.633164903629667e-5
3.469763584549798e-5
7.276550126119816e-5
5.309525261019965e-5
4.5565419869799534e-5
3.995113829460134e-5
7.293195203979946e-5
3.0089929272600346e-5
7.824502922939777e-5
5.630409445469761e-5
7.179758894420088e-5
7.422104670109717e-5
4.8626972731499046e-5
5.1354112612898156e-5
9.38159957496014e-5
5.048226052810009e-5
7.748247039649978e-5
4.9631281534300714e-5
3.895721310699998e-5
4.143310718790136e-5
6.297647261740286e-5
2.6169094615099975e-5
7.221928111780102e-5
2.0046270416299722e-5
2.857297935329739e-5
7.793946192270057e-5
5.7478786073199284e-5
4.5444901818597616e-5
6.858706553199839e-5
0.00010505146313150027
6.383069070189928e-5
0.0001040279185889996
4.514510302339875e-5
7.094055998550092e-5
4.545610350679963e-5
8.828242016640023e-5
5.272795255260171e-5
5.846346883739764e-5
6.971769548470147e-5
7.746572947779987e-5
3.885685135589928e-5
4.972181844540083e-5
6.665196060630027e-5
6.994476362080088e-5
6.372656948150021e-5
3.794234187629725e-5
2.1204238526899982e-5
4.52721838773984e-5
3.406316541089763e-5
3.5367710896499344e-5
5.576193615370109e-5
7.864630618590121e-5
6.250666375449965e-5
6.247267113750066e-5
5.787924540139738e-5
0.00010340958483820092
5.136693760840125e-5
4.4537669805298774e-5
7.163950115380083e-5
5.719436854180124e-5
6.581144119559984e-5
3.168828833860146e-5
4.622710486160142e-5
5.979914179989748e-5
0.00010341724101940036
5.013482558599916e-5
7.10299246831983e-5
6.83301754543994e-5
5.608560924549866e-5
