0.0577922256547785
0.0548235061224613
0.0551930081088435
0.0551923129318772
0.0563198292139454
0.0558046221715761
0.055474859457726
0.0558174652587266
0.0573575304073302
0.0571786888975691
0.0569280753982472
0.0565678963349298
0.0553284712964933
0.0557253833854403
0.0560964522318161
0.0557294307654068
0.0560044912495383
0.0559524201648956
0.0566305264486363
0.0589675989676496
0.0569300826729142
0.0582998678883108
0.0555168557068275
0.0546818932973731
0.0560509355849502
0.05726165730705
0.058155788814224
0.0577080042891431
0.0559162870702288
0.0555638479185261
0.0578840914851907
0.0562024757145808
0.0555821116411338
0.0546616099415671
0.0570863539932646
0.0558822079338606
0.0554063906436409
0.0563049691364698
0.0566084673116675
0.0559856774771042
0.0558029791990894
0.0564756635632965
0.0561505864217739
0.0582440417979655
0.0554163139897446
0.056916536749309
0.057202213902838
0.0556014302428783
0.057789986596278
0.0556656699905601
0.0567244212144381
0.0557727309336154
0.0586029794345698
0.056607545347944
0.0566745124329454
0.0563974384359082
0.0570048136521151
0.0568579180279945
0.0578042851034564
0.0559255983329796
0.0572817999874986
0.0570410996669828
0.0559462692449489
0.0584943590621695
0.0572566412064643
0.0560394452439324
0.056799507537979
0.0567850261096291
0.0589062040668736
0.0574891273256954
0.057763771814201
0.0569401844426756
0.0566214673430484
0.0554488657321896
0.0579581916605327
0.0562592491654532
0.0573303266969072
0.0569963994744362
0.0567158219707564
0.0572070058745408
0.0567875487572134
0.0563955005729216
0.0575573286787355
0.0575371131686512
0.0560574897888945
0.0575196090251494
0.0548303287768496
0.057588322006575
0.0564259006136777
0.0573537552940161
0.0571384666793139
0.055720565497288
0.0550844810235419
0.0577091795724429
0.0568810494839513
0.0557759713920246
0.0572199840311202
0.0574902789649795
0.0579313586288292
0.0561924216099911
0.0568317819991159
0.0559789745311949
0.0574257535739024
0.0564679621996117
0.0572853171531592
0.0549386570022886
0.0564148767455828
0.0578461413328783
0.0562364405642932
0.0561957925389124
0.0561812319432862
0.0555546614247068
0.0575037907224067
0.0549894298359099
0.0554534652828173
0.0555822913118103
0.0558770608670624
0.0573987892316584
0.0566241050067628
0.0572891533963542
0.0596245102116804
0.056640303119914
0.0556874652526664
0.0561151602434342
0.0561440043126316
0.0555770922276775
0.0568724037737636
0.05748371886186
0.0568540188975522
0.054776697320636
0.0563607096883103
0.0581054668378065
0.0551183090651423
0.0578338656675728
0.0562404115195621
0.0546423412092285
0.0569111508998892
0.0590174620569425
0.0555936039068613
0.0557579952432397
0.0574630784713006
0.055888416209965
0.0568266652466211
0.057021582783232
0.0572460899689512
0.0557081310796461
0.0573504605213057
0.0562859350807818
0.0546863107142935
0.0558511367458343
0.056853237867381
0.0551219577140672
0.0576014628074356
0.0564281596081685
0.0567366490503471
0.0560068259659371
0.0566509468082922
0.0548511829004779
0.057100134729345
0.0565013241323769
0.0559747829400849
0.0569112649126297
0.0575292759231621
0.0576946303967782
0.0557493718280794
0.0567513408656491
0.0561360977331926
0.0548861752277459
0.0550182533528737
0.0571299315743369
0.0550754967393488
0.0564944105440024
0.0563201414104553
0.0567398662094537
0.0578145841143612
0.0571327832690861
0.0567773157213102
0.0556699347120968
0.0559134612959625
0.0573245438486087
0.056181548314381
0.0559294282656534
0.0585509938184541
0.0569477493140355
0.0562352859028091
0.0570426886367889
0.057640503424577
0.0571944297815839
0.0582062201735708
0.0571885833183994
0.0573543064133859
0.056947192438159
0.0570848039330453
0.0575058799340501
0.0575937096852343
0.0560795084375686
0.055237484484332
0.0563566204683196
0.0566259369440491
0.0553981003765657
0.0582449279596335
0.0563324792537698
0.0554483558434538
0.0569925843979716
0.0575558783813918
0.055612525669755
0.0554002572650171
0.0563094252891177
0.0559886621775873
0.0557095233842879
0.0590561438310258
0.057050326352076
0.0571537313421561
0.0558771659790637
0.0556419323117715
0.0575929032783626
0.0566000062025472
0.0557736920902007
0.0558578354478718
0.0588680024190747
0.0569828997549283
0.0573500036391487
0.0556094211240996
0.0569843536915683
0.0581316420220948
0.0568867906697214
0.0577803233351129
0.0571907638299308
0.0565520868821973
0.0579352066888867
0.0566569351111521
0.056628574332508
0.054978068801315
0.0557271560818499
0.055990938340906
0.0577851705697151
0.0576157078895871
0.0579942211037151
0.0569113034600872
0.0575481348125445
0.0550782719464928
0.0577798405014197
0.0570674860159266
0.0555642146716168
0.0555783160100038
0.0576601797493439
0.0548945821713767
0.0564936783563135
0.0567954685601444
0.0565736106737845
0.0573373172529868
0.0572121434553062
0.0578925715812127
0.0550976320514568
0.0579669299223356
0.0574386797309447
0.057600842226589
0.0560114832503218
0.0550789139072147
0.0556955323895369
0.0553121142555912
0.0556938518821014
0.0566881935894233
0.055424705237174
0.056378842939019
0.0577259020879885
0.0547480162492944
0.0554478994355755
0.0556138458344336
0.0591419189752655
0.0575745621692191
0.0558154681126042
0.0558062517250405
0.0562008963207407
0.0567274401211018
0.0556183866160469
0.0579540826487876
0.0576963297537811
0.0566712764682776
0.0556919423950337
0.0555186764090989
0.0555031893176988
0.0566974431945678
0.0555452654681814
0.0570226175216828
0.0580045312405925
0.0560944539438487
0.0563316179597527
0.0576235314109901
0.0557268028105031
0.0576261397155926
0.0567210150912371
0.0561944905208232
0.056928195457472
0.0555589455524498
0.0579483956947831
0.0568905720553874
0.0583591767902501
0.0562953457721625
0.0579861744160487
0.0563567265849273
0.056856498306322
0.0562846512219976
0.056908744910201
0.0572066304001836
0.0567224975715085
0.0565328661102558
0.0564999674910697
0.0576309308706195
0.0571962564464873
0.059194819557368
0.0575786138050426
0.0567781481430308
0.055759049635248
0.0577715797961657
0.0558823470658219
0.0576541215064773
0.058097306009639
0.0568021087178811
0.0573305401372295
0.0570404539738457
0.0559783609228272
0.056945913490727
0.0564205433421187
0.0572542700260664
0.0577203366040704
0.0573688930629876
0.0566395526956
0.0563371873412088
0.0551408597846778
0.0564744070351648
0.0559463967392462
0.057225950193273
0.0570088667598818
0.0547667120836006
0.0563571283012778
0.0555010595860161
0.0585300659788093
0.0568234079837637
0.057465691975996
0.0564877336417054
0.0581139125729797
0.0569483376200567
0.0553227516701938
0.057973447017771
0.0558635418182648
0.0562522983067361
0.055596797574145
0.0569347578654751
0.0570300171309405
0.0564539425258364
0.0573052588547149
0.0575344724996257
0.0577149315072035
0.0571693032283799
0.0586559653055891
0.0563271456413783
0.0571266681903882
0.0574634107281431
0.0566428777718273
0.05609030760316
0.0559167352868
0.056502143693658
0.057063696640752
0.0573292196121982
0.0555822380903966
0.0565101542752409
0.0567338696666675
0.0566332474713299
0.0566517444115271
0.0585037033728384
0.0567217612715296
0.0554652471724963
0.0551501264128072
0.0564158311755499
0.0564325971885327
0.0568679628143315
0.0563048359182548
0.0563606662600243
0.0578720240568036
0.0567554930369914
0.0571055910920117
0.0546713424029075
0.0565578035722567
0.056893841580649
0.0569194626756213
0.0574918654572696
0.0570401286565521
0.0548936095306139
0.0574555885945285
0.0567713711567517
0.0590617432751188
0.0553026756618175
0.0586267399838287
0.0568657983039709
0.0558659214283425
0.0558367059153719
0.0575317823187287
0.055552829371508
0.0550007497980442
0.0561311863340337
0.0559723035803198
0.0578957912879777
0.0560116068527649
0.0563364775577218
0.0563829298077814
0.0562582001312559
0.0561676225661754
0.057187501023179
0.0561685641378087
0.0573039834400885
0.0561698077853958
0.057293640835504
0.0574044232932817
0.0564775004677035
0.055508364315632
0.056827423458591
0.0580120123244655
0.0564413376047162
0.0554875077233158
0.0564705511465802
0.0556126042056571
0.0575039504641844
0.057811169030579
0.0560417788253148
0.056066341011777
0.0550074944519975
0.0568642400485365
0.0560650350388555
0.056721178752626
0.0569536730134899
0.0581790566602894
0.0569280379789919
0.0565338766686646
0.0568730364812913
0.0564613345025791
0.0569691623538634
0.0554272948571642
0.0563991464375858
0.0576308911659242
0.0559397776668013
0.0572847623664162
0.05878297765558
0.0558837774701272
0.0580302651980912
0.0573266167682955
0.05672882079189
0.0573924844746846
0.0560463790591629
0.0556931095580018
0.0573565351323352
0.0580451042106707
0.055563807143609
0.0575892071602057
0.0556841055998738
0.0561400611989309
0.0558892776068976
0.0578481995660304
0.0581982015324682
0.058311092493874
0.0560906201951669
0.0577971400275698
0.0558638230377808
0.0570685435372129
0.056466422093316
0.0562543075245576
0.0569260088194243
0.0565389118475694
0.057691453645351
0.0572299498776358
0.0580965601138709
0.0562893214229186
0.0574521250436438
0.0562940050036296
0.0566062769860281
0.0566109048282994
0.0576737261251153
0.0572343456462472
0.0559821017690453
0.0576589891856739
0.0567382601513139
0.0570584232601603
0.0560088211415229
0.0573324439876648
0.0569806945064496
0.0579659107832229
0.0559691424954428
0.0570226262153448
0.0575277622278781
0.0568356390097702
0.0577158098896321
0.0565723582140365
0.0564468198054537
0.0572528594411737
0.056813143704456
0.0563468521005484
0.0566895220706715
0.0550063743029571
0.0565819970610309
0.0573693487766633
0.0576830279916983
0.0566703400612799
0.0552785322558696
0.0568145304588789
0.0576551886209909
0.057082609841175
0.0570510872319795
0.0561149390343726
0.0567643665487082
0.0565059071139496
0.0577470145492365
0.057101239324544
0.0570094561439654
0.0546224496958439
0.0550600887368196
0.0560026041899504
0.0571918840886797
0.0588708544365946
0.058307352174332
0.0574777787108099
0.0573004475119612
0.0541225485578562
0.0560294084259539
0.0557283532507989
0.0571104620800356
0.0562606581898701
0.0578248724551011
0.0570799245243692
0.0572601783918659
0.0565346240146632
0.0572030544385015
0.0553122730241709
0.0559262965976493
0.056252727569415
0.0579773263022869
0.0575498588352537
0.056807069532812
0.0576051336662561
0.0548317234017022
0.0576878159195564
0.056648760098438
0.0584707992696765
0.0571270669150918
0.0570185267129705
0.0571704264683579
0.0557054012836437
0.0559361131143094
0.0556885061912784
0.0577128047503691
0.0575980969593389
0.0574026433002898
0.0570800954769215
0.0552967994927789
0.0567113582991535
0.0564959914785318
0.0556905030979645
0.0582140126141336
0.0561963972158981
0.0570718161937907
0.0566740757619868
0.0562661809163336
0.0579426551614421
0.0563789307801216
0.0567706168681765
0.0576819711942596
0.0566403652293993
0.0559515400038243
0.0583489487474284
0.0568823472367084
0.0551232988199425
0.0554507468509602
0.05727673980144
0.0557221387541424
0.0553589113883275
0.0564728780217135
0.0567638495392648
0.0577348431858287
0.0565225443579727
0.0569184696751607
0.0571465605587506
0.0554753786274339
0.0564836976919649
0.0575182045654082
0.0581882115793777
0.0568261957183519
0.0563221840244873
0.0571160356692835
0.057286813158423
0.056128464456538
0.0581196542589729
0.0561927632182623
0.0564485077244262
0.0583437759810986
0.0568956176632029
0.0586670670150168
0.0564668775156519
0.0576051672215396
0.0581762902083586
0.0558010817663283
0.0573102261366674
0.0580132660573868
0.0550163907880999
0.0573514457321976
0.056625227570389
0.0581191707032552
0.0573281085663002
0.0574442291547037
0.0545982696970693
0.0557459778126765
0.0559190895195084
0.0570508494168315
0.0564489641662857
0.0578103547341468
0.0563962215100516
0.0570305769052224
0.0544378464546857
0.0558402223966902
0.0574916168600449
0.0552459867825358
0.0570866888073068
0.0557669191674838
0.0554586175635421
0.0583126468267381
0.0564920752689817
0.0561104957995997
0.0559853294184893
0.0577251580565736
0.0565654154370568
0.0565433055842884
0.0570434220370211
0.0564246764653254
0.0567409961942031
0.0569124436376113
0.0553133222216324
0.0571879237459863
0.0580252193503219
0.0575656534563862
0.0570842811877988
0.0566617826905367
0.0568947385229011
0.0565022444659683
0.0562137103348158
0.0564639318468923
0.0560102835456451
0.0558451103449951
0.0577093063685179
0.0577062648181676
0.0583660978031191
0.0569833467289746
0.056985273420162
0.0549852533271583
0.0570893769734362
0.0565530615057067
0.0572998210948884
0.0581180301138699
0.0555609405691705
0.0562316146020445
0.0564397250921231
0.0552481639932639
0.0560753168342556
0.0570100673225166
0.0585011259093793
0.0553222931768807
0.0556515140478146
0.0573717132257387
0.0581716077512954
0.0564316897538784
0.0557443746357696
0.0572980398613655
0.0575882610485175
0.0572631389800792
0.0574517406743981
0.0572046420259473
0.0564916608993286
0.0574200053847661
0.0546346237784874
0.0575543964597231
0.0562423697943986
0.0574649015137791
0.0568931442051243
0.053307585933707
0.0573302854170591
0.0557975168195528
0.0590567914077393
0.0572355955701313
0.0569022936327593
0.0566469289488744
0.0562736959683973
0.0559368204230973
0.0583304559283613
0.0565024249235663
0.0575581402532121
0.0576063124336914
0.0559217646546463
0.0553903158560824
0.0564544074491236
0.0588554359934416
0.0565268559560378
0.0572976835727274
0.0576611513678022
0.0583135337931983
0.0574398981658813
0.0551399564762633
0.0566651052486028
0.0563167779288502
0.0563382700038877
0.055760445583036
0.0569043066630522
0.0551325358568885
0.0556816822254549
0.0569017096793626
0.055934808971646
0.05699710971859
0.0555603623817872
0.0550114118268337
0.0565506282830026
0.0572455069469437
0.05791081926667
0.0565129418597311
0.0569202880632588
0.0587539769915569
0.0577381429119866
0.0583166519088132
0.0556362621721347
0.0577218811131443
0.0587601493843648
0.0560738188779827
0.0574610419148919
0.0575910723046045
0.056563759839902
0.0576172598156229
0.056101990228732
0.0551773960826378
0.0566943000189191
0.0558229529625687
0.0568906741929527
0.056314716196453
0.0571159729290573
0.0556366823562978
0.0556573139800855
0.0560988183165935
0.0549667871642074
0.0591448228932492
0.0577380773485897
0.0581778390414702
0.0561213903225529
0.0571074567892171
0.0594052533138791
0.0552838630324313
0.0563029886364776
0.0573024695520857
0.0563657165795961
0.0563169184925942
0.0565496881131141
0.0554731626154658
0.0564914164670421
0.0560613978065635
0.0570651842917997
0.056416918345972
0.0566145769512543
0.0562230957890767
0.0561937902123551
0.0567613608488347
0.0557193534629263
0.0548471812970425
0.057478561697042
0.0558508698730095
0.0583484351909511
0.0586940226241548
0.0569082631123198
0.0576018769438876
0.0563205528275884
0.0579505028484255
0.0578191413758461
0.0561896841133689
0.0538310477060535
0.056280913778792
0.0562028429947914
0.0553893580278114
0.0560772130233895
0.0584921550096638
0.056245462614027
0.0573615879621737
0.0578553568745447
0.0566733018808558
0.0548610345989444
0.0553313756568146
0.0568497229410123
0.0572907419853062
0.0555639499401364
0.0559476461154633
0.0571890075853786
0.0584181958877123
0.0557450319065237
0.0561320848133711
0.0547325353430242
0.0558554807474011
0.0557613331325371
0.0567600985311116
0.0554679432737571
0.0557754514456602
0.0561217578433566
0.0547676860077536
0.0564591101580426
0.0573779594233128
0.0569912521558869
0.0560811712006914
0.0581035985585004
0.0566356340306964
0.0547501261510577
0.0569549758412112
0.0573781558277969
0.0582781014465543
0.0567805491302861
0.0563715581660383
0.0560477904351223
0.0558598556402087
0.0562378806273085
0.0559746856746315
0.0557936795604375
0.0568007983840371
0.0581432904661127
0.0570938177826496
0.0574676584469067
0.056213434143987
0.0568574358670197
0.0582967247377247
0.0557662849210634
0.0557192047652162
0.0559792157861219
0.0565322196922984
0.0577977503426977
0.0546147371694283
0.0560568588322525
0.0563214672222747
0.0554756025513111
0.0560238105562517
0.0557069666364691
0.0583616944500752
0.0582439807311621
0.057473623133703
0.0557116669384048
0.0567445887771342
0.0562467389929787
0.0588798179346949
0.0566721035147734
0.0563102887918343
0.0568137872130666
0.055782849262014
0.0576939580539789
0.0577546087259952
0.0564690562652048
0.0571380057941265
0.0563670968831403
0.0580760838339424
0.0561695339382679
0.0566209086635722
0.056410910690816
0.0566569508732475
0.0566987282496121
0.056045636560053
0.0565430174245259
0.0560284246995574
0.0559894399935758
0.055638155107645
0.0557173234482519
0.0561460565051751
0.0588504445687419
0.0556500936862357
0.0563532558840908
0.058474189516519
0.0565118117707754
0.0569674592058437
0.0572498312730256
0.0557846800348648
0.0558326461432894
0.0544755239478406
0.0573385698521812
0.056401136683413
0.0555525328868066
0.05583711769991
0.055725980442671
0.055601490239695
0.0565271404955324
0.0558824376623565
0.0584986485755903
0.0577850013339952
0.0562918657145167
0.0577994224293083
0.0563064385562695
0.0568177310543387
0.0550097517938363
0.0570939109583876
0.0570987250915087
0.0565986435898236
0.0573200492629961
0.0580188005961306
0.0574952007636768
0.0578629415934778
0.0573091565685209
0.0575340920532859
0.0559143567282109
0.0570349319547377
0.0569081853989218
0.0559894378094829
0.0565425377581017
0.0560337445124785
0.0563430083751856
0.0572506847607918
0.0554410631674693
0.0578169123595165
0.0579066467324369
0.0570337956407131
0.0590405939495712
0.0555879759940951
0.0566738391302318
0.0577613816903531
0.0574421800940551
0.0562968928599938
0.0559655655185145
0.0559563197734508
0.0581551631318577
0.0556080308212829
0.0576932282842136
0.0552890422196664
0.0569613810731191
0.0566302723876669
0.0556887116062377
0.0551361584037744
0.0554780827317915
0.0562192554527778
0.056622622651995
0.0581683512480567
0.0564734396272859
0.0571864176797525
0.0553389493746092
0.0569250327837362
0.0571537619035083
0.0574722184862914
0.0574694629059763
0.0555607061562053
0.0579299881829626
0.0552073072298601
0.0563202945141202
0.0560141151587712
0.0576202124040975
0.0577638080607461
0.0557581358679924
0.0563485548746385
0.0577440349923249
0.0566449439400396
0.056156922055075
0.0575312230976301
0.0556774424519352
0.0572027830079654
0.0566762783687077
0.0556986793966313
0.0563840099835153
0.0567190376811371
0.0576902494328405
0.0579941103569713
0.0573154921534407
0.0565131946397463
0.0572114491577594
0.0565781839050073
0.0580590687415563
0.0562122804785245
0.0574530110048321
0.0561413139350532
0.0569624347083944
0.0560127114793567
0.0547155544191143
0.0555095112316239
0.0577976660422024
0.0563232610010382
0.0566623680585753
0.0571292969648168
0.0570732200251192
0.0570037478907261
0.0573998029985099
0.0559760699522279
0.054783930650653
0.055956668218034
0.0564372761363345
0.056564971308304
0.0567800054378902
0.0561122730442389
0.0549779707517001
0.0579163620044109
0.0569707789628431
0.0555438608559119
0.0559785156388527
0.0556318891774133
0.0587475643800569
0.0575767231392456
0.0563245660450764
0.0567571929194956
0.0548430506477897
0.0571129745815163
0.0563795585493485
0.0579772620348179
0.0570831693934985
0.0557562446278419
0.0580472216302508
0.0569139143397595
0.0582311510695856
0.0563940759835248
0.0578353871047604
0.0566017759816195
0.0568315671175622
0.0583855986925493
0.0565177025488032
0.0570391299632279
0.0549679066911679
0.0553552705262436
0.0570539599900419
0.056699273609167
0.0574470514002825
0.0562180344417928
0.0561896652647296
0.0567986752639653
0.0548203544510992
0.0540648722379916
0.057954069168605
0.0547774787398509
0.0577468549880537
0.057619735186163
0.0577421128183173
0.0578859210237129
0.0555008905189979
0.0572092447689719
0.0564416479322042
0.0562884614298609
0.0555013717061488
0.0575997164494307
0.057631842311087
0.0550045970496177
0.0566427489457475
0.055682560025476
0.0581414674764726
0.0567787988769747
0.057511197609751
0.0566461337877996
0.057275303795694
0.0564600152886575
0.0564785995564492
0.055980810951768
0.0547625685921252
0.0575443110095643
0.057218527776012
0.0554053459994635
0.0567757056451983
0.0568917708477518
0.0564418938184327
0.0551830730283561
0.0574572566108179
0.0567714777017605
0.0578640686653419
0.0550121276146137
0.057068042578397
0.0573927605085023
0.0581686689894556
0.056170363842168
0.0570025593484008
0.0559322628463457
0.0563858672759297
0.0562473577704575
0.0553179503810479
0.0570250648045895
0.0579242569277264
0.0572698973906268
0.0574617240001406
0.0568408086662257
0.0558315111516828
0.0575092558750463
0.0560784499420424
0.0560789390782828
0.0570312593566938
0.0573424608793918
0.0565628726854082
0.0571715210818779
0.0562687427255964
0.0576235037227806
0.056178562042962
0.0553726231966955
0.0539694623630912
0.0573159234256275
0.0552173192056323
0.0564377407004188
0.0558990162111903
0.0578389237431365
0.0563784697755382
0.0559786883665774
0.0571522740785065
0.055638372729009
0.0574179759490299
0.0569300548604133
0.0570271911912715
0.0576018099697545
0.0560170847482253
0.0588316439676612
0.0564904361321878
0.0553179163892981
0.0572464860099969
0.0570671218743558
0.05799505931641
0.056092751614915
0.0549543517932633
0.0581235358956744
0.0561607740805022
0.0562126416414643
0.0547592221295757
0.0571739498149003
0.0561274601794644
0.0571359940585381
0.0573806077059263
0.0574619324779237
0.0566479216785239
0.0567372887220912
0.0571200007686748
0.0557090396904845
0.0571367016691034
0.0575737828336001
0.0569344011188603
0.0557019951639956
0.0567889708166611
0.0543006705515159
0.0571790679704721
0.0562457785484388
0.0564764575572309
0.0570738796466591
0.0563718573026569
0.0567007676391883
0.0559783317369652
0.0561644425182213
0.0563157357169258
0.0565044332087754
0.0567719086206301
0.0557604754988359
0.0561269009940159
0.0566525557423743
0.057766159209697
0.0563038695350785
0.0562032537951706
0.0555255335591893
0.0563135127929114
0.0560869509872664
0.0586282282400347
0.0565993827290274
0.0551682116774283
0.0565679999734057
0.0589285180844547
0.0563295812630402
0.057265356341003
0.0571599153393341
0.0558279506450538
0.0573700373646395
0.0558296244172129
0.0573372780159853
0.0527807788972545
0.0575698595036977
0.0567072325793538
0.0576844574932317
0.057575632153572
0.0570741937074028
0.0555708900859775
0.0566094100617859
0.0560198427437763
0.058277883464924
0.0577692773297793
0.0554613723882924
0.0553053505343942
0.0560619634727326
0.0573011234040773
0.0578942305796785
0.0574620272299031
0.0570156784094073
0.0575375418030439
0.0574984769265532
0.0567063130500648
0.0579956166114712
0.0555136372731973
0.0569958940167111
0.0565120860873136
0.0571936957258554
0.0565230452694663
0.0573905837890012
0.0568855082750424
0.0564811737763862
0.0573425665077255
0.0566881389626139
0.0574260330229483
0.0569195940308583
0.056405189488046
0.0558873997035291
0.0586747781134418
0.0565647016005788
0.0574318360784008
0.05629943123344
0.056679167962328
0.0567198487008226
0.0563352111759658
0.0568646389566788
0.0576184302796961
0.0567952288024145
0.0575905460188441
0.0566839868427111
0.0559891320591897
0.0571308536902662
0.058002706616871
0.0570096776366354
0.055942893900867
0.0565365257205695
0.0534874437045869
0.057499337519193
0.0568990535165428
0.0549980290492463
0.0570130280591449
0.0555172603110729
0.0572965974241378
0.0569754412148363
0.0553999787311433
0.0577478033025074
0.0567691832295248
0.0556795188440905
0.0580179616645529
0.0554795965089413
0.0581690554752559
0.0563495169036999
0.0560623815872407
0.0553049632857699
0.0552643920857836
0.0579868469571532
0.0565623354336415
0.0566362082395628
0.0566361011533574
0.0567194809586132
0.0564001397843819
0.056168537735876
0.0565890669647122
0.0560674663946908
0.0579160276493055
0.0549758998841096
0.0562037308790109
0.0579263649714797
0.0571647107908706
0.0566008789269673
0.0559472928411595
0.0573695566565931
0.0562923901025929
0.0563847555638121
0.0570741826479796
0.0557227134260428
0.056689612618917
0.0575680717031593
0.0580062710009142
0.0564355984088128
0.0563760880203035
0.0570790187091713
0.05710707003731
0.0569355270907374
0.05565005779598
0.0558114290325062
0.0564614067344107
0.0567866714227374
0.0561293145688832
0.0577679610500315
0.057657161638631
0.0563626280116287
0.0563847624506312
0.0572876873217328
0.056210572402306
0.0558402324534075
0.0577097986992471
0.0563254815481133
0.057657550645946
0.054894155496231
0.0571867307944142
0.0559027533843767
0.0572566921358965
0.056525569706439
0.0569144309541056
0.0555373079726454
0.0570954931634433
0.0569243356056338
0.0585253887193849
0.0581142220214874
0.0560276455847007
0.0578064582636223
0.0564356184377102
0.0579896148908864
0.0570680004993633
0.0557924786403259
0.0564606707183729
0.0550269832382715
0.0564343119814642
0.0572781742231932
0.0573308410448496
0.0579355718139214
0.0574421835151465
0.0563654824196348
0.0567303449037352
0.055691161976607
0.056795111560008
0.0579722105191107
0.0564776158861444
0.0573863919773697
0.0566753959024989
0.0561279103128288
0.0561789182834777
0.0548134629776659
0.0564548965110655
0.0561361576376053
0.0573695293899697
0.0580223552390988
0.0559558766663815
0.055828881314224
0.0560836813988837
0.0573049868668121
0.056093938397559
0.0574335330232382
0.0554351927238931
0.0559939285746593
0.0576367956933952
0.0579092184410298
0.0565325776234032
0.0560610373720995
0.0562294541212461
0.0587993533398085
0.0558581783281762
0.0582454199248113
0.0555719860721911
0.0566692632966948
0.0552310575615125
0.0557931774410202
0.0559874775084253
0.0577190013863438
0.0566326298549381
0.0568040517603355
0.0554648453850678
0.0568332472561928
0.0563155003643708
0.0577554646896106
0.0557628369168282
0.0573043885555034
0.0574061428239603
0.056603975894175
0.0565924346790908
0.0559001524915224
0.0565015609696084
0.057130339634586
0.0591562181513281
0.057464248876071
0.0583523693791968
0.056235498091728
0.0568659168374675
0.0568912923807117
0.0557208380683747
0.0593345195090816
0.0570609642443327
0.0573538802149267
0.0564065405972063
0.0558266017440607
0.0574130083566035
0.0563888529724241
0.0564070841127146
0.0573619470199425
0.0573961980129237
0.0552198303776737
0.0562183669680882
0.0566869286713907
0.0561650953392217
0.0580095433036144
0.0582329990779004
0.05738857337052
0.0549842276634313
0.056032762568565
0.0564613343988816
0.057113623006296
0.0561785388927793
0.0577835975600156
0.0578006135709229
0.0572008961381369
0.0560290066356212
0.056617213556915
0.0557606834233278
0.0579448976831791
0.057466961891328
0.0574793681209072
0.0569608096338954
0.0543240516178554
0.057870651398621
0.058289942514105
0.0572841914626665
0.0577461355904665
0.0575654848984502
0.0571268855908434
0.0581101370977765
0.0562013865856236
0.0569781326023198
0.0564024960005674
0.056626639127394
0.0545280546612452
0.0573494407984645
0.0581544151479159
0.0563220537173488
0.0578521517279106
0.0560367340191007
0.0563954208090419
0.0563961554298694
0.056944258088137
0.0559994616113377
0.0569897732905144
0.0573081163960347
0.0560075551009307
0.0572749949987587
0.0562851681946671
0.0586425973506131
0.057389981893302
0.0563815004575142
0.0569015527048155
0.0577818151368191
0.0559254680673035
0.0566335893416128
0.0579289303261553
0.055962669064364
0.0563147341208806
0.0563681791108743
0.055373012140164
0.0561494257203635
0.0583853966885527
0.0558005478898558
0.0564157610405285
0.05682374732918
0.0575719027957121
0.0569655611342049
0.0566843593110744
0.0559017742468508
0.0569443769804415
0.0563962718884381
0.0556952813098823
0.055675794822274
0.0566777061353222
0.0553881023646764
0.0576597763099396
0.0561661226262818
0.0567019587205311
0.0554300536737626
0.0579345027911007
0.056916446799183
0.0553539803444157
0.0585191929735402
0.0568933981570336
0.0564734446996135
0.0556846159350987
0.0569502138460354
0.0561444635384924
0.058130370330674
0.0570242458026622
0.0575790580727165
0.0554491102411121
0.055692712189096
0.0575182400552226
0.0577430340889532
0.05675186679421
0.0569328740562134
0.0568473870565937
0.0557194613658251
0.0570624834097441
0.0573375651679699
0.0557332982709443
0.0577000194497229
0.0577734416109464
0.0553918434370086
0.055964584780791
0.0572355411918329
0.0579638703883671
0.0569711784992962
0.0571479048576494
0.0554031150760632
0.0554817912945661
0.0552833444382967
0.058200929349039
0.0564594892702029
0.0572574002584089
0.0570818695445641
0.0569794576710075
0.0555182224823563
0.0564142485363437
0.0566025510236805
0.0562363787674089
0.0586163912564011
0.0568783698876061
0.0571940375938928
0.056920535434233
0.0572461472097689
0.0570298260235814
0.0581054779003738
0.055926020544376
0.0565254781422922
0.0563715048443679
0.0559554829725821
0.0557753025196973
0.0565833806718611
0.0562889261258032
0.0568015747042562
0.0556276484334829
0.0574578990452705
0.0567137315705923
0.0581452343715066
0.057126676808572
0.0566579002966092
0.0551461363535753
0.057929027560262
0.05710887088751
0.0568700649830924
0.0561248171177683
0.05726881704949
0.0583499468072382
0.0564407343312252
0.0569710454298487
0.0572269871091637
0.0550866053681164
0.0566764678259411
0.0587588932537227
0.0574412537887849
0.0560554540649553
0.0568617574446285
0.0544529295664856
0.0554179639781852
0.0568489249045488
0.0571559780037747
0.0573580465275886
0.0567793737763393
0.0551617064572419
0.0577209044847728
0.0556166117033668
0.0570963301207817
0.057069284524211
0.0566632449572215
0.0557297412892373
0.0577237237494058
0.0569663504636162
0.0551383416704074
0.057481364198757
0.0566553169706429
0.0556199384477752
0.0573987794646916
0.0574564816486163
0.0560942683583525
0.057445814045946
0.0563070086043603
0.0568533240104583
0.057459503731064
0.0571359237783551
0.055883448829889
0.058316485020793
0.055160236829034
0.0570273135050018
0.0564901419259309
0.0574667480565914
0.0562417592703272
0.0584463685657209
0.0561070577377167
0.057112632708512
0.0568294846857043
0.0589316991556198
0.0577393360885736
0.0577876101570658
0.0565687148568911
0.0571624361254765
0.0569210637770877
0.0576236505247707
0.0566366061564763
0.0557613757980202
0.0559069239705966
0.0565814368248897
0.0564947424068484
0.0575253181724069
0.0563758952264757
0.0564131465503001
0.0568640273256459
0.0567403112616231
0.0563456791742266
0.0567748484575149
0.0574913406055015
0.0568284329067971
0.0578084812955696
0.0556259222226267
0.05720496632112
0.0569031962128111
0.0561324965923423
0.0566788905676306
0.0574004571430492
0.0571400225934357
0.0583006445462011
0.0579189490346226
0.0555219470674363
0.0581020140636338
0.0580995147054877
0.0564043847311128
0.0576988962820156
0.0583556666585596
0.0573133549830657
0.0573183652240157
0.0576534103083196
0.0567616988913992
0.0552696350968522
0.0565041329291778
0.0569869345541116
0.0583225792484211
0.0575652789769657
0.0570730654437166
0.0567440167093817
0.0576719817861184
0.0571945573408646
0.057311467096456
0.0559348068196268
0.0572298933829063
0.0574028358046877
0.0577981830549202
0.0562460996548736
0.0569903290915371
0.0575096508851592
0.0567840640967295
0.0584287979913467
0.0571592055032504
0.0566986454120811
0.0568994435554923
0.0565835179374941
0.0550427907282428
0.0587310907171438
0.0563968685710516
0.0568238566517148
0.0564506490843164
0.0567009341156154
0.0585950594579253
0.0563454133535768
0.0571259938080867
0.0579987516240897
0.0576555086402245
0.0570263536887708
0.0570334073931939
0.0568846955271448
0.0567596374454409
0.0574886005020507
0.0552141829060711
0.0553426925344071
0.056937935317509
0.0562947034453821
0.0567058666749465
0.0553646687712859
0.0573249093651945
0.05785491273667
0.0552520316026202
0.0571163244059529
0.0557612348577595
0.0566997637754619
0.0564119580939337
0.056389704402218
0.0565896622305075
0.0581765340667095
0.0567183555580993
0.0557460790892958
0.0579358911607298
0.0583782526189601
0.0560355666792627
0.0569398028476544
0.0561201200450848
0.0562749714900546
0.0558496610593225
0.0572876884368645
0.0581427442942467
0.0569401424738394
0.0582409984498291
0.0554677992232258
0.0575432954157973
0.0571398648884272
0.0569277137342705
0.0569229214706813
0.0577400061697015
0.0555741462475755
0.0568400493601649
0.0559441175368257
0.0566666922967728
0.0571615680226732
0.0581430345166381
0.0586871956835624
0.0578795571166288
0.0576202306654552
0.0580837369496487
0.0589646569447235
0.0564308437060272
0.0564738000582168
0.0574299813471936
0.0579345523528803
0.0554066048427318
0.0566175730350195
0.055590861924105
0.0563322314634875
0.0570371662893746
0.057431378096103
0.0562150383097167
0.0566438821314078
0.0564627403378865
0.0562929852246959
0.0572731660786888
0.0563737987075394
0.0561054324226028
0.0568542494062569
0.0567348999719422
0.0543538952839184
0.0571691871362255
0.0555035156862919
0.0576190543554876
0.0558675810271493
0.0563670410946638
0.0550315245700248
0.0564778307841121
0.0554383370728201
0.0564374681518313
0.0571109972578068
0.0566416788272483
0.0558316284736655
0.0576793754468561
0.0572083200278445
0.0545130597398765
0.0581109443268392
0.0565788097228721
0.0577817976178093
0.0558208174206722
0.0552259934215534
0.057924080469457
0.0557398445295568
0.0560251959207123
0.0558396040528114
0.058271619115407
0.0581842126509615
0.0570265292985332
0.0555062526527093
0.0580650901855951
0.0561591935187372
0.0567367134688234
0.0549978709237231
0.0554235684221107
0.0577784297975168
0.0570122409829879
0.0550001006668223
0.0552444198335704
0.0548339891805766
0.0553014626533526
0.0570626291346975
0.0555582303066238
0.0574877228296635
0.056555965307567
0.0545771602313912
0.0588397559895192
0.057438076766868
0.0577597783682362
0.0572333484125568
0.0565110381033081
0.0571014820848772
0.0572407967937307
0.0573111230803486
0.0583974112319681
0.056350658101435
0.0572493938610895
0.0592586193571439
0.0573185262709248
0.0569177160428424
0.0562457169396601
0.0562082422325034
0.0567325387410971
0.0549043113647994
0.0572286080389921
0.0569431300822982
0.0570422702710824
0.0560241620456343
0.0559321928364361
0.0557929500569379
0.0569365607868561
0.0557113014665739
0.0561313571213791
0.0588342668611211
0.0575205423157045
0.0560416675151297
0.0549022076383504
0.0556816957001933
0.0568726529935312
0.05590317473131
0.0560616185691189
0.0569849489431531
0.0563181541670194
0.0563323684940579
0.0555091186287079
0.056472963563813
0.0557995879443559
0.0569077332242977
0.0575942748839661
0.0574852665775172
0.0571154662628943
0.0559347627941973
0.056297801700491
0.0561840919125569
0.0561706213190251
0.0556319884122777
0.0570878909340621
0.0568752195851982
0.0564746129079755
0.0556371630952111
0.0570904061817891
0.0568561070347836
0.0552831148979418
0.0578465134975078
0.0560863827304248
0.0570690773622272
0.0564469166724684
0.0555188704561455
0.055607535175603
0.0571123150159867
0.0577654101824473
0.0582184181338614
0.0568584123844559
0.0576001996245639
0.0570170825368596
0.054991080795562
0.0582890645579377
0.057063249908183
0.0556397565833161
0.0563904134546413
0.0574218482529558
0.0569600466761393
0.0576346524409944
0.0573493165648259
0.0577434642741404
0.0568510352965225
0.0559083144516137
0.0572493942594683
0.0563158649967508
0.0580069792165611
0.056308328606927
0.0580382780852362
0.0555352106838833
0.0554871743002122
0.057997982296375
0.0546497789332103
0.0577161718266563
0.0572718759329704
0.0579538465266466
0.0556962787616339
0.0566890184902295
0.055787642972885
0.0561548983057311
0.057215751237006
0.0573255661952263
0.0559432513621753
0.0578796331974314
0.0556472336749272
0.0552674826599484
0.0556477088523178
0.0578232929972797
0.0563606504809034
0.0567090290082676
0.0560508626759068
0.0568824604459944
0.0595964205582871
0.0579042774625081
0.0567591620072465
0.055088985638848
0.0546404068476158
0.0554381618442433
0.0575144206969509
0.0549944743170877
0.0564588819270662
0.057839658811853
0.0562930149027882
0.0568380747948938
0.0587717786108572
0.0559864463316708
0.0552765378516826
0.0570070924497751
0.0575278082207306
0.0568036455128318
0.0561857450332363
0.056331332191043
0.0578952041961317
0.05486767553601
0.0593122324112674
0.0567679096429896
0.0554499075874086
0.0578771045731129
0.0577592480969871
0.0576828658077889
0.0567702269929756
0.0543026581756655
0.0552508314893724
0.0565099860071356
0.0563128204710701
0.057384604702073
0.0591748406393219
0.0549457535591092
0.0571441309553332
0.0561557734207735
0.0563912066890208
0.0557645948213339
0.0580350234387717
0.0567387517571937
0.0572829354798583
0.055528639195293
0.0554614553516084
0.0561734848643981
0.057236831792491
0.0582023557176414
0.056352725013126
0.05817993575172
0.0556241044109917
0.0575450089365806
0.0574108922239461
0.058403076822259
0.0556874348131522
0.0565483723395839
0.0562945119140072
0.0571949208019396
0.0558229681179664
0.0567988544637035
0.0568592148822201
0.0581373016584573
0.0559498610264533
0.0564477798952591
0.056878778030876
0.0567591327549257
0.0552999928747115
0.0582927939862036
0.0576043632186258
0.0565004579419921
0.0579141524669263
0.057782219208104
0.0570327392051188
0.0566893415685302
0.0567647221021609
0.0562273819563933
0.057807452135019
0.0549127764570982
0.0577577301915847
0.0579191949219691
0.0580201454800476
0.055045238835008
0.0566569190527623
0.0570406780000634
0.0568912428227512
0.0570544665373377
0.0560077008070081
0.0552889329896486
0.0561367601386295
0.0564654188499249
0.0561554050152094
0.055810337898995
0.0563649295778415
0.0573256618207696
0.0580661899158277
0.0556300275639926
0.058043898030907
0.0559706935315909
0.0566744744167334
0.0563979086089003
0.0572893650866047
0.0570408878944126
0.0583811887200148
0.0570733442882801
0.0555651423799367
0.0569282778282222
0.0566867858876246
0.0556296160306923
0.0550819744563065
0.0565982385893415
0.0561082807697026
0.0551017348332426
0.0566446011587655
0.0566580514582095
0.0558039414444038
0.0549613919746549
0.0570352663357754
0.0568484628903077
0.0566257918272146
0.0552130316086307
0.0579554356138642
0.0563739643148062
0.0581591530796502
0.0546648629798985
0.0561177027428143
0.0547017155377392
0.0565511644473481
0.0557896051171936
0.0571487462672485
0.0569548441006395
0.0573170199666127
0.0560410658018635
0.0561482678918303
0.0570709481959334
0.0570103391821031
0.0570654383605808
0.0568945914955957
0.0572787169111734
0.0588209096281558
0.0575364928146605
0.0563501351202853
0.0548905097792987
0.0572170196559668
0.0557818056883298
0.0571376119144216
0.0573389040014664
0.0563296027838159
0.0577186739010996
0.0559524699374768
0.0572992584692251
0.0567250586092238
0.0583237006757068
0.0572869339595183
0.0563028920102839
0.057410016097739
0.0569137616806362
0.056610471331675
0.0570400851433146
0.0581381772825715
0.0568845909970616
0.0569057430419676
0.0570964538302049
0.0572603777062126
0.0568626414127739
0.0589278125494825
0.056038662382825
0.0557544804972089
0.0563892548938247
0.0575214916208221
0.0573218792811529
0.0557342032568028
0.0551428629149515
0.0573649194863591
0.0555132528273076
0.0576248691227005
0.0576616479781393
0.0558549801233533
0.0557809050087994
0.055658792792256
0.0563302986030752
0.0568538271959671
0.0570759619990265
0.0567651189489087
0.0582418968612416
0.0556946205841243
0.0561575330798493
0.0576567727169594
0.0555946248981972
0.0559793295301581
0.057317174650318
0.0569117937281153
0.0569165513888661
0.0568259789997192
0.0559591853601494
0.0574575932955604
0.0561561649545016
0.0560036934290838
0.0576008194301393
0.0570527470914771
0.0578938693207155
0.0569908812943499
0.0552375773398495
0.0569223845658299
0.0575612120698972
0.0566424733546132
0.0557385502237132
0.0557018941862355
0.0561417698467157
0.0555836864058708
0.0566517117772803
0.0576132096593151
0.054051121151522
0.0572046931862046
0.0566776458376018
0.0564807141003774
0.0579109905164019
0.0555472903955263
0.0560871788097155
0.0571003205045738
0.0575110241951328
0.0577346698313154
0.0570082261777492
0.0556603642733157
0.0556646295470842
0.0569740849158436
0.0583149054950182
0.057525254075926
0.0558656057890484
0.0574081542888438
0.0561905197802457
0.0570507757607175
0.0565354254302999
0.0540383770398351
0.0566253279826839
0.0563079219870834
0.0579362191622146
0.0576279706765398
0.0578900676683243
0.0570276401669073
0.059290555050587
0.0590124511322042
0.0581253992005499
0.0564220214075688
0.0557415401584037
0.0582533598002199
0.0553901446259234
0.0572279133707333
0.0556816144013882
0.0586575356240068
0.0570742737747116
0.0542012296223412
0.0570817108260287
0.05720496095503
0.0574860759011267
0.0557603009264702
0.0570153383804077
0.0560637979149698
0.055967412550712
0.0566751997907235
0.0567567161253141
0.0556528971671923
0.0586533384533045
0.0570622392367594
0.0570296397697628
0.0557142582973988
0.0562543370046346
0.0566351669601713
0.0567379471615185
0.0579520306183201
0.0565463441710572
0.056411553707014
0.0571556446265337
0.0556352992567339
0.0573977546266882
0.0572205010076604
0.0558712859837448
0.0556867461521201
0.0556859156338216
0.0563542678154203
0.0545004657095664
0.0565028884824783
0.0554697157509055
0.0570431615255606
0.05729416773689
0.0566931142528233
0.0577611391029825
0.0564331320007913
0.0558689531261114
0.0559098682236688
0.0563431551981744
0.0562280677360263
0.056182497624779
0.0559224320475726
0.0555327280771737
0.0552729337915438
0.0561665734693284
0.057455716747924
0.0575891455850949
0.0561910100334013
0.0558666049078624
0.0580315793542739
0.0572956582193437
0.0586529509919068
0.0546259257244987
0.0559216990846594
0.0575272111880155
0.0569190670012356
0.0567414310383288
0.0545078501374684
0.0558524111470436
0.0564597646346449
0.0589580057531326
0.0581039195225709
0.0556261526213698
0.0564751340359768
0.0581585879289393
0.0548545385937351
0.0546164693163674
0.0563030381458332
0.0556553048192151
0.0570674083555673
0.0551815636093006
0.0592498434591465
0.0576508052462405
0.0568286838686438
0.0569101439134851
0.0555905576140758
0.0562226485664534
0.0580560378273086
0.0567309565937681
0.0562534998063551
0.05634942859124
0.0565203877873351
0.0580929248039532
0.0554473293804639
0.0557314811797743
0.0568654396918616
0.0560930994958418
0.0574855204445964
0.0551465631453244
0.0580206029784685
0.0575149364367978
0.05517577105353
0.0576589190201343
0.0562968323037204
0.0561925564781292
0.0562250757331792
0.0575456977971841
0.0577069627693057
0.0567280710373706
0.0578736587985494
0.055254361254045
0.0583535629113699
0.0575688105143706
0.0553892841491238
0.0577973191715235
0.0568226079118525
0.0563082038757434
0.0570154929965395
0.0566073755403967
0.0562948302669169
0.0581653695210902
0.0558041837796377
0.0566741221342899
0.0557477912153792
0.0576531511337365
0.0563467363846148
0.055043629740701
0.055810454099833
0.0578901118223442
0.0572128616896397
0.0572468830070904
0.0562001353517966
0.0581635220257871
0.0565741511043486
0.0567273862722226
0.0557496154441618
0.0574326541494227
0.0555359449139425
0.0564914956856332
0.0557237344058157
0.0556625832753821
0.0571196346742557
0.05711495228302
0.0568740006789655
0.0580890450360624
0.0560729307958274
0.0587378159253251
0.0556829995257668
0.056249192111883
0.0564648005326767
0.0584411999803088
0.0562228186401834
0.0562449768356273
0.056851738930842
0.0573103127830431
0.0574550294603
0.0550837284793672
0.0556347266449827
0.0576052048017033
0.0563216736705448
0.0572477539126411
0.0567311175091245
0.0568246275409516
0.0563247762841105
0.056790452770461
0.0569954126766762
0.0565194419947215
0.0566381691869359
0.0568024715271114
0.0582747205788985
0.0562959837291643
0.0572485937428538
0.0573336504266738
0.0573850009441512
0.0546717351474813
0.0569888657652781
0.0568908720323067
0.0570889673269718
0.0576814671046848
0.0572455306486111
0.0574134117104352
0.0559374396830529
0.0574095606790675
0.0559369056270412
0.0553150994759164
0.0570376472050967
0.058675972230723
0.0565148892084188
0.0581716323129743
0.0572211923197535
0.0588707763084362
0.0576097617326083
0.0563403398359078
0.057431427680787
0.0561585282964146
0.0576255255196409
0.0573922483129277
0.0569098252216498
0.0561435090457087
0.0555496793274564
0.0562778162499255
0.056693333596455
0.0562410167985759
0.0565078964902779
0.0569233250449925
0.056946156405163
0.0554134837403761
0.0603658244918765
0.0562745494399296
0.0574303451693157
0.0561433537309986
0.055971603452869
0.0560596354407103
0.057044716726168
0.0574166514992231
0.0563250741013786
0.0578559222325856
0.0568596533926331
0.0573968016873167
0.0562298824326012
0.0560339625197019
0.0578054178935169
0.0582315749141422
0.0570587491697875
0.0556026178105848
0.0571124194382473
0.0562464425076861
0.0572225256468685
0.0568546026045408
0.0549711170439556
0.0587016974266819
0.0582802079603718
0.057369342416936
0.0569183907654158
0.0566338501564616
0.0559599578826284
0.0558062252612799
0.0568355285309447
0.0575448260638625
0.0554886989157583
0.056300101806183
0.0565761109354808
0.0567095889942148
0.0550246373868711
0.057372702043206
0.0556045963535943
0.0570373823248781
0.0577173520814234
0.0564985655434982
0.0563574026483578
0.0566653349895271
0.0568982701732538
0.0567284614585365
0.0570830822245058
0.0578479802425007
0.0564994450771948
0.0583966692532034
0.0563082752318926
0.0569811919096451
0.0572064225299038
0.0567660939378742
0.055632082400316
0.05687088590819
0.0565879321720814
0.0569225717833618
0.056997444614247
0.0567603126744057
0.0563833536139875
0.0575671497631442
0.059488486987904
0.0584370933458734
0.0572929328498819
0.0581306155473388
0.0579338390116724
0.0566578842416914
0.0568372583322402
0.0575044631664654
0.056826290348732
0.0559216212208038
0.0551848072999362
0.0562897748952478
0.0572460144023043
0.0575276459341165
0.0570437260582959
0.0571777810067201
0.0552727222644537
0.0562745100669992
0.0572003893912263
0.055709051665073
0.0568514142001501
0.0552777760810474
0.0570671454023254
0.0556634970743122
0.0563535475874858
0.0587571541035968
0.05828577281415
0.058962866385104
0.0561192583241851
0.0569807453779284
0.0542433298913024
0.054266176507041
0.0573923762557066
0.0568115986257382
0.0564422326380458
0.0559323689983402
0.0577332902292106
0.0572675362915546
0.057067159987526
0.05634513559921
0.0563374084983806
0.0571668218883021
0.0572603400257332
0.0568742641034286
0.0567373568496719
0.056121751653248
0.055578923292491
0.0557173801585902
0.0579280103499465
0.0572024728417792
0.0592425306098899
0.0558503001267514
0.0577985543880093
0.0583489118110007
0.0551837367648627
0.0566682568183606
0.0564859244502429
0.058044339022464
0.055431348370484
0.0565495656904815
0.0563687869690559
0.0572914991447818
0.0577915268448717
0.0552487866439503
0.0581084414290058
0.0557293919092869
0.056733672159574
0.0579039782839881
0.057390681995684
0.0546787028828438
0.0545057714237807
0.0569086839209913
0.0567458029536845
0.0575683502994547
0.0572240343759035
0.0589633474425633
0.0571277851109001
0.0564123226370119
0.0558792912002589
0.0561229743021443
0.0573671374578337
0.0569038043309246
0.0576520363194081
0.0569038204219805
0.0560856992940199
0.0551126829397185
0.0561545396802141
0.0579987368514416
0.0562561069482319
0.0565737328647942
0.0568339054150646
0.0563386731969582
0.0539946809033679
0.056325406227956
0.0572746461254403
0.0559149347456956
0.0565073676711304
0.0579785262531547
0.0560891537893091
0.0566557598726226
0.0570323793856385
0.0554217446659312
0.0571572952622316
0.0568338899132923
0.0563759256868489
0.0556179964766476
0.0580335896641284
0.0544937006044194
0.0580334755730157
0.0576309053725846
0.0559234377641758
0.0560741266454559
0.0563914891689408
0.057567724267014
0.056127758257208
0.0552372132928865
0.0573946592464225
0.0564641811173953
0.0570314358275684
0.0561211674143989
0.0570329531313981
0.0563093086452791
0.057943889270277
0.0557661517747971
0.0559044208829461
0.0578277223202635
0.0559346653373628
0.0574931113589439
0.0575493306982877
0.054758984277513
0.0578364155871725
0.0564376799190251
0.0560661539568855
0.0576357703991191
0.0576332301311508
0.0562584226577728
0.0550197180909952
0.0567387082006466
0.0572696755790807
0.057188982373526
0.0552931196041112
0.0574941671715546
0.0565601291988249
0.057604109107648
0.0580013011116544
0.055896401793277
0.0560379244548356
0.0563225298011591
0.0570257731374617
0.0583016860812287
0.0568192794087358
0.0573697521307171
0.0567043811110512
0.0576433448729522
0.0566547206963252
0.0591176777385752
0.0576287249791832
0.0560228971320746
0.0570373799020081
0.0568020305029283
0.0574817940873411
0.0571444536469527
0.0561168141892601
0.0573429834642035
0.0550625096345366
0.0557965364437661
0.055272241441311
0.0555529409269419
0.055804103867024
0.0566164851353842
0.0583691369221166
0.056101650656469
0.0580199020335819
0.0574577182307472
0.0573207647261703
0.0560152835688787
0.0575836014256323
0.0573865632429336
0.0554159719721187
0.0568432731246319
0.0577007133039359
0.0588909134136072
0.0572154508206851
0.0569488190593406
0.055665048905533
0.0566898909434329
0.0572676399606591
0.0559414948698677
0.0561176059915629
0.0572930284342201
0.0580592298211921
0.0570756478199418
0.0564446185814966
0.0564624202052076
0.0560327812878417
0.0579518603313818
0.0572214269822691
0.0580127470840397
0.0553582263996919
0.0559765781175653
0.0563517325645686
0.0561032184362767
0.0563884479860205
0.0552468490636868
0.0593016309847329
0.0570732522467847
0.0573609229256982
0.0572876920398768
0.056590053904381
0.05664295522334
0.0563930485642496
0.0572704030618429
0.0583327662409278
0.058763441005978
0.058409909417547
0.0571895496817238
0.0563572301956791
0.05510274196746
0.0564894624110644
0.0577272145322341
0.0560333161656854
0.0560682148135206
0.0566372729075904
0.0570153883441457
0.056604339535186
0.0556690367698999
0.058244968103811
0.058219565042194
0.0573435661738501
0.0564459583902916
0.0560684546100551
0.0568666067971051
0.0579847466307069
0.056672604540803
0.0560186486752678
0.0580547596716816
0.0580933148475742
0.0566121358853754
0.0551074780026151
0.0552370124864315
0.0563154108826084
0.0570666936754265
0.0548130805509888
0.0565559880483656
0.056009055152701
0.0567207793230114
0.0561286994755354
0.0568948135265787
0.0567467539378412
0.0560774927454902
0.0549338062740604
0.0569597268990837
0.0565455860704098
0.0578859294472418
0.0560407869721226
0.0572180981107434
0.055601217208576
0.0551448938214717
0.0570645580735049
0.054678537803988
0.0571428619906083
0.056130374875203
0.057980334675572
0.0566094752237741
0.0552128308888051
0.0558986948791841
0.0576266936234483
0.0573159922053405
0.0560355642530713
0.0569295382242936
0.056735988418106
0.0562704597140448
0.0576703947884379
0.0555976755120231
0.0572588375993083
0.0566363303917311
0.0565513352562135
0.0557813226685706
0.0576151445542772
0.0560834940471547
0.0572067087141871
0.0574676182447106
0.0575655084361921
0.0577114312008077
0.0581310943302656
0.0571495523522558
0.0572551261806614
0.0579487679995123
0.0562303556246172
0.0563052858986583
0.0570599921912749
0.0557689866657972
0.0563754708961792
0.0574956026359294
0.0575300756156535
0.0567945909586194
0.0570499194740845
0.0565738733508212
0.0574312328483048
0.0579930761015338
0.058607646952937
0.0558687786294909
0.0567411507244464
0.0567620806577092
0.0558873261221524
0.0565503094624316
0.0558986462649678
0.0551252207457241
0.0574813671716699
0.0581718782306945
0.0574244718580712
0.0564758862517203
0.0552759349472172
0.0559368448300322
0.0572379848015606
0.0572946701657567
0.0568579443033554
0.0553599157801324
0.0573214610656107
0.0556737477852117
0.0585421112604968
0.0578199414055494
0.0571172297917892
0.0567202865781047
0.0573061787846074
0.0539340999628998
0.0562241579792119
0.0564103132849953
0.05730921383186
0.0585059879673807
0.057494273902804
0.0569524239111267
0.0561628466642106
0.0569978168633377
0.056768984474395
0.0581554861578489
0.0584334745883331
0.0568385153831889
0.0570016120076799
0.0553487521730261
0.0573640747936477
0.0584960470703052
0.0564717021146545
0.0562512245013396
0.057622007731096
0.0580497925800592
0.0555943516378237
0.0565908150418128
0.0553561713109967
0.0569323295991315
0.0567186499853143
0.0556688801303165
0.0584957077260543
0.0560854585223438
0.0587923654648727
0.0571674087431411
0.0571316373586716
0.0577709453972396
0.0565938438631994
0.0577970751493456
0.0561476449308102
0.0574129279014167
0.0554809426551668
0.0565776677157139
0.0571070209715033
0.0553531773388928
0.0567682468369854
0.0564821959224776
0.0578147697685748
0.057409799491541
0.0566244892683193
0.0558586882315913
0.0579835967618773
0.0552407633745743
0.0560259116490803
0.0568765523849306
0.0551954248078965
0.0569072471226118
0.0572413189652679
0.0586272324787216
0.0570258873076059
0.0562657515346645
0.055413868406242
0.057371880358764
0.0559222005027974
0.0574335278984898
0.057848438113267
0.0558842173471826
0.05841467414046
0.0565146289961396
0.0563285398255291
0.0584026628419649
0.0561233921153019
0.0551836881522648
0.0558681581156174
0.0559410058116594
0.05696351466664
0.0571833756361539
0.0558072730284456
0.0574798288945379
0.0560161474574376
0.0576689166295907
0.0549946515548067
0.055063170748921
0.0576648376127639
0.0582802352470173
0.0557145020162098
0.0569591581297217
0.0560990568357192
0.0565155830474127
0.0572424006664337
0.0574277783568738
0.0557899963723619
0.0572042846071069
0.0571513127735481
0.0578646310951387
0.0549615391591789
0.0562082283151594
0.0562486997756616
0.0565866405174481
0.055469748811098
0.057663440369264
0.0566635740673995
0.0564238464773356
0.0575189032764097
0.0571845607555416
0.0560345228895345
0.0566609320139824
0.0554760731062857
0.0563384115965464
0.0562180600005133
0.0582380682760318
0.0572004145879678
0.0573067232676097
0.054838422948996
0.05536747558628
0.0561448736231414
0.0563123942967372
0.0570953103540279
0.0569352842965463
0.0570078665545213
0.0570392025654833
0.0566597955772646
0.0563301762716944
0.0579068338276832
0.0574656465036158
0.0564482731394867
0.0573498683260799
0.0557162897176773
0.0582611086745974
0.0566393217986757
0.0576340232394285
0.0570855360581092
0.0562097578283379
0.0553594898727024
0.0564296464630486
0.0566638177427584
0.0563723654222583
0.0567497982657643
0.0548554028977881
0.0575829734818931
0.0558693979364599
0.0561420430024772
0.0559304698344732
0.0568787384359056
0.0557681875341574
0.0564874701184712
0.056479397282861
0.0567884288521063
0.057885578854569
0.0564493083128991
0.0572157638702727
0.0563762196176769
0.0564434410998038
0.055749757187361
0.0569637250774603
0.0568907541617049
0.0580285506478655
0.0551212363140283
0.0551282188179364
0.0558488179193347
0.0565320119270656
0.0566916683299954
0.0558532137223761
0.0573527757185708
0.0565403734484305
0.057934976243381
0.0583615843600725
0.0578563554911434
0.0569317617819675
0.0569821494348308
0.0549177931104292
0.0563473505602911
0.0567737024297223
0.0576446504109209
0.0561442676567881
0.0561833085400744
0.0561165299555146
0.0543600069928492
0.0581977602738403
0.0565115459471084
0.0566775717871172
0.0568545050568664
0.0571572134709382
0.0584146657466883
0.0578604491945585
0.0558072749695331
0.055782106897842
0.0567540556949576
0.0578344950646202
0.0586296299398333
0.0560024101604722
0.0578931481858088
0.0564777625762214
0.0573127857536132
0.0550723832686909
0.0568533308376808
0.0576667577918143
0.0577300736010014
0.056507397210767
0.0574611589903661
0.0557791521364942
0.0565573622959571
0.0569480603858351
0.0569790362306914
0.0573481720219183
0.054702281262386
0.0570223804428307
0.0573628596625733
0.0579301603841378
0.0580095953700538
0.0572389191774975
0.0565328790212476
0.0573381860954667
0.0564078491992938
0.0575735973510881
0.0560447118984267
0.0572676470988054
0.0567560821721556
0.056416964991487
0.0568666189127422
0.0584548032407091
0.0556024291961159
0.0562546601784763
0.0556914719900857
0.0563532256032393
0.0576882827106965
0.0542707719415375
0.0566486723633819
0.0582181061676066
0.0559554937534953
0.0577611053996983
0.0566495616154127
0.0578873654200578
0.0561569741332771
0.0562370301622084
0.0585283299821095
0.0558305831274554
0.0556927078377186
0.0573216695871273
0.0581994295132552
0.0580223648500266
0.057173763746236
0.0586986568827517
0.0572203470022303
0.0584108284786082
0.0568249121987479
0.0547281550713391
0.0574909127525829
0.0562410591390755
0.0573206788690223
0.055896216232684
0.0570471000657114
0.056853474986156
0.0560672262100788
0.0564692594749541
0.0554838911605866
0.0562886351564971
0.0548458684073165
0.0555987695137382
0.0579403933043132
0.0549532442045118
0.0579856307854061
0.0564204278917011
0.0572741356277304
0.0551714185781968
0.0581310397327313
0.0589293139988292
0.0546094903054703
0.056551801668815
0.0576972598110388
0.0569215633502402
0.0577551407091182
0.0569696378112791
0.0565643670328141
0.0573169655290409
0.0569905816320258
0.0568468540660922
0.0574946576450744
0.055327026167011
0.0577008842513928
0.0567824717355596
0.0559899783475295
0.0572499717235951
0.0581326702208069
0.0563806539126115
0.0561982488284917
0.0587589661253992
0.0562081590035186
0.0560392490727737
0.0557164728368363
0.0555237057590201
0.0558473308836162
0.0588001719478338
0.0565964956345179
0.0570424589477036
0.0577188027046904
0.0554361690750726
0.0553938165692126
0.0593509829007355
0.0569540886862754
0.0567036527659046
0.0576964767412998
0.0567160745684271
0.0575198067129926
0.0566702195071422
0.0556358296753489
0.0573842752756604
0.0560835472979318
0.0554120657589874
0.0554052996092318
0.0565240067349432
0.05682840260622
0.0563979525303085
0.0572730289402972
0.0580558471060325
0.0574781183120828
0.0566635635056007
0.0585542064211671
0.0574465436525295
0.0577199441707664
0.0567040524907109
0.0554990561413003
0.054972556268695
0.0562651631850378
0.0569380842653468
0.0550984720958303
0.0562433584748291
0.0570995756203978
0.0564292053585228
0.0582554896404909
0.0561012325040682
0.0561549948520389
0.057916560524252
0.0573294165670834
0.0567198424955941
0.0578689531671885
0.055848307574948
0.0576939969175346
0.0557270233556242
0.0577552851517746
0.057492804992621
0.0566027285566493
0.0569551669858773
0.0567817223723704
0.0563168181718153
0.057370613818462
0.0562374925346408
0.0567158229635561
0.0569285761116951
0.0564586183521898
0.0582293092189206
0.0575348956728958
0.0569829333839814
0.0564839707220513
0.0575796488828513
0.0571148523488415
0.0589732019840306
0.0552396302367659
0.0559609899369509
0.0566927414238132
0.0583856719646914
0.0564363292069601
0.0565709644213146
0.0578986657589959
0.055861156849525
0.0555153462680996
0.0586349995703144
0.0564138101615366
0.0582421714794149
0.0548087651358419
0.0560180498653481
0.0580896993380009
0.0569712657484329
0.0573078025408486
0.0554580884103316
0.0563641083559345
0.055862785693005
0.0571385078526884
0.0546729818303008
0.0566220334140674
0.0570991136140845
0.0573954582981232
0.0572537974795474
0.0567446079253048
0.0589316568770657
0.055960197585404
0.0570950602872119
0.0569861986493952
0.0555265742477671
0.0575756252748707
0.0566737026055888
0.0584251074751867
0.0568962908688659
0.0561897198271708
0.0570918960713519
0.0553153728294454
0.0580872896132022
0.0559896968363801
0.0568479475978281
0.058159813428918
0.0572740284072794
0.0573102378426148
0.0548919834809099
0.0566765063719895
0.0580054181926056
0.0553270498298298
0.0559229248247243
0.0566130941751719
0.0575892154890357
0.0561250231880883
0.0588770283165468
0.0561090971806486
0.0557343459005561
0.0545842675687297
0.0563156383546912
0.0576350158737991
0.0558844722928646
0.0571160793607264
0.059264415741861
0.0558623445432345
0.0561102087301747
0.0567066125875217
0.0584257798587182
0.0563796950706394
0.056678735525632
0.0575384219255462
0.0575333707777622
0.0575626148128171
0.0564919761982458
0.05552991615545
0.0567232619636258
0.0592633135602672
0.0579929355544542
0.0555615772715009
0.0562223611041147
0.0547030038874213
0.0591044213215683
0.0576577533450083
0.0581029865448828
0.0572534382702443
0.0574148969893545
0.0556159004993706
0.0578970040864192
0.058280540277075
0.0564468380300655
0.0567006257348124
0.0572626155325809
0.0562423624521762
0.0569377468907826
0.056398316223409
0.056545659588801
0.0559558787249854
0.0559683895488315
0.056538980695084
0.0559860943594905
0.0559889055100866
0.0556450120416823
0.056355382886797
0.0546367865388354
0.0567676507428269
0.0582406670919211
0.0560718151016661
0.0564294051538275
0.054962270426911
0.0564001916708294
0.0580119107146389
0.0570891137563177
0.0573903358902578
0.0565394813826375
0.056816759265022
0.0554640284237912
0.056935027291512
0.0560527041244466
0.0581144456436477
0.0564994735472132
0.0559042535323619
0.0579270578906239
0.05495829665496
0.0567400273093264
0.0575317948422061
0.0554340553090354
0.0582423123999954
0.0574398507552327
0.0556728758512032
0.0548711597866864
0.0556069991297587
0.0565652526296687
0.0566497898834423
0.0564260814781022
0.0560549020618339
0.0566423671170102
0.0566131811073082
0.0559902973925089
0.0570509524750994
0.0561056353788529
0.0577394058177449
0.0569500748761854
0.0562240122359172
0.0557620741983853
0.0558571322323606
0.0568540791127448
0.0556911333884839
0.0558458509776578
0.0591664587635349
0.0560614370423211
0.0575158470692136
0.054854149724273
0.0569846589878949
0.0554849656003239
0.0575538812988365
0.0560114143656133
0.0552898619410531
0.0567552726384427
0.0569006342255879
0.0559745741034444
0.0559154975669301
0.0565374657182116
0.0562315409456899
0.0563126176020014
0.0572107265759344
0.0559663316600726
0.0566994748593945
0.0559380321723905
0.0558935530577613
0.0554392812189081
0.0558341780896336
0.0572897139628846
0.0571171954531548
0.0564544845697832
0.0571605314447407
0.0563814078247018
0.055873674324692
0.0579454042691561
0.0572126768181842
0.0555774990334589
0.0579082464926616
0.056285096589163
0.0578411978890932
0.0570010022219512
0.055296319815842
0.0563818558423764
0.0562769079354973
0.0571917518943963
0.055974381014562
0.0578554421671552
0.0561934052713352
0.0547242703110072
0.0558380841290656
0.0586892489375325
0.056799481153421
0.0567079866761449
0.0564491179618063
0.0571129131095995
0.0567043341479863
0.0572267723248558
0.0599462018507574
0.0570305575902375
0.0584326861347804
0.0569513928906495
0.0596222526936124
0.056218507241598
0.0581627978949467
0.0572195670592923
0.0574823331860948
0.056099410565339
0.0580230915502496
0.0565128178463404
0.0582779776702861
0.0551644924288155
0.0577183606217632
0.0563163853880867
0.0553261059744065
0.0572690528707612
0.0580598816848536
0.0571017632601972
0.0575643635284493
0.0586158148862606
0.0563532459654699
0.0558371716834131
0.0558736847454024
0.0557126306968898
0.0570996252972809
0.0553625310400483
0.0559441908840167
0.057720603688794
0.0550665990778847
0.0578054895462973
0.0566035863245664
0.0555776023344585
0.0544451362035026
0.0569758752541814
0.0559333571123118
0.0547861945284091
0.0548936406659317
0.0567968407578141
0.0563539660871327
0.0574443752478254
0.0570144708492369
0.0560800522292767
0.0562537703012053
0.0558356132883112
0.0569913121552251
0.0566037371864744
0.0570760755044779
0.0560269372864844
0.0589475840174827
0.059007446081492
0.0560703495324205
0.0556674173874035
0.0574902246777947
0.0555740039405253
0.0581150742033568
0.0578675369786477
0.0580388917934872
0.0570365690789164
0.0574785915625226
0.0557627689487248
0.0577316628178752
0.0571571580022429
0.0557787955956465
0.0549428070740002
0.0546204965807469
0.0574541344057052
0.0557924683523789
0.056546642151541
0.0558377995301813
0.0582907081167563
0.058335968265343
0.0560519730908153
0.0571123774519228
0.05677790135881
0.0579373281178207
0.0573241518422683
0.0575538367196196
0.0549648087946819
0.0579095616462049
0.0551602087114589
0.0568932785712833
0.057193788822971
0.0570589403128343
0.0574006607891574
0.0575697204419676
0.0556630096036693
0.0566031792548016
0.0576903241073036
0.0575197228995439
0.0564098888203229
0.0561059989182275
0.0564234925796343
0.0571213607282331
0.0563960241611212
0.0585074165858864
0.0567784302688956
0.0575946023813416
0.0562855885278764
0.0557659079576067
0.0575561897713864
0.0563557249337064
0.0549157862030579
0.0562333840393591
0.056172210474738
0.0568712531428684
0.0570754216834499
0.0560154591865707
0.0547056781155148
0.0563154693601685
0.0565207340063195
0.0553039289156785
0.0555111213651183
0.0558137542082791
0.0558141183985103
0.0579683314151528
0.0569928955403202
0.057184087635485
0.0553353881233282
0.0578389284990875
0.0569895632021493
0.0546029366571521
0.0556076897925819
0.0585059623944961
0.0558099158121863
0.0574572865574768
0.0558341697746622
0.0557759702568253
0.0557661502905009
0.0550083754143844
0.0566262077449285
0.0551000863605121
0.0553885792579975
0.0563873089611048
0.0545647282109954
0.0559613769292952
0.0547161861453682
0.0571605786442157
0.0574067450655372
0.0583732521022988
0.0562845920407948
0.0557196174191696
0.0567806582469226
0.0585066923190809
0.0559558546534778
0.0563344291752048
0.0549556127131693
0.0569498740105842
0.0572205756516275
0.0574227556140299
0.05860113364387
0.0576350482111673
0.0543147073006757
0.057219119253217
0.0587754232725904
0.0585326147362289
0.0549137936065389
