0.0438885896307238
0.0437926607056432
0.0467505292649931
0.0450606369093882
0.0427699102324716
0.0445421752080204
0.0417384662638071
0.0428314612880599
0.0459938145610573
0.0452671541098604
0.0427087632832435
0.0460029479975313
0.0430322288331194
0.0431808932724258
0.0465488734765362
0.0442700737562579
0.0428827153908672
0.0411831637588873
0.0475515078085068
0.0428702880707285
0.0462530289539922
0.0422220871858473
0.0442119279929022
0.0454709623341518
0.0457201498642205
0.0419006745568439
0.0441369095175707
0.0447859556727807
0.0441718277985135
0.0467575392008675
0.0461200503883888
0.0426422954913256
0.0425639848861093
0.0432581059387469
0.0433083607744471
0.0453613165833437
0.0441119661923931
0.0480255349331581
0.0438801535561258
0.0438152839574285
0.0458020700843347
0.04615602124177
0.0441456837391387
0.0452734610894217
0.0443946454296554
0.0434882891116424
0.0428929226383085
0.0408866857370839
0.0419558723833654
0.0444968606440229
0.0467478073544688
0.0428272195641197
0.0407242253990691
0.0430641314265468
0.0437602162623292
0.0424035406525054
0.0470227887283493
0.0432390309916453
0.0454326336581143
0.0451886350695786
0.0448437240387002
0.0448625366459647
0.0439207947041451
0.0467247417162622
0.0452680584334317
0.0418333054498401
0.045164727622078
0.0424971873858113
0.0447459909257513
0.0409063469325028
0.0435879085757641
0.0431630943782165
0.045044268794917
0.0426681652408672
0.0430245330911603
0.0447255724131847
0.0453367132991679
0.0430305668120833
0.043217189671001
0.0425056422758282
0.0439188522303692
0.0458080426370738
0.0471518119503552
0.0420605356511296
0.0461762969258233
0.0451848600361941
0.0447466441090924
0.0466880573600887
0.044302690552668
0.0424097638217703
0.0462300141268269
0.0433293174344722
0.0469820442040058
0.0455142859863977
0.0422094620990434
0.0463590703349349
0.041225946095576
0.0452448118839005
0.045938175450258
0.0458017219665882
0.0433565392550997
0.0468160842815534
0.0425174909123688
0.04775041166531
0.0437203184685781
0.0442376406463983
0.0452014115672175
0.0428313653938054
0.0435399748440064
0.0426284609927194
0.0431564027276551
0.0442631369067129
0.0442918738516448
0.041202560851739
0.0461008869345021
0.0459553798277381
0.0470190641162468
0.043435743964632
0.0454309594391051
0.0440647939792261
0.0426321101724969
0.0431117628598364
0.0441504810194123
0.043190390010404
0.0441824691823345
0.0434975010631109
0.0421604022654472
0.0418552612938438
0.0467228357230867
0.0443869224209174
0.0465257391953582
0.043011937990971
0.0425018397585137
0.04776428303865
0.0431532452667938
0.045638239118858
0.045738245591881
0.0460324448211021
0.0443574281824337
0.0458774347685464
0.0439720685478105
0.0421682590366808
0.0437986972060577
0.0422664144785007
0.0453188353097978
0.0446298881297318
0.041325537201818
0.0436412306807956
0.0438782487231995
0.0445348354542845
0.0454087117492215
0.0479251006599628
0.0437048681595096
0.0453536749792929
0.04354276284479
0.0437523094186657
0.0469976270868186
0.0431229926241108
0.0438828525378647
0.0451838129495347
0.0442404155522071
0.044420213542511
0.0416592749435039
0.0426632111656541
0.0421948601706744
0.0449434188270272
0.0443474479557322
0.0462227228063571
0.0449504889097224
0.0423718617622677
0.0430547699165592
0.0428394735856681
0.0423373675831899
0.0457230078403474
0.0451611384850767
0.0430253184554893
0.0455493140761123
0.0471040599694282
0.0426589813282168
0.0428647901500666
0.0414589043310481
0.0445675862640148
0.0441014225766974
0.0435308032885155
0.0436494113426951
0.043942368676781
0.0450031486073282
0.0458131218058443
0.0450117506364817
0.0435036213358293
0.0461911385778634
0.043998752130776
0.0428358206349096
0.0439883355941551
0.04651979140078
0.0447450705933124
0.0443903315954824
0.0438735100107235
0.0438714690518179
0.0421872780827964
0.0421778407769409
0.0439477153644466
0.0442426950631583
0.0426287669719076
0.0444669334999216
0.0458152263753414
0.0428831018214236
0.0438277401183103
0.0436586333304854
0.0431123748642321
0.0430915569962509
0.0438703812014246
0.0457612514680815
0.0425401826150163
0.0438907551293492
0.0429959380830769
0.0440786961524369
0.0443254624562064
0.0443939008634971
0.0420191813537535
0.0458698119645082
0.0429137342480208
0.0435964866864423
0.0463098949660478
0.0432935258298785
0.0455684501650689
0.0437798916681811
0.0431826483883846
0.0469814157390461
0.042551171864836
0.0454546060597473
0.0428779126402406
0.0464045821734367
0.0461578565741224
0.042428910035644
0.0447737774338907
0.0472416152992873
0.0437834545525249
0.0431272486314473
0.0465229071986718
0.0422150767580452
0.044500649945231
0.0431766088467933
0.0454916218202804
0.0459143769318516
0.0449126492688063
0.0445486306534537
0.0460673445908842
0.0417416977565334
0.0420931098231299
0.0436619360297745
0.0451864475451716
0.0425006850015629
0.0425451929737145
0.0428339509467935
0.0462473563685033
0.043186661714089
0.0435643631096122
0.0499443610843478
0.0457265777126007
0.0423919698684078
0.0480613130333736
0.042849555042417
0.0421889585117419
0.0447164995234228
0.0450829965934439
0.0448611887952745
0.042995201867509
0.0445392230824574
0.0422615675499429
0.0435097849652988
0.0457530787311046
0.0434643982252316
0.0468873220886093
0.043646867159865
0.0440157481649148
0.0445099094390063
0.0457846628952871
0.0427764977395189
0.0421600846370764
0.046072626548828
0.0431095595694522
0.0449731567356993
0.0425029924845117
0.0450652940538936
0.040639159535142
0.0434846710756386
0.0441465272351161
0.0413840618103013
0.0424471489089601
0.0445937006820357
0.0455160438399554
0.0453064618113379
0.0441424122994947
0.0445891492269479
0.044567506565055
0.0424862526431737
0.0458885833247778
0.0446156054312733
0.0450145706466049
0.044168725525909
0.0462486143588164
0.0419449195088594
0.0441811775411491
0.042773772351189
0.0433311519621264
0.0435056625664213
0.0438191195525888
0.0403109067844247
0.0430753834113266
0.0425591374762829
0.0439801199505981
0.044374269378693
0.0478186435845519
0.0417883970197191
0.0475882921883777
0.0428005889362159
0.0432292613668804
0.0428823292720002
0.0469630036655998
0.0503393507093905
0.0437357911715589
0.0423496350883351
0.0445896006638873
0.044995534310112
0.0453335377630469
0.0433772978100558
0.0463360974204557
0.0421713740721204
0.0441129538692754
0.0487043349845163
0.0455353242565589
0.0450542798013975
0.0441875807973017
0.043966645669642
0.0435176874984594
0.0435359105598238
0.0451152681587325
0.0449703008381674
0.043059513509305
0.0439352872306562
0.0431753814264185
0.0422307048495579
0.0451747172910164
0.0471948988416654
0.044575865211654
0.0443728498672273
0.0441741008300729
0.0422876562351784
0.0421392508538343
0.0433175422478289
0.0439462992945979
0.0480228817874389
0.0434958533950578
0.0415359831221725
0.0445940116363396
0.0445434788592569
0.0446694350632004
0.0451408342813392
0.0436807611024933
0.0454421680827179
0.0440370321247104
0.0503014901090857
0.0425137910636037
0.0464898397962449
0.0468006976740914
0.0435725911131325
0.0466244014474188
0.0418999091823427
0.0442294224325705
0.0433574634170646
0.0464815675638997
0.0471087778367718
0.0450745905247076
0.041169209310668
0.0431238051033124
0.04301180430057
0.0493253128483761
0.042282954255445
0.0437136212192388
0.0450833033386263
0.0461437374807431
0.0472413972730307
0.0441925233588355
0.0424628636717891
0.0427794691503275
0.0451376635930982
0.0433868734119277
0.0465669287239436
0.0441810546232077
0.0429557455193661
0.0478134151368385
0.0463440526010437
0.0443807218510868
0.045120908079913
0.0455035424622543
0.0469385651268149
0.0434679225380904
0.0428373716077047
0.0447341160086518
0.0420996661027601
0.0458061672830228
0.0454469857164365
0.0414465683207306
0.0431081921672561
0.0410212137367287
0.041924873378975
0.0431002348314671
0.0452975407969367
0.0471276699693424
0.0450779930317797
0.0428895711714515
0.0446576599173162
0.0446370712110731
0.0416222955842113
0.0457412570694313
0.043919573911075
0.0424596703184504
0.0432577156276203
0.0440076417972997
0.0434212848270968
0.0464439795419688
0.0426910294391105
0.043899271750884
0.0433011545661418
0.045606389729667
0.0438331981150829
0.0440893744571927
0.043644770011766
0.0431891502554654
0.0467706513429138
0.0435457170134431
0.0445227727922151
0.0435193156211368
0.0435433851875032
0.0429991371557839
0.0423783951697149
0.044232657684408
0.0434029928542924
0.044696861059166
0.0426730694216774
0.0439590400715846
0.04189918985978
0.04159948096098
0.0427817306489315
0.0453216245609511
0.0434152430854853
0.0441724868847978
0.0415773060057046
0.0417012856716242
0.0433281446985633
0.0471003540321392
0.0454596616760181
0.0434829242378375
0.0429522278462515
0.0476713404492318
0.0419135288039121
0.0417378154760604
0.0429883211715984
0.0464957532436662
0.044691387506639
0.0448190031739395
0.0439037789462241
0.0431484554410049
0.043399023754546
0.0445558258253096
0.0468663175470586
0.0448595593833098
0.044967506883002
0.0463976960517226
0.0421989183949252
0.0438452834966766
0.0450098962275714
0.0416436488134534
0.0444542921544709
0.046717903024477
0.0429479538810182
0.0438692003842667
0.0462059391063468
0.0451413560672148
0.0467028169530211
0.0477689028388898
0.0459817284386213
0.0451128652713198
0.0416439954237013
0.0464538716494845
0.0426165113320107
0.0454939624407875
0.0502518426344386
0.0444291892860859
0.0425357194161023
0.0470596482521168
0.0431915000767916
0.0427502723101908
0.0438378180466561
0.0448268510966435
0.0457473881313196
0.0434021473662931
0.0429740111420851
0.0450238743735117
0.0427174961837937
0.0430478525650577
0.0440825141883701
0.0445245132724973
0.0456022571714152
0.0445165987767543
0.0455470678521302
0.0435585698778712
0.0429176747100793
0.0452690222178932
0.045697141170172
0.0440224452986883
0.0444950725336497
0.045965003362442
0.0418817883098024
0.0455967636996991
0.0434144563108979
0.0435597100770915
0.0441981641248356
0.0449978222817095
0.0428539487539654
0.0432511409169677
0.0441519899795745
0.0440089757463898
0.0457180483648552
0.0435208826833701
0.043440814629443
0.0459004622360539
0.0439809139555982
0.043292357629329
0.0440128278775208
0.0426837208209632
0.0436388510425766
0.0441400021069443
0.0448022332122323
0.0431520972919979
0.0456996904034321
0.0470740455301144
0.0421424288783533
0.0444355210110596
0.0463088658085983
0.0426039374185379
0.04352874052285
0.0428503765736803
0.0472885368451537
0.0439100806125318
0.044589300475951
0.0462318646824496
0.043070500955833
0.0446118964376122
0.0449986536217957
0.0447583861917913
0.0433365005229883
0.0456541854236846
0.0423015325637655
0.0422083785931232
0.0438527441643329
0.041792667159336
0.0442797879337351
0.0441194408488869
0.0422900903463632
0.0440598864054601
0.044910200851654
0.0450749048957012
0.0448964963505208
0.0454774924415904
0.0463221972611448
0.0431425125518703
0.0442696438600929
0.0433134463397798
0.0429667612315538
0.0435482706306895
0.0440356082244081
0.0437198213757986
0.0443590735459197
0.0468538305782252
0.043970737900519
0.0432629458723821
0.0441422405978352
0.0446253365943147
0.0436475001257949
0.0411922374744053
0.0439611121854664
0.0437064664422772
0.0426727024735319
0.0420677792862035
0.0451976546908461
0.044807936463948
0.0437774317053986
0.0436644790559095
0.0443541896266138
0.0451198630076363
0.0410658097147703
0.0432330577113725
0.0428648997042628
0.0427781020387612
0.0449352074660344
0.0450321695633558
0.0439256716540923
0.0474487379127174
0.0453515749252319
0.0459670601777379
0.0446913376356656
0.0417461931514626
0.0424961026156788
0.046039247269832
0.0459517553789761
0.04604456960558
0.0413598687138625
0.0435013041233031
0.0429204148926424
0.0450494014519609
0.0430993753760883
0.0435446319837311
0.0422337778465345
0.0433169511760213
0.0433523053837727
0.045216729774207
0.0449656670284593
0.0484370025316674
0.0457869140359747
0.0433830581932292
0.0453216537421579
0.046375074819661
0.0459786150200428
0.0446930299581444
0.0462261810007032
0.0461608710134962
0.0428512101220917
0.0453363488833423
0.0432780021210628
0.0428511555922857
0.0472820357123992
0.0434865910916476
0.0430814993703044
0.0436817936922504
0.0423384929469338
0.0432522929676713
0.0456987955537539
0.0449456516249762
0.044449773949632
0.0443127237247159
0.0472308687658589
0.0448241464167902
0.0432515929514969
0.0422144558698499
0.0429971542057024
0.0461009369692057
0.0437083136581693
0.0421184801473848
0.0432872576252296
0.0434110590696935
0.0448794413978461
0.0474634686722612
0.043765049497222
0.043096078995957
0.0404194106958557
0.0442011439577619
0.0437285770949599
0.0413721395984604
0.0462509011958643
0.0422907769090346
0.0447220765610036
0.0433681676162691
0.0420627553571516
0.0439645207745395
0.0434321329763048
0.0428604235602432
0.0446183008448244
0.0452183151702676
0.0440694199750192
0.0433925561325475
0.0448206154602142
0.0458760703080898
0.0437245830391107
0.0446663226146371
0.0443647310003895
0.0451316064293689
0.0462606418311803
0.0430724504251911
0.0458920682994005
0.0413240687075209
0.0418158458135269
0.0428190159845817
0.0447073393711621
0.0428120220476466
0.0420967177258781
0.0439613815285898
0.0422322541090476
0.0417146030775656
0.0441808900542673
0.0432335851877892
0.0436508697884782
0.0442934429502306
0.0453024235171332
0.0449537770737274
0.0434638815312276
0.0450711331210614
0.0489915161000827
0.0429972991640208
0.0460999754580881
0.0430020033704621
0.0469304937911668
0.0423164676358971
0.043289149975277
0.0428096164055527
0.0425040118794342
0.0429461005169057
0.043570381747328
0.0418018127147776
0.0457025839939263
0.0435617790892661
0.0492268861510666
0.0465835014233549
0.0464568473630258
0.0425793988357295
0.0446751825105252
0.0434992421450511
0.0454786736413463
0.0422637062454059
0.0457210916698894
0.0437086750812469
0.0448742697525796
0.0427522173821595
0.0449622556610059
0.0452574320399182
0.0410851236305347
0.0431755772361987
0.0405844507765114
0.0443606099173614
0.0433323030319845
0.0433193784868879
0.0438081137528108
0.0447562714352139
0.0478643336495851
0.0465853421442278
0.0433013125133805
0.0461425126806609
0.0457867364667054
0.0429290192200428
0.0471582178892845
0.0410208390992229
0.0435790207538091
0.0426342485988586
0.0428230805284043
0.0419625277004903
0.0453439109276818
0.0428316958937256
0.0423044263591386
0.0443703049704138
0.0420992480373762
0.0433269527013309
0.0445333322863899
0.0437590365781852
0.0438842378274303
0.043696100795864
0.0442718596463683
0.043327863809697
0.0418974616049196
0.0428563387006781
0.0435686014654342
0.0439389004966393
0.0432962197874102
0.0440927989166862
0.0448502730325756
0.0462207804350405
0.0438489912512179
0.0436256403962158
0.0438989508789116
0.0438464730933579
0.0432998224306819
0.0442735274337183
0.0413721608638846
0.0430108184270941
0.0457787798058977
0.0414632661280804
0.0464837200560028
0.0456172482713419
0.0430521275932617
0.0413742722753289
0.0422717959602669
0.0438196719306533
0.0460980172897943
0.047999011382079
0.0444788236148776
0.0419674963658721
0.0422863500569474
0.0448155989080025
0.0464143344472716
0.0470470304499257
0.0432364647363652
0.043667924366115
0.0437136891478763
0.0431240337866289
0.0445537983991734
0.0438738055713915
0.0432227049686671
0.0470355115293915
0.0427309477748333
0.043404018786705
0.0451463175565145
0.0437521417216708
0.042477502361983
0.0459167321439442
0.0441161838728108
0.0456140974297637
0.0427373260883153
0.0425890697504866
0.0454354440820367
0.0427191349801288
0.0422199884805841
0.0444336456860968
0.0438613160182715
0.0471991415715264
0.0428936016500269
0.0450374969110915
0.0416111712737433
0.0436177902367352
0.0437166984927741
0.0454928231731802
0.0455120383822507
0.0435452868549453
0.0424997619755273
0.0439396811094239
0.0475767264254065
0.0460758939886587
0.0438693832314713
0.0453231833580873
0.0456554928809918
0.0458623492819792
0.044029233952086
0.0448588810572519
0.044715233594012
0.0471540779232566
0.0456418992723544
0.0439806296204496
0.0449526420456252
0.0441440413982805
0.0435104142587232
0.04538189255401
0.0440259683988774
0.0410447797978964
0.0415872500907739
0.0466152965971784
0.04274295069043
0.0449202866345474
0.0442108490892018
0.0423653625319168
0.0425199709093925
0.0451037059769223
0.0429900109084463
0.0448278074360257
0.0441701941228244
0.0433690480121769
0.0458659742230806
0.0467228514037221
0.0426264890595212
0.0447762689050593
0.0435179864114336
0.0472359876255353
0.0432507290215885
0.0448914313115854
0.0463553323625309
0.0446175333187653
0.0416345988078906
0.0444193273178187
0.043688879409277
0.040832590244684
0.043061246843128
0.042667052014068
0.0427444107145538
0.0413523557110853
0.0410349352045451
0.0439927102672615
0.046243243641404
0.0452904224964413
0.0444525971090594
0.0452969916973702
0.0473185478170786
0.0468815162917443
0.0444821300730588
0.0437268074814708
0.0461081419900458
0.0458889520507881
0.0425452114003504
0.0447804793326625
0.0444031930928208
0.0427109399970642
0.0417197979850624
0.0414723520861346
0.047141846156025
0.0456482462481595
0.043493018780532
0.0451491262848008
0.0467902456760349
0.0456322042007438
0.0444693941080702
0.0450054575075977
0.043740375316054
0.042178987282778
0.0434193129279142
0.0456681315613786
0.0465820162836387
0.045168402551747
0.0453118674648794
0.0438229238549037
0.0434937763417687
0.0439647400122175
0.0440457731491652
0.0442897652667374
0.0436233741436224
0.0444049638596039
0.0428349044314028
0.0470911339125346
0.0465575247470061
0.0458625418459263
0.0426310843933912
0.0434993505003499
0.0410960184297431
0.0456269307513794
0.0453287884021411
0.044338123271095
0.0444455693289508
0.0421005168242172
0.0489027506814981
0.0432999576448777
0.0440112194931626
0.042945693273084
0.0440471343735765
0.0416180618512601
0.0449125590256798
0.0448249803885103
0.0422184770100571
0.044713253103833
0.0415844844480997
0.0415493861532281
0.0439219975958535
0.0454018154466393
0.0437842236520269
0.0446616011123779
0.045075347233322
0.043293209201084
0.043485007229993
0.0452561170911102
0.0447589567774647
0.0432265289328496
0.0447150991488414
0.0436671817676168
0.0470430505687518
0.0445591517542065
0.04217874168856
0.0472423834857753
0.0423822936769658
0.0432735184487302
0.0450288291662258
0.0432123815610742
0.0438921453634255
0.0427932252380869
0.0431325486462655
0.0463191829328288
0.0467471010033475
0.0434623765193363
0.0422009681240605
0.0445900328033841
0.0443652146624831
0.0466941829457561
0.0457674168159877
0.0436820434317266
0.0465109673620173
0.0415474489906873
0.0409964270824266
0.0472258191422864
0.0498495554578626
0.0443047446392844
0.0442372590041365
0.0446191329389735
0.0414298472288095
0.0453314436906022
0.0442386396494602
0.0429692090093647
0.0424404707739206
0.0426163473569486
0.0436989592931562
0.0446874126381942
0.0432900158979661
0.0432544533816715
0.044624959498275
0.045615127280142
0.04632043202433
0.0420066178378264
0.0448117330576467
0.0426175094199819
0.0460017126165772
0.0438232160283417
0.0450417742570969
0.0435084754591721
0.0428776498180693
0.0473763083712358
0.0444411035577792
0.0442436061440781
0.0420531628662416
0.0451704376795423
0.0463446382140763
0.0432310518270229
0.0432381471898511
0.0412736052983001
0.046246819173372
0.0440181819312092
0.0431567771850118
0.0472258601866875
0.0462422634847178
0.0427672744593367
0.0448792115995655
0.0440158824968372
0.0438613562666976
0.0464705473358984
0.04478124139811
0.0421992949190911
0.0447857078608773
0.0430197318673209
0.0467354980442707
0.0421431001276498
0.0443091430150913
0.0448144293847589
0.0454026464981938
0.0449504481128763
0.0411554314008694
0.0470294369928125
0.0465176774136874
0.043402790372039
0.040778338628598
0.0437019557396515
0.0442110001409908
0.0445739468063444
0.0438788118016968
0.0442381047259025
0.0424711256398259
0.0419971181306854
0.0427319539255562
0.0418495679847983
0.0434464836292396
0.0442087115121665
0.0468582161922709
0.0447728115159774
0.0444684697734441
0.0425868890022057
0.0450581168312088
0.044793298793172
0.0426726804816788
0.0419753077260882
0.0420764911966461
0.0449136555473694
0.0441521451385029
0.0435835561129715
0.0440344186323314
0.045469902377269
0.0437567864715205
0.0426541438452949
0.0419114160728519
0.0445109551992251
0.0426459771677105
0.0467132310864265
0.0446429575759019
0.044570952796476
0.0452472900456569
0.043726395638948
0.0427080466363103
0.0444026308930102
0.0428285356613376
0.044774023308191
0.0436595878846466
0.043686317401901
0.0457671092068451
0.0436203018774679
0.0439491524941889
0.0436655602929838
0.0436610434497442
0.0413222223888791
0.043327138230581
0.0435389846218055
0.042017635536613
0.0440620829600061
0.0441404440751399
0.0443925053300207
0.0450614735522877
0.0433534973109511
0.0433351741718145
0.0437711808217623
0.0449312375224294
0.0447301872775369
0.0438123646339593
0.0429696027716816
0.0454165376975893
0.0443958896653488
0.0439721268084202
0.0440313127720301
0.0470566903982132
0.0440573839452365
0.0445797372755239
0.0437460434273673
0.0437947606320389
0.0449063181845095
0.0442515958474608
0.0470814706930105
0.0426009578065467
0.0444332262169939
0.0446831569743577
0.0425290572403814
0.0447775842639874
0.0429133633235048
0.0425594291210189
0.0457240895935272
0.0440818923035419
0.0430368262409647
0.0437953729152161
0.0463052952685559
0.0425767769352769
0.0439966504698333
0.042435274732302
0.0430025905679145
0.0414850587232702
0.0462522986125098
0.0431441428446241
0.0442373238326657
0.0475439979893019
0.0445310004663862
0.0442403763607784
0.0453721972460548
0.046788899699858
0.0443401707532374
0.0432664700385582
0.0426357465985527
0.0445579498463071
0.0471634393989484
0.0441376068963143
0.0465283508088482
0.0430377419726777
0.0432543264937845
0.0446736536495613
0.0454732927813329
0.0459371792248281
0.0449806547468636
0.0447023928855039
0.0432295640154953
0.0427325386748482
0.0470533222325205
0.0477605277351796
0.0429860060010795
0.0433338544521747
0.0424163080567734
0.0433616314682983
0.0458957838662747
0.0454825014889924
0.0462435546272409
0.0445497104927042
0.0442170601210367
0.0413293145879821
0.0417506479637091
0.0436096989545611
0.0418465868433163
0.0433914201171603
0.0446988747190785
0.0466052972665405
0.0459221016124101
0.0419651674856789
0.0427123352051309
0.0446273003483703
0.0462640726371293
0.0425003657383158
0.0438836848879721
0.0433568887104754
0.0455454205875307
0.0424899484284819
0.0443723512035414
0.042754557302395
0.0419371142607133
0.0469985673662458
0.0427230451242749
0.0455972951843589
0.0441139461847918
0.0452840588256965
0.0434689811210068
0.0461915609901627
0.0454787608745772
0.0453228389242651
0.0451000624981226
0.0437165259919803
0.0435253708447023
0.0458466771889341
0.0455371646568944
0.042423134064333
0.0441302743504475
0.0444297684055154
0.0439692313479601
0.0456911624163856
0.0438609999370697
0.0448733394478781
0.0432745669170098
0.0462954107583472
0.0455433462010615
0.042824214824287
0.0428871318779111
0.0433301089556562
0.0429924117377681
0.0446353468216867
0.0440298800836518
0.0456162108102688
0.0465457822422481
0.0432487689409339
0.0439369939142882
0.0428180077862046
0.0408634997560779
0.0455303512234612
0.0437364933184879
0.0456222514511695
0.0439472782889512
0.0441345990590459
0.0452942356373424
0.0431263602156501
0.0445810222954079
0.0437319999079439
0.0461571353031537
0.0433719049941779
0.044762082193173
0.0444738135416224
0.044339995277461
0.0442330239975564
0.0451365583190577
0.0476145828827388
0.0449932480512178
0.0441605199077943
0.0443559667592002
0.0445811339159984
0.043690402861661
0.0440867491590308
0.0440796347196929
0.0462260618289364
0.0423184665475795
0.0437053334054118
0.0413900638915945
0.0441310605555095
0.0431887345257894
0.0448016405175632
0.0458265262038752
0.0426938145034759
0.0456686351096654
0.0442357298216845
0.0460471243763815
0.0441995551264559
0.0437427497855724
0.0420784103505494
0.0435213659876242
0.0463782048674424
0.0466578261396388
0.0459517267873579
0.0459288453695241
0.0445663848779373
0.0457634808310887
0.0416528346805745
0.0419116738883882
0.0467013845289292
0.0431508608960394
0.0420051820669917
0.0425759763908846
0.0465874141815774
0.0421663515658722
0.0468856291305672
0.0482062475360087
0.0422418095383148
0.0427001251496536
0.0418871622088489
0.0441758173242608
0.0447523884391675
0.0436735132039009
0.0447576634656003
0.042178976764094
0.0449353312718178
0.0438187517164302
0.0434529027726146
0.0435319806482341
0.0436593538082786
0.0454370423802698
0.0461737575404819
0.0423638818860806
0.0427553818494627
0.044061978918154
0.0430180018138407
0.0459791008820894
0.0444308799861809
0.043770726850883
0.0426170598247274
0.0419054015640924
0.045629015654323
0.0445642776160937
0.0437156784482979
0.0448833145494746
0.0442855310040213
0.0424665570790872
0.0428205820304376
0.0411690181971261
0.0447871397458416
0.0462392248709966
0.0436123492523249
0.0451265816988235
0.0447318143691911
0.0465863807339567
0.0426222236734809
0.0425853977741623
0.0436905464573458
0.0450295464687035
0.0446096820098623
0.0445887732744064
0.0431726302542583
0.0458992081681139
0.0437091951013159
0.0474862216593028
0.0438677550180942
0.0430898016836298
0.0438755861283219
0.0446993653069265
0.0460751304776852
0.0443484486145932
0.0435664244107062
0.0436749146083658
0.0424419615333139
0.043448372415321
0.0468901378209274
0.0424032448919599
0.0436027500665932
0.0454410126284618
0.0412778463253734
0.0429761508649456
0.0453447114023591
0.0429394986340845
0.0445882625885896
0.0453698426485792
0.0474536947952415
0.0455558873369952
0.041448063654072
0.0470374798974859
0.0455627937127593
0.0420179934658794
0.0474615655616744
0.043514986148225
0.0441618681979425
0.0449394951558757
0.0450152764916152
0.0433665984002918
0.0439414792499535
0.044672746395171
0.0431754042028422
0.045563790559766
0.0429962516799364
0.0455768002346267
0.0454947816393421
0.0431197082290912
0.0443399738955189
0.0427651654561127
0.0468929316026468
0.043133652382518
0.0459313319017045
0.0417434269986883
0.0442375655558819
0.0450470849081336
0.0440515508632841
0.0441787955609727
0.0434635719490855
0.0468744967207736
0.0453469539087209
0.0417084074139639
0.043757438907383
0.0436324195511581
0.0414420970324519
0.0435740438734724
0.0445360532080738
0.0426308808118625
0.0454860696762347
0.0445441767992144
0.0435587860863186
0.0442585509757845
0.0433786710413688
0.0449664833788313
0.0477604905275304
0.0429774518240981
0.0440015824126294
0.0445605677727994
0.0442164451592898
0.046906977603975
0.0416900112722346
0.042532243926385
0.0449373789387689
0.0457712298934598
0.0463670059357233
0.0414151416806907
0.0406071526651445
0.0436336648187019
0.0431821794906616
0.0425979490887377
0.0418684062172043
0.0437114853739767
0.0461754660772667
0.0438035767259334
0.0430758750328341
0.0465042153759398
0.0428614752060544
