0.0311480833673123
0.0304965101359968
0.0305614369975955
0.0305612962806458
0.0307615666206736
0.0306698415999866
0.0306113304560166
0.0306721287375896
0.031019359357908
0.030967340151024
0.0308956442757038
0.0308060639746315
0.0305853981516909
0.0306557689167926
0.0307218198560404
0.0306564897549903
0.0307054176066859
0.0306961405353143
0.0308173271708613
0.0315143129444831
0.0308962146978366
0.0313029351339811
0.0306187741233612
0.0304716017730046
0.0307137020667827
0.0309913971465916
0.0312583344740272
0.0311228189155616
0.0306897094741359
0.0306270982437613
0.0311757427095155
0.0307407588415711
0.0306303399219979
0.030468056019478
0.0309407481231438
0.0306836481366135
0.0305992048323528
0.0307588918860281
0.0308133827670926
0.030702068564244
0.0306695568985422
0.030789496895787
0.0307315108557169
0.031285659745396
0.0306009364013892
0.03089237267541
0.0309741455547695
0.0306337651159828
0.031147404548127
0.0306451628788521
0.0308382338998115
0.0306641759129762
0.0313975271193761
0.0308132170617284
0.0308254696337095
0.0307754623389305
0.030917458371418
0.0308757899391561
0.0311517040792457
0.0306913639310074
0.0309972490139787
0.0309278059519172
0.0306950484855298
0.0313636204880717
0.0309899313912056
0.0307116486214596
0.0308593590355705
0.0308552711759512
0.0314944379819384
0.0310577296882644
0.0311395270247668
0.0308990833340276
0.0308156994729065
0.0306067289224956
0.0311981196657948
0.0307507205094515
0.0310114052851639
0.0309150648385152
0.0308357698244747
0.0309755329892795
0.0308560068321787
0.030775114885735
0.0310779098793619
0.0310719287254341
0.0307148734612105
0.0310667317416089
0.030497691733801
0.0310871206574475
0.0307805783415243
0.0310182540637319
0.0309557344397247
0.0306549114811543
0.0305422936069656
0.0311231708815318
0.0308823260413416
0.0306647580523569
0.0309792886840728
0.0310580677382438
0.0311899955001588
0.0307389668092301
0.0308684449231068
0.0307008725592217
0.0310390619167405
0.030788109025742
0.0309982763237429
0.0305167619210251
0.0307785894087891
0.0311643206897601
0.0307468449048728
0.0307395623631324
0.0307369619094257
0.030625473009067
0.0310620603614962
0.0305257093712299
0.0306075389643465
0.030630376430216
0.0306827354533549
0.0310312514156684
0.0308161733728715
0.0309993959916634
0.0317322822510267
0.0308190843043554
0.0306490331324256
0.0307251855807292
0.0307303079366304
0.03062944887625
0.0308798797556979
0.0310561316932663
0.0308746925547059
0.0304882638166078
0.0307688777235308
0.031242915214982
0.0305482481214439
0.0311606104173678
0.0307475620120942
0.0304646534081842
0.0308908464062617
0.0315305053385164
0.030632381422335
0.0306615588901781
0.0310500489675293
0.030684748889922
0.0308669876783743
0.0309222443949734
0.0309868685727695
0.0306527052810783
0.0310172901040714
0.0307554870802918
0.0304723712841256
0.0306781170557427
0.0308744693730919
0.0305488848144519
0.031091027006648
0.030780982965921
0.0308416743463944
0.0307058337677592
0.0308209980995584
0.0305013812274997
0.0309446936787273
0.0307940951040399
0.0307001232015744
0.0308908835763855
0.0310695963238021
0.0311188179493259
0.0306600295964031
0.0308457481586321
0.0307289055581412
0.0305075343382956
0.0305307954598123
0.030953273967357
0.0305406993848603
0.0307928623334041
0.0307616224696059
0.0308425367173936
0.0311548057346754
0.0309540912131424
0.0308530595889379
0.0306459247792342
0.0306892005247431
0.0310097164824509
0.0307370173586446
0.030692047958347
0.0313812261607093
0.0309012590128021
0.030746450702642
0.0309282657182126
0.0311026563610317
0.0309718865706245
0.0312738854109762
0.0309701974161375
0.031018416242983
0.0309010727229596
0.0309403089307695
0.0310626779469272
0.0310887255590017
0.0307187948056592
0.030569294234518
0.0307681394903706
0.0308165368878361
0.0305977143808653
0.0312859443453649
0.030763828642094
0.0306066370275225
0.030913982310103
0.0310774751636941
0.0306357321931926
0.0305980890428307
0.0307596894328587
0.0307026007714896
0.0306529521236017
0.0315430778066708
0.0309304465129518
0.0309601331488865
0.0306827453869591
0.0306409523056576
0.0310884905562956
0.0308118626850411
0.0306643465822131
0.0306793087291465
0.0314821282931095
0.0309112217398633
0.0310171562685421
0.0306351815212615
0.030911634412362
0.031250933278479
0.0308839871552797
0.0311444997960102
0.0309708267093121
0.0308032142150712
0.0311911554902224
0.0308220741096957
0.0308177515919694
0.0305237114428096
0.0306560840111589
0.0307030030355593
0.0311459590496855
0.031095258029886
0.0312090359698983
0.0308908918790124
0.0310751853368121
0.0305411811038291
0.031144359164047
0.0309353529376057
0.0306271660279187
0.0306296628891637
0.0311085230063551
0.0305089976734659
0.0307927200236473
0.030858213836013
0.0308070869696919
0.0310134521244808
0.0309770192360669
0.0311782933815463
0.03054459963483
0.031200742314172
0.0310428678713189
0.0310908412923215
0.0307066668144453
0.030541298334631
0.0306504712971903
0.0305824996724828
0.0306501595485272
0.0308291368133461
0.0306024416949802
0.0307721282236598
0.0311281779762396
0.0304832126435934
0.0306065603738719
0.0306359670707685
0.0315711318178631
0.0310830204508521
0.0306717720797871
0.030670140397189
0.0307404931998812
0.0308390373299177
0.0306367731268414
0.0311968664434181
0.0311193272794505
0.0308256885928687
0.0306498266673468
0.0306190975068381
0.0306163436924306
0.0308306535043521
0.0306238070328719
0.0309225388381112
0.0312121651550115
0.0307214661724045
0.0307636598400022
0.0310975996735375
0.0306560186201679
0.0310983654586931
0.0308372534851125
0.0307393330122744
0.030895681752588
0.0306262312652913
0.0311951446508791
0.0308850562376925
0.0313213428947463
0.0307571793388788
0.0312065753410918
0.0307681586090226
0.0308753836266899
0.0307552639744122
0.0308901860205934
0.0309754245269069
0.03083764739618
0.0307997584955381
0.0307938496238367
0.0310998081190498
0.0309724216906903
0.0315885124156826
0.0310842523163784
0.0308533563218531
0.030661748528498
0.0311418724306657
0.0306836690502342
0.0311067220511962
0.0312404193401573
0.0308600912836934
0.0310114673183722
0.0309276236744573
0.0307007583217112
0.0309007152678424
0.0307796048342091
0.0309892463964766
0.0311265159108003
0.0310226848054095
0.0308193988379762
0.030764671819245
0.0305522088609329
0.0307892716961498
0.0306950680499112
0.0309810265496761
0.0309186152424375
0.0304865002011674
0.0307682323512929
0.0306159629648212
0.0313746437215122
0.0308660685025408
0.0310508174109766
0.0307916584274808
0.0312455330484413
0.0309013939351979
0.0305843884751026
0.0312027342134715
0.0306803200457566
0.0307495441782188
0.030632946112738
0.0308975461851183
0.0309246524027775
0.0307855919846022
0.0310040877943788
0.0310711412827269
0.0311248923940629
0.0309646223032821
0.0314143140355068
0.0307628688851104
0.0309523297788815
0.03105014671199
0.0308197607390103
0.0307207269827008
0.0306897870488412
0.0307942427760529
0.0309342701778764
0.0310110784197983
0.0306303598403167
0.0307956758408331
0.0308408926534012
0.0308178166545177
0.0308213712336794
0.0313665325376756
0.0308374718934652
0.0306096292570363
0.0305538475069918
0.0307787711992519
0.0307817779402178
0.0308786240705194
0.0307588714396159
0.0307688720106412
0.0311720884526103
0.0308469661820582
0.0309462758270554
0.0304697537727262
0.0308042490193204
0.0308859449506491
0.030893205420832
0.0310585366263955
0.030927527664108
0.0305088320000564
0.0310478380409735
0.0308514471224987
0.0315449121316614
0.0305808215783913
0.0314050497748794
0.0308780121342437
0.0306807478520082
0.0306755545873504
0.0310703372631791
0.030625152451613
0.030527708704465
0.0307280302811392
0.0306996873247198
0.0311792676658817
0.0307066870125322
0.0307645365198852
0.0307728536272866
0.0307505468719479
0.0307345260330829
0.0309698840415097
0.0307347148168995
0.0310037160755622
0.0307349258254851
0.0310007025057675
0.0310331016892413
0.0307898198556579
0.0306172608116659
0.030867178379101
0.0312144373795335
0.0307833316246013
0.030613574067805
0.0307885830467063
0.0306357458528374
0.0310621142841132
0.0311537610026844
0.0307120684128009
0.0307164530872599
0.030528895980247
0.0308776235079165
0.0307162153741889
0.0308372913504291
0.0309029192312154
0.0312656319485575
0.030895633722436
0.0307999398074327
0.0308800583267254
0.0307869199503403
0.030907313264305
0.0306028988409086
0.0307757584863339
0.031099789925785
0.0306938864661546
0.0309981194984596
0.0314548124406202
0.0306839219739451
0.0312200005852019
0.0310103213462399
0.0308398731888937
0.0310294048265759
0.0307128856254485
0.0306500357972362
0.0310190675193598
0.0312245064162584
0.0306270931884885
0.0310873837047607
0.0306484346052187
0.0307296144368228
0.0306848861211819
0.0311649274388214
0.0312714888962678
0.0313064110683599
0.0307207872463668
0.0311495659857174
0.0306803766399586
0.030935651228437
0.0307878304383443
0.0307498230398378
0.0308950580827995
0.0308008405598105
0.0311178652559926
0.0309821849084371
0.0312401953077113
0.0307561010652662
0.0310468233450936
0.030756946404675
0.0308129895036227
0.0308138117425002
0.0311125643004626
0.0309834607975688
0.0307014314923371
0.0311081730286965
0.0308420767121084
0.0309327562596258
0.0307061967911966
0.0310120239418175
0.0309105933159528
0.0312004393086843
0.0306991176228933
0.0309225390933243
0.0310691606917681
0.0308695004788819
0.0311251544966401
0.0308068759881026
0.0307843142114579
0.0309888316323956
0.0308631973717546
0.0307664039356813
0.030829082455843
0.0305287017778771
0.0308086058412488
0.0310228230638978
0.0311153500452304
0.030824559671554
0.030576551669209
0.0308635742280564
0.03110703748831
0.0309396753095625
0.0309306633286464
0.0307251230556646
0.0308494814199883
0.0307949200132008
0.0311345123304575
0.0309450158845522
0.0309187857465315
0.0304611546549725
0.0305381793152636
0.0307050839726774
0.0309711532477385
0.0314830136475761
0.0313052585136191
0.0310543777453881
0.0310026805250017
0.030373527614853
0.0307098651979372
0.0306562948205269
0.0309476808905712
0.0307509587610616
0.0311579044391545
0.0309389084454941
0.0309909611694546
0.030800079632672
0.0309743923280029
0.0305825287329143
0.0306914918020516
0.0307495403827097
0.031203899853776
0.0310756967718418
0.0308615048340933
0.0310921172017585
0.0304979418734489
0.0311167793933254
0.0308209015313491
0.0313561997519977
0.0309524464863981
0.0309213703950899
0.0309649478838381
0.0306522208648713
0.0306932374741347
0.0306492232605082
0.0311242524543195
0.0310900164795834
0.0310323835375026
0.0309389535188905
0.0305797939179609
0.0308345487171912
0.0307931420222247
0.0306495761753799
0.0312763814491143
0.0307396773963131
0.0309365918118574
0.0308251886523175
0.030751945332134
0.031193424826836
0.030772136735013
0.0308512315052697
0.0311150312568831
0.0308190952470361
0.0306959897518766
0.0313181650738326
0.0308826934516085
0.0305491116848207
0.0306070508013323
0.0309957823530615
0.0306551906587421
0.0305907827599858
0.0307889877340388
0.0308493351502183
0.0311308610303935
0.0307979026340407
0.0308929202343029
0.0309580675599794
0.0306114244737528
0.0307909357804277
0.0310663215483508
0.0312684539346064
0.0308668302036425
0.0307619859216438
0.0309492712702992
0.0309987156298052
0.03072753330104
0.0312472607116323
0.0307390240782476
0.0307846296013516
0.0313165490594442
0.0308864491444104
0.0314178431109567
0.0307879218754309
0.0310921378529672
0.0312646357581696
0.0306692175622
0.0310055346619512
0.0312148171164249
0.0305304640860042
0.0310175784165262
0.0308163750209931
0.031247114562274
0.0310107574407856
0.031044495016627
0.0304569123374914
0.0306594239812604
0.0306902079400783
0.0309305934033625
0.0307847103515768
0.0311535354197183
0.0307752487817179
0.0309248107032992
0.0304287551326485
0.0306761681837743
0.0310584678705187
0.0305707921627625
0.0309408459652584
0.0306631446774307
0.0306084493053706
0.031306899172753
0.0307924322924809
0.0307243428993144
0.0307020072132728
0.0311279553290062
0.0308056319284293
0.0308016325144932
0.0309284718206358
0.0307803529958641
0.0308428983567372
0.0308912148427814
0.0305827161849673
0.0309700114244204
0.0312184527355035
0.0310803836889351
0.0309401561205971
0.0308229453903113
0.0308862389753527
0.0307942675485601
0.0307427814798874
0.0307873839343202
0.0307064506106023
0.0306770399365979
0.0311232057834184
0.0311223019569153
0.0313235062871131
0.0309113474569855
0.0309119223844254
0.0305249740266679
0.0309416091207102
0.0308033892974226
0.0310025049674332
0.0312467740486651
0.0306265792245564
0.0307458360224685
0.0307830567126499
0.0305711785090011
0.0307180480308408
0.0309189617870986
0.031365748550566
0.0305843132760404
0.0306426487035973
0.0310235136794217
0.031263246617001
0.0307816084869729
0.0306591409839254
0.031001979316238
0.0310870997783398
0.0309918239776393
0.0310467023538431
0.030974847839454
0.0307923636622191
0.0310373775809707
0.0304632934747863
0.0310770354340749
0.0307477266205364
0.03105058169586
0.0308857492340394
0.0302314951017644
0.0310113900846429
0.0306685761727549
0.0315432905851275
0.0309838231708292
0.0308883393113973
0.0308202754347606
0.0307533142870903
0.0306933666508639
0.0313124123711621
0.030794300548132
0.0310781495746896
0.031092472682308
0.0306906733548815
0.0305963340684814
0.0307856750207576
0.0314780627917597
0.0307986874997463
0.0310018800119517
0.0311088195312181
0.0313071526704189
0.0310432252518568
0.030552057927676
0.0308236075119443
0.0307610199158376
0.0307648667558305
0.0306620007415322
0.0308889137196912
0.0305507422108356
0.0306480077946996
0.0308881719316798
0.0306930037969204
0.030915272347176
0.0306264820859368
0.0305295817041882
0.0308029637336716
0.0309867021624419
0.0311837972669934
0.0307961845183081
0.0308934364222115
0.0314455396917609
0.0311318458180454
0.0313081287035637
0.0306399443672774
0.0311269745008198
0.0314475176639019
0.0307177833980477
0.0310494431117815
0.0310879350432318
0.0308053527677362
0.0310957244020796
0.0307228106895482
0.0305586753535084
0.0308303745056698
0.0306731122681769
0.0308850486188185
0.0307606372854459
0.0309492524936541
0.0306400164177678
0.030643690263762
0.0307222413648115
0.030521722562342
0.0315720924004259
0.031131824526614
0.0312652189341959
0.0307262796697776
0.0309468120297742
0.0316582692962816
0.030577506375018
0.0307585450345101
0.0310032726595838
0.0307697720681929
0.0307610359520886
0.0308028049089894
0.0306110243367336
0.0307923154882067
0.0307155675302511
0.0309346912941271
0.030778955004112
0.0308145977573196
0.0307444584812928
0.0307392285560207
0.0308486345563687
0.0306546969148522
0.0305006816464728
0.0310546082967731
0.0306780743632457
0.0313180064867993
0.0314264047083388
0.0308900304792472
0.0310911510694134
0.0307616906026583
0.0311958073405231
0.0311561842740753
0.0307384879016331
0.0303227403275356
0.0307545914843965
0.0307408258773709
0.0305961925162482
0.0307183893000548
0.0313629024782785
0.0307483177773694
0.0310205461380022
0.0311670925210199
0.0308256859401059
0.0305030907238106
0.030585903814779
0.0308734717189043
0.0309998570682924
0.0306271134221834
0.0306952963592125
0.0309703205528254
0.0313397484226928
0.0306592556440132
0.0307281830887849
0.0304804886809546
0.0306788883997237
0.0306621529385734
0.0308482785118495
0.0306100932773509
0.0306646630782477
0.030726356295037
0.0304866870705611
0.0307865184567271
0.0310253372311599
0.0309136040787149
0.0307190944973903
0.0312423878368683
0.0308182454990798
0.0304836052429386
0.030903290018108
0.0310253989419249
0.0312961951187693
0.030854026906085
0.0307708260467176
0.0307131383170728
0.0306796681646985
0.0307469521808816
0.0307001077480682
0.0306678988611606
0.0308597130366769
0.0312546094449023
0.0309428834211076
0.0310513994063306
0.0307427227143145
0.0308756772649868
0.0313019689606022
0.0306630328789004
0.0306546672534986
0.0307009155677829
0.0307996481064042
0.0311497347757083
0.0304598077499107
0.0307147708526868
0.0307618576885265
0.0306114518129936
0.0307088577688763
0.0306524965181231
0.031322120573324
0.0312856441044862
0.0310531564284049
0.0306533319564722
0.0308439099015452
0.0307485549000045
0.0314859277001313
0.030825092815025
0.0307598443962088
0.0308634109756044
0.030665977208499
0.0311186167177989
0.0311367908756167
0.0307883235644129
0.0309555973363397
0.0307700260058505
0.0312339382380131
0.0307348756929506
0.0308155990339649
0.0307778858986321
0.0308220936650137
0.0308310170497154
0.0307127539047339
0.0308015811324213
0.0307096880871108
0.0307027329697126
0.0306402811563159
0.0306543346631549
0.0307306811600423
0.0314764597172991
0.0306423952014721
0.0307675498785188
0.0313572653894069
0.0307959769200893
0.0309068320097002
0.0309879571158036
0.0306663039592808
0.0306748321954988
0.0304353571977583
0.0310138154759856
0.0307761224199276
0.0306250971518446
0.0306756220595923
0.0306558736443742
0.0306337826068511
0.0307987314740905
0.0306836874119822
0.0313649721440709
0.0311459124673114
0.0307565576764091
0.0311502381741914
0.0307591573116266
0.0308644464558162
0.0305293008448282
0.0309429104479334
0.0309442921498923
0.0308115957295861
0.0310084018458163
0.0312165082197823
0.0310595173288422
0.0311693491638803
0.0310052265043941
0.0310710215972549
0.0306893671374211
0.0309260516365591
0.0308900069408982
0.0307027424538596
0.0308014959290995
0.0307106347288355
0.0307657136919309
0.0309881996157233
0.0306053459625249
0.0311554921629436
0.0311825383563377
0.0309257272739852
0.0315380235053099
0.0306313776518968
0.0308251499885202
0.0311388236226467
0.0310438922391183
0.0307574580297039
0.0306984876437627
0.0306968416258397
0.0312581424135363
0.0306349427332532
0.0311184015923748
0.0305784250166453
0.0309051187138501
0.0308172816643349
0.0306492523457273
0.0305513918710086
0.0306119038010955
0.030743772439607
0.0308159068797896
0.0312621669790966
0.030789101280405
0.0309695717961259
0.0305872473561902
0.0308947812056595
0.030960137334111
0.0310527357015193
0.0310519307624512
0.0306265362238952
0.0311895773424794
0.030563959058663
0.0307616491618144
0.0307071375535476
0.0310966138586771
0.0311395345348123
0.0306615819455564
0.0307667003670626
0.0311336069805934
0.0308199514176552
0.0307326234718543
0.0310701706968733
0.030647250235524
0.030974308631405
0.0308256686765073
0.030651026081509
0.0307730560811486
0.030836704442771
0.031117510890382
0.0312089811012377
0.0310070783049636
0.0307962361708431
0.0309768193696602
0.0308079113140833
0.0312288330447735
0.0307425328349962
0.0310470771771187
0.0307298316283552
0.0309054024809525
0.0307068817324673
0.0304775127994279
0.0306174737997926
0.0311497126002355
0.0307621683485229
0.0308230749914322
0.0309530905404147
0.0309369905619154
0.0309171612451779
0.0310314901875251
0.0307003538924489
0.0304895444135298
0.0306969022166009
0.0307826107236788
0.0308055273629872
0.0308538903628953
0.0307246474685317
0.0305236868799459
0.0311854694980885
0.0309077800366836
0.030623550119971
0.0307007913893957
0.0306391638381391
0.0314434865744691
0.0310836635850903
0.030762405686306
0.0308473999659087
0.0304999254927186
0.0309483996254217
0.0307722498150323
0.0312038791397772
0.0309398381236985
0.0306612479470645
0.0312251584092702
0.030891629411643
0.0312815108718062
0.030774848674238
0.0311610734690253
0.0308121556472595
0.0308683833678103
0.0313295763087125
0.0307970320404823
0.0309272472891043
0.0305219352734796
0.0305901342760799
0.0309314863575361
0.0308319072816529
0.0310453313351871
0.0307435390173938
0.0307384762566808
0.0308591453827456
0.0304959413004482
0.0303634091796623
0.0311968683724895
0.0304884152953854
0.0311344505913523
0.0310964684462326
0.0311330425323243
0.0311762977072016
0.0306159302275868
0.0309761775893009
0.0307833898658158
0.0307559573299385
0.0306160298211406
0.031090510735502
0.0311000760062526
0.0305283756190601
0.0308195380529446
0.0306481558152301
0.0312539544709774
0.0308535442251526
0.0310642555492328
0.0308203032827543
0.0309953577356696
0.0307866888386072
0.0307900306733499
0.030701194791905
0.0304857842054465
0.0310740454650877
0.0309788718464838
0.030599021829902
0.0308526708449512
0.0308853689413546
0.0307834507219901
0.0305596677243312
0.0310483297728015
0.0308514795824698
0.0311696956532643
0.0305297144250367
0.0309355120928574
0.0310296797145502
0.0312623930372817
0.0307350361955862
0.030916823562968
0.0306925520003515
0.0307733901345849
0.0307486561781251
0.0305835306150403
0.030923238836687
0.0311878547596248
0.0309937866974449
0.0310496426501702
0.0308709458793625
0.0306746266264151
0.0310636737221898
0.0307186066614886
0.0307187018382147
0.0309250017556227
0.03101495677859
0.0308051503345908
0.0309652684886129
0.0307524179395686
0.0310975842768066
0.030736496378973
0.0305932062126413
0.0303467439977778
0.031007197723407
0.0305657249691124
0.0307826866226061
0.0306866362925666
0.0311621389049685
0.0307720577493036
0.0307008194709823
0.0309597084086924
0.0306403156313815
0.0310367794448007
0.0308962056120678
0.0309238415420877
0.0310911385381255
0.0307076620095075
0.0314704161498282
0.030792138518684
0.0305835290421036
0.0309869856615647
0.0309352468918486
0.0312092737023229
0.0307211669493715
0.0305195455794313
0.0312484694977196
0.0307333085205855
0.0307425749670907
0.0304851871085748
0.0309659669443031
0.0307273560861308
0.0309550143241036
0.0310261160930735
0.0310497121855236
0.03082045382606
0.0308418413765176
0.0309504246928382
0.0306528621926685
0.0309552232550822
0.0310827904360573
0.0308974616388221
0.0306516198781523
0.0308564118394031
0.0304047086091881
0.0309674487242219
0.0307483468131252
0.0307896311923683
0.0309371729485937
0.0307708739526268
0.0308317313962574
0.0307007660918482
0.0307339634873156
0.0307608241123786
0.0307946534693783
0.0308516017066358
0.0306619900533955
0.0307272530863214
0.0308212918481368
0.0311402492177099
0.030758701227368
0.0307408974665449
0.0306203110408987
0.0307604362788759
0.0307201353731314
0.0314055271591289
0.0308117506810704
0.030557039784291
0.0308061143269752
0.0315016416921298
0.0307633109297698
0.030992470604134
0.0309619120161201
0.0306739938558407
0.0310230224441982
0.030674295130096
0.0310134362747999
0.030140283318801
0.0310816308539928
0.0308333862472169
0.0311157758073819
0.031083344562151
0.0309372669470391
0.0306283490538641
0.0308135522511283
0.0307081531465774
0.0312961219572892
0.0311411866676289
0.0306089440266054
0.0305812991994834
0.030715674236411
0.0310028793959181
0.0311787977093514
0.031049741049555
0.0309205603194018
0.03107205624578
0.0310604918509466
0.030833134241342
0.0312094595123216
0.0306182042413667
0.0309149256838536
0.0307960260510173
0.0309716806863598
0.0307979924804284
0.0310290425035389
0.030883589647763
0.0307904771908778
0.0310149785116211
0.0308284156125035
0.0310391515647379
0.0308932398338678
0.0307768644087032
0.0306845663208864
0.0314202962538291
0.0308055002798205
0.0310408560590509
0.0307579171525125
0.0308266270453703
0.0308369350134419
0.0307643170498194
0.0308776865944886
0.0310960743236323
0.0308581763657859
0.0310877848173245
0.0308274787219658
0.0307026808667413
0.030953538342444
0.0312116186824384
0.0309188500838117
0.0306944469333239
0.0308004155263586
0.0302628255372797
0.0310607438397202
0.0308874212129607
0.0305272394529181
0.0309198042776324
0.0306188347318783
0.031001562956634
0.0309090977062344
0.030598061620037
0.0311347403541131
0.0308508101122645
0.0306476280282785
0.0312162558868736
0.0306121688210267
0.0312625250928325
0.0307668743694706
0.0307157410389571
0.0305812388783495
0.0305740533006565
0.0312068005095204
0.0308052900013063
0.0308183429707343
0.0308183290026415
0.0308368059710908
0.0307759400944141
0.0307346963416031
0.0308099312438888
0.0307166483344328
0.0311853655137741
0.0305233444065873
0.0307409850901521
0.0311884746143326
0.0309632967654685
0.0308121937060432
0.0306952289563773
0.0310228790557117
0.0307566472265022
0.0307731843983638
0.030937261813032
0.0306552988902878
0.0308301578136051
0.0310810948873533
0.031212702290452
0.0307823028507733
0.0307716132216788
0.030938649283197
0.0309467030578926
0.0308977660427626
0.0306423938272244
0.0306710606776253
0.0307869354495043
0.0308557704371049
0.0307276864993755
0.0311407906998761
0.0311076140315748
0.0307692130041062
0.0307731795844227
0.030998964442393
0.0307422108315589
0.0306761799072836
0.0311233582031393
0.030762569645584
0.0311077401928116
0.0305089557684536
0.0309696609107517
0.030687303542683
0.0309899497449571
0.0307986116419472
0.0308917760280559
0.0306223979815104
0.0309433646456207
0.0308945867348723
0.0313731658095932
0.031245611096725
0.0307095502410913
0.0311523601823558
0.0307823143820509
0.0312076284761273
0.0309354971258813
0.0306676854573025
0.030786810537979
0.0305323480838468
0.0307820787034955
0.030996195270323
0.0310115549893953
0.0311912655843235
0.0310438963302539
0.0307697349250989
0.030839900476371
0.0306496900547716
0.0308581517202957
0.0312023480849634
0.0307898403373932
0.0310278140793662
0.0308260336656141
0.0307274344922546
0.0307365477818545
0.0304947434705416
0.0307857642417422
0.030728934235469
0.031022874209533
0.031217587505115
0.0306967591035396
0.0306741657958498
0.0307195412724768
0.0310040108903575
0.0307213729948565
0.0310413497156716
0.0306043090274458
0.030703549831087
0.0311015489467664
0.031183315854676
0.030799714450607
0.0307155054973916
0.0307455940785625
0.0314600591618188
0.0306793674770846
0.031286091249891
0.0306285425262438
0.0308245604947207
0.0305681537840378
0.0306678138198577
0.0307023865295103
0.0311261105549285
0.0308181389736538
0.0308606332783395
0.030609558624604
0.0308688149566174
0.0307607800932253
0.0311370411751008
0.0306624202174398
0.0310038354749928
0.0310333219050909
0.0308125433643131
0.0308108244309588
0.0306868460053622
0.0307941377938969
0.0309533897303053
0.0315758235197492
0.0310503918740918
0.0313192239615239
0.0307466757648195
0.0308781014305104
0.0308852328120619
0.0306549626544294
0.0316347025833846
0.0309334864319533
0.0310182906638009
0.0307771098065067
0.0306737564383093
0.0310353597800546
0.0307739266198159
0.0307771993171206
0.0310206506401534
0.0310304925891221
0.0305661650915797
0.0307436001731869
0.0308287584791501
0.0307340822193968
0.0312136822356377
0.0312822541015986
0.0310282604020386
0.0305247922459738
0.030710467643545
0.0307869196085362
0.0309485867423015
0.0307364775788411
0.0311454812474792
0.0311506127779882
0.0309737648099611
0.030709788854599
0.0308149350981636
0.0306620376321736
0.0311940902731249
0.0310511864266057
0.0310548452778744
0.0309049419333172
0.0304088102596459
0.0311717009952671
0.0312998369217716
0.0309979487977239
0.0311342364905556
0.0310803279664468
0.0309523957686721
0.0312443792400097
0.0307405652521298
0.0309098680227444
0.0307763764912358
0.030816628852194
0.0304445836241043
0.031016989929405
0.0312580283883343
0.0307619545434997
0.0311661178363951
0.0307111678969753
0.0307750980609146
0.0307752239772483
0.0309002477606653
0.0307045234134149
0.0309131736290797
0.0310049222938974
0.0307059697856356
0.0309952710665364
0.0307553658151223
0.0314100766153563
0.0310288647706837
0.0307726055166763
0.0308881279003044
0.0311449523345927
0.0306913372742677
0.0308182202990405
0.0311892680071325
0.0306979666007632
0.0307606541298469
0.0307702133981286
0.0305932714129564
0.0307312817104429
0.0313295015028033
0.0306691180091572
0.0307787540993754
0.0308661846470196
0.0310822415945421
0.0309062869093341
0.0308272252199048
0.0306871226796484
0.0309002733315919
0.030775246636732
0.0306504200927479
0.0306469560679561
0.0308269089396925
0.0305959662553414
0.0311084060994947
0.0307342748910669
0.0308319068374826
0.0306033886748386
0.0311909583500043
0.0308923497047862
0.0305899348461607
0.0313714081550273
0.0308858198890305
0.0307891006090056
0.030648530084616
0.0309019297019683
0.0307303918922225
0.0312505882548607
0.0309230038084252
0.0310843742661796
0.0306067716003825
0.0306499654278791
0.0310663321231552
0.0311333133784069
0.0308459595005023
0.0308970101757567
0.0308728123483304
0.0306547189775869
0.0309339183229455
0.0310135160497786
0.0306571779922887
0.0311204334746606
0.0311424411458582
0.0305966287089233
0.030698311534784
0.0309838082662905
0.0311998195237735
0.0309078876970427
0.0309584530157544
0.03059859932876
0.0306125608283914
0.0305774107674556
0.0312723653421376
0.030786595920208
0.0309901549420937
0.030939462150386
0.0309102493731971
0.0306190132749484
0.0307784807257138
0.0308122978550364
0.0307466974698225
0.0314018081096637
0.0308815663894959
0.0309717782851151
0.0308935089953002
0.0309868888732729
0.0309245894103365
0.0312429538863536
0.0306914395737757
0.0307984327551506
0.0307708074308007
0.030696694086922
0.0306646372903863
0.0308088546738739
0.0307560161546713
0.0308599295629277
0.030638414040297
0.0310485192149332
0.0308352143266148
0.0312551136106092
0.0309523362995773
0.0308222826988616
0.0305531477628385
0.0311893023264584
0.0309472224271867
0.0308792186124219
0.0307268917835432
0.0309934715048367
0.0313184634179173
0.0307832305799357
0.0309078477900461
0.0309813200377603
0.0305426591002773
0.0308260938253343
0.0314471011491922
0.0310436255587346
0.0307145083602952
0.030876870449024
0.0304314078801223
0.0306012434628353
0.0308732767506156
0.0309607749860468
0.0310195071196103
0.0308536959767226
0.0305559046505361
0.0311266840105602
0.0306364591231222
0.0309436097497825
0.0309358626589046
0.0308233142781401
0.0306565419248692
0.031127527938159
0.0309065182333132
0.0305517838856851
0.0310554524359191
0.030822037975295
0.0306370494944449
0.03103125001688
0.0310481009844981
0.0307214388046632
0.0310449628907651
0.0307592722148104
0.0308744898707663
0.0310489877532212
0.0309550020681347
0.030683858496254
0.0313080697907463
0.0305556405885973
0.0309238798588007
0.0307920937820399
0.0310511260025784
0.0307477935773299
0.0313485431145779
0.0307237141244014
0.0309483040345128
0.0308677646754747
0.031502678964065
0.031132202839023
0.0311466927281476
0.0308062017800872
0.0309626426820896
0.0308936560728913
0.0310976336176845
0.030818940557325
0.0306621511630592
0.0306880433355848
0.0308085055577988
0.0307929123440821
0.031068425120813
0.0307715942771703
0.030778298650066
0.0308775663757246
0.0308427054421198
0.0307661938182582
0.0308524251400744
0.0310583813108101
0.0308674984983208
0.0311529664797603
0.0306381120459581
0.0309749394859019
0.0308885954859898
0.0307282542168231
0.0308262625147099
0.0310316771572734
0.030956178884826
0.0313031675118082
0.0311862572805388
0.0306196695893468
0.0312418665624687
0.0312411652072563
0.0307767150602019
0.0311200928169339
0.0313202636816499
0.0310064499818649
0.0310079114316348
0.0311065038498258
0.0308487294860267
0.0305749798220143
0.030794597070715
0.0309123729678204
0.0313099736055567
0.0310802669331113
0.0309369422151648
0.0308437402741625
0.0311120509605808
0.030971927838014
0.0310058993158235
0.0306930116771539
0.0309821690696112
0.0310323755791531
0.0311498723716742
0.0307483965004488
0.0309133416960107
0.0310637931602042
0.0308550275081128
0.0313430619187514
0.0309617122132771
0.0308309902222032
0.030887530775851
0.0308089011500938
0.0305351240752288
0.0314382175663843
0.0307753545277278
0.0308661636479364
0.0307850151570208
0.0308316264545009
0.0313950332401196
0.0307661443467835
0.0309521401386386
0.0312104099248779
0.0311071278877621
0.0309236083300572
0.0309256177852642
0.0308833558302545
0.0308480823300525
0.031057580060399
0.0305651719876808
0.0305879021485929
0.0308984510901609
0.030757071437251
0.0308329986622138
0.0305917922324158
0.0310098213910755
0.0311669511200891
0.0305718705394617
0.0309493528733803
0.030662131853679
0.0308312887728408
0.0307780723549681
0.0307740730045227
0.0308100050247195
0.0312648207668229
0.0308365130984607
0.0306594392596439
0.0311913849963748
0.0313272930026403
0.030710960510373
0.0308989743102656
0.030726055363037
0.0307535344384398
0.0306778532345707
0.0309989629118843
0.031254453960101
0.030899076439419
0.03128471360172
0.0306100772217981
0.0310737483460792
0.0309561342967809
0.0308955416222544
0.0308941824153378
0.0311324029917811
0.0306289310848062
0.0308707353104618
0.030694664315617
0.0308241631271497
0.0309623943844405
0.0312545248127851
0.0314242477114222
0.0311743828220935
0.0310966154901035
0.0312362971524452
0.0315133503795109
0.0307814504902067
0.0307891627996108
0.0310403034218927
0.0311909577968305
0.0305992128416299
0.0308150907519072
0.0306318918104692
0.0307637837494662
0.0309266908956286
0.0310407117680263
0.0307430032512706
0.0308197339671036
0.030787170038142
0.0307567521037064
0.0309947394490688
0.0307712134520003
0.0307234249439714
0.0308747498626443
0.0308411323814548
0.0304140359134769
0.0309645907445671
0.030616399420821
0.0310962719874478
0.0306810472883008
0.0307700165705927
0.0305331419905096
0.0307898858878489
0.030604854377522
0.0307826443735135
0.0309478306540101
0.0308197419899995
0.03067463943987
0.0311142620436954
0.0309759110508346
0.0304419753526773
0.0312446569124351
0.0308080207781914
0.0311449444313169
0.0306727283188588
0.0305672559154065
0.0311877920792511
0.0306583385371555
0.0307091088595248
0.0306760612979947
0.0312941665121311
0.0312672116770574
0.0309236463325717
0.0306168818207127
0.031230608124021
0.0307330318809496
0.0308416427638908
0.0305271995996137
0.0306022506101728
0.0311439326960894
0.0309195806551133
0.0305275849331426
0.0305705200777034
0.0304983338137262
0.0305806167276579
0.0309339643139785
0.0306261055694728
0.0310573119444484
0.0308039213673064
0.0304531903776996
0.0314730240092877
0.0310426844782096
0.0311383336454385
0.0309831677253666
0.030795842931358
0.0309450864338268
0.0309853279310796
0.0310057991998366
0.0313332466775693
0.0307670683514749
0.0309878335823927
0.031609543878733
0.0310079570081712
0.0308927100870896
0.0307483153978974
0.0307417873208103
0.0308405178771888
0.030510711959635
0.0309817904320209
0.0308999249064362
0.0309281480881846
0.0307089267218686
0.0306925464520366
0.0306677783564344
0.0308980534720347
0.0306532673496932
0.0307280537653716
0.0314712605894372
0.0310670133018161
0.0307120480837891
0.0305103389781633
0.0306480098209789
0.03087995019285
0.0306873756316658
0.0307156076251891
0.030911808464171
0.0307612499510937
0.0307638021029025
0.030617398463838
0.0307890049252853
0.0306689486526956
0.0308898956610222
0.0310888818972787
0.0310565921020152
0.0309491180294052
0.0306929937993248
0.0307576194112827
0.0307374813367369
0.0307350704778632
0.030639183844405
0.0309411829073257
0.0308806774864492
0.0307893019629311
0.0306401046372191
0.0309419033694397
0.0308752735231599
0.0305773658823287
0.0311644138579615
0.0307200231980773
0.0309358058863225
0.0307844001351487
0.0306191275516731
0.0306348426634538
0.0309482108325901
0.031140017816911
0.031277710984373
0.0308759173295753
0.0310906571237864
0.0309209632359579
0.0305259994693358
0.0312995779239076
0.0309341406664358
0.0306405655718266
0.0307742064542917
0.0310379205994438
0.0309047217076565
0.0311009057070232
0.0310169521917819
0.0311334384253334
0.0308738422867525
0.030688290252584
0.0309878246700593
0.0307608469876672
0.0312129189964865
0.0307594990021155
0.0312224372164241
0.03062202454758
0.0306135019920971
0.031210174818086
0.0304659606190303
0.031125263296912
0.0309943647409876
0.0311968218284909
0.0306506037383038
0.0308289157633786
0.0306668304065857
0.0307322808101158
0.0309780652519339
0.0310100157421005
0.0306945077863012
0.0311744038499483
0.0306418878325055
0.0305745972696198
0.0306419694538935
0.0311574256783262
0.0307688645846525
0.0308338972831315
0.0307136856040541
0.0308827296527026
0.0317227337118626
0.0311818278776571
0.0308480147438846
0.0305430802160916
0.0304643056506348
0.0306048333064282
0.0310651969297803
0.0305265974150006
0.0307864841482664
0.0311623521008912
0.0307567691395465
0.0308701846095151
0.0314512225427357
0.0307022026719352
0.0305761967109276
0.0309181140257449
0.0310691665195848
0.0308605417067437
0.0307377791197688
0.0307636154144777
0.0311790828858347
0.0305042584886217
0.0316273036408966
0.0308504174851575
0.0306069098566611
0.0311736450969604
0.0311381735996232
0.0311152999490642
0.0308510741872545
0.0304050564407715
0.0305716540137403
0.0307956493141985
0.0307603042309005
0.0310272881263238
0.0315819537885627
0.0305180129734946
0.0309573670220743
0.0307324171736721
0.0307743383943411
0.0306627232510363
0.0312214248862905
0.0308422589667964
0.0309975842575159
0.0306208635429377
0.0306089513175952
0.0307355944810402
0.0309841782629715
0.0312727824239774
0.0307674533070759
0.0312659106967083
0.0306377855775472
0.0310742610479725
0.0310347006053676
0.0313350170632872
0.0306490299334791
0.03080254173753
0.0307570167288057
0.0309720322708936
0.0306731079695346
0.0308591778332585
0.0308761572799894
0.0312527174391274
0.0306956824558815
0.0307844857248529
0.0308817179236493
0.030847994909508
0.0305803613726886
0.0313007396083185
0.031091881050734
0.0307939363916877
0.031184816824354
0.0311450757035264
0.0309254286056116
0.0308288989553613
0.030849572761149
0.0307450752666605
0.0311526523151945
0.0305122027661466
0.0311377265778931
0.0311863287061029
0.0312169340068837
0.0305354162437
0.0308222979776513
0.0309276984904768
0.0308852092595182
0.0309316278199433
0.0307060076137629
0.0305783865650522
0.0307290224286482
0.0307876627484077
0.0307323644566029
0.0306708614976091
0.0307696316199133
0.0310100441860016
0.0312309959471117
0.0306388328405336
0.0312241390830385
0.0306993972663351
0.0308252339824699
0.0307755435548121
0.0309994549828506
0.0309277467064858
0.0313282012400029
0.0309370265492183
0.030627322259978
0.030895701964085
0.0308285765643114
0.0306387662063644
0.030541838523885
0.0308115230652334
0.0307239323598866
0.0305453311244036
0.0308200927686064
0.0308222748974538
0.0306697296992864
0.0305207754769008
0.0309261461549532
0.0308731161519761
0.030816476451231
0.030564966037236
0.0311972772732612
0.0307712478686845
0.0312595118517023
0.0304686150223797
0.0307256329322136
0.0304750854900562
0.0308030570200408
0.0306671819986447
0.0309586985537685
0.03090325233073
0.031007519725015
0.0307119384952593
0.0307310803725718
0.0309363426978134
0.0309190415417632
0.0309347664154512
0.0308861428860319
0.0309963639875377
0.0314669632485824
0.031071729991317
0.0307669827960224
0.0305082830569651
0.0309784315139089
0.0306657899139532
0.0309554852257753
0.0310139065919932
0.030763314670035
0.0311260139591268
0.0306961505490388
0.0310023391608805
0.0308383884670106
0.0313103163453371
0.0309987456205014
0.0307585224510145
0.031034457617861
0.0308916388907593
0.0308137390628302
0.0309275212165744
0.0312529405031183
0.0308833263931774
0.0308893159396893
0.0309436418413426
0.0309910215938007
0.0308771221734733
0.0315014175174109
0.0307115128106288
0.0306609388855757
0.0307739865779329
0.0310672929326935
0.0310089401294142
0.0306573361215534
0.0305525765893294
0.0310215215249876
0.0306181366145405
0.0310980007478006
0.0311089596643795
0.0306787996513186
0.0306656294725823
0.0306439421960177
0.0307634331599474
0.0308746306269856
0.0309377763299765
0.0308496872271155
0.0312850082018654
0.0306503071134816
0.0307327237166939
0.031107508127409
0.030632555535224
0.0307009391019336
0.0310075650313754
0.0308910283947832
0.0308923804891915
0.0308668077882964
0.030697349456507
0.0310484313555825
0.0307324797585909
0.0307052842548884
0.0310908398565398
0.0309311362924867
0.031178688877693
0.0309134972135374
0.0305693111703157
0.0308940336320072
0.0310790613272131
0.0308194741930499
0.0306581082537825
0.0306515957480934
0.0307299163747812
0.0306306214568919
0.0308214169756018
0.0310945144246544
0.0303610061977882
0.0309748606874147
0.0308259539177427
0.0307903962338848
0.0311838585347652
0.0306241579729772
0.03072016454928
0.0309447474852609
0.0310641931280297
0.0311308009589291
0.0309184296368727
0.0306442237480943
0.0306449738092592
0.0309087118499103
0.0313075932285088
0.031068406590642
0.0306806879228851
0.0310339327339119
0.03073863812951
0.0309305755696932
0.0308002233441124
0.0303587942173552
0.0308163930165547
0.0307594358623985
0.0311914553903223
0.0310989260279091
0.0311775290504706
0.0309239754335819
0.0316201064792409
0.0315288532823879
0.0312491099856961
0.0307798758357184
0.0306586365801876
0.0312885421687758
0.0305963016380632
0.0309815892805101
0.0306479942643844
0.0314148157206919
0.0309372902825984
0.0303872857697687
0.0309394203296994
0.0309749378833261
0.0310568322417131
0.0306619605684225
0.0309204619892592
0.0307160035743617
0.0306988104340443
0.0308261331943693
0.0308473189515811
0.0306428971967433
0.0314134747852021
0.0309338479632615
0.0309245369580173
0.030653791615497
0.0307498295050304
0.0308181610984912
0.0308419943855095
0.031196236562759
0.0308021855552509
0.0307779759084343
0.0309606793687595
0.0306397761456153
0.0310309444985324
0.0309794496703132
0.0306817062759056
0.0306489065409129
0.0306487638272491
0.0307677274315321
0.0304397204678766
0.0307943723215781
0.0306104222280436
0.0309283987902986
0.0310008523361285
0.030829656164239
0.031138739448608
0.0307818620226655
0.030681288962212
0.0306885659536612
0.0307657316404927
0.0307453353772864
0.0307371856825576
0.0306907966679415
0.0306215812343049
0.0305755727858452
0.0307343432610807
0.0310478780542217
0.0310873701325236
0.030738725004372
0.0306808609934742
0.0312203972619856
0.0310012897690205
0.0314133658295971
0.0304617731398856
0.0306906786137231
0.0310689831203957
0.0308930901395983
0.0308430209801546
0.0304410364250624
0.030678341845612
0.030786652329416
0.0315111876210705
0.0312425232134593
0.0306381508599461
0.0307895431821323
0.0312592045419129
0.0305019777190706
0.0304601100687957
0.0307585407718172
0.0306433226609481
0.0309353263817128
0.0305594080947923
0.03160664147552
0.0311057209664493
0.030867562678138
0.0308905607286934
0.0306318409758683
0.0307443796550882
0.0312278236789878
0.030840024627683
0.0307496922118292
0.0307668588266255
0.0307975191157078
0.0312390781890437
0.0306064556655973
0.0306568525164831
0.0308779139691165
0.0307212249843941
0.03105665978584
0.0305532316761053
0.0312170497417731
0.0310653561170064
0.0305583851157963
0.0311081448295791
0.0307574393000802
0.0307389963240208
0.0307447993022302
0.0310744723624941
0.0311225058857564
0.0308392607989509
0.031172598434341
0.0305722778778086
0.0313195939488032
0.0310813154242835
0.030596180037457
0.0311496166396363
0.0308658176211496
0.0307594655413409
0.0309205021544171
0.0308131864655063
0.0307570869414222
0.0312613305654997
0.0306697690063354
0.03082585531796
0.0306597385970815
0.0311064313804331
0.0307663691576781
0.0305352711116162
0.0306708840343761
0.0311775338077502
0.0309772285857925
0.0309870984542567
0.0307403505002119
0.0312608192662241
0.0308072572321027
0.030839030943057
0.0306600717684704
0.0310410949640968
0.0306221485140447
0.0307923301988155
0.0306554732881271
0.0306446175462014
0.0309503195840275
0.0309489669479765
0.0308803336072711
0.0312379173128547
0.0307176230628188
0.031440387589514
0.0306482397806097
0.0307489286346294
0.0307875407630809
0.0313469396819002
0.0307444159074478
0.0307481875148159
0.0308740895607708
0.0310055625071695
0.0310476747612781
0.0305421600369772
0.0306396701643445
0.0310921272535144
0.0307618803323325
0.0309873572240193
0.0308400826076787
0.0308663950609314
0.0307624500714885
0.030856829623322
0.0309147890043056
0.0307973566428098
0.0308189381942357
0.0308601642903082
0.0312951308842143
0.0307572820020656
0.0309875934748101
0.0310123739827786
0.0310274048168106
0.0304698294479326
0.0309129180689471
0.0308851045621071
0.0309414891838231
0.0311148801240984
0.0309867048481264
0.0310354413605064
0.030693473828696
0.0310343228113514
0.0306933804819979
0.0305830320899545
0.0309268268981617
0.0314206738996805
0.0307965349508879
0.0312633434293268
0.0309796468242866
0.0314830103091225
0.0310934905059584
0.0307652338212526
0.0310407326405815
0.0307329232062607
0.0310981907851482
0.0310295293667584
0.0308904710877052
0.0307302210086333
0.0306245873078289
0.0307540510967418
0.030829654207486
0.0307474509792806
0.0307952788933933
0.0308942984254118
0.0309007853288493
0.0306004339494567
0.0319902232027965
0.0307534552979181
0.0310404110021829
0.0307302090926146
0.0306995545656725
0.0307152558206691
0.0309288404084908
0.0310363951492361
0.0307625053864577
0.0311672644621169
0.0308762760408539
0.0310306718110149
0.0307455216010385
0.0307106764391332
0.0311520443126905
0.0312818117160967
0.0309328494779916
0.0306339784606987
0.0309482431768714
0.0307484446268522
0.0309800316522919
0.0308748495542465
0.0305224787279118
0.0314288424339306
0.0312968425058054
0.0310228149158151
0.0308928931345385
0.030818196257026
0.0306974864144917
0.0306701259393428
0.0308694641718981
0.0310742062930365
0.0306137794499666
0.0307580360355205
0.0308075292493511
0.0308340431350785
0.0305319139886884
0.0310238087069332
0.030634336453584
0.0309267524570158
0.0311256178603728
0.0307936001557874
0.030768287019777
0.0308240352716969
0.0308872097878978
0.0308393339414231
0.0309398098667749
0.0311648649307767
0.0307937559488951
0.0313330405718674
0.0307594914519543
0.0309107419902168
0.0309753629416778
0.0308499001010919
0.030639201625124
0.0308794560304986
0.0308096698860125
0.0308940834935955
0.0309153581993576
0.0308483381336116
0.0307729384022371
0.0310808182374298
0.0316862831154697
0.0313456603675526
0.0310004912831134
0.03125061054898
0.0311907508252535
0.0308241854102937
0.0308699998162738
0.0310622646629228
0.030866891544861
0.0306906577457025
0.0305599833523681
0.0307561819414183
0.0309868462971072
0.0310691089579717
0.0309285595470489
0.0309670747397347
0.0305755290195877
0.0307534593558181
0.0309736179262497
0.0306528713102094
0.0308739553861041
0.0305764294945957
0.030935248922168
0.0306447763584714
0.0307676041812284
0.0314465382928881
0.0312985478462676
0.0315127538010272
0.0307258896494638
0.0309106080709251
0.0303946674100875
0.0303986631519191
0.0310293124053774
0.0308627902337736
0.0307835054544129
0.0306925746400879
0.0311303833354196
0.0309930967460996
0.0309352528604759
0.0307660861469829
0.0307647040783577
0.0309639080024572
0.0309910108257494
0.0308804056540454
0.0308418235481743
0.030726338179024
0.0306297721239545
0.0306543413803885
0.0311889928381115
0.0309742177098036
0.0316042192416267
0.0306779743317847
0.0311499785257472
0.0313181470001968
0.0305597923583044
0.0308242424231405
0.0307913288700421
0.0312242661783658
0.0306036300445072
0.030802755992205
0.0307703235219359
0.0310000775969981
0.031147865980077
0.0305712951733358
0.0312438522483471
0.0306564794819885
0.0308408080812697
0.0311817440270969
0.0310290698106783
0.0304710422725701
0.030440673101112
0.0308901951876237
0.0308442436921357
0.0310811781671355
0.0309804693630366
0.0315129221172933
0.0309526572704432
0.0307781481052527
0.0306831286335079
0.030726553988999
0.0310221719500386
0.0308887831212389
0.0311060930327487
0.0308887741615941
0.0307199072564682
0.0305472430844249
0.0307321942389157
0.0312104229473694
0.0307501445393231
0.0308071438483657
0.0308690063974935
0.0307649294124738
0.0303511564606628
0.030762556274818
0.0309951722504767
0.0306894688362508
0.0307951758476949
0.0312042816045808
0.0307205197896259
0.0308219865723974
0.0309253257725284
0.0306019237339824
0.0309611579661722
0.0308690020464147
0.0307716036913639
0.0306367067470756
0.0312210081766133
0.0304385545545048
0.0312209833851659
0.0310997930587781
0.0306909814024801
0.0307178349029243
0.0307743865594352
0.0310809917746727
0.0307274065928784
0.0305692471923521
0.0310300423464945
0.0307874315689356
0.0309250542286388
0.0307262364273646
0.03092548862306
0.0307596748544213
0.0311937784359585
0.0306630104855963
0.0306875978461764
0.031158761181592
0.0306929772427138
0.0310589108482366
0.0310755386852263
0.0304851419749401
0.0311613907318055
0.0307826760621734
0.0307164124852888
0.0311012437998581
0.0311004896502783
0.0307505799177229
0.0305310500394194
0.0308424624259329
0.0309937182822704
0.0309703114766248
0.0305791313387598
0.0310592193065626
0.0308046691955139
0.0310918178907737
0.0312111949988542
0.0306861682093239
0.0307113833373053
0.0307620431475882
0.0309234422528247
0.0313034836259737
0.0308648561847525
0.0310229369833638
0.0308333418525881
0.0311034952837412
0.0308217175579054
0.0315631874892039
0.0310991440470479
0.0307086992749045
0.0309267506957688
0.0308600869665887
0.0310555649427405
0.0309574582521424
0.0307254653549705
0.0310151035962549
0.0305384009246117
0.0306684107928953
0.0305754345226807
0.0306251610357936
0.0306697521733411
0.0308148042961895
0.0313244339685171
0.0307227522942364
0.0312168236277919
0.0310484630371818
0.0310086161233712
0.0307073456172903
0.0310857200936916
0.0310276696837799
0.0306009037831163
0.0308716069857133
0.0311206394352088
0.0314895092718098
0.0309779770275734
0.0309015375751297
0.0306450469729537
0.0308289655046031
0.0309931303478687
0.0306941939375381
0.030725602605065
0.0310005184033963
0.0312288091003944
0.0309376814198465
0.0307839196236723
0.0307871137587235
0.030710462614839
0.0311961942087105
0.0309797124078861
0.0312146790708369
0.0305906522590085
0.0307004513280062
0.0307672587022497
0.0307230292985303
0.0307738352672926
0.0305709492473287
0.03162378494719
0.0309370009104403
0.0310203514789259
0.0309989674118757
0.0308100749774105
0.0308195605561201
0.0307746699460845
0.030993937764701
0.0313131427270633
0.0314485809081641
0.0313371439119354
0.030970476053269
0.030768259329961
0.0305454901450254
0.030791964876198
0.0311285673535845
0.0307105577379615
0.0307167910596257
0.0308185393434995
0.0309204742856073
0.0308127849708636
0.0306457527257161
0.0312859563639953
0.0312779469585644
0.0310152745981609
0.0307841675924898
0.0307168327912604
0.0308782413019141
0.0312061678644355
0.0308251555945906
0.0307079445153702
0.0312274529534817
0.0312392160273033
0.0308140306974983
0.0305463232347012
0.0305692134061263
0.0307607680959247
0.0309351235730995
0.0304946584226046
0.0308039224076172
0.0307062341947214
0.0308371806723489
0.0307275772848725
0.0308862216964542
0.0308445101027026
0.0307184466263542
0.0305159210271688
0.0309046291333625
0.0308020475712443
0.0311762917904481
0.0307118916871212
0.0309787437895338
0.0306337295182313
0.030552921683511
0.0309345117371221
0.0304710119099101
0.0309570000007571
0.0307278816797535
0.0312048324378467
0.0308135709978523
0.0305649246120712
0.0306865760050201
0.0310985462190813
0.0310072199671236
0.0307109555525251
0.0308960665688946
0.0308418781026133
0.030752729182906
0.0311115768223597
0.0306330937145639
0.0309905736948461
0.030818370474529
0.0308030877190914
0.0306657040489469
0.0310950999126726
0.030719508761487
0.0309754458096704
0.0310513788773095
0.0310803350434076
0.0311238451396676
0.0312507788911814
0.0309589247280941
0.0309894915799957
0.0311952802794427
0.0307456195769761
0.0307589567549096
0.0309332117213901
0.0306635116492362
0.0307715266911534
0.0310596467971251
0.0310698303672534
0.0308579890914547
0.0309303326000711
0.0308071342630516
0.0310406724217677
0.0312087152002855
0.0313990029983813
0.0306812521953068
0.0308429416054905
0.0308488281967752
0.0306845468590506
0.0308028973129907
0.0306865671033815
0.0305494568457831
0.0310554367291756
0.0312633304301483
0.0310386893436232
0.0307895283119315
0.0305761036521036
0.0306933648873954
0.0309845154126663
0.0310009995612406
0.0308757935299714
0.0305909809342699
0.0310088147437912
0.030646598781714
0.0313784240233798
0.0311564219938378
0.0309496118650067
0.0308370575745279
0.031004352754902
0.0303405670736568
0.0307446373193866
0.0307777900534978
0.0310052389517352
0.0313672568630898
0.0310592446229074
0.030902561162451
0.0307336887058143
0.0309154710377137
0.0308507826159609
0.0312583508729713
0.0313445228140546
0.0308703067965482
0.030916548953211
0.0305889991021829
0.0310212771077607
0.0313641389020669
0.0307887756427
0.0307493142294485
0.0310971385525279
0.0312259279029684
0.0306325108380093
0.0308102117303834
0.030590299390039
0.0308968564385756
0.0308365810437077
0.0306457331510775
0.0313640252354397
0.0307198690170848
0.0314578212403983
0.0309640781811511
0.0309537615273873
0.0311416810026682
0.0308107337061864
0.031149542064458
0.0307309669529641
0.0310353016020376
0.0306124076783687
0.0308078156797006
0.0309466881136802
0.0305897602081643
0.03085057514542
0.030790661232958
0.0311548562459239
0.0310343878628777
0.0308162426553374
0.0306794548005417
0.0312058192688769
0.0305698739144541
0.0307092372943279
0.0308810525431559
0.0305618605155153
0.030889743223565
0.0309854796449886
0.0314052113067209
0.0309234768189002
0.0307518708374764
0.0306004990759539
0.0310235594054388
0.0306907630507131
0.0310413383765076
0.0311649998164986
0.0306839880973743
0.0313386450196357
0.0307964867256662
0.030763110592691
0.0313348929940265
0.0307266264115371
0.0305597856175288
0.0306811494600738
0.0306941126970804
0.0309057094907407
0.0309686898390003
0.0306703109086169
0.0310549810807474
0.0307074965108786
0.031111131894326
0.0305266292314809
0.030538709518464
0.0311099150986468
0.0312968403260622
0.0306538391116925
0.0309044672293581
0.030722288636375
0.0307966569795704
0.0309858007183649
0.0310396632629514
0.0306672512797161
0.0309747452889262
0.0309594293907543
0.0311698940189914
0.0305207861328945
0.0307417860116874
0.0307488697884942
0.030809440041127
0.0306104248063906
0.0311094962043843
0.0308242499211756
0.0307802115635114
0.0310665225352644
0.0309690323878112
0.030710777289475
0.0308233555395745
0.0306115444429025
0.030764882731581
0.0307435663232896
0.0312838111254086
0.0309736247954604
0.0310045158577068
0.0304991266903904
0.0305923180006321
0.0307304713597536
0.0307602167038712
0.0309433120008
0.0308977104502419
0.0309183288142813
0.030927273858956
0.0308227948806993
0.03076341342474
0.0311826176486891
0.0310508114180903
0.0307845751186151
0.0310171172220324
0.0306541703683514
0.0312909299290331
0.0308189077650523
0.0311007316758145
0.0309405135571833
0.0307419273498017
0.0305908759326554
0.0307812470486043
0.0308233113311326
0.0307709702548574
0.0308453771743507
0.0305021201063692
0.0310855334408993
0.030681363095228
0.0307299597670976
0.0306922334096217
0.0308816709649936
0.0306633727658454
0.0307916173723732
0.0307901726608275
0.0308562661404338
0.0311761883621597
0.0307847743489455
0.0309780695021089
0.030771654055268
0.0307837206693677
0.0306600942582752
0.0309057691129694
0.030885072116848
0.0312194657971587
0.0305487466977073
0.0305499899734119
0.030677716883241
0.0307996107915508
0.0308296257684533
0.0306784891151535
0.0310179664826129
0.030801106013113
0.0311911018982576
0.0313221027630993
0.0311673928140253
0.03089669102981
0.0309110142873033
0.0305130876255524
0.0307664829807227
0.0308521126925128
0.0311038859543008
0.0307303669089214
0.0307373280945304
0.0307254152255011
0.0304151098653664
0.0312713869134399
0.0307959309436045
0.0308259677208009
0.0308748167907045
0.0309611367477365
0.0313386512670708
0.0311686035359196
0.0306703196559377
0.0306658476103137
0.0308465760373577
0.031160797513011
0.031405979145946
0.0307050526239498
0.0311784697387588
0.0307898654111594
0.0310062817981544
0.0305401560939859
0.0308744911888294
0.0311104918832746
0.0311294317524231
0.0307951825424654
0.0310494817968105
0.030665321163313
0.0308043500572375
0.0309013152759422
0.0309101233099215
0.0310166157490427
0.0304751880673229
0.0309224686102208
0.0310209159594559
0.0311896402935967
0.0312136989792501
0.0309847845547756
0.0307997612192228
0.0310137014307601
0.0307773302693606
0.0310827397357781
0.0307125956756285
0.0309931349392622
0.0308470874585765
0.030778963678997
0.030878244332507
0.0313511948271127
0.0306339422125734
0.0307498986238595
0.0306497437500414
0.0307675433319355
0.0311169257713282
0.030399449200783
0.0308207917657451
0.0312776554701723
0.0306966992398178
0.0311387432874371
0.0308207482532451
0.031176730112837
0.030732640096219
0.0307467415154642
0.0313742724134901
0.0306744667136535
0.0306499687716196
0.0310088798904135
0.0312718779962046
0.0312175952903329
0.0309659171615052
0.0314278925777733
0.0309793927355103
0.0313374492701815
0.0308664668721513
0.0304797442627664
0.0310582554173427
0.0307476691092724
0.0310085862909293
0.0306861386275257
0.0309295276454703
0.0308745641047057
0.0307166101819573
0.0307883408405291
0.0306129282376839
0.030755972062826
0.0305004243195143
0.0306332960747137
0.031192729591971
0.0305193409088443
0.0312064118262994
0.0307795840157093
0.0309950202739151
0.0305576114682947
0.0312508137464323
0.0315019023268104
0.0304588836705716
0.0308031848608914
0.0311196070815736
0.0308938015136991
0.0311369447511372
0.030907449048337
0.0308054304779861
0.0310075044540452
0.0309134133861341
0.0308726619911032
0.0310593583473993
0.0305851417635768
0.0311206901101229
0.0308545701092775
0.030702833861089
0.0309879933930417
0.0312513576558901
0.0307724567088016
0.030740018595664
0.031447132266493
0.0307417746582644
0.0307116169627093
0.0306541814919076
0.0306199905918578
0.0306774499729347
0.0314603171953339
0.0308112177868096
0.0309281993189679
0.0311260521335663
0.0306044799326147
0.0305969806351794
0.0316401564506413
0.0309030289966882
0.0308324449173526
0.031119370956081
0.0308358678716804
0.0310668010159971
0.0308247705152723
0.0306398669319907
0.0310271956929182
0.0307195283385549
0.030600200679515
0.0305989825203261
0.0307981760288689
0.0308674545171976
0.0307755483620686
0.0309947021137309
0.0312277621419434
0.0310544842683684
0.0308233017713293
0.0313822414880151
0.0310451722352118
0.0311263985892955
0.0308325306155006
0.0306156168989457
0.0305227484293123
0.0307517669222051
0.0308984858174097
0.0305447454288307
0.030747931480969
0.0309445390183497
0.0307811736085319
0.0312891976723944
0.0307226825560766
0.0307322873044595
0.0311855294409953
0.0310111412648915
0.0308369123016156
0.0311711929047092
0.0306776096302427
0.0311186317957519
0.0306560549072501
0.0311369841019455
0.0310588089892752
0.0308123295360949
0.0309033354132986
0.0308543591439651
0.0307610192631812
0.0310231897672972
0.0307468546535615
0.0308357798141739
0.0308958128584921
0.030786431346286
0.0312810913615816
0.0310712590538746
0.0309112367651563
0.0307909828940193
0.0310845493127053
0.0309489413407782
0.0315161131503421
0.0305696759206775
0.0306976756853228
0.0308297529503886
0.0313295962187002
0.0307824310615648
0.0308066248967541
0.0311801326507744
0.030679904687398
0.0306185050105732
0.0314076831138513
0.0307784043067549
0.0312850479930726
0.030493905046938
0.0307078339382971
0.0312380945769731
0.0309079100727724
0.0310048265041431
0.0306083469693627
0.0307694917231638
0.0306801922225394
0.030955746778814
0.0304700278219153
0.0308158013973297
0.0309444048974855
0.0310304710001608
0.0309891037350136
0.0308438633890982
0.0315026524294116
0.0306975311143769
0.030943245387894
0.0309121605419665
0.0306204958936077
0.0310833383792496
0.0308251753903542
0.0313419072150181
0.0308866761784493
0.0307384946872444
0.0309423302811573
0.0305830782492266
0.0312373718744561
0.0307027846645103
0.0308730135462374
0.0312595733671476
0.0309949915124821
0.0310055378853186
0.0305085616400536
0.0308259079388091
0.0312124248884491
0.0305851463616154
0.0306908822919977
0.030814174284752
0.0310873915704892
0.0307269205168847
0.0314850274584106
0.0307240756468066
0.0306573594765853
0.0304544425656741
0.0307608069074641
0.0311010098718704
0.0306840495226772
0.030949283063815
0.0316114683272375
0.0306801154177235
0.0307242750580704
0.0308332121635265
0.0313421119345862
0.0307722692778232
0.0308261066374104
0.0310723045744034
0.031070802287468
0.0310794723297683
0.030792418445725
0.0306210855828275
0.0308378857281946
0.0316110988877998
0.031208657585902
0.0306266976635803
0.0307443238910117
0.0304752996783877
0.0315588634666688
0.0311078003274579
0.0312421519040724
0.0309890060875021
0.0310358799080902
0.0306363364439124
0.0311796484889417
0.0312969473689089
0.0307843245340199
0.0308324838811941
0.0309916712462575
0.0307477303789913
0.0308983884906055
0.030775609475654
0.0308020558460046
0.0306967526720284
0.030698980629098
0.0308008561628859
0.0307021349952432
0.0307026394447212
0.0306414934088826
0.030767929120179
0.030463689012143
0.0308504070371603
0.0312846158046817
0.0307174246130284
0.0307812005324715
0.0305209313753287
0.0307759443712251
0.0312144028217073
0.0309415298709521
0.0310289674753941
0.0308009461618956
0.0308642058804456
0.0306094133081344
0.0308976159883893
0.0307140174609136
0.0312456635732933
0.030793761484164
0.0306875567959546
0.0311886913848532
0.0305202139611647
0.0308426255382859
0.0310703419241722
0.0306041061051586
0.031285119627255
0.0310432116623598
0.0306464424060158
0.0305048881843569
0.0306347554336458
0.030805586508291
0.0308211928097291
0.0307806105191702
0.0307144079708143
0.030819455332418
0.030814251215704
0.0307028951722382
0.0309306260496254
0.0307234695414816
0.0311322253735276
0.0309018911327677
0.0307446172205228
0.0306622853772147
0.0306791739066135
0.0308747017594314
0.0306496840356157
0.0306771887711442
0.0315791946545949
0.0307155710969026
0.0310656234482361
0.0305018878599375
0.0309117207102637
0.0306131230607725
0.0310768884146524
0.030706651517241
0.0305785511211478
0.0308469189700054
0.0308878692633249
0.0307000843926462
0.0306895667455381
0.0308005840044884
0.0307459574172489
0.0307602780744842
0.0309766083716114
0.0306986265686199
0.0308312231909619
0.0306935862136856
0.0306856643197824
0.0306050262410024
0.0306750979595344
0.0309995581148291
0.0309496036333816
0.0307856905052899
0.0309620965383266
0.0307725876096157
0.030682125996866
0.0311942462881711
0.0309771701618318
0.0306295271761159
0.0311830226302251
0.030755347612301
0.0311628247645475
0.0309163800914575
0.0305797022772152
0.0307726702065244
0.0307538793758437
0.0309711177624665
0.0307000548992711
0.031167091574275
0.0307391397214672
0.0304790667075441
0.030675784193386
0.0314248806106649
0.030859365069326
0.03083381048256
0.0307847361835653
0.0309483801646577
0.0308325713107325
0.0309812620039333
0.0318424393871958
0.0309247975127417
0.0313442609713358
0.0309022669093648
0.0317314887099281
0.0307436242466201
0.0312606004691844
0.0309791678040219
0.0310557253841173
0.0307223470570751
0.0312178228288215
0.0307961624119492
0.0312961409678157
0.0305563985599429
0.0311259209943587
0.0307609479360409
0.0305849705191271
0.0309935429568576
0.0312290068275411
0.0309451633566207
0.0310800074687259
0.0314016131592669
0.0307675427004741
0.0306756361092937
0.0306821248386635
0.0306535027675252
0.0309445463220883
0.0305914158838232
0.0306946783844037
0.0311265828881809
0.0305391796279321
0.0311520687119624
0.0308124735414654
0.030629544204095
0.0304300503847431
0.030909220624449
0.0306927484711412
0.0304899445704975
0.0305088386666741
0.0308585794116202
0.0307676693638011
0.031044539286868
0.0309202177591623
0.0307188956970447
0.0307497290591483
0.0306753563845296
0.0309136167160863
0.0308125329211334
0.0309378000243784
0.0307094255784763
0.0315078259821125
0.0315272424298736
0.0307171690611385
0.0306454738129725
0.0310580528240204
0.0306289019329556
0.0312458492819332
0.0311707556563278
0.0312226073975271
0.0309265210902543
0.0310546158516206
0.030662408221583
0.0311299033947896
0.03096111801381
0.0306652475505369
0.0305174918890619
0.0304608130702397
0.0310474152704878
0.0306676928387897
0.0308022451706307
0.0306757504020746
0.0313000837069343
0.0313141238003432
0.0307138886313366
0.0309482260831431
0.0308532970282228
0.0311918003759532
0.031009601922181
0.0310768737207771
0.0305213732866401
0.0311834204115615
0.0305556261747006
0.0308857843218148
0.0309717044406493
0.0309329011321336
0.0310317383016291
0.0310815799269748
0.0306446914330601
0.0308124325274865
0.0311175312448778
0.0310667668875386
0.0307777118688719
0.0307235235193068
0.0307801408522396
0.0309508111732069
0.0307751987947066
0.0313676982141047
0.0308534399845939
0.031088985841519
0.0307554409996069
0.0306629680197577
0.0310775694097437
0.0307679820243607
0.030512752493564
0.0307462975265471
0.0307353626796209
0.030879604770662
0.0309376212965792
0.0307073746363034
0.0304757774768307
0.0307607780053796
0.0307975889777896
0.0305810583172352
0.0306177544959432
0.0306714691094704
0.0306715317021118
0.0312011787180587
0.0309140693139413
0.0309688982626823
0.0305866186378265
0.0311621417927139
0.030913121856856
0.0304577219107764
0.0306348762315657
0.0313672370747709
0.0306707867939204
0.0310483490020186
0.0306750978092911
0.0306647578923785
0.0306630105487496
0.0305290496502065
0.0308165514187885
0.030545035772967
0.0305960446871446
0.0307736384406228
0.0304510318141818
0.0306977380336942
0.0304776238034995
0.0309621069307677
0.0310335215471521
0.031325735364451
0.0307552454794978
0.0306547469409331
0.0308540340710644
0.0313674714408016
0.0306967525121697
0.0307641779738508
0.030519756123617
0.0309018363107985
0.0309794647387161
0.0310381828462741
0.0313969771513964
0.0311010288363285
0.0304071930794549
0.0309790434964623
0.0314523840468127
0.0313754299236124
0.0305123932562343
