0.0107003411411398
0.0106903180998069
0.0107587931420978
0.0107216699298854
0.0106752228129821
0.0107092121160308
0.0106411202031737
0.010679871242437
0.0107390257880848
0.0107235075718738
0.0106694257576748
0.0107392019833209
0.0106762208468048
0.0106790767578795
0.0107481773430858
0.0107020881651473
0.0106700919047195
0.0106254641927033
0.0107725192756794
0.0106687953755486
0.0107454762003176
0.0106590556287893
0.0107007343840638
0.0107280454845743
0.0107312626907851
0.0106490480369915
0.0107006059708411
0.0107155026436176
0.0107032275539009
0.0107616850072269
0.0107402314099537
0.0106661140572404
0.0106636323017819
0.0106805858278115
0.0106855610879983
0.0107251343446612
0.0107030456748392
0.0107786119613531
0.0106960399329105
0.0106950604819094
0.0107343029558567
0.0107420060713703
0.0107031916087501
0.0107235260925805
0.0107101066620587
0.0106852678089622
0.0106717035245414
0.0106123974111447
0.010649980235823
0.0107108584054599
0.0107555622150143
0.0106749312246898
0.0106078215248883
0.0106744592631641
0.0106926464829409
0.0106577643696927
0.0107585960492666
0.0106808742654369
0.0107315815476953
0.0107211125283849
0.0107230962798562
0.0107169285831986
0.0106988182404474
0.0107528444724529
0.0107259482358773
0.0106438018535195
0.0107256808846104
0.0106618572218999
0.0107153604594219
0.0106153002860358
0.0106905348480942
0.0106856983225343
0.0107235520964636
0.0106631942998297
0.0106757710520855
0.0107137572156155
0.010731524062477
0.0106833835592413
0.0106820869240203
0.010661037465664
0.0106940017938825
0.010738811671447
0.010758276193955
0.0106490306841878
0.0107408488939871
0.0107231487165733
0.0107139557829402
0.0107557863938477
0.0107027386104619
0.0106625426140369
0.010747517794279
0.0106808598503711
0.0107595687925924
0.0107297984658179
0.0106598962447547
0.0107484001629849
0.0106307966814681
0.010723083649595
0.0107398055912677
0.0107368055961107
0.0106857254298658
0.0107535829578492
0.0106595555179535
0.0107774166016453
0.01069066604499
0.0107037892396221
0.0107228523787739
0.0106750955169926
0.0106850881128877
0.0106684311947398
0.0106802605348749
0.0107053256886957
0.0107082049896874
0.0106279601868357
0.0107398729396324
0.0107390563824167
0.010766749600081
0.0106855093523582
0.0107254046470299
0.0106973085326407
0.0106657465109454
0.0106767384146623
0.0107029102451425
0.0106805272445766
0.0107041187728543
0.010691608691255
0.010654493286372
0.0106515851069876
0.0107519992676411
0.0107061812688663
0.0107489995108308
0.0106765748722122
0.0106627191040532
0.010775117619397
0.0106775528291136
0.0107343065846832
0.0107358290843428
0.0107387178083417
0.0107065261620671
0.0107349232666389
0.0106965430598715
0.0106573114767034
0.0106897445010744
0.0106574481150178
0.0107296921894523
0.0107124646053351
0.0106263463262038
0.010688642637268
0.0106969450324127
0.0107100485983408
0.0107262927258819
0.0107780879239122
0.0106897143246956
0.010726073174453
0.0106887012898795
0.0106885379870467
0.010763105209028
0.0106807637896885
0.0106974956855116
0.0107252556462469
0.0107033113809414
0.0107093971087952
0.0106411146819828
0.0106692807747719
0.01065552929554
0.0107196033353372
0.0107028784846737
0.0107442746158352
0.0107158598849649
0.0106604534162033
0.0106751657510547
0.0106705254869742
0.0106629574460328
0.0107321363308859
0.0107213217790018
0.0106746187485635
0.0107330263665172
0.0107582052878908
0.0106654489422028
0.0106712479490615
0.0106352217038093
0.0107124456111007
0.0107003950758104
0.010688911114876
0.0106882272160683
0.0106951981181289
0.0107200361055998
0.0107331506078609
0.0107210500082031
0.0106836134670924
0.0107428053763054
0.0106964122184872
0.0106739419110471
0.0107005485503651
0.0107516452855707
0.0107138100884201
0.0107068862700193
0.010693697070588
0.0106947721832256
0.0106543486126241
0.0106632859038965
0.010696934545968
0.0107059942340198
0.010664405310837
0.0107089269211232
0.0107379471166414
0.0106708451785478
0.0106913074156185
0.0106915659091533
0.0106771392302191
0.0106785439334315
0.0106937575624837
0.0107337538305615
0.0106616397782503
0.0106945560614207
0.0106717915289154
0.0106990135467084
0.0107052389866729
0.0107075585425778
0.0106505995590585
0.0107372568640893
0.010680213232455
0.0106894945751391
0.010745093038366
0.0106796343822985
0.0107310293451007
0.0106917960065709
0.0106823331953088
0.0107614389544182
0.0106698435698442
0.0107288910907837
0.0106753598376837
0.0107464119232559
0.0107431930383218
0.0106589530402325
0.0107125122501396
0.0107620704804215
0.010692521524731
0.0106777095377067
0.0107482156648736
0.0106527963643753
0.0107121355275114
0.0106787791689201
0.0107297130557588
0.0107368558198457
0.0107216484866583
0.0107128269343605
0.0107477277257318
0.0106514711675537
0.0106523374839529
0.010690799568976
0.0107240449297873
0.0106623144907532
0.0106645837653978
0.0106714698859327
0.0107427489228696
0.0106823500973054
0.0106865372369476
0.0108117775533713
0.0107330923146726
0.0106573313500717
0.0107793468315906
0.0106752360016258
0.010661854785743
0.0107166537386783
0.0107192603558768
0.0107188244513792
0.0106746996482611
0.0107125335495024
0.0106568664829138
0.0106854373673998
0.0107345478962999
0.0106836741699293
0.0107570792632524
0.0106969961978843
0.0106998665635925
0.0107113989777822
0.0107368853901424
0.0106683176387481
0.0106508936393029
0.0107410614727633
0.0106792287011699
0.0107220229149992
0.0106653115667479
0.0107179648278266
0.0106105645888691
0.0106862126630529
0.0107033976418133
0.0106308791288735
0.0106602907636227
0.010710524362886
0.0107288915019225
0.0107235922657837
0.0107010313195802
0.0107096017571657
0.0107124052824443
0.0106637427482372
0.0107398233075581
0.0107177240220538
0.010718862695319
0.0106996244594407
0.0107439236205405
0.0106471250005868
0.0107004759359345
0.0106701933087469
0.0106828454663308
0.0106859555693499
0.0106915939365941
0.0105985239428531
0.0106748587421133
0.010664699705012
0.0106975952715907
0.0107058739785851
0.0107774017354585
0.0106504459695694
0.0107713132614046
0.0106669192390836
0.0106835644228223
0.0106734063406599
0.0107618147671067
0.0108199016727029
0.0106922796356705
0.0106598744060798
0.0107132302718936
0.0107193104425784
0.0107256915157616
0.010693025980643
0.0107457417524356
0.0106538072791332
0.0107032337651006
0.0107928322439393
0.0107286468171904
0.0107185412900412
0.0107027039969936
0.0106989341985605
0.0106854543640846
0.0106867831487653
0.0107194200200382
0.0107217398956194
0.0106728059505402
0.0106950928844254
0.0106817811458551
0.0106589670993803
0.0107247452174711
0.0107608078780155
0.0107115392780818
0.0107045377741945
0.010699440613138
0.0106620102257251
0.0106563173789281
0.0106871883031741
0.0106953718385276
0.01077495870999
0.0106855997299241
0.0106390555993255
0.010711744273116
0.0107096446849687
0.0107138639041825
0.0107223975328623
0.0106926923872531
0.0107323872679617
0.0106985795171644
0.0108210434191318
0.0106619158509536
0.0107490938285619
0.010757141252857
0.0106875976488547
0.0107521594465086
0.0106476982395699
0.0107022476768217
0.0106864847712903
0.0107547886125553
0.0107631086876603
0.0107192314403426
0.0106277887201711
0.0106764311589286
0.010674116371923
0.0108013273729245
0.0106588586668071
0.0106961732963259
0.0107209993560236
0.0107396165302671
0.0107646167043037
0.0107013854270575
0.0106631169199795
0.0106688184552047
0.010721907883649
0.0106886512260219
0.0107558139871219
0.0106996233486303
0.0106714609585563
0.0107784985323805
0.0107462060383584
0.0107028701031811
0.0107208827867106
0.0107294654372488
0.0107567921205405
0.0106888362953202
0.0106753941912708
0.0107168137656231
0.0106524957121764
0.0107378072082542
0.0107348245193994
0.0106315429874738
0.0106773658758468
0.0106234009645471
0.0106542739641301
0.0106784534544332
0.0107245054439638
0.0107654311186221
0.010723213338501
0.0106729291973273
0.0107123631806642
0.0107112732840054
0.0106447769125308
0.0107335968485954
0.0106948913210071
0.0106632764459836
0.0106830915710342
0.0106975733988043
0.0106863751173795
0.0107505389014089
0.0106672323250007
0.010697284119535
0.0106788040905969
0.0107295832411829
0.0106920333331528
0.0106981292420328
0.0106906531602263
0.0106824658093211
0.010752345592008
0.010690796849915
0.0107083178510191
0.0106860223047035
0.0106890972245712
0.0106769048755813
0.0106599785301903
0.0107105155209204
0.0106897101936783
0.0107149952365442
0.0106710740548975
0.0106945800556537
0.0106471224539362
0.010639211889148
0.0106686538392928
0.0107256830149252
0.0106843579219841
0.0107007847709896
0.0106373947989761
0.0106450581331817
0.0106850456084025
0.0107611869414634
0.0107321777751079
0.0106868567936246
0.0106738686451619
0.0107763986368719
0.0106464073056099
0.0106469538205244
0.0106724442663404
0.0107577197348628
0.0107170858862705
0.0107230812472004
0.0106971536770047
0.0106823643195816
0.0106888867896153
0.0107073132019089
0.0107548151253361
0.0107155503517228
0.0107208882372764
0.0107490528316884
0.0106601071207591
0.0106980378718897
0.0107177157421606
0.0106451260156496
0.010710578884717
0.0107522782110992
0.0106730706578926
0.0106963027164648
0.0107424128482637
0.0107212932569304
0.0107570120421577
0.0107750115998557
0.0107392029379148
0.010726843752521
0.010645525507622
0.0107468524005618
0.0106625513949351
0.0107294901328006
0.0108164250646422
0.010709129980774
0.0106662191697736
0.0107575495714589
0.0106788641993201
0.010666178368794
0.0106956509763918
0.0107164813784553
0.0107333368739961
0.010680595219615
0.0106731522158034
0.0107187108733383
0.0106677099468691
0.0106780045158212
0.0106998646129253
0.0107103156795206
0.010734607608896
0.0107107554879586
0.0107332665762055
0.0106871649540283
0.0106766169465004
0.0107217804734855
0.0107368552151219
0.0106972154302122
0.0107132692378213
0.0107388491593476
0.0106469268535208
0.0107323755112279
0.0106830587585786
0.010687359112841
0.0107017489025313
0.0107176435276569
0.0106746181351084
0.0106801817055032
0.0107002566527629
0.0106945771372919
0.0107341203958138
0.0106874357327494
0.0106843871155758
0.0107349400639339
0.0106963584475211
0.0106811849886833
0.010697077246883
0.0106654598180265
0.0106895265948616
0.0106998543797502
0.0107162657697988
0.0106780952782315
0.010734720180585
0.0107607216992101
0.0106508511636411
0.010707945561993
0.0107519125318866
0.0106723620661242
0.0106870446962701
0.0106720136458096
0.010762038547132
0.0106973250778179
0.0107169467632888
0.0107450490106305
0.0106809050404166
0.0107130851820197
0.0107210986935197
0.0107154552106395
0.0106844757240165
0.0107322012661988
0.0106593303729958
0.010657564501041
0.0106972504918921
0.0106416150549513
0.0107055678514085
0.0107020506182195
0.0106580624489884
0.0106970113944441
0.0107179925604698
0.0107194259652439
0.0107140246834661
0.0107312987160662
0.0107488546710392
0.0106799045460507
0.0107076682508424
0.0106825918326209
0.0106747843953052
0.0106866552808023
0.0106972137670977
0.0106916055731862
0.010703823843874
0.0107589149363011
0.0106970046251737
0.0106782531590082
0.0107007993100822
0.0107160782976105
0.0106930727194197
0.0106251008754459
0.0106972827810172
0.0106912388312006
0.0106688114176068
0.0106530119554858
0.0107203200227559
0.0107151325467121
0.0106916329792516
0.0106905343639272
0.0107075395980492
0.010720976936157
0.0106213154302201
0.0106806042172846
0.0106733815921363
0.0106692835080041
0.01071763846022
0.0107191291155087
0.0106948497976229
0.0107695574898484
0.0107267911173339
0.0107401946568336
0.010714895447234
0.0106412178577591
0.0106611150124344
0.0107410830244305
0.0107397886173396
0.0107429887515468
0.0106322055791353
0.0106870671331204
0.010674769923989
0.0107180563707647
0.010682770058052
0.0106880879133934
0.010656392475848
0.0106862078190272
0.0106810361648372
0.0107227530208254
0.0107200442879981
0.0107849364418011
0.0107365736142858
0.010683062996759
0.010726366519907
0.0107478004279981
0.010737803880266
0.0107111549966072
0.0107400782648516
0.0107442126063833
0.0106776648071508
0.0107258393446527
0.0106831522295459
0.0106706518695859
0.0107645690597446
0.0106878566988257
0.0106754437356796
0.010689194804416
0.0106575660565219
0.0106853898169089
0.0107370814039737
0.0107175194208974
0.0107067178671374
0.0107083768918933
0.0107646756708879
0.010718894339175
0.0106797151043406
0.0106562933496181
0.0106855156949466
0.0107428253745105
0.0106954450230772
0.0106525339846099
0.0106795524483449
0.0106819981606521
0.0107172235379255
0.0107657799176544
0.0106913310936154
0.0106777697103382
0.0106008088715049
0.0107045095067012
0.010699021427432
0.0106411830718715
0.0107439940106706
0.0106592603062283
0.0107121231234097
0.0106815373901086
0.0106525826231391
0.0106991296993878
0.0106865270022066
0.0106737887520077
0.0107159776044442
0.0107223348518378
0.0106982080359623
0.0106833056608901
0.0107135934746461
0.0107364457688843
0.0106888765297701
0.0107115055317643
0.0107059661382441
0.0107249931509374
0.0107450382072052
0.0106811302025828
0.0107375195382781
0.0106336791921975
0.010647951777773
0.0106708732526594
0.0107109013068296
0.010669391960894
0.0106514827818525
0.0106972039725345
0.0106558566694
0.010643399021006
0.0107017606456905
0.0106873808811757
0.01068810070915
0.0107045443765933
0.0107276222336944
0.0107176076471172
0.010687165977282
0.0107186007121743
0.0107982253433542
0.0106728466975708
0.0107414324366758
0.0106766052101996
0.0107587845813709
0.0106610169121576
0.010683319839572
0.0106728212563071
0.0106655253301293
0.0106720308867194
0.0106886815494247
0.0106514951246171
0.010734320700758
0.0106918793352377
0.0108063652262768
0.0107520437309553
0.0107506227247153
0.0106666644547948
0.0107097528940826
0.0106823831312076
0.0107371805458317
0.0106715822965391
0.0107352783526857
0.0106966399028701
0.0107162494491324
0.0106671479638808
0.0107199196660457
0.0107239955927924
0.0106277975082624
0.0106793987887833
0.0106042803350985
0.0107051246534875
0.010682195586946
0.0106813929619812
0.0106942137836175
0.0107124124265495
0.0107761673827371
0.0107504313670466
0.0106803046669739
0.010744163936748
0.0107365765502214
0.010679737059085
0.0107620335813771
0.0106235943381195
0.010688469235289
0.0106678294754702
0.0106682561782271
0.0106458392026137
0.0107256195296549
0.0106701180990838
0.0106542148798393
0.0107062347450337
0.0106527695555029
0.0106825733432908
0.0107110111426078
0.0106917119099647
0.0106973643811158
0.0106929691319439
0.0107057606576623
0.0106825604693027
0.0106473124580427
0.0106737606416547
0.0106918463251352
0.0106966254662184
0.0106879336566904
0.0106998534774907
0.0107133680454377
0.010745522301365
0.0106941155505006
0.0106946689733925
0.0106974037129583
0.010691469647918
0.0106834647179867
0.0107056041338715
0.0106332112586039
0.0106720152681362
0.0107364611013467
0.0106316081987205
0.0107548097419675
0.0107308601872163
0.0106788713679911
0.010638157486914
0.0106624217775082
0.0107007155824716
0.0107421512580176
0.0107789155380539
0.010707948818902
0.0106511938556615
0.010655365943483
0.0107122529231957
0.0107483504989918
0.0107608957939895
0.0106782557251232
0.010689272431284
0.010692121653094
0.0106783021566579
0.010710778476081
0.0106938394380255
0.0106779551944522
0.0107603381737763
0.0106670849595929
0.0106850026199923
0.0107214172793019
0.0106899331714462
0.0106598458589051
0.0107374711005632
0.0106981987430644
0.0107311106628396
0.0106715413630389
0.0106650919721779
0.0107255979755801
0.0106725022247271
0.0106553411211748
0.0107096096572728
0.0106923598113055
0.0107637613464204
0.0106719550388287
0.0107233222499662
0.0106413573161944
0.0106878058613587
0.0106939590609498
0.0107320824521417
0.0107291137995707
0.0106897863791938
0.010663480137547
0.01069552309754
0.0107701405564356
0.0107390441614699
0.0106943793398549
0.0107248208152324
0.0107324680795942
0.0107369506351912
0.0106999087674593
0.0107155965936285
0.0107118607516313
0.0107629273847884
0.0107322335549152
0.0106996464838852
0.0107158074553407
0.010702398971516
0.0106884695525289
0.0107245455465665
0.0106970993782572
0.0106212925641451
0.0106381549304089
0.0107515707298224
0.01066607569843
0.0107159599517341
0.01069894839452
0.0106567897602812
0.0106624451677524
0.0107251667225568
0.0106736808890387
0.0107162836142417
0.010702206437473
0.0106828548642968
0.0107363047397856
0.0107569240025734
0.0106703703023418
0.0107128515277535
0.0106852961988232
0.010764408512825
0.0106829662233507
0.0107146007806082
0.0107453806987141
0.0107168517040905
0.0106392641901224
0.010705991428406
0.0106962290482238
0.0106145666434108
0.0106848200355849
0.0106678432588028
0.0106710650029268
0.0106321008165482
0.0106240974829356
0.0106973922111091
0.0107495072216311
0.0107225167612337
0.010716991280798
0.0107252703584432
0.0107670674113136
0.0107565470094524
0.0107084783278381
0.0106909005101048
0.010738130755158
0.0107378518539481
0.0106639271988717
0.0107128490696753
0.0107063170514373
0.010667223812449
0.0106413977758562
0.0106328850658835
0.0107621467903349
0.010731630806429
0.0106867381107876
0.0107258698825035
0.0107556381143968
0.0107296998669416
0.0107065085909785
0.0107169194399764
0.0106914883296708
0.010654821717674
0.0106844484410685
0.0107327726465592
0.0107500827954015
0.0107226440175455
0.0107278234989451
0.0106927606080184
0.0106880762892755
0.0107037853931891
0.0106982912828723
0.0107039543500944
0.0106893353282802
0.0107120394353909
0.0106745772966373
0.0107607176297273
0.0107492929761994
0.0107360992662022
0.0106659337658554
0.0106850930588453
0.0106268622326273
0.0107307364879794
0.0107243882313048
0.0107038895719037
0.0107047534312115
0.0106599332468445
0.0107943429199073
0.0106812051908498
0.0107030050474475
0.0106761305581686
0.0107022248119324
0.0106432451370628
0.0107177422081369
0.0107143413047476
0.0106583291831779
0.0107164695917837
0.010641512251953
0.0106383851051229
0.0106959621218958
0.0107296626809027
0.0106935366643775
0.0107151315600836
0.0107249326297276
0.0106799577556537
0.0106860379469731
0.0107215133215247
0.0107148462732477
0.0106773980715497
0.0107133009482917
0.0106908868347767
0.0107591913952652
0.010712233388146
0.0106588632459494
0.0107627653602669
0.0106581470205378
0.01068108948392
0.0107216259560766
0.0106824008911858
0.0106943366177287
0.0106710439569788
0.0106791719028444
0.0107497729666326
0.0107546416282834
0.0106867961364263
0.0106552712630599
0.0107077614642355
0.0107085869567695
0.0107516352087871
0.0107382246829381
0.0106955281142207
0.0107499229916192
0.0106348187555837
0.010623139482792
0.0107619284242861
0.0108104637827635
0.0107062733367087
0.0107079531368445
0.0107132873878619
0.0106360102867297
0.0107256847069475
0.0107037989561915
0.0106739450622036
0.0106599312384576
0.0106709986265234
0.0106920928494242
0.0107100527434347
0.010683416956665
0.0106788152717733
0.0107126748949295
0.010730563479634
0.010744047208894
0.0106526243904749
0.0107185558950186
0.0106641045219318
0.0107442940165473
0.0106965029498387
0.010719607870234
0.0106908800632396
0.0106727919824704
0.0107653323431018
0.0107091857229491
0.0107031873499017
0.0106528503185575
0.0107218000104273
0.0107455560677338
0.0106858040268869
0.0106807266664819
0.0106336898304591
0.0107422044444819
0.0106979210052121
0.0106795240305831
0.0107635728297302
0.0107464235565094
0.0106684665417156
0.0107162755466908
0.0106980450471579
0.0106917834664062
0.0107485663069381
0.0107124008888862
0.0106572107641325
0.0107136814538425
0.0106748308095703
0.0107538475213831
0.0106538106608308
0.0107025429830553
0.0107176709933941
0.0107256040860781
0.0107214523450106
0.0106244496211056
0.0107595842197326
0.0107546274113005
0.0106841679535827
0.010613682225746
0.0106921370068224
0.0107008990873502
0.010714920716956
0.0106926062417265
0.0107050317536458
0.0106636118644348
0.0106509123943219
0.0106681161979904
0.0106464923515551
0.0106845494327015
0.0107024056087424
0.0107562516580859
0.0107156561185324
0.0107092126604971
0.0106631169725977
0.010726155664577
0.0107126701995287
0.0106726741747396
0.0106516363032603
0.0106488969583694
0.010720252542392
0.0107043484745455
0.0106869091413653
0.0107001043633378
0.0107274697443785
0.0106942525373437
0.0106634318729639
0.0106481866240642
0.0107128353971405
0.0106731450611703
0.0107546502411331
0.010714640199331
0.0107095932667001
0.010725388878426
0.0106925267825138
0.0106689635849747
0.0107082858878582
0.0106715501796068
0.0107148673621598
0.0106922455491002
0.0106909836162026
0.0107343296897808
0.0106907265660805
0.0107008441641794
0.0106916256884265
0.0106915649601617
0.0106362761300977
0.0106841210451458
0.0106848671455671
0.0106506532249057
0.0107036460028175
0.0107026063005261
0.010707477570762
0.0107253591678048
0.0106836778143165
0.0106888414341351
0.0106929045350969
0.0107165684647632
0.0107113641327708
0.0106940487516857
0.0106776902095556
0.0107264901333152
0.0107056647905627
0.0106957558198814
0.0106982577495431
0.0107619794909458
0.0107024339107823
0.0107082285681597
0.0106956226954978
0.0106967847061419
0.0107189241723509
0.0107091545223022
0.0107640486701521
0.0106689261088258
0.0107075155393745
0.010712981150504
0.010664403733522
0.010717588434719
0.0106736712541324
0.0106616590317211
0.01073967795489
0.0106994165467098
0.0106772175197662
0.0106916645171647
0.0107447800889591
0.0106655901374787
0.0106946124982981
0.0106623167303203
0.0106751234711775
0.0106351695693218
0.0107466455873944
0.0106783627540841
0.0107027043461114
0.0107708223961819
0.0107184687540914
0.0107006376654006
0.0107281475737246
0.0107548432523985
0.0107042762682787
0.010681678564738
0.0106652173337759
0.0107116482973829
0.0107635465156041
0.0107013363151502
0.0107487136039322
0.0106750979065444
0.0106813026696121
0.0107123718127889
0.0107299467347033
0.0107485909549786
0.0107191398471429
0.010710460501851
0.0106774493890923
0.0106686117748348
0.0107580220614864
0.0107750722943252
0.010674454322806
0.0106849570421319
0.0106601887112964
0.0106830259802325
0.0107355764236726
0.0107294915446884
0.0107438153239356
0.0107088671085317
0.0107076871515015
0.0106301387387561
0.0106416685396731
0.0106855303657108
0.0106429914359675
0.0106841931431904
0.0107146975312988
0.010751330371891
0.0107381765512812
0.0106481189603467
0.0106696485384755
0.0107142333584125
0.0107431780300238
0.0106666528571563
0.0106960538964815
0.0106851813341364
0.0107282370228641
0.0106642647236627
0.0107062993898561
0.0106692893830884
0.010649004877324
0.0107569741287307
0.0106714220216012
0.0107304670159998
0.010701559064266
0.0107266641718936
0.0106865425848853
0.0107437978407913
0.0107293859522168
0.0107275299513647
0.0107213078142455
0.0106926365973656
0.0106890342245878
0.0107345965425427
0.0107303346766578
0.0106573904990019
0.0107042917221236
0.010706130118498
0.010698124287328
0.0107331526039189
0.0106936298038401
0.0107193588522932
0.0106820420781472
0.0107460570880306
0.0107360551171831
0.0106728827302361
0.0106711923054699
0.010679966676505
0.0106747287539706
0.0107132557913127
0.0107035272026943
0.0107311145609988
0.0107485316301146
0.010680598279431
0.0107014672711334
0.01066925628689
0.0106113161668682
0.0107293242358147
0.0106928568839344
0.0107358866074925
0.010699471225867
0.0106996339939035
0.0107256847831115
0.0106765878587903
0.0107096006940425
0.0106908730309948
0.0107446876515818
0.0106826104590739
0.0107130411062996
0.0107178354416942
0.0107078803989364
0.0107000233719928
0.0107217912811911
0.0107728811501512
0.0107192937372685
0.0107021411535404
0.0107077287701592
0.010707797225301
0.0106895861623325
0.0107024431195518
0.0107010539125751
0.0107454695767601
0.0106558558134889
0.0106913723014163
0.0106290352532437
0.0107028100436049
0.0106804982468291
0.0107162869596825
0.0107360964440983
0.0106676305886171
0.01073437582503
0.0107010506997092
0.0107425696176717
0.0107022186402886
0.0106966501115811
0.0106494697409781
0.0106881455307117
0.0107477940187955
0.0107559439078705
0.0107407100222105
0.010738810280321
0.0107159221900749
0.0107426846326229
0.0106402150608527
0.0106460251755546
0.0107499618383363
0.0106821712459265
0.0106491785248556
0.0106664592162822
0.0107519158935834
0.0106567781790263
0.0107608264491834
0.0107817444000717
0.0106563703301452
0.010666340633409
0.0106483314369486
0.0107029056395349
0.0107134607072655
0.0106932502146676
0.0107172610603299
0.0106512679316816
0.0107173650098639
0.0106907239407782
0.0106891852358081
0.0106890401229268
0.0106885347883051
0.0107284814476129
0.0107432483000469
0.0106580596965915
0.0106710854646529
0.0107015996153763
0.010674080247928
0.0107386630062215
0.0107089688023175
0.0106907264072736
0.0106660024820603
0.0106484262808435
0.0107318210067586
0.0107134378617617
0.0106923780052843
0.0107173131434157
0.0107074407443288
0.0106613610784021
0.0106767662932796
0.0106266687114605
0.0107165021915595
0.010743433410272
0.0106908588875503
0.0107252453088455
0.0107136488513093
0.0107485771714569
0.0106706092809049
0.0106652059584657
0.0106876761306625
0.0107201259531253
0.010716541721195
0.0107128324720552
0.0106765593831447
0.0107376657512906
0.0106957293645946
0.0107713747285235
0.0106927692172303
0.0106787434272513
0.0106972829697809
0.0107106451571838
0.0107441416871511
0.0107044946167298
0.0106875934883433
0.010687121600904
0.0106619878100832
0.0106900501072365
0.0107549357071586
0.0106609783656666
0.0106869455661269
0.0107285994901428
0.0106365067634774
0.0106756887433152
0.0107300694309145
0.010671752948798
0.010713749077749
0.010728707454608
0.0107696777489062
0.0107305691969679
0.0106342498324477
0.0107626529708633
0.0107294782008283
0.010652339778386
0.0107702869318521
0.0106853736209335
0.0107058166935
0.0107175055859362
0.0107206705611127
0.0106851046482778
0.0106981837464226
0.0107114097379043
0.01067740306593
0.0107334239671237
0.0106726067422596
0.0107311054529378
0.0107267491665609
0.0106800685127648
0.0107060550419776
0.0106708175887448
0.0107545076761573
0.0106779263425461
0.0107408234715433
0.0106411844013318
0.0107009059169942
0.0107216795570458
0.0106973688405523
0.0107039695296691
0.0106952012418968
0.0107594648144592
0.0107277168230162
0.010643720984512
0.0106911099996371
0.0106920913533404
0.0106341512391838
0.010688257452413
0.0107075504989508
0.01066310994647
0.0107277161387147
0.0107114844259244
0.0106872827909087
0.0107016336117217
0.0106868960674305
0.0107163633881235
0.010775967180502
0.0106709560866289
0.010694808389247
0.0107119066173502
0.0107029064080905
0.0107577909780306
0.0106436221186835
0.0106619585370883
0.0107194152506812
0.0107364445151377
0.0107455183779406
0.010632740409908
0.0106076402945102
0.0106895491665463
0.0106798173052886
0.0106680838273223
0.0106468698257921
0.0106926088280961
0.0107445811701766
0.0106995969221947
0.0106809003331658
0.0107481100260291
0.0106759581284773
