2945.2938106895035
1837.4726188977615
2456.0887929505784
2302.379335237394
2027.6916714154106
1772.2374183510567
2353.559980695459
3575.0918857579663
2118.675880797987
2092.2462110198107
2823.592318334758
1976.465883990307
1971.039784227745
2603.2904498866683
2180.0479718387287
3155.8224409099957
1708.3986941060452
2015.5013871696992
2086.0936939405087
2407.491970137306
2422.9133062068126
2253.337543247376
2271.8625566688
2575.1846994935263
2792.8362642385955
2463.586057686777
1926.597548129971
1774.7364149084317
2087.353118939961
2120.8231023075055
1999.2072358906807
2069.587230608472
2642.055594576031
2785.391720631246
2395.2910167953505
2241.729616313769
2118.1292796749995
2090.0952354925785
2126.462040228183
2002.8394602562378
1722.5557530694368
1662.8304018409917
2112.353076206315
2735.4894033947667
2716.001758944054
2344.095847372728
2080.5764395572087
1840.3819688262931
2252.8118220624847
2589.3255732931343
2758.045284260784
2339.0333276866004
1934.1177920727687
1871.0074144320276
2126.0625812032513
2269.675919855848
2269.1818914623946
2526.5380636319805
2874.0253337482022
2704.1679094085544
2258.6479703382797
2089.8986973354845
2159.5487578137613
2321.0504108175073
2694.06466253093
2111.924261242948
1861.5373812027135
1955.8484626375953
2592.0588739816862
1849.4278005148415
2728.377792940428
2759.466881223187
2204.3144564569943
1769.0404866901968
2393.6487306227145
2293.558751519892
2531.45088364842
2811.6381098299435
2155.0417871117475
2048.0091162242993
1928.1148839907814
1771.7373898260455
2700.573561015777
2070.106964705545
2127.9120073175677
1942.8799860517859
2616.3777710643562
2086.162174851652
2359.6973537120784
1926.5740866106678
2764.16610489737
2090.5387515454877
2077.9435073396808
1724.6612573628136
2931.4769347995234
3090.8726191537103
3226.8968892738376
2763.5266448628245
2765.837373938708
3162.8417077208624
2602.9153030006964
2216.1550696738605
2560.712247158799
2925.387197196821
2602.486491690263
2312.107915458868
2313.586602756339
2805.4664713441816
3026.130817446785
2276.7641026636034
3546.277536760667
2510.213069266255
2974.841331945988
2374.382401114476
2261.125236169714
2259.503441516715
2126.350750206506
3034.747434460054
2610.239758835611
2722.5379389631535
2662.3176385113975
2419.8886984465385
2421.833657351437
2824.891238033375
2371.9984409213093
3007.356850352269
2919.774952205984
3133.1598504557796
2793.704681462562
2926.6620763957735
3094.236490595663
2054.8774438712253
2462.0643398839075
2217.4213675838446
2795.647188161228
2267.6762121879174
2052.670959767496
2519.92414253949
2252.9020553171754
2197.022352588387
2702.034864847816
3566.130763031534
3071.621557750255
3264.475949469864
2004.0573570192098
2286.942647228915
2558.9873194417783
1883.915253558346
2796.369554886277
2675.2422432528406
2659.3792895454308
1933.48193070203
2286.4016760340583
2864.110987427938
2676.175611946197
2687.4790531662907
2476.300375218487
3079.3935190212296
2527.9830802910474
2591.568581315063
2028.885681412294
1975.6979062518176
2199.9288894492606
2573.4395443970147
2644.0932231815686
2620.5686916527516
2834.420200376748
2188.363434122873
1746.8718516937565
1890.2047968038287
1898.435330887214
2206.376889827966
2055.3263554809296
2939.64497961499
3137.136650873677
2760.1717717786278
2103.32244484704
3198.438801533035
2642.267483738811
2951.1284222191343
2131.5057315718395
2337.5179533432056
3151.962911805112
3113.8050766688016
2520.007051614663
2840.5182096266594
2905.9644996238735
2527.361132247369
2896.893843424222
2364.331622847361
