0.0108476794310136
0.0107661504668248
0.0107757817145293
0.0107755611252135
0.0108060885157035
0.0107916437677531
0.0107831116537283
0.0107920407120141
0.0108354223278085
0.010830479069064
0.0108232426167176
0.0108129630048011
0.0107793721082656
0.0107896122194737
0.0107997668816993
0.0107897821444551
0.0107971871697829
0.0107957181153814
0.010814723205702
0.0108813152436588
0.0108233039244583
0.0108620074531093
0.0107842593778339
0.0107623897037856
0.010798490664458
0.0108326635707931
0.0108579579338063
0.0108453114503617
0.0107947961510548
0.0107852735144118
0.0108502547294484
0.0108027540074184
0.0107859114327494
0.0107620279391074
0.0108277731476871
0.0107938690002154
0.0107811914446267
0.0108056444358029
0.0108140954009921
0.0107966569735061
0.0107917386945996
0.0108104312207138
0.0108013326378496
0.0108603899454764
0.0107817140222942
0.0108229091237667
0.0108310332368669
0.0107864090401974
0.010847605908333
0.0107880885561549
0.0108173765612391
0.0107907849080377
0.010870617871382
0.0108140622508163
0.0108159542596948
0.0108082481488071
0.0108254603190566
0.0108212096993144
0.0108480527922013
0.0107949720308858
0.0108332771160723
0.010826508488156
0.0107955706232879
0.0108676659090306
0.0108325421427697
0.0107981691450065
0.0108195488473944
0.0108191167819799
0.0108794282086177
0.0108391364795153
0.010846892800571
0.0108235930673539
0.0108144810028925
0.0107824330547783
0.0108523790095751
0.0108043582726453
0.0108346746286132
0.0108252173403537
0.0108171467336977
0.0108312231336919
0.0108191866745345
0.0108081868410929
0.0108410588974956
0.0108404670880754
0.0107986838744892
0.0108400155881622
0.0107662008259518
0.0108419400419998
0.0108090221171204
0.0108352916648127
0.0108291753487688
0.010789407319055
0.0107731238923993
0.0108453414556525
0.0108218774243267
0.0107910454336924
0.0108315512303733
0.0108391601078934
0.0108515802232669
0.0108024852910549
0.0108204652835417
0.0107964618981742
0.0108373318382551
0.0108101831291831
0.0108333692981188
0.0107690317246043
0.0108086831243365
0.0108492082111365
0.0108037025185312
0.0108025885424381
0.0108021620085925
0.0107852941667476
0.0108395299610602
0.0107704022730494
0.0107824144941706
0.0107860096511508
0.0107937556826953
0.0108365425401616
0.010814536513995
0.0108334627709692
0.0109004134607897
0.0108149784111852
0.0107885950976485
0.0108003295034817
0.0108011075536668
0.0107857341915581
0.0108216333345151
0.0108389773129349
0.0108211021679185
0.0107648255246148
0.0108072016513478
0.0108565571927422
0.0107738600471049
0.0108488787173138
0.0108038470985154
0.0107613427482743
0.0108227534590445
0.0108827360130449
0.0107862823771447
0.010790408535288
0.0108383860379609
0.0107939997660899
0.0108203113379879
0.0108259448083992
0.0108322372174351
0.0107892384628083
0.0108352055481074
0.0108051246821167
0.0107624672285419
0.0107929749764071
0.0108210791024887
0.0107738670572506
0.0108423115949752
0.0108090898942831
0.0108177239428512
0.0107972499130095
0.0108152969612304
0.0107668941495804
0.0108281645511618
0.0108111298185002
0.0107963496010087
0.0108227172062402
0.0108402709769803
0.010844938305643
0.010790284010891
0.0108181825314501
0.0108009053555866
0.0107677874457824
0.0107710835572201
0.0108290302305502
0.0107727468653774
0.0108109376199374
0.0108060774413525
0.0108178340768864
0.0108483410875133
0.0108291548774712
0.0108189137923075
0.0107882427468781
0.0107946322607074
0.0108345698207286
0.0108021623729189
0.0107951232801366
0.0108691880810956
0.0108237794486949
0.0108036743279457
0.0108265548129946
0.0108434141944766
0.0108308141451935
0.0108593567575776
0.0108306319550349
0.0108353292799076
0.0108237854958218
0.0108276481579406
0.0108396172132802
0.0108420904395162
0.0107992927065597
0.0107769858798284
0.0108070658700155
0.0108145955353328
0.0107812443048723
0.0108604899381813
0.0108064048691677
0.0107823555245137
0.010825107627687
0.0108410083421373
0.0107867084586724
0.0107811798618166
0.0108057696378311
0.0107967391328864
0.0107891406345835
0.0108837368819768
0.010826738062371
0.0108297555201027
0.0107936380026209
0.0107875650167498
0.0108420597604439
0.0108138581518417
0.0107907913559244
0.0107931904122303
0.0108785274327933
0.0108248273397182
0.010835220016417
0.0107865529603507
0.0108248689295536
0.0108572544474048
0.0108220551791431
0.0108473529609648
0.010830754248312
0.0108125329175744
0.010851688293614
0.0108154499174995
0.0108146906208734
0.0107701515274435
0.0107895846627463
0.0107968047364931
0.0108474760670567
0.0108427001974584
0.0108533809074676
0.0108227601922591
0.0108407855916966
0.0107727722301597
0.0108473340266605
0.0108272648381172
0.0107853924852497
0.0107856546350788
0.0108439770082536
0.0107678365505322
0.0108108826631735
0.010819411247555
0.0108131414711655
0.010834827087581
0.0108314020993726
0.0108504954483506
0.0107732203753148
0.0108525831781696
0.010837699479618
0.0108422598898315
0.0107973756388444
0.0107727588090531
0.0107890014843115
0.0107788923441725
0.0107887370458909
0.0108163740164853
0.0107815867138296
0.0108077119247857
0.0108458350183768
0.0107640234650526
0.0107824870643714
0.0107867417761571
0.0108863591815114
0.010841520174836
0.0107919274364347
0.0107918916795923
0.0108027121154404
0.0108174750162848
0.0107868608641549
0.0108522459862618
0.0108449894084418
0.0108159007573005
0.0107886836391282
0.010784317247815
0.0107836824822015
0.0108166066736629
0.0107849497974205
0.010825975048158
0.0108536412047062
0.0107997074143318
0.0108064137289829
0.0108429346456909
0.0107895997986036
0.0108429710499475
0.0108172784093976
0.0108025318586662
0.010823237128267
0.0107853067058439
0.0108520671976368
0.0108221691132345
0.0108636721728722
0.0108053615564275
0.0108531566573463
0.010807068591247
0.0108211808583188
0.0108050590709381
0.0108226953494456
0.0108312483515902
0.0108173360027741
0.0108119904908835
0.0108110581037466
0.0108431299279058
0.0108309506272212
0.0108878016953835
0.0108416405660381
0.0108189133199498
0.0107905275807572
0.0108471055154607
0.0107938355788916
0.0108437923033005
0.0108562570363182
0.0108196021295701
0.0108346402161672
0.0108264898034495
0.0107964635435127
0.0108237490447611
0.0108088413577301
0.0108325414475893
0.0108456302754151
0.0108357705531366
0.0108150030308031
0.0108065370538582
0.010774277932532
0.0108104011603962
0.0107955516547491
0.0108316456672628
0.0108255343298506
0.0107645029019416
0.0108070843407953
0.010783935258281
0.0108685927587027
0.010820217319038
0.0108384403746936
0.0108107723194431
0.0108567430325001
0.0108238283089983
0.0107790379222837
0.0108527698553109
0.0107932810050775
0.010804194706039
0.0107863723624334
0.0108234356874385
0.0108261482883824
0.0108097738275118
0.0108339214017765
0.0108403992456694
0.0108454886882111
0.0108300883694501
0.0108721966199443
0.0108062755266997
0.0108289013222392
0.0108383978023103
0.0108150643234225
0.0107996059075677
0.0107947168818104
0.0108111297594725
0.0108271157905755
0.0108345930090482
0.010785847040308
0.0108113449759811
0.0108176458447701
0.0108147890974581
0.0108153113265119
0.010867797907819
0.0108173000933473
0.0107828610399371
0.0107745046479937
0.0108087207033818
0.0108092451439538
0.0108215046466389
0.0108056313812101
0.0108072058417127
0.0108499090277512
0.0108182726337904
0.0108283304751965
0.0107621599463729
0.0108126839791548
0.0108222532720613
0.0108229930613064
0.0108392112934485
0.0108264803964557
0.0107678553969207
0.0108382007713155
0.0108187181488302
0.0108839930809517
0.0107784993095203
0.0108713798165467
0.0108214417265741
0.0107934005649237
0.0107926584306376
0.0108403320721077
0.0107852637242238
0.0107707139893863
0.0108007495588463
0.010796365591843
0.0108506018242942
0.0107973958699852
0.0108065140808602
0.0108077822300818
0.0108043481071481
0.0108017693766868
0.0108306037289511
0.0108018424276118
0.0108339116982328
0.0108018356550208
0.0108336989124278
0.010836785121303
0.0108104311680107
0.0107839072654098
0.0108203335214075
0.010853858013462
0.010809421932137
0.010783459954955
0.0108102811632391
0.0107867112892769
0.0108395300107718
0.0108481893540462
0.0107982409456206
0.0107989356783378
0.0107709216224718
0.0108214172728882
0.0107988838188707
0.0108173010616617
0.0108239957178961
0.0108585473185405
0.0108232411615142
0.0108120482920035
0.0108216516044014
0.0108099830896719
0.010824430374145
0.0107819151199152
0.01080826140359
0.0108431435390141
0.010795369437285
0.0108333053584684
0.0108759192144731
0.010793838825409
0.0108544114893235
0.0108345755261917
0.0108175500681975
0.0108364058787695
0.0107983726409001
0.0107887222296667
0.0108354197494972
0.0108547829867042
0.0107854281247288
0.0108419648754707
0.0107885643982249
0.0108010036311108
0.0107939471939576
0.0108492678909227
0.0108590913863596
0.0108623497299156
0.0107996169180566
0.0108478259197677
0.0107933383954145
0.0108272611873638
0.0108101221595089
0.0108042217487498
0.0108231828920421
0.0108121875145239
0.0108448112839184
0.0108318412447578
0.0108563137056181
0.010805225462621
0.0108380662273401
0.0108053624472503
0.0108140372403764
0.0108141590676976
0.0108443333771844
0.0108320090115817
0.0107965758902705
0.0108439346997904
0.0108177940384188
0.0108270088357603
0.0107973660233723
0.010834680643497
0.010824763636562
0.0108525533667145
0.0107961974646819
0.0108259747592638
0.0108401970518077
0.0108205710340931
0.0108455023897856
0.0108130818579129
0.0108095749913565
0.0108324925019257
0.0108199213772312
0.0108068326423185
0.0108163980667057
0.0107708645738102
0.0108133642172493
0.0108357546297994
0.0108446295800346
0.0108158377500091
0.0107778483066984
0.0108199649678347
0.0108438308539457
0.0108277069598221
0.0108267974375095
0.0108002914703897
0.0108185180957207
0.0108112963371728
0.0108464029776909
0.0108281585545102
0.010825594614809
0.0107608035784046
0.01077224310182
0.0107971351177354
0.0108306851810835
0.0108784024926187
0.0108622541825309
0.0108388125777804
0.0108338069614248
0.0107477053867746
0.0107978874180009
0.0107897295501195
0.0108285105714031
0.0108044039992509
0.0108486521953985
0.0108276297272931
0.0108326567932139
0.0108120313716177
0.010830993145529
0.0107788620057486
0.0107950224638717
0.0108041642025087
0.0108528968384381
0.0108408436843031
0.0108197442681882
0.010842392513909
0.0107662744704494
0.0108447252322256
0.0108152510769342
0.0108668266427857
0.0108289509318611
0.0108258563673847
0.0108301196986953
0.0107892680440237
0.0107952860785823
0.0107887920917295
0.010845427371516
0.0108422044885387
0.0108366770947411
0.0108275995118968
0.0107784585055786
0.0108170039127183
0.0108109747077373
0.010788791336214
0.0108595301649812
0.0108025829807643
0.0108273954034785
0.0108159389829521
0.0108045441752855
0.0108519372496479
0.0108077254385924
0.0108186972407894
0.0108445603689413
0.010815014835862
0.0107957338589989
0.0108633834648875
0.010821920941779
0.0107738186386046
0.0107825484749018
0.0108331034671691
0.0107895638249356
0.0107801985698394
0.0108103133105247
0.0108185045735001
0.0108460403962294
0.0108117061201913
0.0108229649796435
0.0108295168155654
0.0107830421077459
0.0108106396042974
0.0108399223504686
0.0108588035932194
0.0108202940782421
0.0108061140517404
0.0108286269978999
0.010833378551851
0.010800666589947
0.010856976999116
0.0108024823921866
0.0108096568988789
0.0108632287183286
0.0108223046607088
0.0108724553850819
0.0108101592140269
0.0108424008315177
0.0108585252062191
0.0107916613881939
0.0108340530632777
0.0108539151148681
0.0107711547675407
0.0108352485273865
0.0108145572662217
0.0108569519481766
0.0108345848533131
0.010837900401268
0.0107602252114179
0.0107901834274646
0.0107948675455301
0.0108267903025307
0.0108097031331564
0.0108482234308522
0.0108082277289755
0.0108262047358237
0.0107559296472103
0.0107925666138238
0.010839177318798
0.0107770229449543
0.0108277767995681
0.0107906016901106
0.0107825489768385
0.0108623125060583
0.0108108562131061
0.0108001973153397
0.0107966859805591
0.0108458083282633
0.0108129580627694
0.0108122866864995
0.0108265755857232
0.0108089926546335
0.0108178485453249
0.0108227910671762
0.0107791095265543
0.0108305617472331
0.0108542506866951
0.0108412784126919
0.0108277551840692
0.0108156026035027
0.0108222804959093
0.0108111757829986
0.0108030998514326
0.0108100526482029
0.0107973476090536
0.010792715288064
0.0108453195042352
0.0108452457272502
0.0108638250644372
0.010824840220318
0.010824881896821
0.0107702601740129
0.0108279025953373
0.0108125513653326
0.0108337523845458
0.0108568329077085
0.0107852065002579
0.0108035825196043
0.0108094548389479
0.0107772044239441
0.0107991941073711
0.0108256125875848
0.0108678464426986
0.0107793160692932
0.0107875982553908
0.0108357909866936
0.0108583746296524
0.0108091537770788
0.0107901387613642
0.0108337005059673
0.010841948273801
0.0108327335585422
0.0108380604238329
0.0108311882305052
0.0108109059216901
0.0108372111970205
0.010761093233362
0.0108409722450196
0.0108038827540084
0.01083847210285
0.0108222325648807
0.0107259803204551
0.0108346513359037
0.0107914787486592
0.0108838046827035
0.0108319995665272
0.0108224975775474
0.0108151786304788
0.010804808937711
0.0107953409579114
0.0108628627062696
0.010811128974315
0.0108410929587538
0.0108424467604604
0.0107948624230539
0.0107810019590823
0.0108097881511131
0.0108780276394612
0.0108118373964237
0.0108337939354031
0.0108439590238356
0.0108623432857715
0.0108377621241858
0.0107743382311311
0.010815699809292
0.01080598694158
0.0108065906264095
0.0107906878695903
0.0108225163753548
0.0107740736861545
0.0107885168959542
0.010822480552756
0.0107952258380185
0.0108252340364872
0.0107852884485306
0.0107709171432625
0.0108124993583741
0.0108322019919817
0.0108510275468779
0.0108114197514023
0.0108230175259357
0.0108751207758992
0.0108461664647676
0.0108624244567202
0.0107873088640454
0.010845673024951
0.0108753138684629
0.0107991288944051
0.0108383941773615
0.0108420231781231
0.0108128356676411
0.0108427391096898
0.0107999335843548
0.0107755237577446
0.0108165450248529
0.0107923798751208
0.0108221617201044
0.0108059392006419
0.0108286277700539
0.0107872445463087
0.0107880792446766
0.0107998345861717
0.0107698466501642
0.0108863846439366
0.0108461722389897
0.0108585543762657
0.0108004893556565
0.0108284243503616
0.0108939733592094
0.0107781004819444
0.0108055770254891
0.0108338574103245
0.0108073403089263
0.0108059673834607
0.0108124451440184
0.0107829394760885
0.0108108231133992
0.0107987981485888
0.0108272044061058
0.0108087415054546
0.0108142761661385
0.0108033668522689
0.0108025576942423
0.0108184318260535
0.0107895047832661
0.0107668395292454
0.0108388300700573
0.0107930397502381
0.0108633446543934
0.0108733015152823
0.010822669642073
0.0108423159902112
0.0108061086494986
0.0108521516363557
0.01084842321787
0.010802419117076
0.0107399325926081
0.01080495713312
0.0108027687391724
0.0107807826116768
0.0107992331513224
0.0108674689731667
0.010803966004173
0.010835537668984
0.0108494930314075
0.010815953657155
0.0107670003561834
0.0107793369620526
0.0108209777489817
0.0108335831495381
0.0107853955318162
0.0107956602608683
0.0108306065182714
0.0108652933222502
0.0107901468117103
0.0108007874649069
0.0107635812592145
0.0107930648981029
0.0107905921939976
0.0108183951793645
0.0107826358235268
0.0107909605082103
0.010800516269163
0.0107646252384135
0.0108099180898279
0.0108359939769546
0.0108250500678782
0.0107993434220398
0.0108564288322911
0.0108148502323531
0.0107642944422129
0.0108239754545918
0.010835981385458
0.0108614284902604
0.0108190008316284
0.0108075063492418
0.0107983966923796
0.0107932241542422
0.0108037542561687
0.0107963456983055
0.0107913111618376
0.0108195776106619
0.0108575455460962
0.0108279939418063
0.0108385583125096
0.0108030784172879
0.0108212006078183
0.0108620127890907
0.0107906518991601
0.0107894516676519
0.010796471313956
0.0108119572816759
0.0108478380618902
0.0107606224925683
0.0107986783310031
0.0108060967424863
0.0107831926717562
0.0107977284903663
0.010789171148114
0.0108637229527484
0.0108603893048473
0.0108386766650838
0.0107893017930631
0.010817951508432
0.0108040369356865
0.0108786983142577
0.0108158991032187
0.0108057869580062
0.0108199401883869
0.0107911571253047
0.0108449006277203
0.0108465980200696
0.0108102651925931
0.0108292302510033
0.0108073860329503
0.0108557356860461
0.010801841834238
0.0108144559917599
0.0108086201756692
0.0108154561032242
0.0108166448142948
0.0107983365610103
0.0108122706484574
0.0107978576450499
0.0107967704308454
0.0107874001995819
0.0107894215667901
0.0108011757005935
0.0108778806010107
0.0107875725680592
0.0108070118953432
0.0108668859014093
0.0108113989773034
0.010824375536855
0.0108324514136636
0.0107911819432776
0.0107925301094611
0.0107568995630717
0.0108348837515928
0.0108083189104915
0.0107851790841616
0.0107925596042205
0.0107896141667391
0.0107865424210036
0.010811828587456
0.0107938537842007
0.010867743767095
0.0108474816919009
0.0108052664052911
0.0108478925468527
0.0108056792429828
0.0108200536479593
0.0107710393456441
0.0108279980465839
0.0108281721300524
0.0108138434492784
0.0108343605531959
0.0108540431811991
0.0108392811275987
0.0108496517502148
0.0108340305499202
0.0108404153857951
0.0107947482332428
0.0108263307219769
0.0108226677695572
0.0107967697552346
0.0108122736635872
0.0107980085754034
0.0108066983570366
0.0108324746410627
0.0107821075181918
0.0108483768631939
0.0108509139075228
0.0108262976347914
0.0108833830681276
0.0107860403698067
0.0108159410845306
0.0108467892077167
0.0108377829228437
0.0108054404786348
0.0107961792855285
0.0107958892144204
0.0108579753664903
0.0107867487200769
0.0108449046794669
0.0107782735040272
0.0108241928989574
0.0108146956770355
0.0107886580391579
0.0107742775144646
0.0107831249327151
0.010803256608255
0.0108144793661798
0.0108583529800658
0.0108103304466738
0.0108306643689628
0.0107795975219671
0.010823168941355
0.0108296861371904
0.0108386238647361
0.0108386051129437
0.0107851804400585
0.0108515425336728
0.0107761142985766
0.0108060852399706
0.01079745361852
0.0108428219686504
0.0108468820654949
0.0107903983757059
0.0108068603470997
0.0108463284032613
0.0108151238638022
0.0108014938907006
0.0108403205442318
0.0107883263727143
0.0108311299434338
0.0108160108852839
0.0107889682440477
0.010807850864697
0.0108172226080428
0.0108448206888549
0.0108533485310075
0.0108341927798795
0.010811466195714
0.0108313828218548
0.010813254020395
0.010855176479833
0.0108030818919607
0.0108381676231703
0.0108010447906031
0.0108242360522002
0.0107974182426622
0.0107631814208168
0.0107840826603498
0.0108478082551987
0.0108061480805815
0.0108156137036043
0.0108289252876659
0.010827436391415
0.0108254301207496
0.0108366123209939
0.0107963877766118
0.0107650597234537
0.010795858473079
0.0108093458329895
0.0108128995823613
0.0108189671608263
0.0108002241405309
0.010770008028094
0.010851159411098
0.0108244770516132
0.0107847576766418
0.0107964624927029
0.0107870283735537
0.0108748520792196
0.0108415753557233
0.0108061813705709
0.0108183284209905
0.0107664747142841
0.0108285075191342
0.0108076881519587
0.0108528798926654
0.0108276854306876
0.0107904196552721
0.0108548675580898
0.010822833329902
0.0108600775622123
0.0108081357711813
0.0108488760264628
0.010813944264011
0.0108204534917673
0.0108644751599972
0.0108115643358519
0.0108264519251147
0.010769981015585
0.0107800735736744
0.0108268307959146
0.0108167108432927
0.0108379540848988
0.010803191218311
0.0108024208807068
0.0108195037772898
0.0107659617555466
0.0107461083897561
0.0108522667920941
0.0107649429316088
0.0108463832218556
0.0108427925889258
0.0108462454118168
0.0108503019594518
0.0107838706580147
0.0108312395035307
0.0108094338109023
0.0108052027366899
0.0107837972096646
0.0108422590025641
0.0108431645539084
0.0107707391141831
0.010815047524736
0.0107883521053517
0.0108575261837403
0.010818928533679
0.0108397352465784
0.010815174776118
0.0108330647395292
0.0108099493284452
0.0108105335346487
0.0107965186316909
0.0107644706241388
0.0108406756600246
0.0108315540248807
0.0107812649035215
0.0108188418591829
0.0108221927754882
0.0108094952725584
0.0107753160339841
0.0108382338799615
0.0108187400379202
0.0108496843153711
0.0107710700556013
0.0108272450879387
0.0108364392941601
0.010858323420575
0.0108018936002313
0.0108254077248683
0.0107951508285406
0.0108079089355583
0.0108040263998726
0.0107790187983136
0.0108260160325765
0.010851401241072
0.0108329260386666
0.0108384182095002
0.0108207426250554
0.0107924381767927
0.0108397078659992
0.0107992642364136
0.0107992831219985
0.0108262242664344
0.0108349488240039
0.010812852916882
0.0108302723364202
0.010804643531572
0.0108429564294268
0.0108020834305212
0.0107805585383904
0.0107435913055118
0.0108342240756364
0.0107763771264916
0.0108093230834042
0.010794290530229
0.010848976177486
0.0108076627768075
0.0107964654855378
0.010829590409828
0.0107872241369122
0.0108371558353119
0.0108232998504677
0.0108261068207988
0.010842300766347
0.0107975360954397
0.0108773257089045
0.0108107924840424
0.0107789007731455
0.0108323961108003
0.0108272598809661
0.0108533745886239
0.0107996760240213
0.0107695931809317
0.0108570166812451
0.0108015763024808
0.0108030386142154
0.0107643300144678
0.010830302179084
0.0108006401354881
0.0108292476388399
0.0108360777974325
0.0108383528211463
0.0108151962396452
0.0108177422956694
0.0108286519332418
0.0107890380163725
0.0108291444006873
0.0108414983383868
0.0108234464879749
0.0107891975496239
0.010819224747385
0.0107523058272817
0.0108303600402811
0.0108039966429199
0.0108104169098746
0.0108274144664211
0.0108075171074676
0.010816712560878
0.0107965735971057
0.0108017113435928
0.0108059106678291
0.0108111976864904
0.0108187346635981
0.0107903914164979
0.0108006262202353
0.0108153345759877
0.0108469484218908
0.010805596625421
0.0108027763251479
0.0107844075651923
0.0108059103753625
0.0107995107100178
0.0108714770110817
0.0108138452241951
0.0107749913423836
0.0108129538549266
0.0108801072591852
0.0108063443091469
0.0108327786203798
0.0108298580440725
0.0107923411810705
0.0108357766376098
0.0107924375710869
0.0108348299239413
0.0107117673071195
0.0108414056763185
0.0108168851167996
0.0108446378583181
0.0108415691762233
0.0108274639237823
0.0107855747814852
0.0108141183447486
0.0107976281236937
0.0108613665938612
0.0108470639074419
0.0107827324545014
0.0107786242160834
0.0107988226441097
0.0108338156579153
0.0108506109184843
0.0108383851287038
0.0108257724526423
0.0108404736264362
0.0108393921450525
0.010816869620071
0.0108534212824663
0.010784107958764
0.0108251966814673
0.0108114187463365
0.0108308691842818
0.0108117396127167
0.0108363661140285
0.0108220065351725
0.0108105398282912
0.0108349970209471
0.0108163477118965
0.0108373644918336
0.0108229974285784
0.0108084230348485
0.010793923679062
0.0108728204582607
0.0108128720858481
0.0108375200251608
0.0108054754734909
0.010816108878093
0.010817264359651
0.0108064832659728
0.0108214087396829
0.0108428048254308
0.0108194048399172
0.0108419993777552
0.0108162276097233
0.0107967616557136
0.0108290573494037
0.0108536554516974
0.0108256012050681
0.010795487897795
0.0108120834112145
0.0107307891681224
0.0108393857487423
0.0108224035995677
0.0107707023629284
0.0108256910671634
0.0107843953136855
0.0108336744764699
0.0108246116936128
0.0107811546183938
0.0108464586488205
0.0108186839023902
0.0107886617541959
0.010854078284614
0.0107832234994523
0.0108582667292067
0.010806896502819
0.0107988166355407
0.0107785701459558
0.0107775878039854
0.0108531439329132
0.0108128814394876
0.0108149047012332
0.0108148653611696
0.0108172418995554
0.0108083388824317
0.0108017981498342
0.0108135916063368
0.0107989493796382
0.0108511746066149
0.0107701289768048
0.0108028009209122
0.0108514401818737
0.0108300331539948
0.0108139575875182
0.010795573984951
0.010835784588276
0.0108052761642883
0.0108078787587139
0.0108274638017608
0.0107896482357877
0.010816447774852
0.0108413349164036
0.010853762506646
0.0108092617540274
0.0108075910921918
0.0108276028508513
0.0108284132387302
0.0108234679609403
0.0107876445948715
0.0107920243894219
0.0108100372857896
0.0108191586572814
0.0108006931402466
0.0108469747664135
0.0108438471659122
0.0108072226492622
0.0108078604111221
0.0108334252650763
0.0108030122632309
0.0107927047729104
0.0108453812502458
0.0108062085191368
0.0108439167140598
0.0107681198552953
0.0108305821690404
0.0107944417031141
0.0108325485744613
0.0108118554487268
0.0108228482650555
0.0107847258373894
0.0108280438907268
0.0108231348618916
0.0108684490069886
0.0108567599515129
0.0107978550811622
0.0108480824102594
0.0108092934550651
0.0108532231498588
0.0108272501092181
0.0107913344140412
0.010810004632604
0.0107715119239225
0.0108092268307562
0.0108331608753899
0.0108346778491187
0.0108517234940931
0.010837806515092
0.0108073134862243
0.0108175457227564
0.0107887498224439
0.0108194012190803
0.0108527616129255
0.0108104879895948
0.010836241331761
0.0108159940806215
0.0108006565287845
0.0108021067756997
0.0107659081000638
0.0108098034678913
0.0108009240964707
0.0108357533593825
0.0108541423028873
0.0107958251330946
0.0107925019749256
0.0107994082521362
0.0108339014488053
0.0107997079240898
0.0108375492895199
0.0107821301193505
0.0107969026806555
0.0108433156917634
0.0108509832513612
0.0108119803996853
0.0107987706077029
0.0108035145256685
0.0108763165221867
0.0107931546227517
0.0108604803038927
0.0107856130619606
0.0108158105848235
0.0107765994391701
0.0107914036710401
0.0107967086285761
0.0108456352806645
0.0108148216426927
0.0108196838535534
0.0107827796600754
0.0108205103397265
0.0108059331025521
0.0108466672780508
0.0107907145392762
0.0108338809564218
0.010836804384892
0.010814012330853
0.01081370139012
0.0107944187429988
0.0108111231208295
0.0108290444856011
0.0108867862723453
0.0108384724287183
0.0108634875045487
0.0108037007481617
0.0108214401245732
0.0108221866556135
0.0107894322062313
0.0108919838154473
0.0108270821694289
0.0108353349487589
0.0108085009265511
0.0107923307878328
0.0108369919787262
0.0108079929061763
0.0108084665565666
0.0108355265205261
0.0108365109128159
0.0107764092516886
0.0108032204809516
0.0108163348268317
0.0108017017667689
0.0108537821104882
0.0108600860587896
0.0108363014725776
0.0107702110736446
0.0107980970944863
0.0108099879449981
0.0108285571609805
0.0108020860800013
0.0108474530383521
0.0108478961667438
0.0108310474972502
0.0107978773063641
0.0108143347515661
0.0107905835428434
0.0108520271442137
0.0108385060711213
0.0108388700863408
0.0108241912642448
0.0107529179538774
0.0108499382244294
0.0108616688976648
0.0108333388751806
0.0108463887241492
0.0108412961451146
0.0108288580605615
0.0108566163489042
0.0108027301452222
0.0108246914182058
0.0108083794878231
0.0108145939709328
0.0107583548805766
0.0108351731615754
0.0108578554814514
0.0108061106029287
0.0108493487334277
0.0107980884568508
0.0108081537526588
0.0108081821544448
0.0108236949293355
0.0107970449159995
0.0108250255887922
0.010834168249454
0.0107972823275388
0.0108330653762498
0.0108050897430214
0.010871819178213
0.0108363583898587
0.0108078079679866
0.0108224760282477
0.0108474320963666
0.010794960872159
0.0108148373581998
0.0108515657476705
0.0107960060011072
0.0108059324143386
0.0108074101727539
0.0107804955213432
0.0108012594321418
0.0108643827501833
0.0107915454065077
0.0108087222009279
0.010820226955907
0.0108414565730048
0.0108243260454568
0.0108162336273996
0.0107943538988029
0.0108237135020516
0.0108081629640837
0.0107888056243178
0.0107881693859483
0.0108160771118487
0.010780653321092
0.0108439484865492
0.0108017427527453
0.0108167377008699
0.0107820362218616
0.010851709331564
0.0108228979951478
0.0107798886644005
0.0108682057341626
0.0108222401736565
0.0108103947758455
0.0107886199038871
0.0108238828245316
0.0108011341975015
0.0108571798211405
0.0108260217180223
0.0108416640157579
0.0107824343459515
0.0107888818540442
0.0108399539524145
0.0108462857309165
0.0108181591943893
0.0108233427306346
0.0108209102165499
0.0107894115380985
0.0108271263080691
0.0108348451098529
0.0107899042138922
0.010845097894018
0.0108471319225382
0.0107808278065582
0.0107961424862727
0.0108320844267414
0.0108524966336228
0.0108244886658873
0.0108295913566764
0.0107813527795244
0.0107832613066019
0.0107782348201852
0.0108591671959506
0.0108099349732494
0.010832553793892
0.0108276857119297
0.0108247084728288
0.010784211860201
0.0108086844483684
0.010813933338217
0.0108037443087557
0.0108711210702387
0.0108218057695266
0.0108308546562451
0.0108230249211133
0.0108322203998013
0.010826182692736
0.0108564882470724
0.0107950149561461
0.0108117694666012
0.0108075402393348
0.0107958771863286
0.0107909301369543
0.0108133928738394
0.0108051929745329
0.010819618267383
0.0107870145167516
0.0108382561792108
0.0108170715000989
0.0108576379304773
0.010828978230446
0.0108154800708409
0.0107744864458387
0.0108515596679958
0.0108284237705083
0.0108215858355869
0.0108005690766333
0.0108329083951228
0.0108633868699295
0.0108094616413767
0.0108244847028322
0.0108316919883686
0.0107727811724451
0.0108160175135319
0.0108752474094574
0.0108377887784943
0.0107986224277414
0.0108213253519882
0.0107563755593772
0.0107816091532898
0.0108209544900407
0.0108297799955256
0.0108354429341099
0.0108189618746066
0.0107749534284268
0.0108457034753593
0.0107868320863017
0.0108280965907483
0.0108272868794328
0.0108156550164983
0.0107897148992332
0.0108457380230974
0.0108243388975233
0.0107744095845442
0.0108388721579338
0.0108154277796402
0.0107869381945211
0.0108366024033796
0.0108382270323034
0.0107997230134586
0.0108379373102744
0.0108057291111186
0.0108210794266617
0.0108382605715464
0.0108292454796967
0.0107937792851175
0.010862440997947
0.0107749119466808
0.0108260732932643
0.0108108075358113
0.0108385594698035
0.010803860772249
0.0108661295398034
0.0108000678178648
0.0108284421595599
0.0108203934330518
0.0108802774603657
0.0108461831474107
0.0108475954176953
0.0108129939898377
0.0108298441088265
0.0108230399295158
0.0108429046560752
0.0108149299192691
0.0107904325227327
0.0107944771241956
0.0108133299879113
0.0108109123005099
0.0108401449768302
0.0108076247055198
0.0108086835697967
0.0108213880086577
0.0108178303384009
0.0108067772791237
0.0108188188172866
0.0108391929703225
0.0108203631535159
0.0108481743365756
0.0107871061941544
0.0108311156226114
0.0108225238103653
0.010800784569639
0.0108160859174521
0.0108366315982696
0.0108292836036866
0.0108620018128723
0.0108512600815095
0.0107845766623219
0.0108563826597513
0.0108563125367208
0.0108084199985623
0.0108450486951231
0.0108636052357749
0.0108341385992867
0.0108342985516314
0.0108437810526655
0.0108184402025924
0.010777609766458
0.0108111784525983
0.0108249440392541
0.0108626390598886
0.0108412820245079
0.0108274314151269
0.0108179351812545
0.0108442946945442
0.0108308150096515
0.0108340907722445
0.0107952855051854
0.0108318861407507
0.0108367028091836
0.0108478884519926
0.0108039873250124
0.0108250425688365
0.0108397066106134
0.0108190834248007
0.0108656434797095
0.0108299171067275
0.0108166406974203
0.0108224150572383
0.0108133863891519
0.0107718262099753
0.010874338867997
0.0108082223112833
0.0108202428332105
0.0108097436994562
0.0108167058700695
0.0108703106001659
0.0108067695899394
0.0108289589366443
0.0108534860077422
0.01084382031102
0.0108260353139979
0.0108262380243901
0.0108219886681407
0.0108184060913842
0.0108391055039511
0.0107762619612863
0.0107796341633063
0.0108235059086445
0.0108053578061689
0.0108168476313571
0.0107802419985482
0.0108344909782365
0.0108494340003438
0.0107773151488682
0.0108286397057573
0.0107904464656035
0.0108166769419611
0.0108086142468159
0.0108080481082035
0.0108135689522425
0.0108584812117253
0.0108172032995118
0.0107900601091616
0.0108517328095406
0.0108642494153818
0.0107980605119478
0.0108235819084123
0.0108004474599126
0.0108047882966698
0.0107929139636777
0.0108334160038324
0.0108575268878606
0.0108235824493983
0.0108602970321545
0.0107827972779216
0.0108406579989514
0.0108293200999838
0.0108232231698437
0.0108230936306007
0.0108462183267282
0.0107857998676031
0.0108207075062946
0.0107955662609791
0.0108157439337134
0.010829985421113
0.0108575356543782
0.010873141180617
0.0108501284022943
0.0108428340346754
0.0108558690151155
0.0108812161931128
0.0108091302513979
0.0108103603164284
0.0108374796971723
0.0108516709609799
0.0107813850205236
0.0108143704680522
0.0107861549266968
0.0108063981725778
0.0108263951265642
0.0108374673424738
0.0108031066156585
0.0108151001480679
0.010810020920831
0.0108053020988186
0.0108330280407226
0.0108075490037894
0.0108000297825084
0.0108211084977859
0.0108176781125459
0.0107536998756829
0.0108301654627552
0.0107840209851487
0.0108427851793747
0.010793470969285
0.0108073780303174
0.0107716399637281
0.0108104535893378
0.0107822364202755
0.0108093147830722
0.0108285265716501
0.0108150607906414
0.0107924011332964
0.0108444735869855
0.0108312153595744
0.0107580714898679
0.0108566467049216
0.0108132988972065
0.0108474171247149
0.0107922527033701
0.0107766029001837
0.0108513758654081
0.0107901168816327
0.0107977634040131
0.0107925727728661
0.0108611530257182
0.0108586926937877
0.0108260537177951
0.0107840437652233
0.0108553452973092
0.0108015580776788
0.0108177381002835
0.0107706237303216
0.0107817062596251
0.0108472689508444
0.0108256735384972
0.0107705207974023
0.0107771753391027
0.0107662716255166
0.0107786095783404
0.0108270867782818
0.0107853078966748
0.010839110731291
0.0108126515500817
0.0107595359121919
0.0108776066198613
0.0108377129147999
0.010846786445314
0.0108319271986516
0.0108113737127086
0.01082812429803
0.010832146253397
0.0108342067278577
0.0108647338467505
0.0108069446938539
0.0108323072134728
0.0108896785160261
0.0108343117775231
0.01082294354404
0.0108039724267027
0.0108029208553174
0.0108176077964658
0.0107681055441575
0.0108318431149235
0.0108236943680123
0.0108265339464893
0.0107977393548456
0.0107952930499386
0.0107915450125474
0.010823488117027
0.0107892639908092
0.0108007672506635
0.0108773431173813
0.0108400041469116
0.010798233931524
0.010768036495617
0.0107884709546331
0.0108216405326508
0.0107944162866471
0.0107987971229297
0.0108248862933776
0.0108060195382936
0.0108064024517979
0.0107838799742589
0.0108103147978578
0.0107915496011004
0.010822691567447
0.0108420710487056
0.0108390118849152
0.0108286158663963
0.0107952279010403
0.0108054327866707
0.0108022514087223
0.0108018569351941
0.0107871239746916
0.0108277802985171
0.0108217144521537
0.0108103509090355
0.0107873193337262
0.010827892396358
0.0108211677118492
0.0107780374153647
0.0108491965113257
0.0107994859310864
0.01082731679527
0.0108096701021155
0.0107842173277585
0.0107865108777105
0.0108285644842344
0.0108469357711921
0.0108597015010357
0.0108212378510279
0.0108422601352749
0.0108257697608542
0.0107703983743815
0.0108616798778775
0.0108271106585502
0.010787458398008
0.0108080381053953
0.0108372360694397
0.0108241669168578
0.0108432306378056
0.010835205134166
0.0108462886901596
0.0108210156864279
0.0107945505261373
0.0108323958869946
0.0108059359685915
0.0108537746563311
0.0108057222391837
0.0108546564029824
0.010784617733083
0.0107835339252454
0.0108534562816291
0.010761498234944
0.0108455484630614
0.0108329876279682
0.0108522477483152
0.0107890550982587
0.0108163825480214
0.0107912876906489
0.0108014547766491
0.0108313618352437
0.0108344821291006
0.0107954754954621
0.0108501642075208
0.0107875035335447
0.010777522284004
0.010787433674705
0.0108485996952101
0.010807193179786
0.0108169444274434
0.0107984940983085
0.010821878721653
0.0108995071431448
0.0108508853861051
0.0108183682160309
0.0107730721460742
0.0107612193041415
0.0107821351839797
0.0108398696608844
0.0107704804981451
0.0108099127377721
0.010849037163614
0.0108053131275636
0.0108206414710623
0.0108754458370071
0.0107966799091599
0.0107779221808928
0.0108255262245854
0.0108402160640908
0.0108196471172741
0.0108023081758026
0.0108063674987985
0.010850566333897
0.0107671061033003
0.010891364914908
0.0108186337704445
0.0107823478665149
0.0108500991458705
0.0108467696993083
0.010844597742116
0.010818738083959
0.0107523589489488
0.0107772219422618
0.0108113374671346
0.0108058492782975
0.0108362198968002
0.0108873599968571
0.0107691881692449
0.0108293439211662
0.0108014528654662
0.0108080583050458
0.0107904906306878
0.0108544991330975
0.0108177851199567
0.0108332835585369
0.0107845571147546
0.0107829270597747
0.0108019617520103
0.0108320203066083
0.0108592377619562
0.0108069723932417
0.0108585755423645
0.0107869249304211
0.0108407025853558
0.0108369287167219
0.0108648839031359
0.0107886853416208
0.0108124398761851
0.0108053497388594
0.0108309477667899
0.0107922070897074
0.0108195168581338
0.0108212512602956
0.0108573825518599
0.0107956586531933
0.0108096156115181
0.010821814725838
0.0108183666649412
0.0107785836432618
0.0108617957795693
0.0108423587457507
0.0108110947263594
0.0108511305601204
0.0108473767571082
0.0108262193210012
0.0108163872116315
0.0108185272058734
0.0108034915773286
0.0108481166726769
0.0107683219984127
0.0108466860685967
0.0108512945333781
0.0108541499033423
0.0107718702672868
0.0108154537411086
0.0108263802178004
0.0108221779958937
0.0108268523338755
0.0107972913009566
0.0107782458064997
0.0108009058991615
0.0108101379711902
0.0108014690791645
0.0107918399530781
0.0108073287908409
0.0108345135601744
0.0108553783084154
0.0107870648985659
0.0108547547751996
0.0107962499139249
0.0108159507230943
0.0108082274324077
0.0108334547566484
0.0108264581441188
0.0108642982136521
0.0108274040043299
0.0107852643104057
0.0108232484939906
0.0108163261730697
0.0107872190886935
0.0107728443946233
0.0108138155896977
0.0108001105547135
0.0107736041601501
0.010815129223719
0.0108154968599184
0.0107918412118465
0.0107696783262805
0.0108263395214915
0.0108209412455782
0.010814590093654
0.0107762181351254
0.0108522678944594
0.0108075320453318
0.0108579888148806
0.0107619844854117
0.0108004014199351
0.0107629191174307
0.0108124883115716
0.0107914234146705
0.0108296151038885
0.0108240185247387
0.010834240329849
0.0107982256877057
0.0108012392210194
0.0108273272081805
0.0108255761219482
0.010827167755616
0.0108222954376616
0.0108331592867401
0.0108770712861139
0.0108404407207798
0.0108068989122448
0.0107677696638141
0.0108314537829447
0.0107910759282932
0.010829259280424
0.0108348955794337
0.0108063256358334
0.0108456097935561
0.0107957210248498
0.0108338800713664
0.0108174089482029
0.0108626589890553
0.0108333922751432
0.0108055781359956
0.0108368600878983
0.0108228127808999
0.0108141479773266
0.0108264436832378
0.010857446134548
0.0108219856489261
0.0108225973127405
0.010828067000671
0.0108326320691388
0.0108213510638543
0.0108800005100202
0.0107981513376635
0.0107905017366275
0.0108079592748022
0.010840054569547
0.0108343828122634
0.0107899407853605
0.0107744713372517
0.0108356514293757
0.010784177680446
0.0108429317921842
0.0108439743105893
0.0107930813084557
0.0107910259949092
0.0107879349549775
0.0108063455434566
0.0108210963060716
0.0108275152935768
0.0108185607726868
0.0108603963392776
0.0107888842140591
0.0108014873378574
0.0108438942798559
0.0107861984081749
0.0107964764775376
0.0108343546410527
0.0108227717362087
0.0108229007920498
0.010820307438163
0.0107959625788499
0.0108382609649285
0.0108014689879302
0.0107971947388001
0.0108422767589659
0.0108268446923405
0.0108505433555013
0.0108250523447064
0.0107768626658723
0.0108230784490708
0.0108411627667537
0.0108150451070815
0.0107899796595768
0.0107889489198451
0.010801057590036
0.0107859811170018
0.0108153319592064
0.0108426300668828
0.0107457450387569
0.0108310468648778
0.0108160488576631
0.0108105208541203
0.0108510499047499
0.0107848519336611
0.0107995073718116
0.0108282184971639
0.0108397172787416
0.0108460711260377
0.0108255587899916
0.0107879437217103
0.010787984021801
0.0108245725060799
0.0108624196326033
0.0108401504434403
0.0107933153009905
0.0108368395726532
0.0108024475972327
0.0108267882298674
0.010812060432833
0.0107454382703846
0.0108145532545122
0.0108057181310329
0.0108517181806145
0.0108430433261949
0.0108504172598692
0.0108261133664001
0.0108906274422962
0.0108824652851184
0.0108570394793696
0.0108088829553972
0.0107900307410878
0.0108607033174781
0.0107809679436571
0.0108317840858533
0.0107884746292474
0.0108722536907214
0.0108274300360076
0.0107496956966923
0.0108276729196628
0.0108311168691137
0.0108390250034605
0.0107904137308271
0.0108257644949798
0.0107988746695381
0.0107961470508056
0.0108159924547337
0.010818297008084
0.0107877670202841
0.0108721365162078
0.0108271190892593
0.0108261772875464
0.0107893670945139
0.0108042033457361
0.010814845435806
0.0108177833283202
0.010852168897415
0.0108123564822764
0.0108085866340271
0.0108298146477352
0.0107874019622552
0.010836530531981
0.0108314837245476
0.0107936080656195
0.0107886296184383
0.010788709343016
0.0108070023156548
0.0107575441531377
0.0108111639042311
0.01078302653157
0.0108265684279793
0.0108336075471445
0.0108164901328261
0.0108468206376493
0.010809206358801
0.0107934856746805
0.0107946006322386
0.0108067018276669
0.010803477008982
0.0108022059902987
0.0107948753868958
0.0107845465188742
0.0107776224464657
0.0108017408940341
0.010838209786003
0.0108419540704383
0.0108024491221969
0.0107933266316086
0.0108544571026479
0.0108336636863531
0.0108721933145345
0.0107609297833628
0.0107949704706298
0.0108401926839554
0.0108229822612613
0.0108178614735235
0.0107577838693782
0.0107929763011574
0.0108099789682209
0.0108808905578791
0.0108564374815883
0.0107870738383348
0.0108104648077882
0.010858003382794
0.010767049304206
0.0107606557125038
0.0108055816830099
0.0107876895702032
0.0108272681190553
0.0107754023163443
0.0108894102365976
0.0108436712444476
0.010820373625492
0.0108227243503276
0.0107862370106027
0.0108033229696606
0.01085508941175
0.0108175808598672
0.0108041923560478
0.0108068922637194
0.0108116648381738
0.0108561267346092
0.0107823629579903
0.0107897971847364
0.0108214323535867
0.0107996860646632
0.010839011269659
0.010774593345337
0.010854170770778
0.0108398561407046
0.010775502068539
0.0108438965452192
0.010805400358872
0.0108024882575113
0.0108033900549132
0.0108407009518511
0.0108452880312606
0.010817480668947
0.0108499793792358
0.0107773050548442
0.0108634624599902
0.0108413861383
0.0107807928911635
0.0108478278526485
0.0108201904809158
0.0108057383182956
0.010825768411562
0.0108140877737257
0.0108053795668358
0.010858186031617
0.0107917006982543
0.0108159692752295
0.0107900408663909
0.010843759251436
0.0108068427266623
0.0107718493349274
0.010791873620142
0.0108504180351477
0.0108313839082829
0.0108322658166066
0.0108027001774921
0.0108581103115186
0.0108131583586236
0.010817465776404
0.0107902324989764
0.0108375337106087
0.0107845552394335
0.0108108300798609
0.0107895081587474
0.0107881225513921
0.0108287756735357
0.0108286014377134
0.0108216797563318
0.0108560901401726
0.0107991139072993
0.0108746725385089
0.01078849954382
0.0108040722980706
0.0108101097293451
0.0108660259234757
0.0108033467325439
0.0108039507342629
0.0108210386095092
0.0108340829506461
0.0108381400039774
0.0107727676842142
0.0107871736730001
0.0108423801887696
0.0108061148120564
0.0108322588966003
0.0108175888433531
0.010820253136895
0.0108061876306499
0.0108192673271018
0.0108251824339281
0.0108116440841712
0.0108149426563832
0.0108196623227898
0.010861254444081
0.010805409577424
0.0108323712924585
0.0108347569842237
0.0108361747885649
0.0107622164832865
0.010824959791274
0.0108221633089984
0.0108278903830851
0.0108445433190525
0.0108322900938215
0.0108369960982015
0.0107953075894457
0.0108369100274546
0.0107953192079734
0.0107792037565447
0.0108264091295551
0.0108728647233174
0.0108115106468888
0.0108583400823239
0.0108315252959433
0.0108783902080823
0.0108425286098043
0.0108066138981382
0.0108375162780645
0.010801531695759
0.0108430015461159
0.0108363813853787
0.010822715155595
0.0108010949584673
0.0107850244824309
0.0108049054627652
0.0108164938656748
0.0108038502118743
0.0108113873126116
0.0108231064128439
0.0108237340334459
0.0107816279998136
0.0109222140174959
0.0108047744017662
0.0108374652368752
0.0108011024266257
0.0107962601925304
0.0107987329900703
0.0108266128478451
0.0108371056414586
0.0108062385698895
0.0108495169522585
0.0108212645897853
0.0108365276354104
0.0108035419748144
0.0107980053550912
0.0108480849962499
0.010860023129614
0.0108269736047511
0.0107865263598013
0.0108285201825165
0.0108039908730578
0.0108317075777634
0.0108211186977212
0.0107697876232809
0.0108734794640772
0.0108614418656318
0.0108357866895446
0.0108229828056263
0.010814828493614
0.0107959474112705
0.0107916768490418
0.0108205677340327
0.0108406912275145
0.0107833365765007
0.0108055113784868
0.0108132117629019
0.0108169690738229
0.0107711989909673
0.0108357962942019
0.010786723581507
0.0108264012496851
0.0108455946371401
0.0108110205629854
0.0108071209538734
0.0108157274141854
0.0108223814876601
0.0108174982729647
0.0108276819090471
0.010849271902497
0.0108110555313186
0.0108648897845546
0.0108057610729379
0.0108247677039341
0.0108312390895277
0.0108185876588045
0.0107871528899154
0.0108215895053089
0.010813540742389
0.010823083118927
0.0108252471708646
0.0108184004155591
0.0108078395612829
0.0108413466813602
0.0108963615672992
0.0108659475352167
0.0108335938521648
0.0108572755504674
0.0108516637878737
0.0108156025265412
0.0108206133166099
0.0108395491564851
0.0108203240996238
0.0107949031240065
0.0107755062022501
0.0108051994324319
0.0108322464959918
0.0108401885558421
0.0108265842226441
0.0108304122749426
0.0107777269059778
0.0108047876059143
0.0108310395557749
0.0107893140650729
0.0108210265853342
0.0107779172097691
0.010827260319866
0.0107879255936521
0.0108070035551731
0.0108751767655537
0.010861546206182
0.0108809707500501
0.0108004069845244
0.0108247651051538
0.0107508023392432
0.0107513985150218
0.0108363717701656
0.0108198766921266
0.0108095083965149
0.0107952027547228
0.0108459939818257
0.010832846385734
0.0108272608071478
0.0108067613497548
0.0108065426865026
0.0108300130727953
0.0108327580145503
0.0108216870979764
0.010817755132215
0.0108004795894661
0.010785817708425
0.0107893677215017
0.0108515371412251
0.0108310403509433
0.0108892499385701
0.0107930223604387
0.0108478893850658
0.0108633578118399
0.0107755373860965
0.0108157729307209
0.0108106948167034
0.0108547641807842
0.010782033288308
0.0108124651300389
0.01080744042772
0.0108335667622156
0.0108476670185991
0.0107772078667141
0.0108565926918538
0.0107897641982356
0.0108176493301443
0.010850852229852
0.0108363477546819
0.0107623103690728
0.0107577724977844
0.0108226754771532
0.0108180010432417
0.0108413760610261
0.0108317521121642
0.0108811562663885
0.0108289628019499
0.0108086652923477
0.0107938075303656
0.0108005374584882
0.0108356874170875
0.010822512778048
0.0108437527538365
0.010822538851968
0.0107994838884361
0.0107735905992972
0.0108014245405354
0.0108535266177745
0.0108042611418989
0.0108131244392554
0.0108205208196272
0.0108065766952507
0.010744254235446
0.0108062050561552
0.010833044835592
0.0107946998729879
0.0108112645689886
0.0108529613959714
0.0107995747645102
0.010815429699965
0.0108262565040453
0.0107816149529669
0.0108298623890642
0.0108205204139362
0.0108076382214132
0.0107869115145792
0.0108545145833272
0.0107574112592759
0.0108544850722483
0.0108431579885338
0.0107949174203519
0.010799158555678
0.0108080319046699
0.0108413537177963
0.0108006603864754
0.0107770092593263
0.0108364845042638
0.0108101058862552
0.0108262298082739
0.0108005024145431
0.0108262732353571
0.0108057488182493
0.0108519337648135
0.0107907160608585
0.0107944709003346
0.0108487023569996
0.0107952249689803
0.0108392292060204
0.0108408297301677
0.0107644099059755
0.0108489087695183
0.0108093198396426
0.0107989265093429
0.010843293804441
0.010843216138475
0.0108043760482981
0.0107711856307332
0.0108178372333109
0.0108329125698615
0.0108306526613445
0.0107784161562611
0.0108392577447376
0.010812737151885
0.0108423773072984
0.0108535580391746
0.0107942082261914
0.010798121635462
0.0108061293630121
0.01082603611671
0.0108620269136079
0.0108201113108427
0.0108357735448755
0.0108168635469325
0.0108434759192384
0.0108153986589003
0.0108856604793365
0.0108430848657611
0.0107977070890264
0.0108263986526264
0.0108196005300608
0.0108389235690198
0.0108294917864711
0.0108003540312636
0.0108350009885586
0.0107724204380537
0.0107914978710013
0.0107777515412969
0.0107849890606883
0.010791646387929
0.010814316422609
0.0108639269181474
0.0107999293686686
0.0108540740308545
0.0108382544482025
0.0108343459172404
0.0107974813372184
0.010841789997524
0.0108362334229084
0.010781524990168
0.0108208238359859
0.010845094624267
0.0108789629157749
0.0108314218908972
0.0108238329049243
0.0107879344915535
0.0108164014851481
0.0108328395033257
0.0107954100575833
0.0108003639073456
0.0108335672885584
0.010855250223096
0.0108274699263043
0.0108095135540461
0.0108100254072361
0.0107979835341288
0.0108521576055187
0.0108316267714186
0.0108538792912404
0.010780069790094
0.0107964935111895
0.0108069102459905
0.0107999609426026
0.0108079358304199
0.0107772309707504
0.0108910647560107
0.0108274372536698
0.0108355036820352
0.0108334362011339
0.010813586405379
0.0108150556639025
0.0108080906474004
0.0108329482306938
0.010862948265902
0.0108754554244048
0.010865076940653
0.0108307206017452
0.0108071038156632
0.0107733698854815
0.0108107668890914
0.0108458622215979
0.0107979902986511
0.0107989996632558
0.0108149116025286
0.0108257657847841
0.0108140203522571
0.0107879619675033
0.0108604519930511
0.0108598168937122
0.0108350431385323
0.0108095856489351
0.0107990063930104
0.0108214654790752
0.0108531347708749
0.0108159021044777
0.0107975822576482
0.0108550805974171
0.0108562156423316
0.0108142110488884
0.0107734314298033
0.0107769863046152
0.0108059263535643
0.0108272113486633
0.0107657457225105
0.0108126334759679
0.0107973126153343
0.010817290548113
0.0108006820813113
0.0108222811127541
0.0108180357878903
0.0107992461143748
0.0107690218579231
0.0108241574532318
0.0108123320327771
0.0108503064655123
0.0107982049552403
0.0108315355096686
0.0107864184983272
0.0107743062031814
0.0108271859466141
0.0107622412691552
0.0108293158299819
0.0108007369082826
0.0108529789511586
0.010814147638737
0.010776112697882
0.010794218890886
0.0108430006770899
0.0108342889900528
0.0107980609935377
0.0108232898128402
0.0108177654853859
0.0108046717892339
0.0108442482387903
0.0107862509265315
0.0108326206883417
0.0108148846607945
0.0108125094676936
0.0107910302875426
0.0108427038270359
0.0107994063928965
0.0108311007946716
0.0108385090840194
0.0108412921837848
0.0108454132557524
0.0108572353366653
0.0108295157666417
0.010832486812827
0.0108520944964076
0.0108035734029009
0.0108056469576588
0.0108269692824204
0.0107907102731995
0.010807613856172
0.0108392943038341
0.0108402563192684
0.0108193849472357
0.0108267011980827
0.0108131539954688
0.0108374633814221
0.0108533621390416
0.0108707478140159
0.0107934366429346
0.010817855855466
0.0108184600450708
0.010793887434296
0.0108124756387226
0.0107942875663504
0.0107739275490426
0.0108389226679078
0.010858392126878
0.0108372985304531
0.0108104145238361
0.0107778642832799
0.0107952911276585
0.0108320100273339
0.010833622458102
0.0108212152459982
0.0107799756298862
0.0108343924933857
0.0107882877351514
0.0108689056258204
0.0108484403241479
0.010828670330799
0.0108172920729962
0.01083395492373
0.0107427116361773
0.0108033632826234
0.0108086048316423
0.0108340415458658
0.0108678545004263
0.010839243296054
0.0108239409593067
0.0108016494229871
0.0108252584944896
0.0108186627892092
0.0108578897946014
0.0108657715758859
0.010820653971527
0.0108253681574989
0.0107796024155867
0.0108355980370195
0.0108676211109003
0.0108102710407878
0.0108041361622818
0.0108428692559863
0.0108549209332876
0.0107862354654078
0.0108135902935448
0.0107799445438245
0.0108233631000895
0.0108172143031824
0.0107880431259776
0.0108675797319436
0.010799488159466
0.0108761066941296
0.0108301157609235
0.0108290836222446
0.010847093038319
0.0108136825773653
0.0108478130728227
0.0108012106659157
0.0108369793698777
0.0107832766482114
0.010813263385865
0.0108283642410871
0.0107799413896489
0.0108186295269712
0.0108106142302835
0.010848294884078
0.0108369301974932
0.0108145424269098
0.0107931472285998
0.0108530715469659
0.0107769600137712
0.0107977963734447
0.0108217532235909
0.0107758197677749
0.0108226409472559
0.01083209704317
0.0108713331775704
0.0108260311475822
0.0108045430023909
0.0107815775844704
0.0108358763985961
0.0107949038106959
0.0108375472445965
0.0108492887209839
0.0107937993098507
0.0108652448188655
0.0108114683522321
0.0108062939882789
0.0108649070104616
0.0108005426230939
0.0107754725067808
0.0107935523195177
0.0107954649832667
0.0108242612246218
0.0108305421144984
0.010791745264817
0.0108388483825495
0.0107975158975792
0.0108441892599199
0.0107705584421116
0.0107721883187338
0.0108441070804641
0.010861417370929
0.0107894535564646
0.0108241410211666
0.010799849672971
0.0108115053471579
0.0108321366600046
0.0108374089375352
0.0107914617323755
0.0108311792612912
0.0108296542374574
0.0108497558885497
0.0107695231503958
0.0108029150681525
0.0108040750267242
0.0108134925787385
0.0107829728960103
0.0108440829199576
0.0108156907967999
0.0108089854118817
0.0108399588821712
0.0108305282977303
0.0107980224617626
0.0108155914509195
0.0107831228146208
0.0108065689862209
0.0108032156192484
0.0108602064763724
0.0108310631322722
0.0108339960611227
0.0107665026389484
0.0107801948617191
0.0108011531901361
0.0108058641161415
0.0108280735900666
0.0108234697316784
0.0108255485726453
0.0108263805266734
0.0108155472695713
0.010806347425463
0.0108509111739885
0.0108384588168393
0.0108096307863108
0.0108352165649786
0.0107897306222971
0.0108608680464645
0.0108149704411422
0.0108432227202854
0.0108277392846393
0.0108029882807941
0.0107801090262272
0.0108091083377081
0.0108156464447468
0.0108075257911653
0.0108181005335121
0.0107669935125805
0.0108417495476687
0.0107934442976444
0.010801054222987
0.0107951045108111
0.0108218164525404
0.0107908161824285
0.0108107664155298
0.0108105732089592
0.0108192091326756
0.0108502910397063
0.0108097178341667
0.0108313682142887
0.0108076425265992
0.0108095129381724
0.0107901728316901
0.0108242732425485
0.0108221640275793
0.0108543461852113
0.0107738814174954
0.010774037017747
0.0107931731581465
0.010811955124998
0.0108164597655872
0.0107930538482365
0.0108352797559364
0.010812214645073
0.0108517182660318
0.0108638019196178
0.0108494930393235
0.0108233465740453
0.010824767617723
0.0107684709073145
0.0108068249614204
0.010818781721143
0.0108434971866822
0.0108011260648445
0.0108022283195387
0.0108003543275623
0.0107538742146189
0.0108590727287774
0.0108114477800242
0.0108160410679138
0.0108211431709693
0.0108297329452334
0.0108653379219045
0.010849580419276
0.0107918291706867
0.0107911315410072
0.0108182215341541
0.0108488923019911
0.0108714841191945
0.0107971869587111
0.0108505041690156
0.010810463936498
0.0108341130238679
0.0107728266954743
0.0108210821414583
0.0108441514301162
0.0108459704972021
0.0108112653649018
0.0108383547088136
0.0107910315496428
0.0108127761256546
0.0108238202894221
0.0108246720641862
0.0108351410019528
0.0107629079969848
0.0108259676191274
0.0108355778069786
0.0108516021755214
0.0108537863175846
0.0108320266982521
0.0108119956813194
0.0108349099623479
0.0108084868061381
0.0108415126294961
0.0107983376906884
0.0108328741845557
0.0108182989897078
0.01080874144057
0.0108214654649642
0.0108664124890776
0.0107864321774584
0.0108042318006231
0.010788715356395
0.0108069821847974
0.0108447816836192
0.0107515222725721
0.0108152408059008
0.010859653731659
0.010795976463421
0.0108468010680782
0.0108152460979809
0.0108503472926105
0.0108014835532136
0.0108037433757279
0.0108684931932562
0.0107925474292799
0.0107888978995417
0.0108343707373907
0.0108591536434484
0.0108542035603867
0.0108303372953236
0.0108735088550507
0.0108315521989163
0.0108651659094933
0.0108202569685206
0.0107636680004909
0.0108392030702701
0.0108038608310723
0.010834369164135
0.0107942230287028
0.0108266402356289
0.0108210858192466
0.0107989776126272
0.0108102044884836
0.0107832192502775
0.0108051726905996
0.0107665533027583
0.0107864285971952
0.0108518343547865
0.0107694887709454
0.0108531101071308
0.0108088381401365
0.0108330428069914
0.0107751608641746
0.0108572043969886
0.0108800408783776
0.0107605415788229
0.0108125055769309
0.0108450195296401
0.0108230545030792
0.010846614598174
0.0108244439923121
0.0108128827721003
0.0108342876942468
0.010825038547222
0.010820894806571
0.010839297306614
0.0107791404015755
0.0108451209109207
0.0108190430490866
0.010796785342272
0.0108324091211898
0.0108572450040797
0.01080777007399
0.010802684085616
0.0108751057017106
0.0108029147887565
0.0107981671357228
0.0107892403931691
0.0107844913760981
0.0107930968659092
0.0108764950189665
0.0108137870371397
0.010826517801902
0.0108456230451314
0.0107820865751467
0.0107808702502115
0.0108923910695207
0.0108239947152353
0.0108168004013228
0.0108449907601846
0.0108171595862541
0.0108399861198207
0.0108158573074915
0.0107872795326736
0.0108361791884159
0.0107994156464962
0.0107814752814342
0.0107813629793499
0.0108117959913367
0.0108203617866689
0.0108082263228949
0.0108330746296988
0.0108550848474244
0.0108388246429079
0.0108156387358575
0.0108692886947081
0.0108378935516636
0.0108456198304974
0.0108168163062041
0.0107836440361244
0.0107700090035798
0.0108045111575201
0.0108235321446635
0.0107732238302978
0.0108039239070611
0.0108280692217188
0.0108091387894896
0.0108607450383316
0.0107999204833517
0.0108014302649132
0.0108511631859937
0.0108345987069244
0.0108172549874607
0.0108498746465633
0.0107928561982851
0.0108448954470941
0.010789536243068
0.0108466148061474
0.0108392244503938
0.0108139482315741
0.0108240254662504
0.0108190279876147
0.0108059659816761
0.0108357850611061
0.0108037314575451
0.010817132834563
0.0108232750853674
0.0108099209136357
0.0108600134565691
0.0108404192863509
0.0108248285871183
0.0108106402804312
0.0108416816227558
0.0108285989984253
0.0108814269945858
0.0107769269911599
0.0107960621913357
0.0108164873776994
0.0108643592971556
0.0108092825063936
0.0108130483600614
0.0108506615334268
0.0107933042423542
0.0107841559759969
0.0108717253864628
0.0108086538970524
0.0108603542456746
0.0107656822331541
0.0107975695155658
0.010856070758404
0.0108244910532737
0.0108339893031756
0.0107826874632205
0.0108072928413966
0.0107933159490651
0.010829163836612
0.0107620424048144
0.010814475365056
0.0108280655771307
0.0108364724207033
0.0108324745778335
0.0108180039622144
0.0108802203936912
0.0107960258291301
0.0108280663055642
0.0108249225450174
0.0107844901148452
0.0108415750686321
0.0108159320669231
0.0108655808148036
0.010822346882506
0.0108024423213282
0.0108279747185712
0.0107789716622192
0.0108559687563003
0.0107968194107589
0.0108209464694676
0.0108581081142381
0.010833059038469
0.0108340853963388
0.0107679826428233
0.010816031303492
0.0108536665501266
0.0107791314056923
0.0107948960295934
0.0108142355526716
0.0108419557737869
0.0108005872884186
0.0108785791737942
0.0108001394848468
0.0107897292306176
0.010759742140245
0.0108059284882123
0.0108432260534598
0.0107939066979752
0.0108286296646724
0.010890006858488
0.0107933213574815
0.0108001530153378
0.0108168676943206
0.0108655414504086
0.0108077782629793
0.0108160720977044
0.0108405243339675
0.0108403471491452
0.0108411758561487
0.0108108624320335
0.0107844868862197
0.0108173461710124
0.0108899605420799
0.0108533128904929
0.0107853344636127
0.010803331020237
0.01076285632342
0.0108852604155776
0.0108438995911133
0.0108564090944939
0.0108324277870959
0.0108370278604928
0.0107868646973659
0.0108506428591648
0.0108614468990367
0.0108096339030829
0.0108167350673924
0.0108327034822163
0.0108038976909612
0.0108235219405985
0.0108082665799526
0.0108123462693523
0.0107958238629797
0.0107961820231417
0.010812146054113
0.010796666096327
0.0107967611275617
0.0107873485307586
0.0108070518424251
0.0107613145263913
0.010818612395486
0.0108602788245107
0.010799074270322
0.0108091062397817
0.0107697075718417
0.0108083435060417
0.0108538770888849
0.0108278555922451
0.0108363310292289
0.0108121647878745
0.0108200393980551
0.0107827724123259
0.0108234435867857
0.0107985511648479
0.0108568159682025
0.0108110710527224
0.0107943698310927
0.0108514899631285
0.0107694498211452
0.0108178209969634
0.01084034474165
0.0107820363000921
0.0108603264939933
0.0108377397677207
0.0107882019309254
0.0107673727938231
0.0107866087768649
0.0108129029739637
0.0108152629273018
0.010809048714241
0.0107985989332012
0.0108150467467655
0.01081424849111
0.0107967917923324
0.0108267934855312
0.0108000284605917
0.0108462229958224
0.0108238788148771
0.0108033613770216
0.0107905602830741
0.0107930520922438
0.0108211035829943
0.0107886826691981
0.0107930166365383
0.0108870519443563
0.0107987850933474
0.0108398933904546
0.0107668656239745
0.0108248779852809
0.0107834336193067
0.010840954913447
0.0107973825424434
0.0107782681751076
0.0108182569174131
0.0108224496386007
0.0107963458419852
0.0107947360557166
0.0108121334065706
0.0108035719470898
0.0108058835549783
0.0108312301923759
0.0107962278574626
0.0108166640093626
0.0107954640493128
0.0107941406400334
0.0107820492134809
0.0107924739954126
0.0108334958650642
0.0108287054497033
0.0108097940140959
0.0108297813581194
0.0108077816140408
0.0107935549698664
0.0108520276312537
0.0108313292650836
0.0107859115365337
0.0108509540628745
0.0108050792275708
0.0108490611908159
0.0108253630166686
0.010778380483881
0.0108077955779074
0.0108048563566754
0.0108306759652961
0.0107963522496227
0.0108494410506988
0.0108025067903558
0.0107636526324921
0.0107925036214797
0.0108731313649072
0.0108195267159662
0.0108169269676635
0.0108096828240612
0.0108285435591928
0.0108168029604385
0.0108317487412878
0.0109098057107184
0.0108262036735392
0.0108657314641359
0.0108239068952411
0.010900245617838
0.010803201978155
0.0108580911851308
0.0108315378367354
0.0108389369286553
0.0107998516475815
0.0108542097358566
0.0108114198395716
0.0108613341530081
0.0107750650614614
0.0108456147187031
0.0108059534990434
0.0107791739100093
0.0108329618718019
0.0108552228313378
0.0108282241125261
0.010841231890179
0.010871160287958
0.0108069932629678
0.0107926164837089
0.0107935436925209
0.0107893250836056
0.0108281982358495
0.0107802146465262
0.0107955186059777
0.0108456502186288
0.0107723620000795
0.010848079451071
0.0108139934698174
0.0107858995934194
0.0107563373889698
0.0108246242135011
0.0107952092897159
0.0107651495343488
0.0107679011197217
0.0108194961293147
0.0108070096004773
0.0108378493645745
0.010825732509497
0.0107993156379705
0.0108041894464987
0.0107925418965159
0.0108250705308566
0.0108139733873993
0.0108275184512514
0.0107978954724074
0.0108807191486852
0.0108824535554163
0.0107990494679299
0.0107880174117332
0.010839169992055
0.0107856837518778
0.0108567672483492
0.0108498007732569
0.0108546387410199
0.0108263779580933
0.0108388144136643
0.0107906346869488
0.0108460012386009
0.0108297303022591
0.0107909125308702
0.0107691056932911
0.0107607272602069
0.0108381656884576
0.0107915575798287
0.0108123894809126
0.0107926779975735
0.010861720624642
0.0108629959097957
0.0107985231560111
0.010828529766704
0.0108189067221987
0.0108517785919434
0.0108345536229688
0.0108409596582223
0.010769736899058
0.0108509649712675
0.0107748145075247
0.0108222342192639
0.0108308350212356
0.0108270233710777
0.0108366027831724
0.0108413992356574
0.0107879628907023
0.0108139464642113
0.0108447828334496
0.0108399635122172
0.0108085850825471
0.0108000487709785
0.0108089578375205
0.0108287833383474
0.0108081709386643
0.0108679106179147
0.0108189214410712
0.0108420950031396
0.010805119050965
0.0107907602482904
0.0108410249542425
0.0108070588272679
0.0107685695254323
0.0108036417521475
0.0108019056432968
0.010821631199091
0.0108274564585867
0.0107974958185217
0.010762893658693
0.0108059231615988
0.0108116591910732
0.0107787353939508
0.0107840033542002
0.0107919566101446
0.0107919237407344
0.0108526869862516
0.0108250992542594
0.0108305940860536
0.0107795290852879
0.0108489755102272
0.0108250202757463
0.0107602292497862
0.0107865935470039
0.0108677993784229
0.0107918578028188
0.0108381925705184
0.0107924534349358
0.0107909778156636
0.010790666794621
0.0107707607478163
0.0108145916441015
0.0107733305209113
0.0107808553951305
0.0108079561601054
0.010759354772866
0.0107960144715439
0.0107631911566672
0.0108297848683684
0.0108368435403421
0.0108641083909031
0.0108050697395958
0.0107895737856886
0.0108189969075772
0.010867828281359
0.010795816981837
0.0108064630537027
0.0107694819301957
0.0108238728082841
0.0108314981892559
0.0108373102937022
0.0108707824904499
0.0108432613916832
0.0107528867236327
0.0108316058269878
0.0108757191483711
0.0108686217389055
0.0107684179567788
