0.015394843621876
0.0153711792325299
0.0155333944201708
0.0154432241714944
0.0153353635171973
0.0154173943094742
0.015258305518482
0.0153436602096679
0.015487158694269
0.0154518002553999
0.0153221574205898
0.0154871309102709
0.0153386872406764
0.015348487095274
0.0155038381174316
0.0153986675997183
0.0153259925269626
0.0152218849628106
0.0155627936122362
0.0153216036916194
0.0155025178662246
0.0152968949334204
0.0153981461717239
0.0154606027100883
0.0154668824020565
0.0152762315018611
0.0153986445721887
0.0154323473832595
0.0154027489712157
0.0155394990519122
0.0154903222395489
0.0153180579497833
0.0153090056415231
0.0153512414528941
0.0153607696030036
0.015453300462877
0.015398381723259
0.0155760966518003
0.0153850601960524
0.015384293032924
0.0154739538856446
0.0154933433928767
0.0154036297413169
0.0154462200217609
0.015416909131288
0.015358454088932
0.0153290904532767
0.0151942849473398
0.0152804526947499
0.0154186971480415
0.015524189896783
0.0153364085327611
0.0151829092832696
0.0153358039329009
0.0153743166007178
0.0152994619789885
0.0155306019178981
0.0153518207912224
0.0154679888341045
0.0154444601040009
0.015446759481184
0.0154342931996486
0.0153889318504167
0.0155182435877112
0.0154568049774244
0.0152631834150397
0.0154550883959817
0.0153038275224995
0.0154317355257654
0.0151989900945564
0.0153734092163572
0.0153593978580686
0.0154492296519317
0.0153084098077695
0.0153386161317416
0.0154274715134049
0.0154691108184197
0.01535352123575
0.0153535526486555
0.0153070971848918
0.0153785681468853
0.0154868974954189
0.015528601064049
0.0152794361965635
0.0154910848861054
0.0154492623671813
0.0154273609151365
0.0155240354553471
0.0154010055701398
0.0153081062408573
0.0155069661786511
0.0153526792740247
0.0155360243235506
0.0154650749121347
0.0153026740523143
0.0155074685257882
0.0152292831484007
0.0154500973579864
0.0154897563747199
0.0154826413066719
0.0153624114066582
0.0155161535648291
0.0152996585612287
0.0155761466660325
0.0153760487070315
0.0153978893261251
0.0154484716244547
0.0153352535332522
0.0153612597767807
0.0153221170230038
0.0153493940103865
0.0154100044872416
0.015412426460805
0.0152308771276958
0.01548433162294
0.015488579375721
0.0155480418543711
0.0153630346988542
0.0154513412152797
0.0153892272148116
0.0153143000931005
0.0153423717212347
0.0154003293495189
0.0153492752336458
0.0154038058078636
0.0153757229864447
0.0152879820343483
0.0152801343920874
0.0155125745166706
0.0154081818074705
0.0155088964805082
0.0153401394878223
0.0153091053915915
0.0155717114770235
0.0153439960333068
0.0154755068836149
0.0154787810388553
0.0154835483099242
0.0154078902262778
0.0154747755416018
0.0153874643862592
0.0152972193476606
0.0153702549359593
0.0152949092314046
0.0154624727879155
0.0154221953054586
0.0152255934968737
0.0153694268906168
0.0153879457683344
0.0154172355712346
0.0154540593807957
0.0155770685934701
0.015370264465605
0.015457131886281
0.0153657442550138
0.0153662262328408
0.0155438915833978
0.015350383553551
0.0153894101034214
0.0154561582375135
0.0154023784852453
0.0154151783411157
0.0152621300983902
0.0153228023508105
0.0152917570774897
0.0154417877752274
0.0154004672538652
0.0154983662865469
0.0154315621808853
0.0153035049938545
0.0153380086420587
0.0153267429276888
0.0153084821179092
0.0154702063040968
0.0154436949282604
0.0153363796543519
0.0154731241918914
0.0155268669591176
0.0153135735405125
0.0153286994238805
0.0152477059068783
0.0154253036172249
0.0153943641071105
0.0153682377840445
0.0153658676379705
0.0153855188649481
0.0154431121804065
0.0154684257921093
0.0154454057619583
0.015357734089043
0.0154953417081509
0.0153835073905719
0.015333931645987
0.0153984679736278
0.0155173722389946
0.0154220246882314
0.0154117666829225
0.0153776029731087
0.0153856945244085
0.0152883881728881
0.0153051975037784
0.0153882338214142
0.0154091770799019
0.0153119643723404
0.0154174240643231
0.0154850199694013
0.0153291803180798
0.0153746006595583
0.0153732029806502
0.0153432377162968
0.0153413487621957
0.0153791519125821
0.0154721767691269
0.0153054366329224
0.0153834728542871
0.0153279942338373
0.0153954446124015
0.0154071989242529
0.0154127637705684
0.0152814260186354
0.0154829068692876
0.0153441849124179
0.01537266157883
0.0154946109367342
0.0153486142418622
0.0154654025268008
0.0153769309130523
0.01535374301673
0.0155408615019448
0.0153186320487594
0.0154649099104778
0.0153373198330658
0.0155049785028457
0.0154952445590753
0.0153013587715401
0.015426337749969
0.0155355623293244
0.0153782072822029
0.0153424371638629
0.0155066273428405
0.0152845528412444
0.0154240122080744
0.0153462982431494
0.0154624830598292
0.0154800572226676
0.0154427290700767
0.015422383734119
0.0155055731750628
0.0152742479815023
0.0152866362176839
0.0153748101897461
0.0154521494294506
0.0153093851139226
0.0153098322747371
0.0153286432225936
0.0154951452268912
0.0153541090459156
0.0153619110314194
0.015653373636185
0.0154738367352533
0.0152974891030754
0.0155778444866064
0.0153361836887483
0.0153061296094606
0.0154338373273259
0.015435739677633
0.015437745997398
0.0153386345921227
0.0154232591694164
0.0152940092879739
0.0153604466861316
0.0154775156098185
0.0153536139250483
0.0155261951162719
0.0153854635013303
0.0153962700754895
0.0154200459026037
0.0154803900234889
0.0153234921309558
0.0152818547621093
0.015491636539609
0.0153468596371736
0.0154480326893887
0.0153118750308262
0.0154352317647744
0.0151894459438357
0.0153620462326354
0.0154034172229675
0.0152387284231285
0.0153019691672143
0.0154178798970479
0.0154642827287698
0.0154491150943649
0.015398284290457
0.0154172662513402
0.0154256501450564
0.0153112165128667
0.0154903604386673
0.0154359286899697
0.0154392853843987
0.0153965187197587
0.0154975352150929
0.015272804757938
0.0153990097396158
0.0153258524521524
0.0153549921148622
0.0153622843258381
0.0153780075763226
0.0151560368626719
0.0153368651495304
0.0153114040122025
0.0153877361535301
0.0154112773323933
0.0155764522366399
0.0152776148374424
0.0155578615987582
0.0153171642572327
0.0153570739723414
0.0153341733627229
0.0155395626802328
0.0156727367533901
0.0153782488026431
0.0153035376397915
0.0154251833104492
0.0154406277642681
0.0154568072833199
0.0153744802793334
0.0155020837634207
0.0152886787271716
0.0154007901743892
0.0156134958619195
0.0154625289482886
0.0154384201278966
0.0153991416941375
0.0153937540621928
0.0153618619305451
0.0153652791987072
0.0154364835275282
0.0154426004642027
0.0153316184545783
0.0153860699703498
0.0153526717487905
0.0152967371941345
0.015451010758328
0.0155348933988469
0.0154253903796364
0.0154048458183782
0.0153917416460286
0.0153039753910024
0.0152918462296132
0.0153635631834649
0.0153849749296586
0.0155662002972883
0.0153599285076882
0.0152521488022299
0.015422643010307
0.0154180922642347
0.0154282785144318
0.0154472440217814
0.0153798108116855
0.0154693010852058
0.0153915296203915
0.0156751265643374
0.0153045257746188
0.0155104318227504
0.0155281509973471
0.0153682376038176
0.0155165528167868
0.0152731919482364
0.0154020419665387
0.0153620070215147
0.0155233778805035
0.0155447416574019
0.0154402470780292
0.0152253185483764
0.0153403424258053
0.0153346685678734
0.0156306999471405
0.0152982837755792
0.0153840121390156
0.0154459847478184
0.0154839172706567
0.0155449519836383
0.0154004694755028
0.015308706281849
0.0153223194076719
0.015447740058809
0.015367066162361
0.0155261409569093
0.0153892288096913
0.0153275229569607
0.0155773861476064
0.015502227470998
0.0153983315971171
0.0154444328610631
0.0154652935499474
0.0155269740399224
0.0153680385122671
0.0153378898297937
0.0154350918277029
0.0152851087670057
0.0154824931434554
0.0154748418165763
0.0152382600419936
0.0153446126734572
0.0152160037315415
0.0152865854904068
0.0153474565634763
0.0154544138544192
0.0155480826359923
0.0154501650977857
0.0153320336216763
0.015422082307645
0.0154221134573043
0.015264288201882
0.0154703619877613
0.0153845331505751
0.0153110843379508
0.0153563389354158
0.0153901067178206
0.0153647281060018
0.0155110988964011
0.0153193061829599
0.0153897492053375
0.0153460402098969
0.0154619941408614
0.0153795501394946
0.0153933879110224
0.0153740822047145
0.0153523989586679
0.0155152177220979
0.0153744643012173
0.0154143363166334
0.0153638142008024
0.0153705850531921
0.0153415028811251
0.0153012041745827
0.0154157389252203
0.0153691268843413
0.0154318024540666
0.0153277009014584
0.0153829052632391
0.0152718775141837
0.0152557214605328
0.0153228388255109
0.015452315254091
0.0153578549718726
0.0153946142344954
0.0152500495523927
0.0152656781161818
0.0153596212982462
0.0155380459048331
0.0154724085813305
0.0153650647271202
0.0153355266577066
0.015575020526721
0.0152707234396724
0.015269182907135
0.0153321181946424
0.0155290495498992
0.0154332081305028
0.0154471592692124
0.0153899662277423
0.015353077613379
0.0153686094949483
0.015408231955064
0.015520870717289
0.0154297452745144
0.0154426668801208
0.0155098954409011
0.0153011999863114
0.0153901133163919
0.0154352942699331
0.0152643508992433
0.0154181571154076
0.0155163526145902
0.015333116929701
0.0153846112280596
0.015491279577067
0.0154423013621086
0.0155282872627833
0.0155688136129016
0.0154854489851915
0.0154582821610365
0.0152663664958019
0.0155027490584043
0.0153088562080846
0.0154639461593384
0.0156640760207539
0.0154163686788506
0.0153151360020059
0.0155286239981029
0.0153462133774791
0.0153170728080198
0.0153874489454393
0.0154364199073634
0.0154716251968263
0.0153486972475577
0.0153295762921538
0.0154394112023166
0.0153206869633153
0.0153441314936467
0.0153946670222238
0.0154207203414972
0.0154760015602017
0.0154203558732847
0.0154724977653128
0.0153649122358049
0.015339879938071
0.0154396592091398
0.0154794613132575
0.0153867596131276
0.0154255190976445
0.0154862201336583
0.0152685469588249
0.0154693201747122
0.0153571085162996
0.0153657317279331
0.0153974657980761
0.0154369010540114
0.015333156867372
0.0153493778631318
0.0153977168799915
0.0153826110644147
0.0154718190725701
0.0153693402264435
0.0153580865603066
0.0154739456123819
0.0153902950518132
0.0153529448975031
0.0153900552649273
0.0153160072528833
0.0153721094767096
0.0153949534052882
0.0154311766640428
0.0153442540672646
0.0154745430385472
0.0155390031455003
0.0152825690105732
0.0154164827855285
0.0155171925797875
0.0153274221362441
0.0153660776273673
0.015328806128308
0.0155416877385443
0.0153862160747716
0.0154336670064506
0.0155021487069397
0.0153505143882071
0.0154278847268156
0.0154437420756668
0.0154324264355071
0.0153588423570753
0.0154719815713604
0.0152983739355833
0.0152958361636538
0.0153891540219772
0.01525974843979
0.0154081254413579
0.0154018289564336
0.015299845659649
0.0153867098517864
0.0154361200235898
0.0154396402899536
0.015426692897208
0.0154694650295602
0.0155081639468118
0.0153485985345562
0.0154139070560195
0.0153522527473016
0.0153386120312432
0.0153663940773329
0.0153910656608561
0.0153746918738852
0.0154029273308656
0.0155326072027817
0.0153878109437757
0.0153433565219509
0.0153967485422773
0.0154313318496569
0.0153792698268815
0.0152237101372656
0.0153863791807891
0.015369774507369
0.0153202862357237
0.0152842008974043
0.0154394434225816
0.0154287997408685
0.0153786515996442
0.0153735965645316
0.0154108541232225
0.0154411333333485
0.0152133172294919
0.0153499489141381
0.0153339709076201
0.0153262513193542
0.0154346909237538
0.0154400042440078
0.0153826221966237
0.0155571109872823
0.0154590183025518
0.0154904741140976
0.0154291264026597
0.0152574477008453
0.0153030025639981
0.0154916955208723
0.0154874072106439
0.0154981568924261
0.0152369735224236
0.0153673466846673
0.0153369358476813
0.0154377198613702
0.015352139114615
0.0153649218357558
0.015292974471764
0.0153639126682257
0.0153487418992805
0.0154462673978666
0.0154419323120831
0.0155900930205303
0.0154804040694228
0.0153538388611773
0.0154591187305761
0.0155063625987418
0.0154822961993412
0.0154215747718167
0.0154832103406007
0.0154997952450769
0.0153409154181154
0.0154504245249498
0.0153563459963258
0.0153285396389453
0.0155445032678365
0.0153668928792245
0.0153381188271547
0.0153725971283895
0.0152948725592817
0.0153609596196106
0.0154808573812034
0.0154383090122651
0.0154127612129326
0.0154122304654471
0.015548219833932
0.0154381657165453
0.0153500540074899
0.0152950659570446
0.015357315812746
0.0154942110888229
0.0153833400208174
0.0152860358576218
0.0153450340002855
0.0153515026977638
0.0154367967913431
0.0155484591881606
0.0153774274999526
0.0153398470002523
0.0151627636038942
0.0154047422166485
0.0153908027443799
0.0152541824952354
0.0154978599591728
0.0153033711748156
0.0154226325873393
0.0153537095532219
0.015284667148537
0.0153932735804167
0.0153622860321461
0.0153332835795745
0.0154292687820811
0.0154460006456858
0.0153928549709982
0.0153545940578734
0.015425588420655
0.0154801157881365
0.0153711478002369
0.0154204265786988
0.0154093907676471
0.0154544589766512
0.015501631917666
0.0153508182971335
0.015479997577973
0.0152422642404515
0.0152727135492784
0.0153285392924996
0.0154174089619268
0.0153232775840534
0.0152853710159034
0.015390646340497
0.0152907130467167
0.0152626951317404
0.0153995389682184
0.0153630245095932
0.0153677083911483
0.0154073544883959
0.0154601051410997
0.0154382711659403
0.0153658778746851
0.0154353196813485
0.015625866253587
0.0153291856385934
0.0154882313823347
0.0153413363485193
0.0155311755353768
0.0153037708718497
0.0153571158205448
0.015331606404907
0.0153144802148459
0.0153272853242259
0.0153691715435963
0.0152801854954253
0.0154776110361435
0.015375375126319
0.0156421669619783
0.0155185906042779
0.015512253710608
0.0153190280087114
0.0154173624093455
0.0153520511980599
0.0154769204688587
0.0153210886678857
0.0154793640983856
0.0153851967219436
0.0154332559682037
0.0153183056989305
0.0154412792986798
0.0154521413057863
0.0152228683814128
0.0153491831426477
0.0151762814113802
0.0154046939530978
0.0153540738682671
0.0153522350338639
0.0153819786206141
0.0154254894571045
0.015573508625126
0.0155089052646815
0.0153507811342675
0.0154996690269012
0.0154810277092074
0.0153451372040635
0.0155377478365022
0.0152157854823445
0.0153682945717326
0.0153201264153544
0.015320078566669
0.0152694532602603
0.0154556340883546
0.0153263507037262
0.0152884302255931
0.015407501166776
0.0152869724001517
0.015355391680476
0.0154218659514069
0.0153764685219054
0.0153876646893839
0.0153751412196025
0.0154060877595096
0.0153547152150814
0.0152714700144208
0.0153335050518756
0.0153759256711655
0.0153840994709706
0.0153646902506801
0.0153963200038112
0.015424178302948
0.015503759957351
0.0153805754997731
0.0153815762993898
0.0153890315904658
0.0153741506156595
0.0153559505027315
0.0154071010724245
0.0152419797728675
0.0153278905664898
0.0154802247183185
0.0152380228803482
0.0155219266025062
0.0154642618676444
0.0153457682055213
0.0152490303741795
0.0153050578712775
0.015391767421488
0.0154931638346255
0.0155780231587955
0.0154145926983063
0.0152814486040449
0.0152926508000386
0.0154211167582414
0.0155094183176314
0.0155365814257717
0.0153450381325841
0.0153729581212057
0.0153735241812306
0.0153472643086309
0.0154219982465728
0.0153833184553052
0.0153424813545391
0.015537219238456
0.0153167052712602
0.0153576789613213
0.0154457719500328
0.015371566159784
0.015301922871608
0.0154833390003385
0.015388488347934
0.0154664490338567
0.0153300201667782
0.0153157711133381
0.0154533748098118
0.0153302766734249
0.0152920341020539
0.0154179933325066
0.0153765061109202
0.0155416671210709
0.0153280157419109
0.0154500598767498
0.0152610436998756
0.0153635540404934
0.0153797207219009
0.0154699423288445
0.0154596571164307
0.015370084379475
0.015313166410716
0.0153864801070511
0.0155579521760199
0.0154833418915395
0.0153821539947581
0.0154513818704985
0.0154720149394516
0.0154807303403712
0.0153935219799433
0.0154312178506204
0.0154216262554913
0.015542503584203
0.0154712086994974
0.0153943335599775
0.0154293692787639
0.0154021253926883
0.0153679822882622
0.0154506421254238
0.0153893592271925
0.015211932712138
0.0152527988399201
0.0155169246189082
0.0153172505911051
0.0154319934434163
0.0153892795409893
0.0152943148731737
0.0153066544989464
0.0154524141012983
0.0153346155449423
0.015429420787448
0.0154001774849661
0.015353589592616
0.0154795257686755
0.0155245359648133
0.0153261364265339
0.0154235829469831
0.0153600025988566
0.0155475653273139
0.0153536152463714
0.0154260955738086
0.0155017779473235
0.0154347390099608
0.0152530755671752
0.0154099440831124
0.0153850702198673
0.0151993944685986
0.0153565505319224
0.0153224806778928
0.0153291434349914
0.0152371383067955
0.0152216189989714
0.0153885543218148
0.0155110955238323
0.015445542248957
0.015433507416075
0.0154529192802627
0.0155511413741588
0.0155269545617249
0.0154122331050725
0.015374968520561
0.0154814600095306
0.0154825258142775
0.0153121213633923
0.0154256154452846
0.0154119288953776
0.0153197571702508
0.0152610271096096
0.0152437243811841
0.0155418307188247
0.0154705239712202
0.0153645085908414
0.0154543993489133
0.0155231684268547
0.0154594558942074
0.0154116275093663
0.0154336753315191
0.015376410693717
0.0152879946238511
0.0153619100347594
0.0154707507189279
0.0155095591687394
0.0154491488009248
0.0154617173972971
0.0153777699329935
0.0153683901520844
0.015400673669047
0.0153932265267319
0.0154044583355195
0.0153641374404352
0.0154229021592909
0.0153360621511694
0.0155378044464143
0.0155063373449807
0.0154774226239511
0.0153158525674549
0.0153617918142122
0.0152231800415411
0.0154637996081179
0.0154505933418901
0.0154013323775268
0.0154058841481127
0.0153017720659059
0.0156134110632428
0.0153537476343356
0.0153991693227174
0.0153406549902146
0.0154006655403344
0.0152629896258052
0.0154376227171952
0.0154274013005636
0.0152977856918853
0.0154288953596161
0.0152585962672173
0.0152521313461018
0.0153865214578245
0.0154637884193782
0.0153779516329739
0.0154324685072147
0.0154543682073453
0.0153499708668798
0.0153630282655506
0.0154398665862595
0.0154291194651968
0.0153392485201975
0.0154286881053987
0.0153710798299612
0.015532417057467
0.0154244643623442
0.0152980988716692
0.0155419697031735
0.0152971324186733
0.0153519367516737
0.0154437543770466
0.0153548476118938
0.0153801522993725
0.0153287550310535
0.0153481046637224
0.0155094759334481
0.0155224490068993
0.0153635177451741
0.0152918663035057
0.0154112552059744
0.0154170693318667
0.015515208477485
0.0154832970714533
0.0153836131761823
0.0155120987455029
0.0152478965100573
0.0152128070291627
0.0155353884952792
0.0156513209945052
0.0154096212847561
0.0154140355186983
0.0154269660876565
0.0152498658520576
0.0154557724858304
0.015406974470309
0.0153345323688895
0.0153016645279879
0.0153257833837735
0.0153722313274359
0.0154172201687493
0.0153569627667141
0.0153449982190725
0.0154242748517873
0.0154641303321169
0.0154945813790375
0.0152852758061896
0.0154388579871041
0.0153108030976683
0.015498543305897
0.0153877912810465
0.0154379559886191
0.015370787815593
0.0153290532329688
0.0155458239117289
0.0154183134243403
0.0154052450538914
0.0152865472038093
0.0154475340380061
0.0155026694848224
0.0153593699371219
0.0153506863466289
0.0152412079090235
0.0154933331941933
0.0153862658297156
0.0153497985026685
0.0155442101839755
0.0155021769694133
0.0153224134103288
0.0154329081130672
0.0153909312553922
0.0153774652347303
0.0155074729277946
0.0154234608656085
0.0152960934716879
0.0154284016854356
0.0153375249142954
0.0155188154446577
0.0152875578354958
0.0154008397978328
0.0154372279393772
0.0154533688003262
0.0154468143786174
0.0152197067284189
0.0155353163224738
0.015523892741047
0.0153594146770947
0.0151949246131269
0.0153769034466171
0.0153948562897722
0.0154296598595477
0.0153780391026039
0.0154066580837146
0.015310101669808
0.0152790539601119
0.0153206001295968
0.0152697674181178
0.0153592372471107
0.0154016540766531
0.0155266255592395
0.0154327686649621
0.0154163330715077
0.015312534745082
0.0154552439909449
0.0154244478025177
0.0153298057087257
0.0152836726787476
0.0152772906145271
0.0154394271303766
0.0154053288857428
0.0153630379030257
0.0153972570279025
0.0154605768458994
0.0153838349240473
0.0153115373130726
0.0152771065769551
0.0154256158517782
0.0153301347798066
0.0155245925704283
0.0154291552141728
0.0154192325330968
0.0154549351200074
0.0153792008785482
0.0153204484978253
0.0154146436174573
0.0153304087642952
0.0154288856961361
0.0153786512008396
0.0153744118303753
0.0154711658025944
0.0153756465030143
0.0153966727687055
0.0153763860733071
0.015376921199137
0.0152472863248375
0.0153580292905672
0.0153596912875925
0.0152817827813346
0.0154014389329009
0.0154012600684634
0.0154124046944908
0.0154538544411892
0.0153557777290639
0.0153664393826261
0.0153791948620252
0.0154307313267615
0.0154225870486373
0.0153843224886594
0.0153408674111836
0.015453383617096
0.0154082966607556
0.0153864818045907
0.0153847325245757
0.0155398525764131
0.0154015722288003
0.0154142394720146
0.0153845314591446
0.0153878842641343
0.0154399196821275
0.0154162005319295
0.0155456958439673
0.0153184380398444
0.0154134784158008
0.015426437295904
0.0153138409858553
0.0154325099896912
0.0153350436789603
0.0153065086621268
0.0154864358386068
0.0153932775500493
0.0153436129941711
0.0153730244016385
0.015501719337331
0.0153146542628613
0.0153780677327565
0.0153074161616828
0.0153386759969265
0.0152460333758882
0.0155026217566658
0.0153422780836255
0.0154017771793726
0.0155619365285421
0.0154345374028449
0.0153956799486234
0.01546101031312
0.0155238410314782
0.0154042283919468
0.0153502448388734
0.0153137480580052
0.0154207313238068
0.0155428068019357
0.0153988479404065
0.0155098139573082
0.0153380339502215
0.0153517525114232
0.0154168578766064
0.0154678494333999
0.0155048587961482
0.015439939613664
0.0154147315940231
0.0153415593874102
0.0153238730838514
0.0155272402978135
0.0155710398083997
0.0153361438688644
0.0153589314992903
0.0153012951755976
0.0153520690291797
0.0154761545695003
0.0154647454710595
0.0154966593067207
0.0154171324992351
0.0154137825411413
0.0152349570904501
0.0152607553607525
0.0153617587472227
0.0152633412013161
0.0153592664551196
0.0154320291927613
0.0155156978887282
0.015485460565732
0.0152761675148365
0.0153235370265369
0.015426611976627
0.0154942942064859
0.0153161069319154
0.0153850252049605
0.0153618018098247
0.0154609919482593
0.0153100922467917
0.0154061844569936
0.0153227443555463
0.0152774847203213
0.0155262739403556
0.0153276885055803
0.0154677890110746
0.0154004220915551
0.0154574766820281
0.0153635519347575
0.0154995468156328
0.0154664899167704
0.0154623445270531
0.015444532447615
0.0153768957831692
0.0153695880531108
0.0154765204196932
0.0154660931373517
0.0152968774394763
0.0154034813410337
0.0154111795403296
0.0153918770439353
0.0154723365663634
0.0153792545965263
0.015440650981037
0.0153549152518689
0.0154998342313036
0.0154800537922345
0.0153316759104913
0.0153304998345199
0.0153512329571969
0.0153353427004449
0.0154273933787489
0.0154030237797317
0.015466117043299
0.0155089538431988
0.0153506533440064
0.0153982359188697
0.0153238621217146
0.0151908225021118
0.0154604747411903
0.0153784877018398
0.0154785052306967
0.0153947271114309
0.0153957484707667
0.0154535015642313
0.015343306682374
0.015415341686933
0.0153737155728776
0.0155017593793748
0.0153531649285252
0.0154237691819389
0.0154330624212306
0.0154142372939445
0.015391865931525
0.0154468928893219
0.0155661732803175
0.015441148983607
0.0154016149813308
0.0154125882068017
0.0154129624548814
0.0153715638315714
0.0154001682792215
0.0153965054958705
0.0155027944590143
0.0152937537896631
0.0153755285635604
0.0152280676248077
0.0154008019619261
0.0153492674837787
0.0154334850337959
0.0154784013625862
0.0153211900072576
0.01547701071483
0.0153964183028552
0.0154956409814132
0.0154015951989173
0.015384844602483
0.0152769710003097
0.0153671097352639
0.0155075384864941
0.0155250024997698
0.0154922625233353
0.0154877030713482
0.0154310796211582
0.0154934641181861
0.0152557159345546
0.0152695460034558
0.0155086369313851
0.0153537142386964
0.0152767977624211
0.0153186283827362
0.0155152184771121
0.0152954353556331
0.0155339094619585
0.015585349171525
0.0152933725375025
0.0153183936273092
0.0152750096372558
0.0154017506742896
0.015426944496678
0.0153799942398172
0.0154364872191243
0.0152822978772263
0.0154362068240731
0.015369916930732
0.0153685708779913
0.0153700865775704
0.0153667869109351
0.0154631189599475
0.0154929678841604
0.0152980601222313
0.0153279599362117
0.0153997858833543
0.0153367247195028
0.0154867758592793
0.0154141915975027
0.0153753346129552
0.0153160269965212
0.0152769367937845
0.0154711001237881
0.0154254271697337
0.015377145075525
0.0154355825105817
0.0154100586044795
0.0153057541784265
0.0153399523377107
0.0152216648414044
0.0154321158901484
0.015496265304913
0.0153706742856466
0.0154556605854809
0.0154280897201469
0.0155041567622487
0.0153259587427858
0.0153122496258322
0.0153646218419503
0.0154428007254694
0.0154328566716009
0.0154265316002248
0.0153386635770678
0.015484028395726
0.0153838244146142
0.0155622584843062
0.0153789413238082
0.0153477068832777
0.0153896795341471
0.0154190442169693
0.0154993882151392
0.015406908514685
0.0153671756637187
0.0153653960157111
0.015305958623056
0.015371028665115
0.0155214877111833
0.0153059203335794
0.0153649896139508
0.0154593117765006
0.0152450623941921
0.0153387992200464
0.0154663250220024
0.0153310816860597
0.0154255616122303
0.0154627500405927
0.0155595378288807
0.0154636338811269
0.0152403308221024
0.0155400892816881
0.0154630190928215
0.0152836449825279
0.0155616823216786
0.0153595329701864
0.0154066420395469
0.0154370164744486
0.0154446683895145
0.0153599330122468
0.0153914854224942
0.015422860226986
0.015342991087469
0.0154709911587529
0.0153282308194392
0.0154676064765191
0.0154537640580928
0.0153491710540617
0.0154095133107349
0.0153283091403861
0.0155177438985969
0.0153451806469506
0.0154915470507921
0.0152598786036479
0.0153943835288241
0.0154457629994252
0.0153848508730404
0.0154041369803114
0.0153809494515503
0.0155351889724119
0.0154572709904108
0.0152618314967388
0.0153740586043878
0.0153758042347918
0.0152437649913032
0.0153684378981663
0.0154083974457727
0.0153110478873322
0.015458588068929
0.0154182193684864
0.0153665281680933
0.0153953227992266
0.0153622795935723
0.0154324039856614
0.0155723596203094
0.0153265888587401
0.0153809506497855
0.0154240795754762
0.0154006481352463
0.0155280069114111
0.0152650559889133
0.0153086108417069
0.0154403946318645
0.0154816417072275
0.015501055276538
0.0152415413716865
0.0151815884010949
0.0153696283097663
0.0153493150832598
0.0153202483255102
0.015270565989626
0.015378897865632
0.015497994005826
0.0153933488705611
0.0153492089350792
0.0155015229334308
0.0153375693417092
