0.00033496680287539715
0.00028168995061030044
0.00033387204647579785
0.00032428928390870054
0.00027770450406850236
0.0003222543250249975
0.0003197966040087985
0.00033906789910830015
0.0003348137375893019
0.00028462593858820037
0.0003249011334207977
0.00031189109031379975
0.00033036177471809994
0.0003274332971359012
0.0002809761386125993
0.00030901113104970027
0.000325197321131402
0.0002981609651688012
0.00032318495239570116
0.0003261201140583002
0.00028874684872389964
0.00032386679141670205
0.00028575163569900114
0.00032214648146670216
0.00029381253268469937
0.0002732150077154015
0.00032496274224599886
0.0003298573427287996
0.000284924202123598
0.00031968366201410095
0.00032247155295679966
0.000307852135298603
0.000341682544607199
0.0002862482924519995
0.00032718028973630076
0.00033024319618790016
0.00032432480445429915
0.0002999356474609992
0.0002756152540416973
0.000284185422452201
0.0003119347676946993
0.0003277250384363002
0.0002746076223720008
0.0003229603201567975
0.000325757345869801
0.00028226012236260214
0.00033075805640750064
0.0003247723687944022
0.0002823339218952989
0.000324152298357
0.00031812417868469847
0.0002734907347125004
0.0002810361478019982
0.0002842818018733012
0.00033346654029160067
0.0003281286514142008
0.00029871897979689976
0.0003245634747469986
0.00031360747454270074
0.0002861263872887994
0.00028097245556860106
0.0003275169988394
0.0003299511000108002
0.0003200057552756007
0.00028723140746000214
0.0003285920722025
0.00028550304819729977
0.00027787112691569915
0.00031810462525240155
0.0003209782305133996
0.00032787682319890266
0.00028595696506870244
0.0003311443443300005
0.0002804851952078989
0.00033267616320320145
0.00032340244922600056
0.000327891137942099
0.0003136954612190969
0.0002760141223899018
0.0003230624315480983
0.0003200429302682023
0.0003188146359078027
0.0002959438729127975
0.00033154760628329935
0.00027719750451949896
0.00033831982592399945
0.0003407562201276984
0.0002870150678964019
0.0003234717999528007
0.0002852511169397984
0.00032270771675600024
0.00027505353151080145
0.0002833585510760017
0.00033444979586100265
0.00033087052374420126
0.00030806529248780107
0.0002842297880166003
0.000334857318504498
0.00031647369006739673
0.00032677749049369806
0.0002899132774631004
0.00028627534953440045
0.00028268110423569984
0.00031447164970310054
0.0003202289523358999
0.0003269533855012989
0.00032562214505970147
0.00028366253010119954
0.0003216798187498024
0.00034904972761629766
0.00033036672091869834
0.0002815487552015987
0.0002906802631498992
0.0003390293802377001
0.00032649290101539885
0.00032861880544140035
0.0002863639600951019
0.0003213856709502992
0.0003142074105737004
0.0002812081181934982
