-2.1840051764596483e-6
-2.1840051764596483e-6
-2.1538876468097518e-6
-2.1840051764596483e-6
-2.1840051764596483e-6
-2.038128079450037e-6
-1.8497507593600096e-6
-2.1840051764596483e-6
-2.1840051764596483e-6
-2.1840051764596483e-6
-2.1840051764596483e-6
-1.669189993339787e-6
-2.1840051764596483e-6
-2.066238301380585e-6
-2.1840051764596483e-6
-2.1840051764596483e-6
-2.0545518418799494e-6
-2.1840051764596483e-6
-2.1840051764596483e-6
-2.1840051764596483e-6
-2.1840051764596483e-6
-2.1840051764596483e-6
-2.1840051764596483e-6
-2.2557686264398913e-6
-2.1840051764596483e-6
-2.1840051764596483e-6
-2.2883919777701503e-6
-2.1840051764596483e-6
-2.1840051764596483e-6
-2.1840051764596483e-6
-2.1840051764596483e-6
-2.1840051764596483e-6
-2.1840051764596483e-6
-2.1840051764596483e-6
-2.1840051764596483e-6
-2.1840051764596483e-6
-2.1840051764596483e-6
-2.1840051764596483e-6
-2.1840051764596483e-6
-2.1840051764596483e-6
-2.0709321730200472e-6
-2.1840051764596483e-6
-2.1840051764596483e-6
-2.1840051764596483e-6
-2.1840051764596483e-6
-2.1840051764596483e-6
-2.1840051764596483e-6
-2.1840051764596483e-6
-2.2302131669005645e-6
-2.1840051764596483e-6
-2.1840051764596483e-6
-2.1586025733700415e-6
-2.1840051764596483e-6
-1.961907550230256e-6
-2.1840051764596483e-6
-2.1773343916202045e-6
-2.239091461749866e-6
-2.1840051764596483e-6
-2.1704264466402765e-6
-2.1840051764596483e-6
-2.1840051764596483e-6
-2.1840051764596483e-6
-2.1840051764596483e-6
-2.1840051764596483e-6
-2.1840051764596483e-6
-2.1840051764596483e-6
-1.9677972217793313e-6
-2.1840051764596483e-6
-2.1840051764596483e-6
-2.1840051764596483e-6
-2.1840051764596483e-6
-2.1840051764596483e-6
-2.1563108003001125e-6
-2.1840051764596483e-6
-2.1840051764596483e-6
-2.220459361369949e-6
-2.1840051764596483e-6
-2.1840051764596483e-6
-2.1840051764596483e-6
-2.1840051764596483e-6
-2.068511849739711e-6
-2.1840051764596483e-6
-2.157801268059742e-6
-2.0400195999293463e-6
-2.1840051764596483e-6
-2.1840051764596483e-6
-2.1840051764596483e-6
-1.254910053970562e-6
-2.1840051764596483e-6
-2.1840051764596483e-6
-2.1840051764596483e-6
-2.1840051764596483e-6
-2.1840051764596483e-6
-2.1840051764596483e-6
-2.1033361920202304e-6
-2.1840051764596483e-6
-2.1840051764596483e-6
-2.1840051764596483e-6
-2.097551539830683e-6
-1.9599619318702577e-6
-2.1840051764596483e-6
-2.1840051764596483e-6
-2.1840051764596483e-6
-2.1787202751201787e-6
-2.1909055078102313e-6
-2.1840051764596483e-6
-2.0888801833202422e-6
-2.1840051764596483e-6
-2.0211291866297637e-6
-2.1840051764596483e-6
-2.1840051764596483e-6
-2.1840051764596483e-6
-2.1840051764596483e-6
-2.1840051764596483e-6
-2.1840051764596483e-6
-2.1840051764596483e-6
-2.1840051764596483e-6
-2.1840051764596483e-6
-2.1840051764596483e-6
-2.1840051764596483e-6
-2.1840051764596483e-6
-2.2059851943400863e-6
-2.1840051764596483e-6
-2.1840051764596483e-6
-2.2500704097193694e-6
-2.1840051764596483e-6
-2.1840051764596483e-6
-2.1840051764596483e-6
-2.1840051764596483e-6
-2.1840051764596483e-6
-2.220071029230067e-6
-2.1840051764596483e-6
-2.1796362792503646e-6
-2.154440235899689e-6
-2.1840051764596483e-6
-2.1840051764596483e-6
-2.1840051764596483e-6
-2.1703748181601396e-6
-1.6863581041096087e-6
-2.1840051764596483e-6
-2.1840051764596483e-6
-2.1840051764596483e-6
-2.1840051764596483e-6
-2.1840051764596483e-6
-2.1840051764596483e-6
-2.1840051764596483e-6
-2.1840051764596483e-6
-2.1840051764596483e-6
-2.1840051764596483e-6
-2.2111707831994412e-6
-2.1840051764596483e-6
-2.1840051764596483e-6
-2.183434049729538e-6
-2.1840051764596483e-6
-2.1840051764596483e-6
-2.1840051764596483e-6
-2.1840051764596483e-6
-2.1840051764596483e-6
-2.1840051764596483e-6
-2.1840051764596483e-6
-2.1840051764596483e-6
-2.1840051764596483e-6
-2.1859626294197868e-6
-2.1002665009199617e-6
-2.1840051764596483e-6
-2.1840051764596483e-6
-2.1840051764596483e-6
-2.0497925728498595e-6
-2.1840051764596483e-6
-2.1840051764596483e-6
-2.1840051764596483e-6
-2.1840051764596483e-6
-2.1840051764596483e-6
-2.1840051764596483e-6
-2.1840051764596483e-6
-2.1840051764596483e-6
-2.1840051764596483e-6
-2.1840051764596483e-6
-2.1840051764596483e-6
-2.1840051764596483e-6
-2.1840051764596483e-6
-2.1840051764596483e-6
-2.168365061799675e-6
-2.201316344199386e-6
-2.1840051764596483e-6
-2.1840051764596483e-6
-2.182782032659862e-6
-2.1767512226999325e-6
-2.1840051764596483e-6
-2.1840051764596483e-6
-2.1840051764596483e-6
-2.1840051764596483e-6
-2.1840051764596483e-6
-2.1840051764596483e-6
-2.064609685199434e-6
-2.1840051764596483e-6
-2.1840051764596483e-6
-2.1840051764596483e-6
-2.1840051764596483e-6
-2.1840051764596483e-6
-2.1840051764596483e-6
-2.1840051764596483e-6
-2.169959688799565e-6
-2.1840051764596483e-6
-2.093324893510419e-6
-2.1840051764596483e-6
-2.1840051764596483e-6
-2.1840051764596483e-6
-2.209945574820245e-6
-2.1840051764596483e-6
-2.17059657385988e-6
-2.1840051764596483e-6
-2.1840051764596483e-6
-2.1746608563398898e-6
-2.1840051764596483e-6
-2.1840051764596483e-6
-2.1840051764596483e-6
-2.1840051764596483e-6
-2.1840051764596483e-6
-2.1345451262895845e-6
-2.1840051764596483e-6
-2.1840051764596483e-6
-2.1840051764596483e-6
-2.1840051764596483e-6
-2.1840051764596483e-6
-2.1840051764596483e-6
-2.176807404640109e-6
-2.202145992879871e-6
-2.1840051764596483e-6
-2.176255143510053e-6
-2.283490207219928e-6
-2.1840051764596483e-6
-2.1840051764596483e-6
-2.1840051764596483e-6
-2.1840051764596483e-6
-2.1840051764596483e-6
-2.1840051764596483e-6
-2.18211143993962e-6
-2.1840051764596483e-6
-2.1840051764596483e-6
-2.1208929896097614e-6
-2.1840051764596483e-6
-2.1840051764596483e-6
-2.1840051764596483e-6
-2.1840051764596483e-6
-2.1840051764596483e-6
-2.1840051764596483e-6
-2.113748826110262e-6
-2.1840051764596483e-6
-2.1840051764596483e-6
-2.1840051764596483e-6
-2.1840051764596483e-6
-2.17278457387976e-6
-2.1840051764596483e-6
-2.1840051764596483e-6
-2.1840051764596483e-6
-2.1840051764596483e-6
-2.1840051764596483e-6
-2.1840051764596483e-6
-2.1840051764596483e-6
-2.1840051764596483e-6
-2.1840051764596483e-6
-2.1840051764596483e-6
-2.1840051764596483e-6
-2.1840051764596483e-6
-2.1840051764596483e-6
-2.036071777259882e-6
-2.1840051764596483e-6
-2.1840051764596483e-6
-2.1840051764596483e-6
-2.2013042885599132e-6
-2.1840051764596483e-6
-2.1840051764596483e-6
-2.1840051764596483e-6
-1.896556638819602e-6
-2.1840051764596483e-6
-2.1840051764596483e-6
-2.1840051764596483e-6
-2.1840051764596483e-6
-2.1840051764596483e-6
-2.1840051764596483e-6
-2.120537181909618e-6
-2.1840051764596483e-6
-2.01655573602022e-6
-2.1840051764596483e-6
-2.1781766370602626e-6
-2.1840051764596483e-6
-1.8005073473496142e-6
-2.1840051764596483e-6
-2.1840051764596483e-6
-1.8014765071705865e-6
-1.886930771570483e-6
-2.1840051764596483e-6
-2.1270387687705172e-6
-2.1840051764596483e-6
-2.101897777440076e-6
-2.1840051764596483e-6
-2.1840051764596483e-6
-2.1840051764596483e-6
-2.291588977989395e-6
-2.1840051764596483e-6
-2.1614196646100106e-6
-2.1840051764596483e-6
-2.1840051764596483e-6
-2.1208721083200086e-6
-2.1840051764596483e-6
-2.1840051764596483e-6
-2.1840051764596483e-6
-2.1840051764596483e-6
-2.1840051764596483e-6
-2.1840051764596483e-6
-1.6457522055207327e-6
-2.1840051764596483e-6
-2.1840051764596483e-6
-2.1840051764596483e-6
-2.1840051764596483e-6
-2.1840051764596483e-6
-2.1840051764596483e-6
-2.1840051764596483e-6
-2.1840051764596483e-6
-2.1840051764596483e-6
-2.1840051764596483e-6
-2.1840051764596483e-6
-2.1840051764596483e-6
-2.1840051764596483e-6
-2.2434645840195555e-6
-2.1840051764596483e-6
-1.9231397557903027e-6
-2.1840051764596483e-6
-2.1840051764596483e-6
-1.7531822406593664e-6
-2.1840051764596483e-6
-2.1840051764596483e-6
-2.1840051764596483e-6
-2.1840051764596483e-6
-2.1840051764596483e-6
-2.1908499762196207e-6
-2.1840051764596483e-6
-2.1840051764596483e-6
-2.1840051764596483e-6
-2.1840051764596483e-6
-2.1840051764596483e-6
-2.1840051764596483e-6
-2.1840051764596483e-6
-2.1840051764596483e-6
-2.308804593520626e-6
-2.1840051764596483e-6
-2.1840051764596483e-6
-2.1642276121598344e-6
-2.1840051764596483e-6
-2.1609495662695474e-6
-2.1840051764596483e-6
-2.1840051764596483e-6
-2.1840051764596483e-6
-2.1840051764596483e-6
-2.305147706680409e-6
-2.1840051764596483e-6
-2.171096099690302e-6
-2.1840051764596483e-6
-2.1840051764596483e-6
-2.1840051764596483e-6
-2.1840051764596483e-6
-2.1840051764596483e-6
-2.168023388329776e-6
-2.1840051764596483e-6
-2.1840051764596483e-6
-2.1840051764596483e-6
-2.1840051764596483e-6
-2.004178317980068e-6
-2.03439755768961e-6
-2.1840051764596483e-6
-1.6272616769003392e-6
-2.165797370670512e-6
-2.1840051764596483e-6
-2.1840051764596483e-6
-2.0501589511300045e-6
-2.1840051764596483e-6
-2.037882640800598e-6
-2.1840051764596483e-6
-1.763689335700612e-6
-2.1840051764596483e-6
-2.1840051764596483e-6
-2.1840051764596483e-6
-2.1840051764596483e-6
-2.1107340523697157e-6
-2.167534925700057e-6
-2.1840051764596483e-6
-2.1840051764596483e-6
-2.1840051764596483e-6
-2.1840051764596483e-6
-2.1840051764596483e-6
-2.1840051764596483e-6
-2.1840051764596483e-6
-2.6039534007701176e-6
-2.1840051764596483e-6
-2.0494637402003815e-6
-2.1840051764596483e-6
-2.1840051764596483e-6
-2.1840051764596483e-6
-2.1840051764596483e-6
-2.1840051764596483e-6
-2.0837838517603555e-6
-2.1840051764596483e-6
-1.9227102592807646e-6
-2.1840051764596483e-6
-2.1840051764596483e-6
-2.1840051764596483e-6
-2.1840051764596483e-6
-2.1723866363695596e-6
-2.1840051764596483e-6
-2.1840051764596483e-6
-1.998264968300356e-6
-2.1840051764596483e-6
-1.9906473559894514e-6
-2.1840051764596483e-6
-2.1840051764596483e-6
-1.6954457051797031e-6
-2.1840051764596483e-6
-2.1840051764596483e-6
-2.1840051764596483e-6
-2.1840051764596483e-6
-2.2364200497095033e-6
-2.1840051764596483e-6
-2.1840051764596483e-6
-2.1068825392595372e-6
-2.1840051764596483e-6
-2.1840051764596483e-6
-2.1840051764596483e-6
-2.1735536347503026e-6
-2.1464438876399317e-6
-2.1840051764596483e-6
-2.1840051764596483e-6
-2.175792384270271e-6
-2.1840051764596483e-6
-2.152523932340278e-6
-2.1840051764596483e-6
-2.1682296935795695e-6
-1.9030222687997991e-6
-2.1840051764596483e-6
-2.144145289879884e-6
-2.1840051764596483e-6
-2.1607295090401643e-6
-2.183332113010056e-6
-2.1840051764596483e-6
-2.179769755489974e-6
-2.1840051764596483e-6
-2.1840051764596483e-6
-2.1791935551299796e-6
-2.1840051764596483e-6
-2.1840051764596483e-6
-2.3323789543200357e-6
-2.1801974040497676e-6
-2.1840051764596483e-6
-2.1840051764596483e-6
-2.178882806290125e-6
-2.1840051764596483e-6
-2.1840051764596483e-6
-2.1840051764596483e-6
-2.1840051764596483e-6
-2.1922485606900785e-6
-2.1840051764596483e-6
-1.3869330166794633e-6
-2.1840051764596483e-6
-2.20600151016985e-6
-2.153951134879588e-6
-2.1840051764596483e-6
-2.1840051764596483e-6
-2.1840051764596483e-6
-2.1840051764596483e-6
-2.1840051764596483e-6
-2.094549226139622e-6
-2.1840051764596483e-6
-2.1840051764596483e-6
-2.1840051764596483e-6
-2.1840051764596483e-6
-1.8123692222503374e-6
-2.1840051764596483e-6
-2.1840051764596483e-6
-2.109047695019947e-6
-2.1840051764596483e-6
-2.1840051764596483e-6
-2.1840051764596483e-6
-2.1840051764596483e-6
-2.1840051764596483e-6
-2.1840051764596483e-6
-2.1644509534896397e-6
-2.1840051764596483e-6
-2.1840051764596483e-6
-2.1840051764596483e-6
-2.1840051764596483e-6
-2.1840051764596483e-6
-2.1840051764596483e-6
-2.1840051764596483e-6
-2.1840051764596483e-6
-2.1840051764596483e-6
-2.1840051764596483e-6
-2.1840051764596483e-6
-2.1840051764596483e-6
-2.1840051764596483e-6
-2.1840051764596483e-6
-2.2039076437302407e-6
-2.1840051764596483e-6
-2.1840051764596483e-6
-2.1840051764596483e-6
-2.1840051764596483e-6
-1.987456770959767e-6
-2.1840051764596483e-6
-2.144415126780104e-6
-2.1840051764596483e-6
-2.1840051764596483e-6
-2.1352443407198635e-6
-2.1840051764596483e-6
-2.1840051764596483e-6
-2.1840051764596483e-6
-2.1840051764596483e-6
-2.1662553619196043e-6
-2.1840051764596483e-6
-2.0844055784599927e-6
-2.1840051764596483e-6
-2.1406824372302916e-6
-2.1624712841800814e-6
-2.1840051764596483e-6
-2.1840051764596483e-6
-2.1840051764596483e-6
-2.1840051764596483e-6
-2.1840051764596483e-6
-2.1840051764596483e-6
-2.1840051764596483e-6
-2.1840051764596483e-6
-2.1840051764596483e-6
-2.1840051764596483e-6
-2.1840051764596483e-6
-1.7500904118594382e-6
-2.1840051764596483e-6
-2.1421373900300245e-6
-2.110760497689608e-6
-2.1840051764596483e-6
-2.1840051764596483e-6
-2.1840051764596483e-6
-2.1840051764596483e-6
-2.1895972276099115e-6
-2.1581878286497033e-6
-2.1840051764596483e-6
-2.1840051764596483e-6
-2.1840051764596483e-6
-2.1840051764596483e-6
-2.1840051764596483e-6
-2.1840051764596483e-6
-2.1840051764596483e-6
-2.1840051764596483e-6
-2.227202636129709e-6
-2.1840051764596483e-6
-2.1840051764596483e-6
-1.5110651554097604e-6
-2.1840051764596483e-6
-2.1840051764596483e-6
-2.1840051764596483e-6
-2.1840051764596483e-6
-2.227823062999311e-6
-2.1840051764596483e-6
-2.1840051764596483e-6
-2.1764103500000742e-6
-2.1840051764596483e-6
-2.1840051764596483e-6
-2.232141658840489e-6
-2.1840051764596483e-6
-1.4931683989501468e-6
-2.1840051764596483e-6
-2.1840051764596483e-6
-2.005810986980064e-6
-2.1840051764596483e-6
-2.1840051764596483e-6
-2.087503414369661e-6
-2.1840051764596483e-6
-2.1840051764596483e-6
-2.1840051764596483e-6
-2.1840051764596483e-6
-2.1840051764596483e-6
-1.9952101737406858e-6
-2.1840051764596483e-6
-2.1840051764596483e-6
-2.1813209543095416e-6
-2.1840051764596483e-6
-2.216370023699378e-6
-2.1840051764596483e-6
-2.1840051764596483e-6
-2.169688952239658e-6
-2.1840051764596483e-6
-2.1840051764596483e-6
-2.1840051764596483e-6
-1.8654572523698482e-6
-2.1840051764596483e-6
-2.1840051764596483e-6
-2.1840051764596483e-6
-2.1840051764596483e-6
-2.1840051764596483e-6
-2.1840051764596483e-6
-2.1840051764596483e-6
-2.1840051764596483e-6
-2.1840051764596483e-6
-2.1840051764596483e-6
-2.1840051764596483e-6
-2.235211574199737e-6
-2.1840051764596483e-6
-2.1840051764596483e-6
-2.1840051764596483e-6
-2.1840051764596483e-6
-2.1840051764596483e-6
-2.1840051764596483e-6
-2.1840051764596483e-6
-2.1840051764596483e-6
-2.1840051764596483e-6
-2.1840051764596483e-6
-2.1840051764596483e-6
-2.1840051764596483e-6
-2.1840051764596483e-6
-2.1840051764596483e-6
-2.1840051764596483e-6
-2.1840051764596483e-6
-2.1840051764596483e-6
-2.1840051764596483e-6
-2.123702796139569e-6
-2.1840051764596483e-6
-2.1840051764596483e-6
-2.1840051764596483e-6
-2.1840051764596483e-6
-2.1840051764596483e-6
-2.1840051764596483e-6
-2.1840051764596483e-6
-2.1840051764596483e-6
-2.181852974609752e-6
-2.1840051764596483e-6
-2.1840051764596483e-6
-2.1840051764596483e-6
-2.1840051764596483e-6
-2.1285636972500147e-6
-2.1840051764596483e-6
-2.1840051764596483e-6
-2.0656133902499305e-6
-2.1840051764596483e-6
-2.1840051764596483e-6
-2.1840051764596483e-6
-2.1840051764596483e-6
-1.626924508300008e-6
-2.1840051764596483e-6
-1.7243122283402273e-6
-2.1840051764596483e-6
-2.1840051764596483e-6
-2.1840051764596483e-6
-2.1840051764596483e-6
-2.1840051764596483e-6
-2.112397951739564e-6
-2.1840051764596483e-6
-2.1840051764596483e-6
-2.1840051764596483e-6
-2.1840051764596483e-6
-2.1840051764596483e-6
-2.1840051764596483e-6
-1.1918337150902333e-6
-2.1825310720802876e-6
-2.0636744843495133e-6
-2.1840051764596483e-6
-2.1840051764596483e-6
-2.1840051764596483e-6
-2.0158702158101782e-6
-2.1840051764596483e-6
-2.1840051764596483e-6
-2.1840051764596483e-6
-1.9312720682404874e-6
-2.1840051764596483e-6
-2.1840051764596483e-6
-2.1840051764596483e-6
-2.1825426790595542e-6
-2.1840051764596483e-6
-2.1840051764596483e-6
-2.1668252900902338e-6
-2.1840051764596483e-6
-2.1840051764596483e-6
-2.1840051764596483e-6
-2.1840051764596483e-6
-1.8785255631601286e-6
-2.1840051764596483e-6
-2.1840051764596483e-6
-2.081119194859843e-6
-2.1827658224903707e-6
-2.1840051764596483e-6
-2.1840051764596483e-6
-2.1840051764596483e-6
-2.1840051764596483e-6
-2.1840051764596483e-6
-2.1840051764596483e-6
-2.1840051764596483e-6
-2.1840051764596483e-6
-1.410076039850064e-6
-2.1840051764596483e-6
-2.1840051764596483e-6
-2.1840051764596483e-6
-2.1840051764596483e-6
