0 0
5 0
17.5 0
20 0
20 2
17.5 2
5 2
0 2
20 14
17.5 14
15 14
0.624999999998471 0
1.24999999999638 0
1.87499999999439 0
2.4999999999929 0
3.12499999999479 0
3.74999999999668 0
4.37499999999895 0
5.78124999999522 0
6.56249999999085 0
7.34374999998519 0
8.12499999998036 0
8.9062499999747 0
9.68749999997007 0
10.4687499999644 0
11.2499999999625 0
12.0312499999692 0
12.8124999999769 0
13.593749999979 0
14.3749999999831 0
15.1562499999892 0
15.9374999999948 0
16.7187500000004 0
17.8125000000023 0
18.1249999999937 0
18.4374999999866 0
18.7499999999874 0
19.0624999999926 0
19.3749999999937 0
19.6874999999971 0
20 0.249999999999548
20 0.499999999998817
20 0.74999999999808
20 0.999999999997344
20 1.24999999999801
20 1.49999999999867
20 1.74999999999934
19.6874999999977 2
19.3750000000063 2
19.0625000000134 2
18.7500000000126 2
18.4375000000074 2
18.1250000000063 2
17.8125000000029 2
17.5 1.75000000000005
17.5 1.50000000000083
17.5 1.2500000000019
17.5 1.00000000000266
17.5 0.750000000001996
17.5 0.50000000000133
17.5 0.250000000000665
17.1093749999998 2
16.7187500000006 2
16.3281250000022 2
15.9375000000052 2
15.5468750000081 2
15.1562500000111 2
14.7656250000135 2
14.3750000000161 2
13.984375000018 2
13.5937500000202 2
13.2031250000227 2
12.8125000000254 2
12.4218750000281 2
12.0312500000301 2
11.6406250000312 2
11.2500000000323 2
10.8593750000319 2
10.4687500000311 2
10.0781250000302 2
9.68750000003077 2
9.29687500003017 2
8.90625000002956 2
8.51562500002899 2
8.12500000002828 2
7.73437500002378 2
7.3437500000196 2
6.95312500001658 2
6.5625000000134 2
6.17187500000968 2
5.78125000000676 2
5.39062500000346 2
5 1.75000000000005
5 1.50000000000083
5 1.2500000000019
5 1.00000000000266
5 0.750000000001996
5 0.50000000000133
5 0.250000000000665
4.71520904896343 2
4.43041809792691 2
4.14562714689154 2
3.86083619585588 2
3.57604524482039 2
3.29125429378502 2
3.00646334274975 2
2.72167239171453 2
2.38146334275147 2
2.04125429378776 2
1.70104524482275 2
1.36083619585841 2
1.02062714689386 2
0.680418097928995 2
0.340209048964522 2
0 1.75000000000005
0 1.50000000000083
0 1.2500000000019
0 1.00000000000266
0 0.750000000001996
0 0.50000000000133
0 0.250000000000665
20 2.74999999999702
20 3.49999999999498
20 4.24999999999192
20 4.99999999998975
20 5.74999999998708
20 6.49999999998401
20 7.24999999998102
20 7.99999999997796
20 8.74999999998062
20 9.49999999998311
20 10.2499999999855
20 10.9999999999882
20 11.74999999999
20 12.4999999999937
20 13.2499999999969
19.6874999999977 14
19.3750000000063 14
19.0625000000134 14
18.7500000000126 14
18.4375000000074 14
18.1250000000063 14
17.8125000000029 14
17.5 13.5000000000021
17.5 13.0000000000031
17.5 12.5000000000037
17.5 12.0000000000044
17.5 11.5000000000058
17.5 11.0000000000087
17.5 10.5000000000108
17.5 10.0000000000125
17.5 9.50000000001289
17.5 9.00000000001296
17.5 8.50000000001349
17.5 8.00000000001397
17.5 7.50000000001173
17.5 7.00000000000972
17.5 6.50000000000793
17.5 6.00000000000627
17.5 5.50000000000576
17.5 5.00000000000392
17.5 4.50000000000337
17.5 4.00000000000157
17.5 3.50000000000091
17.5 3.00000000000141
17.5 2.50000000000057
17.1875000000098 14
16.8750000000181 14
16.5625000000182 14
16.2500000000183 14
15.9375000000173 14
15.6250000000088 14
15.312500000006 14
14.6875000000009 13.625000000001
14.3750000000022 13.2500000000027
14.0625000000025 12.875000000003
13.7500000000031 12.5000000000038
13.4375000000044 12.1250000000052
13.1250000000053 11.7500000000064
12.8125000000059 11.375000000007
12.5000000000069 11.0000000000083
12.1875000000067 10.6250000000081
11.8750000000068 10.2500000000081
11.5625000000076 9.87500000000913
11.2500000000071 9.50000000000857
10.9375000000067 9.12500000000798
10.625000000006 8.7500000000072
10.3125000000051 8.37500000000614
10.0000000000046 8.00000000000551
9.68750000000419 7.62500000000502
9.37500000000419 7.25000000000503
9.06250000000393 6.87500000000472
8.75000000000372 6.50000000000446
8.4375000000033 6.12500000000396
8.12500000000274 5.75000000000329
7.81250000000247 5.37500000000297
7.5000000000023 5.00000000000276
7.18750000000219 4.62500000000263
6.87500000000241 4.25000000000289
6.56250000000222 3.87500000000266
6.25000000000148 3.50000000000178
5.93750000000121 3.12500000000145
5.6250000000009 2.75000000000108
5.31250000000033 2.3750000000004
1.93041809792863 1
3.86083619585727 1
0.965209048964317 1.5
2.32604524482158 1.5
0.965209048964317 0.5
3.46520904896432 0.5
4.43041809792863 1.00000000000133
4.43041809792863 0.5
4.43041809792794 1.50000000000133
3.86083619585657 1.5
3.2912542937859 1.5
1.84344072033999 1.75
2.52385881826806 1.75
1.16302262241136 1.75
1.64562714689295 1.5
0.482604524482158 1.75
1.44781357344647 1.25
2.12823167137511 1.25
0.482604524482158 1.25000000000133
0.482604524482158 0.75000000000133
0.965209048964317 1
0.482604524482158 0.25
1.44781357344647 0.75
1.73260452447861 0.25
2.98260452447861 0.25
2.21520904896432 0.5
4.23260452448216 0.25
2.69781357344648 0.75
3.66302262241079 0.75
3.09344072033943 1.25
2.89562714689295 1
4.71520904896432 0.500000000000665
4.71520904896432 0.25
4.71520904896432 0.75000000000133
4.43041809792863 0.750000000000665
4.71520904896432 1.000000000002
4.14562714689295 1.00000000000067
4.14562714689295 0.75
4.71520904896397 1.250000000002
4.43041809792829 1.25000000000133
4.14562714689226 1.50000000000067
4.1456271468926 1.25000000000067
4.14562714689191 1.75000000000067
3.86083619585623 1.75
3.86083619585692 1.25
4.71520904896397 1.50000000000108
4.71520904896346 1.75000000000041
4.43041809792743 1.75000000000067
3.57604524482124 1.5
3.57604524482158 1.25
3.5760452448208 1.75
3.29125429378546 1.75
3.00646334275022 1.75
2.28255655602791 1.875
2.6227656049913 1.875
1.94234750706388 1.875
2.18364976930403 1.75
1.6021384580992 1.875
2.08474298258079 1.625
2.42495203154482 1.625
1.26192940913488 1.875
1.50323167137568 1.75
1.40432488465216 1.625
1.74453393361647 1.625
1.06411583568784 1.625
1.30541809792863 1.5
1.98583619585727 1.5
0.921720360170178 1.875
0.581511311205577 1.875
0.82281357344676 1.75
0.241302262241079 1.875
0.723906786723238 1.625
1.88692940913403 1.375
2.22713845809835 1.375
1.54672036016971 1.375
1.78802262241079 1.25
1.2065113112054 1.375
1.68911583568755 1.125
2.02932488465187 1.125
0.241302262241079 1.62500000000041
0.241302262241079 1.37500000000108
0.482604524482158 1.50000000000067
0.241302262241079 1.125000000002
0.723906786723238 1.37500000000067
0.241302262241079 0.875000000001996
0.482604524482158 1.00000000000133
0.723906786723238 0.875000000000665
0.723906786723238 1.12500000000067
0.723906786723238 0.625000000000665
0.965209048964317 0.75
0.965209048964317 1.25
0.241302262241079 0.62500000000133
0.241302262241079 0.375000000000665
0.482604524482158 0.500000000000665
0.241302262241079 0.125
0.723906786723238 0.375
1.2065113112054 1.125
1.2065113112054 0.875
1.44781357344647 1
1.2065113112054 0.625
1.68911583568755 0.875
0.866302262239267 0.125
1.49130226223749 0.125
1.10760452448038 0.25
2.11630226223575 0.125
1.34890678672146 0.375
2.74130226223575 0.125
2.35760452447861 0.25
2.59890678672146 0.375
1.97390678672146 0.375
3.22390678672146 0.375
2.84020904896432 0.5
1.59020904896432 0.5
3.36630226223765 0.125
3.99130226223942 0.125
3.60760452448038 0.25
4.61630226224108 0.125
3.84890678672324 0.375
1.8315113112054 0.625
2.4565113112054 0.625
2.07281357344648 0.75
3.0815113112054 0.625
2.31411583568755 0.875
4.3315113112054 0.375
4.04672036016971 0.625
3.94781357344648 0.5
3.76192940913403 0.875
3.56411583568755 0.625
3.47713845809835 1.125
3.37823167137511 1
2.99453393361619 1.125
3.27932488465187 0.875
2.7097429825805 1.375
2.61083619585727 1.25
3.18041809792863 0.75
3.19234750706266 1.375
2.90755655602698 1.625
2.80864976930374 1.5
2.79672036016971 0.875
2.51192940913403 1.125
2.41302262241079 1
12.8124999999893 1
11.2499999999974 1
6.56250000001414 1
15.9375000000081 1
9.6874999999954 1
12.0312499999759 0.5
12.0312499999934 1
11.24999999998 0.5
12.8125000000074 1.5
12.0312500000114 1.5
13.5937500000027 1.5
11.2500000000148 1.5
5.78125000000707 0.5
5.78125000000707 1.00000000000133
6.56250000001377 1.5
5.7812500000067 1.50000000000133
7.34375000002121 1.5
16.718750000004 1.00000000000133
16.718750000004 0.5
16.7187500000026 1.50000000000133
15.9375000000066 1.5
15.1562500000121 1.5
10.4687499999964 1
10.468749999979 0.5
10.4687500000141 1.5
9.68750000001308 1.5
8.90625000001184 1.5
8.90624999998788 0.5
8.12500000000477 1
7.34374999999725 0.5
13.5937499999862 0.5
15.1562499999956 0.5
14.3749999999987 1
11.6406249999692 0.25
11.6406249999779 0.5
11.2499999999712 0.25
12.0312499999847 0.75
11.6406249999867 0.75
12.4218749999826 0.75
12.4218749999913 1
11.6406249999954 1
11.2499999999887 0.75
12.8124999999984 1.25
12.4218750000004 1.25
12.4218750000094 1.5
12.0312500000024 1.25
12.8125000000164 1.75
12.4218750000184 1.75
11.6406250000044 1.25
13.203124999996 1.25
13.2031250000051 1.5
13.5937500000115 1.75
13.2031250000138 1.75
13.9843750000094 1.75
11.6406250000131 1.5
11.2500000000061 1.25
12.0312500000208 1.75
11.6406250000225 1.75
11.2500000000236 1.75
5.39062500000354 0.25
5.39062500000354 0.500000000000665
5.78125000000707 0.750000000000665
5.39062500000354 0.75000000000133
6.17187500001061 0.75
6.17187500001061 1.00000000000067
5.39062500000354 1.000000000002
6.56250000001396 1.25
6.17187500001042 1.25000000000067
6.17187500001023 1.50000000000067
5.78125000000689 1.25000000000133
6.56250000001358 1.75
6.17187500001005 1.75000000000067
5.39062500000335 1.250000000002
6.95312500001768 1.25
6.95312500001749 1.5
7.34375000002041 1.75
6.95312500001668 1.75
7.73437500002475 1.75
5.39062500000335 1.50000000000108
5.78125000000673 1.75000000000067
5.39062500000338 1.75000000000041
17.109375000002 0.500000000000665
17.109375000002 0.25
17.109375000002 0.75000000000133
16.718750000004 0.750000000000665
17.109375000002 1.000000000002
16.3281250000061 1.00000000000067
16.3281250000061 0.75
17.1093750000013 1.250000000002
16.7187500000033 1.25000000000133
16.3281250000046 1.50000000000067
16.3281250000053 1.25000000000067
16.3281250000039 1.75000000000067
15.9375000000059 1.75
15.9375000000073 1.25
17.1093750000013 1.50000000000108
17.1093750000003 1.75000000000041
16.7187500000016 1.75000000000067
15.5468750000094 1.5
15.5468750000101 1.25
15.5468750000088 1.75
15.1562500000116 1.75
14.7656250000141 1.75
10.8593749999795 0.5
10.8593749999707 0.25
10.8593749999882 0.75
10.4687499999877 0.75
10.8593749999969 1
10.0781249999959 1
10.0781249999872 0.75
10.8593750000057 1.25
10.4687500000052 1.25
10.0781250000136 1.5
10.0781250000047 1.25
10.0781250000224 1.75
9.68750000002193 1.75
9.68750000000425 1.25
10.8593750000145 1.5
10.859375000023 1.75
10.4687500000226 1.75
9.29687500001246 1.5
9.29687500000362 1.25
9.29687500002132 1.75
8.9062500000207 1.75
8.51562500002007 1.75
10.0781249999745 0.25
9.68749999998342 0.5
9.29687499997898 0.25
9.29687499999164 0.75
8.51562499998412 0.25
8.90625000000009 1
8.51562499999633 0.75
7.73437500000101 0.75
8.12499999999257 0.5
7.34375000000946 1
6.9531250000057 0.75
7.7343749999888 0.25
8.51562500000831 1.25
8.12500000001653 1.5
7.73437500001299 1.25
6.95312499999405 0.25
6.56250000000216 0.5
6.17187499999896 0.25
12.4218749999764 0.25
13.2031249999816 0.25
12.8124999999811 0.5
13.9843749999847 0.25
13.2031249999878 0.75
14.7656249999893 0.25
14.3749999999909 0.5
14.7656249999971 0.75
13.9843749999925 0.75
15.5468750000018 0.75
15.1562500000034 1
13.593749999994 1
15.5468749999952 0.25
16.3281249999994 0.25
15.9374999999998 0.5
13.9843750000007 1.25
14.7656250000054 1.25
14.3750000000074 1.5
18.75 1
19.375 0.5
18.125 0.5
18.125 1.5
19.375 1.5
18.4374999999937 0.25
17.8125 0.25
19.0624999999937 0.25
18.75 0.5
19.6875 0.25
19.0625 0.75
18.4375 0.75
19.0625000000063 1.75
19.6875 1.75
18.4375000000063 1.75
18.75 1.5
17.8125 1.75
18.4375 1.25
19.0625 1.25
17.8125 1.25000000000133
17.8125 0.75000000000133
18.125 1
19.6875 0.749999999998672
19.6875 1.24999999999867
19.375 1
17.9687499999968 0.125
17.65625 0.125
18.2812499999937 0.125
18.1249999999968 0.25
18.5937499999905 0.125
18.2812499999968 0.375
17.96875 0.375
18.9062499999905 0.125
18.7499999999937 0.25
18.9062499999968 0.375
18.5937499999968 0.375
19.2187499999968 0.375
19.0625 0.5
18.4375 0.5
19.2187499999937 0.125
19.5312499999968 0.125
19.3749999999968 0.25
19.84375 0.125
19.53125 0.375
18.59375 0.625
18.28125 0.625
18.90625 0.625
18.75 0.75
19.21875 0.625
18.90625 0.875
18.59375 0.875
19.5312500000032 1.875
19.84375 1.875
19.2187500000063 1.875
19.3750000000032 1.75
18.9062500000095 1.875
19.2187500000032 1.625
19.53125 1.625
18.5937500000095 1.875
18.7500000000063 1.75
18.5937500000032 1.625
18.9062500000032 1.625
18.2812500000032 1.625
18.4375 1.5
19.0625 1.5
18.2812500000063 1.875
17.9687500000032 1.875
18.1250000000032 1.75
17.65625 1.875
17.96875 1.625
18.90625 1.375
19.21875 1.375
18.59375 1.375
18.75 1.25
18.28125 1.375
18.59375 1.125
18.90625 1.125
17.65625 1.62500000000041
17.65625 1.37500000000108
17.8125 1.50000000000067
17.65625 1.125000000002
17.96875 1.37500000000067
17.65625 0.875000000001996
17.8125 1.00000000000133
17.96875 0.875000000000665
17.96875 1.12500000000067
17.96875 0.625000000000665
18.125 0.75
18.125 1.25
17.65625 0.62500000000133
17.65625 0.375000000000665
17.8125 0.500000000000665
18.28125 1.125
18.28125 0.875
18.4375 1
19.84375 0.374999999999408
19.84375 0.624999999998744
19.6875 0.499999999999336
19.84375 0.874999999998008
19.53125 0.624999999999336
19.84375 1.12499999999801
19.6875 0.999999999998672
19.53125 1.12499999999934
19.53125 0.874999999999336
19.53125 1.37499999999934
19.375 1.25
19.375 0.75
19.84375 1.37499999999867
19.84375 1.62499999999934
19.6875 1.49999999999934
19.21875 0.875
19.21875 1.125
19.0625 1
18.75 4.49999999999606
18.75 11.4999999999976
18.75 8.99999999999523
19.375 9.74999999998778
18.125 10.7500000000051
18.75 6.99999999999211
18.125 5.25000000000116
19.375 6.24999999998701
19.375 3.24999999999803
18.125 3.24999999999803
18.125 12.7499999999988
19.375 12.7499999999988
18.125 9.50000000000387
18.4375 9.87500000000014
17.8125 10.3750000000088
19.0625 9.37499999999151
18.75 10.2499999999964
19.375 8.49999999998659
19.6875 8.87499999998287
19.0625 10.6249999999927
18.4375 11.1250000000013
19.375 7.49999999998503
19.0625 6.62499999998956
19.6875 7.12499999998248
18.4375 6.12499999999664
18.75 5.74999999999408
18.125 6.49999999999919
17.8125 5.62500000000372
18.4375 4.87499999999861
19.0625 5.37499999999153
18.125 7.50000000000304
18.75 7.99999999999367
18.125 8.5000000000046
18.4375000000063 2.62499999999901
17.8125 2.62499999999901
19.0625000000063 2.62499999999901
18.75 3.24999999999803
19.6875 2.62499999999901
19.0625 3.87499999999704
18.4375 3.87499999999704
19.0625000000063 13.3749999999994
19.6875 13.3749999999994
18.4375000000063 13.3749999999994
18.75 12.7499999999988
17.8125 13.3749999999994
18.4375 12.1249999999982
19.0625 12.1249999999982
19.6875 4.12499999999389
19.6875 5.62499999998838
19.375 4.74999999999252
17.8125 4.62500000000137
17.8125 3.6249999999998
18.125 4.2499999999996
19.6875 10.374999999988
19.6875 11.8749999999935
19.375 11.2499999999933
17.8125 12.3750000000016
17.8125 11.3750000000047
18.125 11.7500000000019
17.8125 9.75000000000818
17.96875 9.93750000000632
17.65625 10.1875000000106
18.28125 9.687500000002
18.125 10.1250000000045
18.4375 9.24999999999955
18.59375 9.43749999999769
18.28125 10.3125000000026
17.96875 10.5625000000069
18.90625 9.18749999999337
18.75 9.62499999999582
18.90625 9.81249999999396
18.59375 10.0624999999983
19.21875 9.56249999998964
19.0625 9.9999999999921
18.4375 10.5000000000007
19.0625 8.74999999999091
19.21875 8.93749999998905
19.53125 8.68749999998473
19.375 9.12499999998719
19.6875 8.24999999998227
19.84375 8.43749999998041
19.53125 9.31249999998533
18.59375 10.6874999999989
18.28125 10.9375000000032
18.90625 10.4374999999946
18.75 10.874999999997
19.21875 10.1874999999902
18.90625 11.0624999999952
18.59375 11.3124999999995
19.6875 7.74999999998149
19.53125 7.31249999998376
19.84375 7.56249999998022
19.21875 7.0624999999873
19.375 6.87499999998602
19.0625 7.24999999998857
18.90625 6.81249999999084
19.21875 6.43749999998828
19.53125 6.68749999998474
18.59375 6.56249999999438
18.75 6.3749999999931
18.59375 5.93749999999536
18.90625 6.18749999999182
18.28125 5.6874999999989
18.4375 5.49999999999762
19.0625 5.99999999999055
18.4375 6.74999999999565
18.28125 6.31249999999791
17.96875 6.06250000000145
18.125 5.87500000000018
17.8125 6.25000000000273
17.65625 5.81250000000499
17.96875 5.43750000000244
18.90625 5.56249999999281
19.21875 5.81249999998927
18.59375 5.31249999999635
18.75 5.12499999999507
18.28125 5.06249999999989
18.59375 4.68749999999733
18.90625 4.93749999999379
17.8125 6.75000000000445
18.125 7.00000000000112
17.8125 7.25000000000638
18.4375 7.24999999999758
17.8125 7.7500000000085
18.75 7.49999999999289
18.4375 7.74999999999836
18.4375 8.24999999999913
18.125 8.00000000000382
18.75 8.49999999999445
18.4375 8.74999999999991
17.8125 8.25000000000928
19.0625 7.74999999998935
19.375 7.99999999998581
19.0625 8.24999999999013
17.8125 8.75000000000878
18.125 9.00000000000423
17.8125 9.25000000000841
17.9687500000032 2.31249999999951
17.65625 2.31249999999951
18.2812500000063 2.31249999999951
18.1250000000032 2.62499999999901
18.5937500000095 2.31249999999951
18.2812500000032 2.93749999999852
17.96875 2.93749999999852
18.9062500000095 2.31249999999951
18.7500000000063 2.62499999999901
18.9062500000032 2.93749999999852
18.5937500000032 2.93749999999852
19.2187500000032 2.93749999999852
19.0625 3.24999999999803
18.4375 3.24999999999803
19.2187500000063 2.31249999999951
19.5312500000032 2.31249999999951
19.3750000000032 2.62499999999901
19.84375 2.31249999999951
19.53125 2.93749999999852
18.59375 3.56249999999753
18.28125 3.56249999999753
18.90625 3.56249999999753
18.75 3.87499999999704
19.21875 3.56249999999753
18.90625 4.18749999999655
18.59375 4.18749999999655
19.5312500000032 13.6874999999997
19.84375 13.6874999999997
19.2187500000063 13.6874999999997
19.3750000000032 13.3749999999994
18.9062500000095 13.6874999999997
19.2187500000032 13.0624999999991
19.53125 13.0624999999991
18.5937500000095 13.6874999999997
18.7500000000063 13.3749999999994
18.5937500000032 13.0624999999991
18.9062500000032 13.0624999999991
18.2812500000032 13.0624999999991
18.4375 12.7499999999988
19.0625 12.7499999999988
18.2812500000063 13.6874999999997
17.9687500000032 13.6874999999997
18.1250000000032 13.3749999999994
17.65625 13.6874999999997
17.96875 13.0624999999991
18.90625 12.4374999999985
19.21875 12.4374999999985
18.59375 12.4374999999985
18.75 12.1249999999982
18.28125 12.4374999999985
18.59375 11.8124999999979
18.90625 11.8124999999979
19.84375 3.062499999997
19.84375 3.81249999999444
19.6875 3.37499999999645
19.84375 4.56249999999182
19.53125 3.68749999999596
19.84375 5.31249999998907
19.6875 4.87499999999114
19.53125 5.18749999999045
19.53125 4.4374999999932
19.53125 5.93749999998769
19.375 5.49999999998976
19.375 3.99999999999527
19.84375 6.06249999998619
19.84375 6.81249999998324
19.6875 6.37499999998543
19.21875 4.31249999999478
19.21875 5.06249999999202
19.0625 4.62499999999429
17.65625 5.31250000000382
17.65625 4.81250000000264
17.8125 5.12500000000254
17.65625 4.31250000000147
17.96875 4.93750000000127
17.65625 3.81250000000069
17.8125 4.12500000000058
17.96875 3.9374999999997
17.96875 4.43750000000048
17.96875 3.43749999999892
18.125 3.74999999999881
18.125 4.75000000000038
17.65625 3.31250000000061
17.65625 2.81250000000021
17.8125 3.12499999999941
18.28125 4.5624999999991
18.28125 4.06249999999832
18.4375 4.37499999999783
19.84375 9.18749999998299
19.84375 9.93749999998554
19.6875 9.62499999998542
19.84375 10.6874999999881
19.53125 10.0624999999879
19.84375 11.4374999999908
19.6875 11.1249999999907
19.53125 11.5624999999934
19.53125 10.8124999999906
19.53125 12.3124999999962
19.375 11.999999999996
19.375 10.4999999999905
19.84375 12.1874999999936
19.84375 12.9374999999965
19.6875 12.6249999999964
19.21875 10.937499999993
19.21875 11.6874999999957
19.0625 11.3749999999955
17.65625 13.1875000000013
17.65625 12.6875000000024
17.8125 12.8750000000005
17.65625 12.187500000003
17.96875 12.5625000000002
17.65625 11.6875000000046
17.8125 11.8750000000032
17.96875 11.5625000000033
17.96875 12.0625000000018
17.96875 11.0625000000049
18.125 11.2500000000035
18.125 12.2500000000004
17.65625 11.1875000000067
17.65625 10.6875000000087
17.8125 10.8750000000068
18.28125 11.9375000000001
18.28125 11.4375000000016
18.4375 11.6249999999998
12.8125000000242 5.4557291666803
14.3965337132538 8.03943210115876
10.2144582411141 4.54932280137977
15.1642857142877 11.3214285714339
15.2989502784532 4.4988669699645
7.81250000001529 3.50000000000138
13.5937500000202 3.72786458334015
12.0312500000282 3.72786458334015
15.0821428571439 12.660714285717
16.3321428571439 12.660714285717
11.4062500000144 6.72786458334291
13.604516856639 6.74758063391953
12.1982668566292 8.01971605058213
16.3321428571439 10.6607142857232
13.4482668566303 9.51971605058352
13.8321428571473 11.1607142857211
8.85722912055818 4.77466140069126
10.1072291205593 6.27466140069264
11.5134791205691 5.00252598403004
10.7322291205732 3.27466140068989
9.16972912057117 3.27466140068989
16.3994751392266 5.24943348498538
16.3994751392266 3.24943348498225
14.8369751392347 3.24943348498225
14.0557251392387 4.9772980683224
15.9482668566269 9.01971605058563
15.9482668566269 7.01971605058251
14.8477419958535 6.26914953556163
14.7804097137707 9.68043033629635
7.96875000002179 2.75000000000069
7.18750000001434 2.75000000000069
7.03125000000838 3.50000000000158
6.40625000000744 2.75000000000089
7.65625000000879 4.25000000000207
12.4218750000268 2.86393229167007
11.6406250000303 2.86393229167007
13.2031250000228 2.86393229167007
12.8125000000242 3.72786458334015
13.9843750000182 2.86393229167007
13.2031250000222 4.59179687501023
12.4218750000262 4.59179687501023
16.2910714285811 13.3303571428585
16.9160714285719 13.3303571428585
15.6660714285811 13.3303571428585
15.7071428571439 12.660714285717
15.0410714285719 13.3303571428585
15.1232142857158 11.9910714285755
15.7482142857158 11.9910714285755
10.7031250000095 7.36393229167421
11.8022584283218 7.37379031696252
11.0991334283169 8.00985802529382
12.5053834283267 6.73772260863122
12.9013918566341 7.38364834225083
12.1093750000193 6.0917968750116
13.2085084283316 6.10165490029992
14.0005252849464 7.39350636753914
13.2974002849415 8.02957407587045
16.9160714285719 11.3303571428638
16.9160714285719 10.3303571428679
16.9160714285719 12.3303571428607
16.3321428571439 11.6607142857201
15.7482142857158 10.9910714285786
12.3491334283187 9.50985802529604
12.9741334283186 10.2598580252959
11.7241334283182 8.75985802529535
12.8232668566298 8.76971605058283
13.9224002849421 8.77957407587114
14.4160714285735 12.5803571428604
13.7910714285752 11.8303571428625
14.4571428571456 11.910714285719
13.1660714285771 11.0803571428647
14.4982142857175 11.2410714285775
9.42861456028152 6.38733070034855
10.053614560282 7.13733070034908
8.80361456028095 5.63733070034786
9.48222912055875 5.52466140069195
8.17861456028024 4.88733070034701
9.53584368083612 4.66199210103552
10.1608436808367 5.41199210103621
11.3817395603007 3.50126299201502
10.9911145603027 2.63733070034494
11.7723645602987 4.36519528368509
11.1228541205711 4.13859369235996
12.1629895602967 5.22912757535517
10.8639686808416 4.7759243927049
10.4733436808436 3.91199210103483
8.33486456028674 4.13733070034632
8.49111456029323 3.38733070034563
9.01347912056468 4.02466140069058
8.64736456029973 2.63733070034494
9.69209368084262 3.91199210103483
9.42861456030097 2.63733070034494
10.209864560302 2.63733070034494
9.95097912057217 3.27466140068989
16.9497375696133 3.62471674249191
16.9497375696133 2.62471674249112
16.9497375696133 4.62471674249348
16.3994751392266 4.24943348498382
16.9497375696133 5.62471674249583
15.8492127088399 4.87415022747494
15.8492127088399 3.87415022747337
13.8247375696294 4.35258132583128
13.4341125696315 5.21651361750135
14.2153625696274 3.4886490341612
14.4463501392367 4.11336577665232
14.6059875696254 2.62471674249112
15.067962708844 3.87415022747337
14.677337708846 4.73808251914345
16.7241334283135 7.50985802529824
16.7241334283135 6.50985802529439
16.7241334283135 8.5098580252998
15.9482668566269 8.01971605058407
16.7241334283135 9.50985802529907
15.1724002849404 8.52957407587219
15.1724002849404 7.52957407587064
11.4598645602918 5.86519528368647
10.7567395602869 6.50126299201777
10.8103541205642 5.63859369236134
15.3872375696199 2.62471674249112
16.1684875696159 2.62471674249112
15.6182251392307 3.24943348498225
14.2261294262463 6.50836508474058
14.6221378545537 7.15429081836019
13.8301209979389 5.86243935112096
14.4517335675461 5.62322380194201
15.0733461371534 5.38400825276306
16.1738709979268 6.13457476778395
15.3980044262402 6.64443279307207
15.6236085675401 5.75929151027351
13.6402048568888 10.3402151681523
14.1143382852005 9.60007319343994
14.306276285459 10.4205723110087
14.5884717135123 8.85993121872755
14.9723477140292 10.5009294538651
15.3643382851988 9.35007319344099
16.1402048568854 9.84021516815443
15.5562762854573 10.1705723110098
8.04687500002504 2.37500000000035
7.65625000002069 2.37500000000035
7.57812500001807 2.75000000000069
7.26562500001697 2.37500000000035
7.89062500001854 3.12500000000103
7.50000000001482 3.12500000000103
6.87500000001387 2.37500000000035
7.42187500001184 3.50000000000148
7.10937500001136 3.12500000000113
6.71875000000791 3.12500000000123
6.79687500001089 2.75000000000079
6.64062500000493 3.50000000000168
6.32812500000446 3.12500000000133
6.48437500001042 2.37500000000044
7.73437500001204 3.87500000000172
7.34375000000859 3.87500000000182
7.2656250000056 4.25000000000248
6.9531250000054 3.87500000000224
7.57812500000554 4.62500000000241
6.0937500000071 2.37500000000044
6.01562500000417 2.75000000000098
5.70312500000383 2.37500000000054
11.8359375000302 2.43196614583504
11.4453125000313 2.43196614583504
12.2265625000285 2.43196614583504
12.0312500000285 2.86393229167007
12.6171875000261 2.43196614583504
12.2265625000275 3.29589843750511
11.8359375000292 3.29589843750511
13.0078125000241 2.43196614583504
12.8125000000248 2.86393229167007
13.0078125000235 3.29589843750511
12.6171875000255 3.29589843750511
13.3984375000215 3.29589843750511
13.2031250000222 3.72786458334015
12.4218750000262 3.72786458334015
13.3984375000215 2.43196614583504
13.7890625000192 2.43196614583504
13.5937500000205 2.86393229167007
14.1796875000172 2.43196614583504
13.7890625000192 3.29589843750511
12.6171875000252 4.15983072917519
12.2265625000272 4.15983072917519
13.0078125000232 4.15983072917519
12.8125000000242 4.59179687501023
13.3984375000212 4.15983072917519
13.0078125000232 5.02376302084526
12.6171875000252 5.02376302084526
16.895535714295 13.6651785714292
17.208035714286 13.6651785714292
16.5830357142996 13.6651785714292
16.6035714285765 13.3303571428585
16.2705357142997 13.6651785714292
16.3116071428624 12.9955357142877
16.6241071428579 12.9955357142877
15.9580357142996 13.6651785714292
15.9785714285811 13.3303571428585
15.6866071428624 12.9955357142877
15.9991071428624 12.9955357142877
15.3741071428624 12.9955357142877
15.3946428571439 12.660714285717
16.0196428571439 12.660714285717
15.6455357142949 13.6651785714292
15.3330357142904 13.6651785714292
15.3535714285765 13.3303571428585
15.020535714286 13.6651785714292
15.0616071428579 12.9955357142877
15.7276785714298 12.3258928571462
16.0401785714298 12.3258928571462
15.4151785714298 12.3258928571462
15.4357142857158 11.9910714285755
15.1026785714298 12.3258928571462
15.1437500000017 11.6562500000047
15.4562500000017 11.6562500000047
10.3515625000071 7.68196614583986
10.9011292141632 7.68689515848402
10.5495667141607 8.00492901264967
11.2526917141656 7.36886130431836
11.4506959283193 7.69182417112817
11.0546875000119 7.04589843750856
11.6042542141681 7.05082745015271
12.0002626424755 7.69675318377233
11.6487001424731 8.01478703793798
11.9558167141706 6.73279359598706
12.1538209283243 7.05575646279687
12.7033876424804 7.06068547544102
12.3518251424779 7.37871932960668
13.0549501424829 6.74265162127537
13.2529543566366 7.06561448808518
12.5498293566316 7.70168219641648
11.7578125000169 6.40983072917725
12.307379214173 6.41475974182141
12.6589417141755 6.09672588765576
12.8569459283292 6.41968875446557
12.4609375000218 5.77376302084595
13.0105042141779 5.77869203349011
13.4065126424853 6.42461776710972
13.0993960707878 7.70661120906064
12.7478335707853 8.02464506322629
13.4509585707903 7.38857735489499
13.648962784944 7.71154022170479
13.8025210707927 7.07054350072934
14.1985294991001 7.71646923434895
13.8469669990976 8.0345030885146
17.208035714286 10.6651785714383
17.208035714286 10.1651785714402
17.208035714286 11.1651785714363
16.9160714285719 10.8303571428659
17.208035714286 11.6651785714341
16.6241071428579 10.9955357142935
16.6241071428579 10.4955357142955
17.208035714286 12.1651785714326
16.9160714285719 11.8303571428623
16.6241071428579 11.9955357142904
16.6241071428579 11.495535714292
16.6241071428579 12.4955357142888
16.3321428571439 12.1607142857185
16.3321428571439 11.1607142857217
17.208035714286 12.6651785714319
17.208035714286 13.1651785714308
16.9160714285719 12.8303571428596
16.0401785714298 11.3258928571493
16.0401785714298 10.8258928571509
16.0401785714298 11.8258928571478
15.7482142857158 11.491071428577
15.4562500000017 11.1562500000063
12.4245667141627 10.254929012652
12.7370667141628 10.6299290126521
12.1120667141628 9.8799290126521
12.6616334283187 9.88485802529597
11.7995667141629 9.5049290126523
12.8987001424745 9.51478703793978
13.2112001424745 9.88978703793971
11.4870667141626 9.12992901265196
12.0366334283185 9.1348580252957
12.273700142474 8.76478703793909
12.5862001424743 9.13978703793943
11.9612001424737 8.38978703793874
12.5107668566295 8.39471605058248
13.1357668566301 9.14471605058317
11.1745667141621 8.75492901265128
10.8620667141615 8.37992901265051
11.4116334283175 8.38485802529459
13.3728335707859 8.77464506322698
13.6853335707862 9.14964506322733
13.0603335707856 8.39964506322664
13.6099002849418 8.40457407587079
14.1594669990979 8.40950308851495
14.7080357142871 13.2901785714306
14.3955357142879 12.9151785714315
14.7285714285727 12.9553571428594
14.0830357142883 12.5401785714321
14.7491071428587 12.6205357142887
13.7705357142892 12.1651785714331
14.1035714285744 12.2053571428614
14.1241071428604 11.8705357142907
14.4366071428595 12.2455357142897
13.8116071428613 11.4955357142918
14.1446428571464 11.5357142857201
14.7696428571447 12.285714285718
13.4580357142903 11.7901785714344
13.1455357142912 11.4151785714355
13.4785714285762 11.4553571428636
12.833035714292 11.0401785714365
13.4991071428622 11.1205357142929
14.7901785714307 11.9508928571473
14.4776785714315 11.5758928571483
14.8107142857166 11.6160714285765
14.1651785714324 11.2008928571493
14.8312500000026 11.2812500000057
9.71430728014308 7.19366535017705
10.0268072801433 7.56866535017729
9.40180728014286 6.81866535017679
9.74111456028174 6.76233070034881
9.08930728014262 6.44366535017651
9.76792184042043 6.3309960505206
10.0804218404206 6.70599605052086
8.77680728014234 6.06866535017616
9.11611456028124 6.01233070034821
9.14292184041985 5.58099605051991
9.45542184042014 5.95599605052025
8.83042184041956 5.20599605051956
9.16972912055847 5.14966140069161
9.79472912055904 5.8996614006923
8.46430728014185 5.69366535017557
8.15180728014149 5.31866535017515
8.49111456028059 5.26233070034744
7.83930728014127 4.94366535017488
8.51792184041921 4.83099605051914
9.82153640069772 5.46832675086408
10.134036400698 5.84332675086442
9.50903640069744 5.09332675086374
9.84834368083641 5.03699210103586
9.19653640069715 4.71832675086339
9.87515096097509 4.60565745120765
10.1876509609754 4.98065745120799
11.3158697801665 2.75063149600751
11.1205572801675 2.31866535017247
11.5111822801655 3.18259764184255
11.1864270603017 3.06929684617998
11.7064947801645 3.61456378767758
11.0569843404369 3.38796219635245
10.8616718404379 2.95599605051741
11.9018072801635 4.04652993351262
11.5770520602997 3.93322913785006
11.4476093404349 4.25189448802253
11.2522968404359 3.81992834218749
11.6429218404339 4.68386063385757
11.3181666205701 4.570559838195
10.9275416205722 3.70662754652492
12.0971197801625 4.47849607934766
12.2924322801614 4.9104622251827
11.9676770602977 4.79716142952013
12.4877447801604 5.34242837101774
11.8382343404329 5.1158267796926
10.7980989007074 4.0252928966974
10.6027864007084 3.59332675086236
10.9934114007064 4.45725904253243
10.6686561808426 4.34395824686987
11.1887239007054 4.88922518836747
10.5392134609778 4.66262359704234
10.3439009609788 4.2306574512073
7.91743228014452 4.56866535017454
7.99555728014776 4.19366535017419
8.25673956028349 4.51233070034666
8.07368228015101 3.81866535017385
8.59604684042246 4.45599605051879
8.15180728015426 3.44366535017351
8.41298956028998 3.76233070034598
8.75229684042896 3.7059960505181
8.67417184042571 4.08099605051845
8.83042184043221 3.33099605051776
9.09160412056793 3.64966140069023
8.93535412056143 4.39966140069092
8.22993228015751 3.06866535017316
8.30805728016076 2.69366535017282
8.56923956029648 3.01233070034529
8.38618228016401 2.31866535017247
8.90854684043545 2.95599605051741
9.2746614007004 4.34332675086305
9.35278640070365 3.9683267508627
9.61396868083937 4.28699210103517
9.4309114007069 3.59332675086236
9.95327596097834 4.2306574512073
8.77680728016464 2.31866535017247
9.16743228016527 2.31866535017247
9.03798956030035 2.63733070034494
9.55805728016587 2.31866535017247
9.29917184043607 2.95599605051741
9.94868228016637 2.31866535017247
9.81923956030147 2.63733070034494
10.0804218404371 2.95599605051741
9.68979684043657 2.95599605051741
10.4710468404376 2.95599605051741
10.3416041205727 3.27466140068989
9.56035412057167 3.27466140068989
10.3393072801665 2.31866535017247
10.7299322801669 2.31866535017247
10.6004895603023 2.63733070034494
9.82153640070739 3.59332675086236
10.2121614007079 3.59332675086236
10.0827186808431 3.91199210103483
17.2248687848066 2.81235837124627
17.2248687848066 2.31235837124556
17.2248687848066 3.31235837124666
16.9497375696133 3.12471674249152
17.2248687848066 3.81235837124674
16.67460635442 3.43707511373708
16.67460635442 2.93707511373669
17.2248687848066 4.31235837124753
16.9497375696133 4.12471674249269
16.67460635442 4.43707511373865
16.67460635442 3.93707511373786
16.67460635442 4.93707511373943
16.3994751392266 4.7494334849846
16.3994751392266 3.74943348498303
17.2248687848066 4.8123583712487
17.2248687848066 5.31235837124987
16.9497375696133 5.12471674249465
17.2248687848066 5.81235837125105
16.67460635442 5.4370751137406
16.1243439240333 4.06179185622859
16.1243439240333 3.56179185622781
16.1243439240333 4.56179185622938
15.8492127088399 4.37415022747416
16.1243439240333 5.06179185623016
15.5740814936466 4.68650859871972
15.5740814936466 4.18650859871893
13.3186187848268 4.90415524625579
13.1233062848278 5.33612139209083
13.5139312848258 4.47218910042075
13.6294250696305 4.78454747166631
13.7092437848248 4.04022295458571
13.9402313544341 4.66493969707684
13.7449188544351 5.09690584291187
13.9045562848238 3.60825680875067
14.0200500696284 3.92061517999624
14.3308563544321 3.80100740540676
14.1355438544331 4.2329735512418
14.5261688544311 3.36904125957172
14.6416626392357 3.68139963081729
14.2510376392377 4.54533192248736
14.0998687848228 3.17629066291564
14.2951812848218 2.7443245170806
14.4106750696264 3.05668288832616
14.4904937848208 2.31235837124556
14.7214813544301 2.93707511373669
14.5618439240413 4.42572414789789
14.3665314240423 4.85769029373292
14.7571564240403 3.99375800206285
14.872650208845 4.30611637330841
14.9524689240393 3.56179185622781
15.1834564936486 4.18650859871893
14.9881439936496 4.61847474455397
17.1120667141567 6.75492901265205
17.1120667141567 6.25492901265033
17.1120667141567 7.25492901265398
16.7241334283135 7.00985802529632
17.1120667141567 7.7549290126561
16.3362001424702 7.26478703794038
16.3362001424702 6.76478703793845
17.1120667141567 8.25492901265688
16.7241334283135 8.00985802529902
16.3362001424702 8.26478703794193
16.3362001424702 7.76478703794116
16.3362001424702 8.76478703794271
15.9482668566269 8.51971605058485
15.9482668566269 7.51971605058329
17.1120667141567 8.75492901265638
17.1120667141567 9.25492901265601
16.7241334283135 9.00985802529943
17.1120667141567 9.75492901265578
16.3362001424702 9.26478703794235
15.5603335707836 7.77464506322735
15.5603335707836 7.27464506322658
15.5603335707836 8.27464506322813
15.1724002849404 8.02957407587142
15.5603335707836 8.77464506322891
14.7844669990971 8.28450308851547
14.7844669990971 7.7845030885147
12.136182280158 5.66046222518339
11.7846197801555 5.97849607934904
11.8114270602942 5.54716142952082
11.4330572801531 6.29652993351469
11.4866718404304 5.43386063385825
11.0814947801506 6.61456378768034
11.1083020602893 6.18322913785212
10.7835468404256 6.06992834218956
11.135109340428 5.75189448802391
10.4319843404231 6.38796219635521
10.4587916205618 5.95662754652699
11.1619166205667 5.32055983819569
10.7299322801482 6.93259764184599
10.3783697801457 7.25063149601164
10.4051770602844 6.81929684618343
10.8371614007029 5.20725904253312
10.4855989007005 5.52529289669877
10.5124061808392 5.09395824687056
14.8811187848182 2.31235837124556
15.2717437848155 2.31235837124556
14.9966125696227 2.62471674249112
15.6623687848125 2.31235837124556
15.1121063544273 2.93707511373669
16.0529937848105 2.31235837124556
15.7778625696179 2.62471674249112
15.8933563544233 2.93707511373669
15.5027313544253 2.93707511373669
16.2839813544213 2.93707511373669
16.0088501392286 3.24943348498225
15.2276001392327 3.24943348498225
16.4436187848083 2.31235837124556
16.834243784807 2.31235837124556
16.5591125696146 2.62471674249112
15.3430939240373 3.56179185622781
15.7337189240353 3.56179185622781
15.4585877088419 3.87415022747337
14.31133156975 7.27389859294967
14.5093357839037 7.59686145975947
14.1133273555963 6.95093572613986
14.4241336404 6.83132795155039
13.9153231414426 6.62797285933005
14.5369357110499 6.3887573101511
14.7349399252036 6.71172017696091
13.7173189272889 6.30500999252025
14.0281252120926 6.18540221793077
14.1409272827425 5.74283157653149
14.3389314968962 6.0657944433413
13.9429230685888 5.41986870972168
14.2537293533924 5.30026093513221
14.6497377816998 5.94618666875182
13.5193147131352 5.98204712571044
13.3213104989815 5.65908425890063
13.6321167837852 5.53947648431116
14.7625398523497 5.50361602735254
14.9605440665034 5.82657889416234
14.564535638196 5.18065316054273
14.8753419229997 5.06104538595326
15.1861482078033 4.94143761136378
16.8369354989634 6.06728738389511
16.4490022131201 6.32221639653917
16.56180428377 5.87964575513989
16.0610689272768 6.57714540918323
16.2866730685767 5.69200412638467
15.6731356414336 6.83207442182729
15.7859377120835 6.38950378042801
15.5108064968901 6.20186215167279
15.8987397827334 5.94693313902873
15.1228732110469 6.45679116431685
15.2356752816968 6.01422052291757
16.0115418533833 5.50436249762944
15.2852023555903 7.08700343447135
14.897269069747 7.34193244711541
15.0100711403969 6.89936180571613
15.73641063819 5.31672086887422
15.3484773523467 5.57164988151828
15.4612794229966 5.129079240119
13.0701024284479 10.6701075840803
13.3071691426037 10.3000365967241
13.403138142733 10.7102861555085
13.5442358567596 9.92996560936792
13.7361738570181 10.7504647269367
13.7813025709155 9.55989462201173
13.8772715710447 9.97014418079613
14.2103072853298 10.0103227522243
13.9732405711739 10.3803937395805
14.4473739994857 9.64025176486814
14.5433429996149 10.0505013236525
14.0692095713032 10.7906432983649
14.0183692850713 9.18982363465554
14.2554359992272 8.81975264729935
14.3514049993564 9.23000220608374
14.492502713383 8.44968165994316
14.6844407136415 9.27018077751195
14.4022452855883 10.8308218697931
14.6393119997441 10.4607508824369
14.7352809998734 10.8710004412213
14.8763787139 10.0906798950808
15.0683167141585 10.9111790126495
14.8804359992263 8.69475264729987
15.2683692850696 8.93982363465659
14.9764049993555 9.10500220608427
15.6563025709129 9.18489462201331
15.0723739994848 9.51525176486867
16.0442358567561 9.42996560937003
15.7522715710421 9.59514418079771
15.8482405711713 10.0053937395821
15.4603072853281 9.76032275222539
16.2361738570146 10.2504647269388
15.9442095713006 10.4156432983665
15.168342999614 9.92550132365307
16.4321691425994 9.67503659672674
16.8201024284427 9.92010758408346
16.5281381427287 10.0852861555111
15.2643119997433 10.3357508824375
15.6522452855865 10.5808218697942
15.3602809998725 10.7460004412219
