-6.314807766000241e-7
8.597840340600002e-6
1.4210268801100046e-5
-2.182361874998595e-7
1.0142650646000062e-5
1.2744621306600215e-5
3.1676950336990972e-6
-5.634847883699903e-6
-4.723362955800711e-6
3.363516164599928e-6
6.15173820859953e-6
1.4213288624701295e-5
-4.4930754855999205e-6
1.623389042629958e-5
5.968948762299919e-6
-4.243498689800521e-6
1.7358135405399003e-5
6.63368059090029e-6
-7.216541981300978e-6
-6.013985521699863e-6
1.3613993125900087e-5
3.3001717546984888e-6
1.5539031792900088e-5
1.1828795890012067e-7
4.622813488399172e-6
4.887613020599854e-6
1.3585711811005957e-6
-3.2910289110999608e-6
2.0473418747991162e-6
-8.513431337198521e-6
4.931192650799512e-6
1.7124056842000163e-5
-1.9733881811995896e-6
-4.67014836630017e-6
2.631084280399834e-6
-3.236108088900888e-6
7.1770553030005985e-6
3.836309144999647e-6
5.794887647099858e-6
-1.3712086971012782e-6
6.841395706599918e-6
7.93043642750152e-6
1.2865053159999765e-5
1.9170222090008487e-6
-2.6082554319996343e-6
4.907209504800836e-6
1.4881061832299272e-5
-6.663552050300073e-6
8.262009670901432e-6
8.939102301699572e-6
2.226260928300805e-6
9.620681587300603e-6
4.646728947298867e-6
-2.1152382036985357e-6
3.7400283756997e-6
1.2794574057988645e-6
1.0936704974999836e-5
3.2470751712993656e-6
-1.3296386647005526e-6
7.069166531901289e-6
6.180822861599766e-6
1.1497542047900558e-5
7.626281614199135e-6
-7.062615990800422e-6
6.702124034101489e-6
8.32048969270048e-6
4.58367506810109e-6
1.3608825457001386e-5
7.57485301440021e-6
1.1443786897009228e-6
1.4190546324000658e-6
1.0037582754899091e-5
1.3267950832099654e-5
-4.733477526601415e-6
-1.2347024717987432e-6
1.3406533147799007e-5
-2.6009914690997005e-6
7.726155899600087e-6
1.5070355816399622e-5
2.6585936549992917e-7
6.939761362009106e-7
7.005207083004422e-7
-3.5268315104995673e-6
1.3670234444301127e-5
3.1362982427004388e-6
-3.5879731406004284e-6
1.1200512118100803e-5
3.390267250200085e-5
1.211977841679944e-5
1.027586502640003e-5
-2.5853056387012407e-6
3.4734853699910917e-7
1.2634155006399292e-5
4.274387382999234e-7
-1.6454080414996658e-6
1.5047013229499764e-5
-5.186710741900136e-6
1.217883087900086e-5
1.0405179262998332e-6
2.743764455000533e-6
8.808898310799784e-6
4.196137921399709e-6
-4.0079891090033515e-7
1.444504903629941e-5
1.1068378811299531e-5
8.7676487371003e-6
9.4089793884998e-6
-6.732434289400194e-6
-2.729630600599442e-6
1.4531812312004039e-6
8.531085019599857e-6
4.856471797898623e-6
1.935501676500473e-6
8.3833415813004e-6
1.1933888631299183e-5
-9.498085841400106e-6
1.1503963965198843e-5
-1.1181448263987426e-6
-4.8571635775998545e-6
-8.324405125699139e-6
9.414504733800885e-6
2.9172851941997036e-6
-1.169290739310054e-5
1.8219262417004667e-6
1.675241107610033e-5
1.3202559194999686e-5
1.271603716290065e-5
-3.056766508599193e-6
1.6709807490300488e-5
7.007690207399761e-6
6.284993943899905e-6
9.036086103400912e-6
7.153179485800548e-6
-1.425304999379956e-5
9.322056754900235e-6
1.4585101041599685e-5
5.673579564401121e-6
1.0916927033099294e-5
7.0605898024999475e-6
6.268608694700792e-6
1.2458659091999641e-5
1.4685305212900485e-5
2.17062142770022e-6
9.837578654001838e-7
-2.0744810553998544e-6
-1.6592099561993368e-6
6.1303339315994104e-6
2.865373173300753e-6
7.844044429499916e-6
5.72187193439988e-6
-1.259800033199393e-6
2.143616474098789e-6
5.3030522428002685e-6
-3.7163325673997966e-6
7.329138648799402e-6
4.0384022963000504e-6
4.1483949239987106e-6
-5.147894525801139e-6
1.782125439159926e-5
-1.1019042634001497e-6
-1.6598718499995224e-6
4.862326820100071e-6
1.243039495659945e-5
3.1415258769009607e-6
1.2071605808499503e-5
8.953168490099389e-6
1.396407668229939e-5
2.082217606899986e-5
2.525677368600196e-6
-2.5316412339930483e-7
1.7369456874003625e-6
7.67571738159896e-6
1.698827555699986e-5
3.1329731277011247e-6
1.7039753647009326e-6
-2.733659638201255e-6
7.5855764575007145e-6
9.109286664799737e-6
2.071076715098874e-6
5.62956337660063e-6
2.1714517355398907e-5
6.3122869410001115e-6
-5.253610138700182e-6
8.883462353299204e-6
8.695022440200276e-6
1.3074048260701063e-5
1.0120046438600108e-5
-2.541618657099509e-6
9.525830120199821e-6
-1.042685042950027e-5
1.0163227615999498e-5
-5.4058550388001725e-6
8.702096591300251e-6
1.4720461601299903e-5
2.1263924632801412e-5
-6.443544650701349e-6
-1.1609027690019647e-7
-2.0482783932001397e-6
1.5515771063500175e-5
2.252606692100534e-6
2.0438661332989466e-6
8.303197894099848e-6
8.347835458300326e-6
5.163271945099121e-6
1.3267911897299825e-5
4.274242357899666e-6
-3.057233569700793e-6
-4.188875218299332e-6
9.858414190501083e-6
4.944199338500349e-6
-9.226310287598766e-6
1.370087005640036e-5
2.043540932200258e-6
5.018975019900618e-6
6.331517195500014e-6
5.473942449900002e-6
7.651751424699385e-6
3.546308590699973e-6
7.797618887500635e-6
2.6721095250006183e-6
1.2094952117699606e-5
1.0517410985200551e-5
1.1491769782301028e-5
-1.404488683598784e-6
3.0248084695004562e-6
5.835867681699969e-6
1.5671066429398528e-5
-3.819961338011324e-7
1.2525382810399041e-5
1.0290175485700229e-5
1.6694787443699913e-5
9.42575176820018e-6
2.1218846577002876e-6
7.891431587700795e-6
7.00057038289896e-6
6.008889347099491e-6
1.71227082800679e-7
-1.1269639314005764e-6
5.337379955099725e-6
4.890806456299759e-6
-1.079057071239932e-5
1.5407811072998961e-6
-8.720117607996514e-7
-2.9792016387995834e-6
2.367311862200641e-6
3.046467204399772e-6
3.5372641726989784e-6
3.342710047799999e-6
1.6867369578010827e-6
-7.450267288398871e-6
8.102845746003895e-7
1.2105043786200462e-5
-1.1534665241008657e-6
6.952732665500491e-6
3.554753777701078e-6
3.5175456964998963e-6
-3.821010485899681e-6
-9.920858506200225e-6
-4.038857185899997e-6
-4.4538497248006875e-6
-1.5567719611007252e-6
4.231883135400252e-6
1.2517546217600747e-5
-3.6793156373005065e-6
1.2288450562598571e-5
3.3944887668987955e-6
5.275708862198872e-6
1.4692096114099495e-5
3.544031933601019e-6
-5.195804652011193e-7
3.075995307201193e-6
6.2020494759010975e-6
1.1887773118200023e-5
-2.5716868275009463e-6
-7.979466565300256e-6
1.0128575628001735e-6
-7.035665974599106e-6
-3.348985646000821e-6
1.2825502886599713e-5
1.8654133916995441e-6
9.658882793099968e-6
1.4899201499300394e-5
1.4046024300086446e-7
9.08011185649961e-6
-1.1305056699974225e-7
-1.2176891400700676e-5
1.61264562939991e-5
1.8069077038799716e-5
3.668767548301033e-6
-9.556739844200635e-6
1.833255125999883e-6
1.6550248144299104e-5
1.400554973219996e-5
-1.2479480915199292e-5
1.4008706600700943e-5
8.939506003001127e-6
4.809711594000454e-6
1.5254700983999281e-5
5.688599430399635e-6
3.1230038129992366e-6
-5.342831657699498e-6
1.685424950909932e-5
4.2669298989939097e-7
3.5659042361014387e-6
6.2618971025003856e-6
4.937974027299785e-6
3.3321444495998387e-6
1.2764742075298957e-5
-1.4743900996986442e-6
6.197681781200393e-6
1.6764373037299676e-5
1.2625692397899915e-5
1.1218985321300584e-5
1.0598108383400029e-5
-1.8457068251799547e-5
7.768336733198627e-6
-8.487856682899697e-6
8.991488852898993e-6
1.6442929973900164e-5
-4.38685226530032e-6
-9.84968987500362e-7
1.814325430520014e-5
6.704088926098861e-6
9.017959829899641e-6
2.689417836701166e-6
8.513474906299973e-6
1.2687552131998917e-5
2.852637695559962e-5
4.124731364199552e-6
6.14772310549884e-6
2.054471509740051e-5
4.575761717400678e-6
-1.2032727686999561e-6
-7.935867113988831e-7
1.4404639148996728e-6
2.6591949962000844e-6
1.066968629701709e-6
3.476796321301087e-6
1.0253039118199997e-5
1.0691486661700694e-5
2.3147804548012685e-6
-3.016886974800681e-6
-1.3168991351997922e-6
4.3672484252993415e-6
1.2558154388400689e-5
4.62158432510025e-6
3.590498907000278e-6
1.1086508784801177e-5
3.6857591419886537e-7
-2.507221173200097e-6
8.618977937000644e-6
5.542584844003828e-7
1.3426761708500504e-5
7.74761267570076e-6
5.794895530099667e-6
-8.565548652399863e-6
1.3261088982995106e-6
8.437656387992598e-7
5.622344117399772e-6
-3.1543343564002096e-6
3.3553541717995516e-6
8.237420260100506e-6
2.5059044819926435e-7
1.534351613739944e-5
-4.4563215464994005e-6
-1.2682414668990089e-6
5.724832836598651e-6
9.868856032900497e-6
1.2185622510900093e-5
1.5006864205800372e-5
8.101680520499269e-6
2.2114894666100046e-5
1.1156187852100208e-5
-6.9602949820044e-7
5.586363274400277e-6
3.389791906800027e-6
1.3173651942199882e-5
5.279707399899469e-6
9.82025419240043e-6
1.2573489191701134e-5
5.9457913222996095e-6
-4.2573288362001555e-6
-9.47592091820118e-6
7.226426579699449e-6
1.9434734120398617e-5
8.774515244700659e-6
8.568500353798789e-6
1.0701762218000635e-5
1.6895715504700037e-5
1.1853322063399424e-5
7.649614299500354e-6
-1.3083352831001066e-6
1.6725931839300587e-5
1.4575306391099302e-5
-3.8830444625010535e-6
1.2043340250900147e-5
-1.611490556699749e-6
4.54760290909996e-6
3.4808638015998428e-6
-3.1233191979951336e-7
5.73755197860043e-6
7.30647440879903e-6
-1.2563869125001292e-6
1.6586702276499832e-5
3.261631735099191e-6
9.423241407300123e-6
-7.190543883700898e-6
1.9785760352501042e-5
-7.610157834007925e-7
7.625128424001287e-7
1.3461120512999955e-5
1.7271166254991671e-6
1.4168581177007727e-6
1.2651323720800842e-5
3.3815362795001913e-6
3.5734340043998974e-6
1.3357502601601262e-5
2.344162293700658e-6
3.931876181900024e-6
-8.398654105000805e-6
1.0848377880500262e-5
7.715356189399308e-6
-1.2446856006986806e-6
-3.1797118858999107e-6
-7.504486823992768e-7
1.1070227454701084e-5
1.045099350898901e-6
4.977908811600387e-6
1.8292632834199588e-5
1.9774352050798416e-5
2.288082677598738e-6
8.593083984398744e-6
1.0656492016499972e-5
6.497636541100485e-6
1.963353101530098e-5
9.852330577099846e-6
1.098064670789975e-5
1.3500177251501294e-5
4.934864218099702e-6
1.6001340499099265e-5
-1.038752433400042e-5
1.366988668750034e-5
1.062246187120107e-5
-5.310597504300935e-6
1.5971948277701195e-5
8.14783103309999e-6
-5.2082221885987184e-6
-1.9674333752994766e-6
-4.142918246099331e-6
6.603276710400244e-6
-1.3064492517100151e-5
9.079891768799808e-6
3.244284665601324e-6
6.715435288399962e-6
6.6359185525010494e-6
-6.93873317600055e-7
7.787989178999546e-6
7.473003273599302e-6
7.535381170801006e-6
1.2767113357100082e-5
-1.9239652153009434e-6
1.8918482659798994e-5
8.542677877500932e-6
8.297155579956028e-8
1.8944316471600567e-5
-1.1179566415098902e-5
9.099026401499302e-6
1.3385454952399845e-5
3.162836520700929e-6
6.413471927500802e-6
8.362210951200558e-6
-5.3967792473987725e-6
1.1098311034993952e-6
8.203456885800056e-6
9.84228323449958e-6
6.806770240199572e-6
5.542881835801303e-6
3.7331307028987126e-6
6.371042913800792e-6
-9.309342158800304e-6
1.5256071831601381e-5
-6.315341711599781e-6
6.851172014899279e-6
8.040356456000958e-6
-1.55049052499856e-7
1.3169648094599196e-5
-2.01202803470045e-6
-6.7320711923998106e-6
8.241207450200225e-6
-6.611805390299708e-6
1.1215496666300284e-5
-1.0850618989005634e-6
1.8095791652100734e-5
1.625592165050045e-5
1.2297161705986798e-6
-2.1679949317992414e-6
-3.019968479199553e-6
1.2251039509005024e-6
-6.2860307802996285e-6
1.0919288686300418e-5
2.341913207699886e-6
1.144177540000034e-5
1.1189455595000952e-6
6.0581516197998064e-6
1.3032498114001062e-6
1.050348444329996e-5
1.1561565532398899e-5
5.826600457900857e-6
2.035695159798706e-6
6.206092732901139e-6
1.2477901267101202e-5
3.6640153573998246e-6
-8.71789782700555e-7
1.0487286170899474e-5
1.71124503200136e-6
8.45572120250146e-6
-1.5777248800127874e-7
4.104815339000742e-6
1.5826843892986775e-6
1.763621361629969e-5
2.7081065641990087e-6
9.900049754013596e-7
2.7743417143014787e-6
1.0502902117997398e-6
-7.099542942000381e-6
8.89463899650042e-6
6.859418389400934e-6
-9.144625033995907e-7
1.1963236191004506e-6
5.8587481075005055e-6
1.2108445787499186e-5
6.425673368700216e-6
-6.482619053499797e-6
7.49552905890058e-6
3.4306214434006582e-6
8.534770013298928e-6
-1.4886838258006824e-6
1.1051918720993148e-6
7.958228294200134e-6
2.728944259299676e-6
-6.909729014983185e-7
1.2369434247001126e-5
-1.7387278242013415e-6
-5.6886896669001985e-6
-3.7353447359996655e-6
1.7316128366005185e-6
3.5495416222993542e-6
-3.835945910400998e-6
3.7880984951992047e-6
-4.748750183698747e-6
1.5396503856700272e-5
1.8095674327988504e-6
-1.5998404668699298e-5
-4.680006184700283e-6
6.002390706699376e-6
1.3812794880004031e-6
4.073475909900301e-6
2.792523418200868e-6
1.2398081095999977e-5
1.1693212411600581e-5
1.5111780538300604e-5
1.0775433216800301e-5
-9.805823988301085e-6
1.2553734379900858e-5
1.3338359201598912e-5
4.598247955300144e-6
2.6509136132200212e-5
7.488037876500486e-6
7.932973304898908e-6
1.6764782819098448e-5
1.243168054269883e-5
3.6827965623990183e-6
9.039425279501467e-6
5.2321985294992435e-6
1.0828137470398833e-5
1.589994900699776e-6
1.0185371316199371e-5
1.0685943409000087e-5
1.417723533440017e-5
9.69736840709945e-6
-1.1962471648998413e-6
8.73105651790114e-6
7.169971874800701e-6
3.5437183188002236e-6
1.477652711170084e-5
1.094667277659958e-5
1.3806571194900294e-5
-6.580524637301438e-6
1.1030383721299941e-5
2.0205703470006775e-6
-4.340315573996001e-7
9.714724850300518e-6
5.959319146099998e-6
1.0091409220900488e-5
1.138727822730043e-5
-2.4681014942004587e-6
1.4483617947400745e-5
-2.9119874665993473e-6
-1.2743530349891563e-7
1.280027820230005e-5
5.183213942900472e-6
-2.614655443700792e-6
1.306640354009972e-5
6.4718126122007e-6
4.919476205400564e-6
1.6915439750124495e-7
8.90503792549957e-6
1.6808281044985995e-6
-7.72498173230024e-6
-1.2496283500994243e-6
1.0707297559999635e-5
6.131715020599518e-6
-8.174169310003199e-8
1.0868526091499173e-5
4.593842723899996e-6
2.249602692001515e-6
6.746899062300485e-6
5.740334258401078e-6
1.516925848459895e-5
1.4122596363300849e-5
7.68048834899962e-6
1.184577043240008e-5
4.3400385911010475e-6
6.964806701099946e-6
1.927495976000379e-6
5.213074971300441e-6
8.239851427999448e-6
9.602519563400164e-6
8.379973390600093e-6
8.110305049600572e-6
-7.657597451988379e-7
1.2342683777699648e-5
5.0898559013998895e-6
9.059302670012814e-8
-2.003234252799871e-6
1.2418150142499279e-5
-4.487418095500129e-6
1.3422370398100125e-5
6.893499613398399e-6
1.088230290940094e-5
1.0850103636699665e-5
2.4048240635995977e-6
2.9276820146997146e-6
1.8598432161400294e-5
3.1307522245001967e-6
1.2108825234200676e-5
2.8141961347996625e-6
1.1512781214004925e-6
-5.439418809000812e-7
7.698685727300023e-6
-5.9616581377999744e-6
1.0538248448000928e-5
-9.542359816299556e-6
-3.7321233748010413e-6
1.4198845477000899e-5
5.436526943299047e-6
1.5135247972992288e-6
9.454805171100686e-6
2.12528795481004e-5
1.0708232885400099e-5
2.2619288304099108e-5
3.5337554847997277e-6
1.13035095365005e-5
1.2378831413997066e-6
1.3432050546099278e-5
3.8103500090997527e-6
7.618473727001238e-6
9.584930225901497e-6
1.3897893082500876e-5
-2.2861521579986555e-7
5.103208496700165e-6
8.911923258600116e-6
1.0365905946099416e-5
8.173587910300512e-6
-2.1582620000036579e-7
-6.0340343033000315e-6
1.1502662824007526e-6
-2.7521908231003395e-6
-2.435897216700525e-6
4.849445428599733e-6
1.3206149755600263e-5
7.415888531800419e-6
8.350765043099034e-6
8.186185238701418e-6
2.212253368680077e-5
1.4802359579006719e-6
3.5716376330097166e-7
1.090694845929871e-5
6.000107895998488e-6
9.020951511898995e-6
-4.201099560499286e-6
1.8775898210001557e-6
6.4428066525006045e-6
2.1956941212500358e-5
8.859825457001314e-7
1.0455610016999947e-5
9.530393957599831e-6
6.8976123750990465e-6
