1.881275607200708e-6
2.400819686198749e-6
2.3636437651002734e-6
1.8713297218007213e-6
2.3355369199989234e-6
1.0333357589997066e-6
2.166794357100557e-6
1.512740530200049e-6
1.5934452827007228e-6
2.4975055216008846e-6
2.0201234268990564e-6
1.8059411203003028e-6
2.5723876086996417e-6
1.4292774544004405e-6
2.1090040775006286e-6
2.2107287525000713e-6
1.6905327012012306e-6
1.6976559247001283e-6
1.3286928174996437e-6
1.5797767799995144e-6
2.3471693349000344e-6
1.952684615200845e-6
2.6036487205984005e-6
9.31510533401167e-7
2.1149271215992194e-6
2.0973755735006344e-6
1.798632811099432e-6
1.7824156850008294e-6
2.409089143099244e-6
1.948606252201099e-6
1.4666005391014009e-6
1.6777586421996837e-6
3.568849339899427e-6
2.3903324120992664e-6
1.645973494500061e-6
1.3872538390004296e-6
1.941387080699186e-6
1.668890019899602e-6
1.7094678167999672e-6
2.086533310800137e-6
1.7915538890987681e-6
2.565730800100502e-6
1.6797902867987657e-6
1.4341643781012187e-6
2.235836418300677e-6
2.3835611810997526e-6
1.0981239372993834e-6
1.8066843401002425e-6
2.5993584717009383e-6
1.662715134499726e-6
1.974908682100124e-6
2.315973741600502e-6
2.877398254200539e-6
2.0558317764991785e-6
1.6806177974004743e-6
1.802508191501434e-6
2.669857361399172e-6
1.6070090378995927e-6
1.3406181558987124e-6
2.1083993784008076e-6
2.964449593400101e-6
1.9364111593991873e-6
1.992988760600445e-6
1.5901659589992456e-6
2.692390870600095e-6
1.703421530699703e-6
2.002590733999124e-6
2.157544730600064e-6
1.25562256349937e-6
1.6958064509992044e-6
1.6979321190001978e-6
2.640165075101092e-6
1.6395703683006607e-6
2.2984042058003112e-6
1.7484067689008814e-6
1.3712661437008389e-6
1.3918643567995687e-6
1.4554132383992613e-6
2.3979683365007304e-6
1.6303085049011734e-6
2.0347899132994174e-6
1.0318594267002407e-6
2.5932290554000342e-6
2.0757410653000907e-6
2.0811938508998734e-6
2.6238616360006045e-6
2.0515446835997486e-6
2.636358094901259e-6
1.5412739263007819e-6
1.7943069559999553e-6
1.6187060752001492e-6
2.473010949799459e-6
2.4160321879986707e-6
1.3033486144006096e-6
2.69606976090013e-6
1.8537797924003674e-6
2.506140073500751e-6
2.5189666674994837e-6
1.6056360589000035e-6
1.8276280689000918e-6
2.37019563789978e-6
2.8898298630990887e-6
1.8425649428010366e-6
1.5364822487998198e-6
1.0949274757005023e-6
1.4987325854011468e-6
1.7325911006987188e-6
2.4348241500007917e-6
1.4999055948997086e-6
3.3555758940997937e-6
1.60168083649867e-6
2.3297511374999885e-6
2.500721618899082e-6
3.7259078680997038e-6
1.4954865053002503e-6
1.6078933181996186e-6
2.778646373199911e-6
1.0115637190007132e-6
2.0209710193015706e-6
2.5999347478006946e-6
