12 25 26
25 12 48
12 2 48
1 12 49
2 7 48
12 26 49
26 8 49
8 1 49
7 25 48
14 21 22
15 20 21
15 16 50
13 14 51
16 18 19
13 23 24
16 3 52
2 13 53
18 16 52
13 24 53
3 6 52
7 2 53
23 13 51
16 19 50
14 22 51
20 15 50
19 20 50
22 23 51
6 18 52
24 7 53
15 21 14
6 3 55
3 4 55
4 5 54
5 17 54
17 6 55
54 17 55
4 54 55
36 37 57
31 32 56
36 57 58
56 32 59
28 29 59
27 28 58
17 5 57
9 30 56
37 6 60
10 31 61
56 30 61
17 57 60
31 56 61
57 37 60
57 27 58
29 56 59
35 36 58
32 33 59
6 17 60
30 10 61
5 27 57
29 9 56
28 33 34
33 28 59
35 28 34
28 35 58
69 20 80
38 11 71
69 64 85
11 39 71
64 69 81
20 69 85
70 64 77
64 70 76
62 81 90
81 69 90
67 78 84
78 62 84
64 72 94
6 37 83
75 35 89
99 79 100
18 6 83
20 19 80
38 71 93
7 24 47
36 35 75
72 64 81
70 99 100
73 66 92
72 43 94
67 75 89
43 72 88
66 73 95
40 41 73
64 76 85
66 71 92
71 39 92
86 42 88
77 64 94
34 33 74
68 86 88
44 45 77
22 21 76
40 73 92
73 63 95
31 10 93
62 78 91
24 23 79
46 47 79
71 66 87
77 45 99
22 76 100
78 68 91
87 31 93
33 32 82
41 42 86
32 31 87
34 74 89
10 38 93
47 24 79
70 77 99
76 70 100
21 20 85
68 88 91
88 72 91
63 73 101
73 41 86
74 33 82
43 44 94
71 87 93
82 32 87
75 67 84
42 43 88
63 74 95
89 74 97
65 75 84
79 23 100
46 79 99
37 36 96
78 67 97
76 21 85
63 78 97
35 34 89
66 82 87
39 40 92
74 63 97
75 65 96
84 62 90
19 18 98
78 63 101
65 80 98
68 78 101
23 22 100
45 46 99
74 82 95
36 75 96
83 65 98
44 77 94
80 65 90
83 37 96
73 86 101
69 80 90
81 62 91
65 84 90
72 81 91
65 83 96
67 89 97
80 19 98
82 66 95
18 83 98
86 68 101
