1 12 65
31 32 67
7 31 66
32 8 65
32 12 67
12 32 65
8 1 65
2 30 68
66 31 67
30 7 66
66 67 68
30 66 68
12 2 68
67 12 68
14 15 71
13 14 73
15 16 77
19 20 69
28 29 70
71 15 75
30 2 70
3 18 69
69 18 80
30 70 79
28 70 74
69 20 78
19 69 80
70 29 79
29 7 79
6 19 80
14 72 73
76 15 77
24 25 71
23 24 75
25 26 72
22 23 76
26 27 73
21 22 77
27 28 74
20 21 78
18 6 80
7 30 79
77 16 78
13 73 74
24 71 75
71 25 72
70 13 74
16 69 78
23 75 76
72 26 73
22 76 77
73 27 74
21 77 78
75 15 76
14 71 72
2 13 70
16 3 69
5 17 81
18 3 81
4 5 81
18 81 82
81 17 82
17 6 82
6 18 82
3 4 81
17 5 86
9 37 85
36 9 85
5 33 86
45 46 83
40 41 84
38 39 85
47 48 86
17 86 94
85 37 93
43 44 87
38 85 93
86 48 94
87 35 92
34 35 87
35 36 84
33 34 83
83 46 89
40 84 88
45 83 91
84 41 90
85 39 88
47 86 89
41 42 90
39 40 88
46 47 89
37 10 93
6 17 94
44 45 91
43 87 92
42 43 92
87 44 91
48 6 94
10 38 93
35 90 92
83 34 91
35 84 90
90 42 92
86 33 89
36 85 88
33 83 89
84 36 88
34 87 91
116 55 139
56 57 123
112 43 148
43 112 150
40 39 122
56 123 139
113 97 138
142 111 144
55 116 152
97 142 144
97 113 178
101 116 139
117 103 146
103 119 144
116 101 135
122 39 153
119 103 159
99 121 166
103 117 140
121 134 166
146 62 161
117 146 161
103 140 159
40 122 137
124 104 178
27 140 170
121 52 134
133 98 179
98 133 185
101 124 154
101 154 186
111 130 144
130 103 144
113 124 178
122 99 164
11 51 129
47 46 125
132 168 182
110 138 155
140 117 170
144 119 155
55 56 139
45 44 126
104 124 165
127 107 151
52 121 176
137 122 164
123 101 139
121 105 176
138 102 141
41 40 137
102 132 182
96 127 151
125 108 167
138 97 155
106 127 149
119 25 157
125 167 185
127 96 149
27 26 140
54 55 152
105 122 153
113 138 141
25 119 159
58 59 128
45 126 160
105 121 156
141 102 182
120 141 182
29 64 7
52 53 134
124 113 187
43 42 148
143 95 174
125 46 160
50 11 129
103 130 146
123 57 147
108 126 158
104 123 147
126 100 158
51 52 176
60 61 130
122 105 156
118 143 174
133 115 185
114 133 179
108 125 160
121 99 156
126 108 160
112 148 149
101 123 165
95 143 154
105 129 176
142 97 178
148 106 149
128 111 142
124 101 165
123 104 165
23 22 132
128 59 175
116 151 152
99 122 156
111 128 175
104 128 142
47 125 173
20 133 190
151 107 152
125 115 173
21 20 190
128 104 147
38 136 153
138 110 177
167 98 185
143 109 154
107 127 166
168 114 182
129 105 188
115 125 185
39 38 153
105 136 188
130 111 175
60 130 175
6 48 162
19 6 162
61 62 146
126 44 150
58 128 147
130 61 146
25 24 157
29 28 145
63 64 145
129 51 176
57 58 147
23 132 163
136 49 188
112 131 180
131 100 180
64 29 145
131 112 149
110 155 157
38 10 181
155 119 157
22 21 168
100 126 180
127 106 164
127 99 166
116 135 151
99 127 164
62 63 161
100 143 158
44 43 150
143 118 158
49 50 188
96 131 149
102 138 177
97 144 155
135 96 151
163 132 177
50 129 188
136 105 153
115 133 172
53 54 171
95 141 174
141 120 174
49 136 181
96 135 184
133 20 172
145 28 170
184 135 186
168 21 190
132 22 168
137 106 169
161 145 170
42 41 169
134 107 166
107 134 171
132 102 177
100 131 183
26 25 159
141 95 187
131 96 184
134 53 171
113 141 187
133 114 190
95 154 187
154 124 187
41 137 169
106 137 164
24 23 163
135 101 186
109 184 186
46 45 160
140 26 159
28 27 170
20 19 172
48 47 173
59 60 175
54 152 171
136 38 181
108 158 167
110 163 177
148 42 169
158 118 167
10 49 181
106 148 169
104 142 178
126 150 180
143 100 183
109 143 183
63 145 161
154 109 186
152 107 171
183 131 184
157 24 163
109 183 184
117 161 170
110 157 163
150 112 180
162 115 172
114 168 190
162 48 173
19 162 172
118 174 189
174 120 189
115 162 173
179 120 182
114 179 182
167 118 189
98 167 189
179 98 189
120 179 189
