0.0142159190432899
0.0133660318364602
0.013498004192273698
0.014348905150591403
0.015014403678954603
0.015686310114981804
0.013892417214643203
0.013655663835665403
0.0155568291283944
0.013567435983926505
0.011119571543587302
0.0119128783662888
0.015353504776682
0.012793083958899797
0.014685888721392398
0.014421548432007297
0.013384204505278198
0.0146170254882182
0.013485096535871696
0.013298532693322797
0.015140139574872098
0.0135478641332126
0.014033658857734
0.0141181384069375
0.013847837096784499
0.015965493389619202
0.014905658958710995
0.014639756977272197
0.014140283299111996
0.013461620031667995
0.013248839927266998
0.014235427970205002
0.014926649638478298
0.014515499950438
0.013416403152550598
0.014286245000726103
0.013612149276315204
0.0127213805876574
0.015027041909353903
0.012996000478132298
0.0140754723886986
0.012999900405694098
0.013126397712742696
0.011777711359339
0.011565290807547396
0.014471486787432805
0.012950079974698499
0.0139705726580732
0.013470161421743197
0.014707318981310696
0.014316728292922902
0.013682051660147194
0.013606309137360204
0.012726285006010994
0.012498798259218
0.013563496871903398
0.013589063443247097
0.0139297725535939
0.013132413121577202
0.0139331607606352
0.014020657114093595
0.014880789937743104
0.014534061586054699
0.013835564074877502
0.012552548382968196
0.013489837418186795
0.014729533831989904
0.012895018885375205
0.0140569687334978
0.0138039897629616
0.013055935646595906
0.012498851747527705
0.013331204169351796
0.011167364086274695
0.013078458530783696
0.0133646067682852
0.0135047716318061
0.015041265390307201
0.013379959010259297
0.013174676128234399
0.014857169201964997
0.012530405584593701
0.012936025129909802
0.0155745934871876
0.013881468657721004
0.013687838544119299
0.013633405775907596
0.013247088879352095
0.014005047240527098
0.015266437579231504
0.014619156891143202
0.014503995550636
0.014734204493911496
0.013062908188653896
0.012614606965013098
0.012606548950398498
0.0140560931958022
0.015109714632444295
0.014910916203573203
0.012928852285538701
0.013803721960090498
0.0147380742514844
0.014099695641168204
0.014230622254269798
0.013830508284437194
0.014298663407777003
0.013938162469338003
0.013382090226655798
0.0130672853942823
0.013383955463741999
0.013599248978584298
0.013077680908079599
0.012405878256538494
0.013710269751455506
0.014488880268744703
0.013653754561474503
0.0140856732929278
0.012935561518475802
0.0139807812437176
0.0140666901212715
0.013333622762619401
0.013054814588897401
0.014168355535185702
0.012638142221085696
0.015168398599355003
0.014745671255206504
0.014491391644608699
0.013282320868775697
0.013099672749078202
0.0126952093936687
0.012711594951790098
0.0143340649755768
0.012709031568798199
0.014266208810021198
0.014839626939619203
0.0145720622043631
0.012889234234011102
0.014309872889198202
0.0137503814700604
0.013266059293093803
0.013392945446119603
0.012334686732451701
0.015972245980474302
0.0136315339605892
0.0142700696153625
0.014410807545115902
0.013965813148335997
0.012869718030685803
0.014609019768563498
0.013279651338059098
0.014158226640584803
0.0139688811997105
0.013994150349785794
0.014100560447317903
0.0141897539008667
0.012255225287975895
0.014940329848062997
0.013107562145614898
0.0138619706213233
0.0127968060298208
0.014173051067460106
0.012199412508961997
0.014232977267397598
0.0141573272173805
0.013424680242840499
0.012705176727811594
0.014204743919326697
0.0148924293322963
0.014711512536054794
0.0133916078794684
0.014321801622195096
0.013286696887416002
0.012136206773651903
0.014397070351183296
0.013921163423962796
0.014612196420630504
0.01272956188846
0.014465891744471597
0.0149268111555095
0.0132706932209389
0.014184352501315396
0.015851046354045703
0.012963359467387803
0.013351490844671299
0.014495724528922602
0.0137719905637632
0.0143063568480929
0.0126093931084807
0.013796411060052895
0.012598142675123804
0.013996107434547302
0.014710079288363598
0.012881256553009604
0.012978629977340297
0.013037887703073806
0.0138818364450417
0.013611348730825298
0.0136632287428999
0.013048463472195702
0.015058996496498202
0.015507191246976804
0.013461728654959405
0.0129467563854525
0.0135012021423572
0.0150824177429692
0.012413454305594401
0.013138580026346595
0.012085035470237399
0.013499421731602998
0.012971298379925597
0.013647706400715005
0.013098566502211202
0.0149378014712283
0.014268632382917402
0.013083784394358096
0.012747981437160896
0.0139538986792545
0.013485025725935795
0.013793944662905802
0.014017154601091403
0.014189072402134899
0.013709094371450105
0.014847436809051803
0.011105665019967903
0.013890560934890099
0.0128670012380157
0.013329660622126302
0.0124966813451831
0.013436396317850895
0.0136942660907605
0.013790223236658398
0.0154741746993695
0.014250034771024496
0.014525364359256103
0.012150836274732603
0.013240221328223702
0.013187130754373298
0.015199458794810397
0.0128750753230275
0.014997490562304795
0.013908896373090403
0.013620745265223999
0.0143805772274367
0.012881532963586406
0.0136121988611667
0.012001908139851296
0.012686051463496197
0.0133353538400428
0.014815323838646303
0.0147648249265123
0.014802206413447497
0.014973895198749199
0.013085386712919901
0.014260458348830496
0.013333771413440401
0.014881563950734797
0.013022440734429902
0.0144574007119216
0.014606083349859897
0.014967394954776204
0.0129526984932508
0.011369304074810897
0.014199178748425398
0.013777569245316
0.012136594144343406
0.013745290670226194
0.012559791265189406
0.014127721503671795
0.014268286655617003
0.014063480393999801
0.012851588356693401
0.013129331199826101
0.013434678793307904
0.0118858560730404
0.0136134898025091
0.013737830616862401
0.012938570293461002
0.013480049984112903
0.0135201915982033
0.014120048470471797
0.013402442444647701
0.013989463677190096
0.013623637474438198
0.0124478999715801
0.013260066521773799
0.014829591500274499
0.013262178414447698
0.012574244528443905
0.014950694941231496
0.013287222347380799
0.014022173961588502
0.013405655007998597
0.014185080556749698
0.013612584936246903
0.013328114998946497
0.014895685750301
0.013837854517711398
0.014265805211600695
0.014064163764686895
0.014659708330708301
0.013574701651247897
0.0150196601816448
0.013098061944883499
0.013815976216647798
0.014065127037114697
0.0139731880377999
0.014421260318513096
0.012584764721699199
0.0147843162358762
0.013396764326339898
0.013690170017217201
0.0124564959546122
0.0126109369713348
0.0140195902011674
0.012943277118167902
0.0137701226379107
0.012782632424543798
0.0119050874994156
0.013146505979536996
0.014931833526104
0.013697587969074602
0.013554041714926003
0.0139569428697046
0.013431513308181604
0.014608592539410402
0.013346610072893998
0.014208824568067803
0.013669934278061895
0.013673923055321502
0.014241522334412601
0.0137453023480551
0.013412265630261398
0.013366665318167402
0.014780413062754898
0.013554746646395693
0.013224242144955295
0.013065025123528098
0.013103372110398005
0.013538116785822098
0.013269048240433304
0.0126643647939114
0.013484753437770898
0.013530567068261896
0.014433860125644696
0.0131093766501396
0.0157118077557609
0.013671386034267798
0.013998103787673494
0.0135903503658521
0.0130069794561532
0.014306810674525501
0.013527031050621106
0.013476146553876106
0.013965082663899196
0.012735658460440204
0.0127555423831969
0.013055837785057901
0.014294104024815998
0.0129784897806886
0.0138851085534984
0.014609700550286098
0.0147723161454794
0.013377799473144596
0.0138688779845988
0.014045542497180805
0.012789314576811303
0.0119058175559753
0.012954498228530203
0.013803708550432003
0.013723307033415295
0.014289526131031703
0.0143918073172562
0.013741452120718402
0.0138688482540094
0.013581761178444902
0.011299567490112898
0.013924379084889499
0.013715383192720303
0.0139762265933197
0.013375202624133602
0.0147334082970772
0.011705082107792301
0.014779285863241301
0.0136077627870008
0.0143652269930259
0.014251656977307202
0.014749683152158202
0.0159035042158803
0.015449713958788296
0.012143166280921401
0.014717470419850297
0.014778923755363299
0.011803507543093596
0.012347494458989902
0.012882052704486002
0.012079679519459596
0.013753645232762894
0.0151370313974157
0.0141341237387144
0.013621240141467705
0.014690392819641199
0.015123976393238495
0.014080369529735702
0.013638019339952803
0.012879621651015798
0.013404439877939503
0.014565767811630104
0.014602602722253805
0.013541412221360197
0.015077675833922596
0.014120475548214897
0.012917665430651905
0.0117465626965534
0.0140141656633751
0.012643868752041001
0.013186868741778199
0.013290659045447697
0.014292724344740604
0.0141882117451414
0.012528670720801598
0.013782337952283195
0.0122724033838272
0.013597235359000696
0.014136222173019193
0.012597780656413406
0.013426516506241798
0.013524845078849698
0.013355538433938899
0.012493322566571596
0.012862833523306298
0.013683425289227003
0.013098864359436302
0.013580051183591901
0.014761101588517095
0.014166250194638505
0.014119238544183205
0.013663068622702494
0.014153562800580603
0.0154063562993568
0.011661278738479504
0.0131837889626931
0.013454008014971
0.013090790548654599
0.0136926176718535
0.012656449835982297
0.012805599036964897
0.0139286416990455
0.013504566293487397
0.014888441044044798
0.014656328807118903
0.012928527548956702
0.0144067689251582
0.0140590956574847
0.012668453917174298
0.015003230097098301
0.012761170945142002
0.013680344301869499
0.014501594330596806
0.012964518428228898
0.014284916099450803
0.0137775698187294
0.0137206645242198
0.0143626257440811
0.013567703746457
0.012278414479837095
0.015079714780588005
0.013800823564216504
0.013695921443578903
0.012584638975028095
0.012396405375628299
0.0137294823335904
0.0134410367342808
0.0141161595078559
0.0132380538865432
0.0122299116088576
0.0112653510476248
0.0149236097988482
0.013516089840921598
0.014651068469238297
0.014928089349181398
0.012565664394900006
0.013043663892190298
0.015090552864812798
0.0144440775023899
0.013834909869836098
0.014950555776562402
0.015205725361372997
0.0133958107533527
0.013045256754992199
0.011978035713744797
0.014079362409364998
0.012672087254333497
0.0137866881776256
0.0136735036845572
0.013996421039843006
0.014256448602084595
0.014032602654738796
0.013721019595688104
0.014227023900153304
0.013462823747994096
0.014771218204192998
0.013076292492285202
0.0133527813268619
0.013581800761175995
0.0131434190515861
0.0122157291800893
0.0134774165994712
0.016143256038554404
0.013929274672842905
0.014168654507363695
0.014510972184356596
0.0142497762498551
0.0130472448732123
0.012762315998969403
0.0129664185501892
0.0141932749166047
0.013782057132352095
0.012844927165966497
0.0121116677434005
0.014065896293510294
0.012924496427358496
0.013622078300558699
0.013738017233077097
0.013124385643007705
0.013940928853146302
0.0131948035204743
0.013685087097383905
0.012378387936514204
0.0138040278925727
0.014519284098439202
0.014163615399942396
0.013102714450413402
0.012247138799808599
0.014202978908703097
0.012169270018740797
0.012875988601284798
0.0123450314343539
0.014094941610612699
0.014642942531073802
0.0137262199037042
0.014484459728889697
0.0147446900424398
0.013578383392581703
0.015485696394491696
0.013569165210785397
0.014139918335523
0.013523674914312202
0.015008448303540901
0.013944751925924502
0.014621975407429197
0.012705906704598001
0.014336222324889396
0.014250550034167697
0.014365904008682796
0.014883028579261305
0.014112218465154806
0.014102420507952303
0.0130401313625019
0.013124664304975199
0.012217154706318602
0.0146243868532401
0.012257434641548597
0.013396562138817701
0.013876511358375594
0.012503564470776503
0.014354265007370602
0.013497361101445497
0.013546094166730804
0.0153535190178248
0.013863715482720897
0.0133476249975931
0.013683653021647299
0.013828444229157001
0.012347150136187902
0.013911836592054402
0.013034201723862299
0.0119987942620092
0.013443146456072107
0.013847436911176604
0.013274873404774304
0.014671592186188
0.012422138698350994
0.013999918500807201
0.012375936313386696
0.012280671298861005
0.013433105126642302
0.013217606542628497
0.0133842523046881
0.012428782652123598
0.0134155925729696
0.013744556393769897
0.014152712293424304
0.012634574880041195
0.013024952821978603
0.015022170500063
0.014284079753507498
0.013958449685859006
0.014457493311213404
0.0141220746226777
0.012987878045565303
0.014276338169064103
0.014438590228657205
0.0138290747584702
0.015219625909217098
0.013350925486466304
0.012865652435597404
0.0123550088604399
0.014678077071270397
0.014055768583015299
0.013787649789100596
0.0135490344462001
0.015123743898057901
0.014140769285627401
0.013444069460035298
0.014839262476866705
0.014450968842748997
0.0135495276916138
0.013886389595763
0.014130399070391805
0.012941256862111401
0.014981962789635504
0.0149107191658829
0.012019895925741403
0.014515910070248203
0.013409735667908505
0.012889225911965396
0.014717355167813702
0.014777053415450304
0.0136755897424638
0.014495458359322894
0.012707891511093701
0.014181041008157196
0.014765210807218598
0.0133138456036134
0.012591641148196699
0.014059312314245904
0.0144297028572292
0.013743705930962996
0.013206318474690504
0.013132567743401699
0.0138522819408372
0.014301790577001004
0.015154015193448195
0.013705519222130202
0.013443385680118498
0.013195684028613798
0.0129329544922175
0.013372255250011698
0.0147097483701348
0.014517183916648899
0.012286374586206295
0.012486629876173397
0.013803734127265405
0.013883428965389001
0.013111477380983602
0.012094934948402102
0.013906028275250101
0.013015537735413002
0.013878526360358898
0.014416802350633993
0.013229114773829903
0.0137106136922025
0.013311953169343402
0.013218411448918999
0.012402348161236205
0.015279471701879599
0.0119705108444451
0.012549497129237204
0.013264908025525997
0.0138707649385588
0.013387489685558002
0.012857528383938596
0.015369929461140297
0.014752685842609296
0.013613265198137499
0.013408914499127796
0.0150240529287929
0.0135184361426086
0.014542424217619698
0.012913812996329203
0.014356291389720804
0.0142958093279405
0.013774196360836398
0.012933447094089806
0.013821998840613504
0.0136178081522381
0.014909005896009998
0.013732703163096098
0.014273865470274101
0.014368091437972304
0.014635880772222304
0.015053749150873298
0.013702656489566499
0.012848271589168
0.012715450211302902
0.014384700627306596
0.0132536723090445
0.0121232722650573
0.014699291079672605
0.0131195081022724
0.012269114416788802
0.013961793761444304
0.013658836773280399
0.011030046099394605
0.013229289630436701
0.014149605207342604
0.012527916208764998
0.0135529467949368
0.0143118483433314
0.012844446862764099
0.0150713152557964
0.013192485762907102
0.012852001974537196
0.011382324901495502
0.013411002296661402
0.0133072822742865
0.014827029477072103
0.014163120582774802
0.013960182643367902
0.0139538096388937
0.0150664364419364
0.014319866199691701
0.013260361154578695
0.0141085040359374
0.0142459751881178
0.0137432294459554
0.015393454591121701
0.013471500922163003
0.0145417058969989
0.013168923190747896
0.013731902335246703
0.0132325007444326
0.014507563919373294
0.013300737158246298
0.013189709532194498
0.0134711594477269
0.014436448731232399
0.0139362566312764
0.0134623109768474
0.014728830177831699
0.013223624174798498
0.0140850146751361
0.015409335478042699
0.0148986676709221
0.015253490548083594
0.013675606081173797
0.015446513528542496
0.012815346026278998
0.012644828911320197
0.013493359726595502
0.012669969683345897
0.0142350296408751
0.013276722227800707
0.013264645623044198
0.013691324482738805
0.0133760834427964
0.013748914579907602
0.014757005403391997
0.0136616422962548
0.013545593053540299
0.013569496593592398
0.013847741286456494
0.013768961270174296
0.012862946484319501
0.0131859953921755
0.013930355106496706
0.013568183023707797
0.014630374014522003
0.014922511646570102
0.014499740001116701
0.012764361815705602
0.013168084898092701
0.013979857592962101
0.012227546053603704
0.0131307835389659
0.014197066863429704
0.013904906600973405
0.014409408174542296
0.0132720048122393
0.014616385155197302
0.012820567182214901
0.014163008635179102
0.013167880805350002
0.014398893227029697
0.0134930488052235
0.013782698740752101
0.0134100109200921
0.013949879118427898
0.0141508227571528
0.0141606751818565
0.014101919076663999
0.0130077607764233
0.013811935777552499
0.013653591380708499
0.011181928439433698
0.012840215580231101
0.012378644440948494
0.014134427012384002
0.014180623321368706
0.014092071455703403
0.014090520315476703
0.0136192153066034
0.011929753900401706
0.0143580230104242
0.0145502340223072
0.014679500982094404
0.014057267668019506
0.0153758558519791
0.013371783454085198
0.013553544151325397
0.0133573663478561
0.012767842262720798
0.014550364741898802
0.014316445243768204
0.012540357751564903
0.0144019366249446
0.013050830073457094
0.013321866552484005
0.015015207332126398
0.014848557257001897
0.014258559486666295
0.013488088461408594
0.0156285811136389
0.013782304796295698
0.0136639171143626
0.013068865382435499
0.013101303333044198
0.0147331588249252
0.013986465414103595
0.012136196011509504
0.013135253549333599
0.0126937907612047
0.0127718848973363
0.0157649457125296
0.013739909778871698
0.014244532994619002
0.012706163580679296
0.011462279286502404
0.012764073485532004
0.014984177941291497
0.014019937832155396
0.014072532988729396
0.014022443216602301
0.013119676322468202
0.0142437720169825
0.013909328087357203
0.014207677784210102
0.013052798173664497
0.0142281104206426
0.015084412829830196
0.0131062752033052
0.014277927289718204
0.014587165455734304
0.013107905932059197
0.012960866513721699
0.0127464747267289
0.013919855949879802
0.013794854807453905
0.0119129460349916
0.013703889191467297
0.013318159235055
0.015266965022426401
0.013848758345576202
0.0138979572334103
0.012670996828432299
0.0131029077125688
0.012945572702418598
0.014585316067438
0.013160891634291905
0.0137443887628758
0.0145229313084686
0.014047337017095395
0.014116811569554799
0.014448007079108899
0.0152578911345959
0.013352622255214504
0.014440066188159704
0.0130438572828908
0.013193278763847197
0.013745152211386898
0.012739650794933902
0.0126015085741756
0.015626179798570998
0.014979557780455802
0.014094730002935
0.015107838655605797
0.012754480317955404
0.012784279748755997
0.013267724003962603
0.013843529808542102
0.013951113474529098
0.013682892626603105
0.013691681345321997
0.013721905020035598
0.013792696918919801
0.0136802970299287
0.014670613918345295
0.014303986198997296
0.0148998679920666
0.013963395476004399
0.012864341604369903
0.013303121499988295
0.0130886543184065
0.011271440700262002
0.014530948929897598
0.0143316112948252
0.013714319941767902
0.013643907819432997
0.0139822485258018
0.013622558815580603
0.0132126679193054
0.013155808849067897
0.0122542175778056
0.013432145722817597
0.015200548049842597
0.013878890176078996
