-8.083181056599276e-6
3.5093058907004204e-6
-4.310476537199015e-6
-5.51084495310078e-6
-1.0530708351099913e-5
-1.0903993570300294e-5
-4.830666738300793e-6
-7.490173715899925e-6
-7.468764649401147e-6
1.8284489767001616e-6
2.2760061867011655e-6
-1.2059381921000062e-5
-1.0114082784099324e-5
4.539298108299783e-6
-5.470463856700053e-6
-3.9109237706998895e-6
5.514217759900256e-6
-1.244626446039905e-5
-8.120365583300093e-6
-3.5029625310000617e-6
-2.7233892129982507e-7
1.7653253999924678e-7
6.075265541003599e-7
-3.929652668700073e-6
-2.489031566599645e-6
-9.859266198800065e-6
-5.482375963499278e-6
-2.8668995700996402e-6
6.052749918000408e-6
-3.270483684199993e-6
-4.5614916141002715e-6
-3.9141358068994075e-6
-5.170962236599949e-6
1.5431375393996916e-6
-8.936416724000112e-6
-5.332312471500317e-6
-3.1037103053986603e-6
-1.6290521000997954e-6
-4.332357290999858e-6
-7.087238660699949e-6
-1.017108408830035e-5
-1.2020854066499553e-5
4.431694611098727e-6
-2.172589701599989e-6
-7.598110495199081e-6
-7.838576359600266e-6
-2.3667008824009017e-6
-2.4598390033006567e-6
-4.306434782100008e-6
-8.759738211398804e-6
-6.408838134200345e-6
-1.0073540358498598e-5
-1.6556346901994146e-6
-9.716956489299114e-6
-4.330526333000059e-6
-4.132306461400101e-6
-5.771068377600358e-6
-1.051244724459971e-5
-1.0407634845600172e-5
-9.051182438008648e-7
1.3721540148003974e-6
-5.8492928128994065e-6
-8.242013081000144e-6
3.2232167940064727e-7
-1.2662883552699844e-5
-8.604116614000304e-6
-7.528824178801297e-6
-5.5312825649987685e-6
-5.076637808500151e-6
-5.1377102498004895e-6
1.926877859995818e-7
-5.232939833899053e-6
1.2392423947987785e-6
-2.1378899663013207e-6
-5.062374520600418e-6
-4.135926059500514e-6
-4.456848788199352e-6
-5.366994603300465e-6
-7.460706459700567e-6
1.0572693324006205e-6
-7.572230833099991e-6
-9.039321166699754e-6
-3.119799086600053e-6
-2.671015669926391e-8
-3.513145311899793e-6
-7.817839842199498e-6
-3.466060069998167e-7
-9.090709178198597e-6
-1.8347660787985248e-6
-8.86025717499947e-6
-2.4999781259010118e-6
-6.546739491995052e-7
-1.4369553866099005e-5
-1.07044129958999e-5
-3.9882227275984256e-6
-1.1405100958499295e-5
-5.893734498010894e-7
-9.880978264299733e-6
8.2597512953992e-6
-1.0217351527400803e-5
-2.554822382700231e-6
-6.918825829500125e-6
-1.479512466900923e-6
3.572583890006087e-7
-2.7371413628997365e-6
-4.063729082799672e-6
-9.847594699997908e-7
-5.934778457799064e-6
-8.465048744700152e-6
-6.0027883013007155e-6
-2.4604676433000877e-6
-5.2047339341998455e-6
-1.328185423380042e-5
-8.620411712600626e-6
-1.0915324206994814e-6
-8.329177871500143e-6
-8.55655636569988e-6
-1.5220889457989717e-6
-7.390207201599108e-6
-8.145153304999972e-6
-1.0201096551989974e-6
-3.588242617499557e-6
5.521434709099965e-6
-1.8498525560135815e-7
-5.240021991200633e-6
-4.012095951300143e-6
-9.554734308900303e-6
-7.4466167377003345e-6
-9.551499958800058e-6
3.8988367719906825e-7
-1.4010223431011604e-6
-2.222514647300111e-6
-6.111326123599964e-6
-4.547920424997215e-7
-5.133797477501617e-6
2.605107623199557e-6
3.0550592989009306e-6
-7.256848220100684e-6
-8.024172762199216e-6
-7.678704146800441e-6
-3.4452980102999547e-6
-1.2703268026000025e-6
3.4510706038003852e-6
-4.314634774999979e-6
-6.92758577985203e-8
-5.504127453800911e-6
-6.0176456699000125e-6
-1.2366105500500463e-5
-9.914115208500482e-6
-9.192842481599989e-6
-7.747394205007835e-7
-6.669043981898798e-6
-1.1256596336899419e-5
-4.991714527498997e-6
-1.3617945764798564e-5
4.682415672901258e-6
-1.3961552525997012e-6
-7.057594901601488e-6
-5.136430075002724e-7
-2.366289159701565e-6
-8.10319656259842e-6
-3.1990511479007555e-6
-7.874306921298868e-6
-9.115714573900563e-6
-7.628408188700697e-6
-1.1392329027600998e-5
-4.612803119499048e-6
-1.252253501209978e-5
-7.939123688800731e-6
-9.443242058999185e-6
-6.824434980200189e-6
-1.4871624290004742e-6
-5.001422546700024e-6
-7.186814152000329e-6
-4.172295513900012e-6
-7.4234514591004636e-6
-5.049336407301347e-6
-6.295757470301672e-6
-1.02663589309996e-5
-2.548334244800027e-6
-5.392342054299712e-6
-7.409674429800089e-6
-5.504367215200881e-6
1.1305619263008576e-6
-1.0001977079898694e-7
-7.59635203150151e-6
-2.403455790001008e-6
-1.3615392573992219e-6
-4.370237124899645e-6
-1.2687328468700965e-5
-5.542990997101094e-6
