1 0 0 0
2 0 2 0
3 0 1.6 0
4 0 1.2 0
5 0 0.800000000000001 0
6 0 0.400000000000001 0
7 1 2 0
8 1 0.400000000000001 0
9 1 0.800000000000003 0
10 1 1.6 0
11 1 1.2 0
12 1.33333333333334 0 0
13 2 2 0
14 2 0.800000000000001 0
15 2 1.2 0
16 2 1.6 0
17 2.33333333333334 0.400000000000001 0
18 2.66666666666667 0 0
19 3 1.6 0
20 3 2 0
21 3 1.2 0
22 3.33333333333334 0.800000000000001 0
23 3.66666666666668 0.400000000000001 0
24 4 2 0
25 4 1.6 0
26 4 0 0
27 4.33333333333334 1.2 0
28 4.66666666666668 0.800000000000001 0
29 5 2 0
30 5.00000000000001 0.400000000000001 0
31 5.33333333333334 0 0
32 5.33333333333334 1.6 0
33 5.50000000000001 2.6 0
34 5.60000000000001 2 0
35 5.66666666666667 1.2 0
36 5.93333333333335 1.6 0
37 6.00000000000001 3.2 0
38 6.00000000000001 0.800000000000001 0
39 6.10000000000002 2.60000000000001 0
40 6.20000000000001 2 0
41 6.26666666666668 1.2 0
42 6.33333333333334 0.400000000000001 0
43 6.50000000000001 3.8 0
44 6.53333333333335 1.6 0
45 6.60000000000001 0.800000000000003 0
46 6.60000000000002 3.20000000000001 0
47 6.66666666666667 0 0
48 6.70000000000002 2.60000000000001 0
49 6.80000000000001 2 0
50 6.86666666666668 1.2 0
51 6.93333333333334 0.400000000000001 0
52 7.00000000000001 4.4 0
53 7.10000000000002 3.80000000000001 0
54 7.13333333333335 1.6 0
55 7.20000000000001 0.800000000000001 0
56 7.20000000000002 3.20000000000001 0
57 7.30000000000001 2.60000000000001 0
58 7.40000000000001 2 0
59 7.46666666666668 1.2 0
60 7.5 5 0
61 7.53333333333334 0.400000000000001 0
62 7.60000000000001 4.4 0
63 7.70000000000001 3.80000000000001 0
64 7.73333333333334 1.6 0
65 7.80000000000001 3.20000000000001 0
66 7.80000000000002 0.800000000000003 0
67 7.90000000000001 2.6 0
68 8 2 0
69 8.00000000000001 0 0
70 8.00000000000001 5.60000000000001 0
71 8.03009873431783 4.90895671006631 0
72 8.06666666666669 1.2 0
73 8.13009873431784 4.30895671006632 0
74 8.23009873431784 3.70895671006632 0
75 8.33009873431784 3.10895671006632 0
76 8.33333333333335 1.6 0
77 8.40000000000001 0.800000000000001 0
78 8.43009873431783 2.50895671006631 0
79 8.50000000000001 6.20000000000001 0
80 8.53009873431784 5.50895671006632 0
81 8.56019746863565 4.81791342013262 0
82 8.60000000000001 2 0
83 8.66019746863567 4.21791342013263 0
84 8.66666666666669 1.2 0
85 8.76019746863567 3.61791342013263 0
86 8.86019746863566 3.01791342013262 0
87 8.86666666666668 0.400000000000001 0
88 8.93333333333335 1.6 0
89 9.00000000000001 6.80000000000001 0
90 9.03009873431784 6.10895671006632 0
91 9.03009873431785 2.50895671006632 0
92 9.06019746863566 5.41791342013263 0
93 9.09029620295348 4.72687013019893 0
94 9.19029620295349 4.12687013019894 0
95 9.20000000000001 2 0
96 9.26666666666668 1.2 0
97 9.29029620295348 3.52687013019893 0
98 9.33333333333334 0 0
99 9.46019746863567 3.01791342013263 0
100 9.50000000000001 7.40000000000001 0
101 9.53009873431784 6.70895671006632 0
102 9.53333333333335 1.6 0
103 9.56019746863566 6.01791342013263 0
104 9.59029620295348 5.32687013019894 0
105 9.6203949372713 4.63582684026524 0
106 9.63009873431785 2.50895671006632 0
107 9.72039493727129 4.03582684026524 0
108 9.73333333333336 0.800000000000001 0
109 9.80000000000001 2 0
110 9.89029620295349 3.52687013019893 0
111 10 8 0
112 10.0300987343178 7.30895671006632 0
113 10.0601974686356 6.61791342013263 0
114 10.0601974686357 3.01791342013263 0
115 10.0902962029535 5.92687013019894 0
116 10.1203949372713 5.23582684026524 0
117 10.1333333333333 1.6 0
118 10.1504936715891 4.54478355033154 0
119 10.2 0.400000000000001 0
120 10.2300987343178 2.50895671006632 0
121 10.3203949372713 4.03582684026524 0
122 10.3923002223618 7.79942270827157 0
123 10.4 2 0
124 10.4223989566796 7.10837941833788 0
125 10.4524976909975 6.4173361284042 0
126 10.4825964253153 5.7262928384705 0
127 10.4902962029535 3.52687013019893 0
128 10.5 8.60000000000001 0
129 10.5126951596331 5.0352495485368 0
130 10.6 1.2 0
131 10.6537149372713 4.43582684026524 0
132 10.6601974686357 3.01791342013262 0
133 10.6666666666667 0 0
134 10.7846004447236 7.59884541654313 0
135 10.8146991790414 6.90780212660945 0
136 10.8236162029535 3.92687013019894 0
137 10.8300987343178 2.50895671006631 0
138 10.8447979133592 6.21675883667576 0
139 10.8748966476771 5.52571554674206 0
140 10.8923002223618 8.39942270827158 0
141 10.9935174686357 3.41791342013263 0
142 11 2 0
143 11 9.20000000000001 0
144 11.0159164253153 4.9262928384705 0
145 11.0666666666667 0.800000000000001 0
146 11.1569362029535 4.32687013019893 0
147 11.1634187343178 2.90895671006632 0
148 11.1769006670854 7.39826812481469 0
149 11.2069994014032 6.70722483488101 0
150 11.237098135721 6.01618154494731 0
151 11.2846004447236 8.19884541654314 0
152 11.3268374686357 3.81791342013263 0
153 11.33332 2.4 0
154 11.3781179133593 5.41675883667575 0
155 11.3923002223618 8.99942270827158 0
156 11.4666666666667 1.6 0
157 11.4967387343178 3.30895671006632 0
158 11.5 9.80000000000001 0
159 11.5191376909975 4.81733612840419 0
160 11.5333333333334 0.400000000000001 0
161 11.5692008894472 7.19769083308626 0
162 11.599299623765 6.50664754315256 0
163 11.6599953333333 2.08 0
164 11.6601574686357 4.21791342013262 0
165 11.66664 2.8 0
166 11.6769006670854 7.9982681248147 0
167 11.7403194014032 5.907224834881 0
168 11.7846004447236 8.79884541654314 0
169 11.8300587343178 3.70895671006632 0
170 11.8813391790414 5.30780212660944 0
171 11.8923002223618 9.59942270827158 0
172 11.9333333333333 1.2 0
173 11.961501111809 6.99711354135781 0
174 11.9933153333334 2.48000000000001 0
175 11.99996 3.2 0
176 12 0 0
177 12 10.4 0
178 12.0223589566796 4.70837941833788 0
179 12.0692008894472 7.79769083308626 0
180 12.1025208894472 6.39769083308625 0
181 12.126662 1.68 0
182 12.1633787343178 4.10895671006631 0
183 12.1769006670854 8.5982681248147 0
184 12.2435406670854 5.79826812481469 0
185 12.2846004447236 9.39884541654313 0
186 12.3199906666667 2.16 0
187 12.3266353333334 2.88000000000001 0
188 12.33328 3.6 0
189 12.3845604447236 5.19884541654313 0
190 12.3923002223618 10.1994227082716 0
191 12.4 0.800000000000001 0
192 12.4672832669383 7.08584766437775 0
193 12.5 11 0
194 12.5255802223618 4.59942270827156 0
195 12.5749830445765 7.8864249561062 0
196 12.5933286666667 1.28 0
197 12.6083030445765 6.48642495610619 0
198 12.6533106666667 2.56000000000001 0
199 12.6599553333334 3.28000000000001 0
200 12.6666 4 0
201 12.6826828222147 8.68700224783464 0
202 12.7493228222148 5.88700224783463 0
203 12.7866573333334 1.76 0
204 12.790382599853 9.48757953956308 0
205 12.8666666666667 0.400000000000001 0
206 12.890342599853 5.28757953956307 0
207 12.8980823774911 10.2881568312915 0
208 12.9730654220677 7.17458178739769 0
209 12.979986 2.24 0
210 12.9866306666667 2.96000000000001 0
211 12.9932753333334 3.68 0
212 13 11.6 0
213 13.0313623774911 4.6881568312915 0
214 13.0599953333334 0.880000000000004 0
215 13.0807651997059 7.97515907912614 0
216 13.1140851997059 6.57515907912613 0
217 13.1884649773441 8.77573637085458 0
218 13.253324 1.36 0
219 13.2551049773441 5.97573637085457 0
220 13.2818953914283 10.8948358009369 0
221 13.2961647549823 9.57631366258301 0
222 13.313306 2.64000000000001 0
223 13.3199506666667 3.36000000000001 0
224 13.3333333333333 0 0
225 13.3961247549823 5.37631366258301 0
226 13.39994 4 0
227 13.4466526666667 1.84 0
228 13.478847577197 7.26331591041763 0
229 13.5 12.2 0
230 13.526662 0.480000000000001 0
231 13.5865473548352 8.06389320214608 0
232 13.6198673548352 6.66389320214607 0
233 13.6399813333334 2.32 0
234 13.646626 3.04 0
235 13.6799777689195 10.1829926322284 0
236 13.6942471324734 8.86447049387451 0
237 13.7199906666667 0.960000000000002 0
238 13.7266153333334 3.68000000000001 0
239 13.7608871324734 6.0644704938745 0
240 13.7647023774912 4.68815683129151 0
241 13.7818953914283 11.494835800937 0
242 13.9133193333333 1.44 0
243 13.9733013333333 2.72 0
244 13.9846297323264 7.35205003343756 0
245 14 12.8 0
246 14.0253310666667 0.416000000000001 0
247 14.0532906666667 3.36000000000001 0
248 14.0637907828567 10.7896716018739 0
249 14.0780601464106 9.47114946351994 0
250 14.0923295099646 8.15262732516601 0
251 14.106648 1.92 0
252 14.1256495099646 6.752627325166 0
253 14.1294647549823 5.37631366258301 0
254 14.13328 4.00000000000001 0
255 14.2186597333334 0.896000000000003 0
256 14.2818953914284 12.0948358009369 0
257 14.2999766666667 2.4 0
258 14.379966 3.04000000000001 0
259 14.4119884 1.376 0
260 14.4599553333334 3.68000000000001 0
261 14.4618731603478 10.0778284331653 0
262 14.4761425239018 8.75930629481143 0
263 14.4904118874557 7.44078415645749 0
264 14.4942271324734 6.06447049387451 0
265 14.4980423774912 4.68815683129151 0
266 14.5 13.4 0
267 14.5637907828567 11.3896716018739 0
268 14.6053170666667 1.856 0
269 14.6666666666667 0 0
270 14.7066413333334 2.72 0
271 14.7173288 0.832000000000001 0
272 14.7818953914283 12.6948358009369 0
273 14.7866306666667 3.36000000000001 0
274 14.7986457333333 2.336 0
275 14.845686174285 10.6845074028108 0
276 14.8589895099646 6.752627325166 0
277 14.8599555378389 9.36598526445685 0
278 14.8628047549823 5.37631366258301 0
279 14.86662 4.00000000000001 0
280 14.8742249013929 8.04746312610292 0
281 14.9106574666667 1.312 0
282 15 14 0
283 15.0637907828567 11.9896716018739 0
284 15.0816570637484 7.34922585161168 0
285 15.1039861333334 1.792 0
286 15.113306 3.04 0
287 15.1932953333334 3.68000000000001 0
288 15.2053104 2.65600000000001 0
289 15.2275671324734 6.06447049387451 0
290 15.2313823774912 4.68815683129151 0
291 15.2437685517761 9.97266423410226 0
292 15.2580379153301 8.65414209574834 0
293 15.2818953914283 13.2948358009369 0
294 15.2973148 2.272 0
295 15.345686174285 11.2845074028108 0
296 15.3586644 0.416000000000001 0
297 15.4093265333333 1.248 0
298 15.4502346862573 6.66106902032019 0
299 15.4654700776856 7.95590482125711 0
300 15.5199706666667 3.36000000000001 0
301 15.5637907828567 12.5896716018738 0
302 15.5961447549823 5.37631366258301 0
303 15.59996 4 0
304 15.6026552 1.728 0
305 15.6119750666667 2.97600000000001 0
306 15.6275815657133 10.5793432037477 0
307 15.6418509292673 9.26082106539375 0
308 15.6729022400412 7.25766754676587 0
309 15.7039794666667 2.59200000000001 0
310 15.7959838666667 2.208 0
311 15.8188123087662 5.9729121890287 0
312 15.845686174285 11.8845074028108 0
313 15.8492830916228 8.56258379090253 0
314 15.9266353333333 3.68 0
315 15.9647223774911 4.6881568312915 0
316 16 0 0
317 16 14 0
318 16.0186397333334 3.29600000000001 0
319 16.0256639432044 9.86750003503916 0
320 16.0414798625501 6.56951071547438 0
321 16.0506621333334 0.832000000000001 0
322 16.0567152539784 7.86434651641129 0
323 16.1013242666667 1.664 0
324 16.1106441333334 2.91200000000001 0
325 16.1275815657133 11.1793432037477 0
326 16.1873899312751 5.28475535773719 0
327 16.2026485333334 2.52800000000001 0
328 16.23309610556 9.16926276054794 0
329 16.264147416334 7.16610924192005 0
330 16.2818953914284 13.2948358009369 0
331 16.2946529333333 2.144 0
332 16.3333 4 0
333 16.4094769571416 10.4741790046846 0
334 16.410057485059 5.88135388418288 0
335 16.4253044 3.616 0
336 16.4405282679156 8.47102548605671 0
337 16.5173088 3.232 0
338 16.5559675537839 4.59659852644569 0
339 16.5637907828567 12.5896716018739 0
340 16.6093132 2.848 0
341 16.6169091194972 9.77594173019335 0
342 16.6327250388428 6.47795241062856 0
343 16.6479604302712 7.77278821156548 0
344 16.6919977333334 0.416000000000001 0
345 16.7013176 2.464 0
346 16.7426598666667 1.248 0
347 16.7786351075678 5.19319705289137 0
348 16.793322 2.08 0
349 16.8243412818528 9.07770445570212 0
350 16.845686174285 11.8845074028108 0
351 16.8553925926267 7.07455093707424 0
352 17 14 0
353 17.0013026613517 5.78979557933705 0
354 17.0317734442083 8.37946718121089 0
355 17.06664 4 0
356 17.1275815657133 11.1793432037477 0
357 17.1275815657133 10.1793432037477 0
358 17.1586444 3.61600000000001 0
359 17.2239702151356 6.38639410578273 0
360 17.2392056065639 7.68122990671965 0
361 17.2506488 3.23200000000001 0
362 17.2818953914284 13.2948358009369 0
363 17.2893075537839 4.59659852644569 0
364 17.3333333333333 0 0
365 17.3350137280689 9.48110592925645 0
366 17.3426532 2.84800000000001 0
367 17.3839954666667 0.832000000000001 0
368 17.4346576 1.664 0
369 17.4346576 2.464 0
370 17.4466377689195 6.98299263222841 0
371 17.5119751075678 5.19319705289138 0
372 17.5424458904245 8.78286865476522 0
373 17.5637907828567 12.5896716018739 0
374 17.7346426613517 5.78979557933706 0
375 17.74987805278 8.08463138027398 0
376 17.79998 4.00000000000001 0
377 17.845686174285 11.8845074028108 0
378 17.845686174285 9.88450740281075 0
379 17.845686174285 10.8845074028108 0
380 17.8919844 3.61600000000001 0
381 17.9573102151356 6.38639410578273 0
382 17.9573102151356 7.38639410578274 0
383 17.9839888 3.23200000000001 0
384 18 14 0
385 18.0226475537839 4.59659852644569 0
386 18.0253310666667 0.416000000000001 0
387 18.0531183366406 9.18627012831953 0
388 18.0759932 2.848 0
389 18.0759932 1.248 0
390 18.0759932 2.048 0
391 18.2453151075678 5.19319705289138 0
392 18.2605504989961 8.4880328538283 0
393 18.2818953914283 13.2948358009369 0
394 18.4679826613517 5.78979557933705 0
395 18.4679826613517 7.78979557933706 0
396 18.4679826613517 6.78979557933706 0
397 18.53332 4.00000000000001 0
398 18.5637907828567 12.5896716018738 0
399 18.5637907828567 9.58967160187384 0
400 18.5637907828567 11.5896716018739 0
401 18.5637907828567 10.5896716018739 0
402 18.6253244 3.61600000000001 0
403 18.6666666666667 0 0
404 18.7173288 3.232 0
405 18.7173288 0.832000000000001 0
406 18.7173288000001 2.432 0
407 18.7173288000001 1.63200000000001 0
408 18.7559875537839 4.59659852644569 0
409 18.7712229452122 8.89143432738262 0
410 18.9786551075678 8.19319705289138 0
411 18.9786551075678 5.19319705289137 0
412 18.9786551075678 7.19319705289139 0
413 18.9786551075678 6.19319705289138 0
414 19 14 0
415 19.26666 4 0
416 19.2818953914283 13.2948358009369 0
417 19.2818953914283 9.29483580093693 0
418 19.2818953914283 10.2948358009369 0
419 19.2818953914284 12.2948358009369 0
420 19.2818953914284 11.2948358009369 0
421 19.3586644 3.616 0
422 19.3586644 0.416000000000001 0
423 19.3586644 2.816 0
424 19.3586644 1.216 0
425 19.3586644 2.016 0
426 19.4893275537839 8.59659852644569 0
427 19.4893275537839 4.59659852644569 0
428 19.4893275537839 7.5965985264457 0
429 19.4893275537839 5.5965985264457 0
430 19.4893275537839 6.5965985264457 0
431 20 0 0
432 20 4 0
433 20 14 0
434 20 9 0
435 20 0.800000000000002 0
436 20 1.6 0
437 20 3.2 0
438 20 5.00000000000001 0
439 20 6.00000000000001 0
440 20 8.00000000000001 0
441 20 10 0
442 20 11 0
443 20 13 0
444 20 2.4 0
445 20 7.00000000000001 0
446 20 12 0
