1 16.1901105380863 4.08942302434599 0
2 16.073213719049 4.48559690016801 0
3 15.8138146962495 4.32442294526292 0
4 15.2341767837985 4.15429053379766 0
5 14.499847689913 4.03690739909657 0
6 15.6579923480445 4.95385648067387 0
7 15.1909233639323 4.71342382584632 0
8 13.7648678062665 4.15429053379766 0
9 15.3824090932048 5.70193837868046 0
10 15.0764285246956 5.51018702399977 0
11 14.4967706291519 5.1469280521525 0
12 13.8050213070303 4.71342382584632 0
13 13.1842866541269 4.32442294526292 0
14 12.8092936872115 4.08942302434599 0
15 12.92399405867 4.48559690016801 0
16 13.3366193281025 4.95385648067387 0
17 13.9150987712097 5.51018702399977 0
18 14.4943672164931 6.01393650476485 0
19 14.9195157755546 6.33263714198596 0
20 13.6080551043379 5.70193837868046 0
21 14.0674517331448 6.33263714198596 0
22 14.4922105370792 6.79193826593166 0
23 14.7504981684066 6.95518725628949 0
24 14.2330178287857 6.95518725628949 0
25 14.4909076621579 7.2619381077655 0
26 5.14294027510558 2.07796742278486 0
27 5.42338915615209 2 0
28 5.51858126456358 2.28286250794377 0
29 5.82757670158809 2.83166200258484 0
30 6.26877128743975 3.48391032505164 0
31 5.94376619655767 2.13452503276739 0
32 6.14038860437983 2.62203014784354 0
33 6.82936916997387 4.03381296464777 0
34 6.51072644996557 2.03217934989671 0
35 6.62218438859902 2.36655316579706 0
36 6.83333333333333 3 0
37 7.08531323477097 3.75593970431292 0
38 7.31142499470416 4.43427498411246 0
39 7.44802171814342 4.84406515443027 0
40 7.57056485935868 4.57661084384791 0
41 7.52650613979131 4.03381296464777 0
42 7.4139929313527 3.31672341710147 0
43 7.2742981608492 2.62203014784354 0
44 7.1459171586206 2.13452503276739 0
45 7.72050226259468 3.48391032505164 0
46 7.72686463346847 2.83166200258484 0
47 7.66999374073228 2.28286250794377 0
48 7.57661084384791 2 0
49 7.92943514064132 2.42338915615209 0
50 7.90903800675099 2.07796742278486 0
51 12.5377339715535 10.8034674575544 0
52 12.42400180338 10.4350737600343 0
53 12.6368972507627 10.2869882591589 0
54 13.0276361185703 9.83381566397159 0
55 13.4787547355863 9.19654419224347 0
56 12.4399703868793 9.73071593456904 0
57 12.8010445525295 9.43204812898802 0
58 13.8252279737058 8.4075774138035 0
59 12.2549887001165 8.98184740067472 0
60 12.5068458941409 8.80822127623396 0
61 12.9839709997549 8.4792992326051 0
62 13.5533602393616 8.08677184281134 0
63 14.0642962398916 7.73454113543402 0
64 14.3729585738639 7.52175450046795 0
65 14.1335074210273 7.37816904734532 0
66 13.7000921459846 7.47739070170314 0
67 13.1372559485753 7.68093427206548 0
68 12.5975082073735 7.91907772601594 0
69 12.2241847347097 8.12669133214058 0
70 13.2181695635618 7.2595061048971 0
71 12.6867146386796 7.29960434944276 0
72 12.2507195086103 7.41636830322238 0
73 12.037499308429 7.56203978132353 0
74 12.3184055782373 7.05972865046999 0
75 12.0412204538472 7.11267573979297 0
76 10.1159505811465 8.05190326527614 0
77 10.2768261001734 7.85846291618637 0
78 10.4206637978934 8.18830284831898 0
79 10.7810086692672 8.7866908913479 0
80 11.2576318810763 9.47315291363187 0
81 10.655872841546 7.85650417924753 0
82 10.9250627320609 8.41408827713038 0
83 11.7828011376529 9.98884185341083 0
84 10.9970467090518 7.5361148262855 0
85 11.1663791203607 7.92637847086768 0
86 11.4871670372697 8.66570451378593 0
87 11.869987362452 9.54799783359975 0
88 12.213507528034 10.3397153244877 0
89 12.4210320241844 10.8180009969215 0
90 12.42400180338 10.4350737600343 0
91 12.2386127847796 9.75579211112791 0
92 11.9581876631144 8.87654872217209 0
93 11.666451017296 8.03502743062768 0
94 11.4418796577622 7.454630538882 0
95 12.2068225216809 8.98784580144044 0
96 12.0228271326101 8.15176750869944 0
97 11.8273297858816 7.46909536855116 0
98 11.6846750116356 7.13865062517143 0
99 12.037499308429 7.56203978132353 0
100 11.9245185064781 7.12720927916012 0
101 15.1665767999158 13.9083669412648 0
102 15.1989190865 13.5024018746834 0
103 15.6043335755683 13.6675591435681 0
104 16.4493066489228 13.8418962716911 0
105 17.4883025591445 13.9621804575062 0
106 15.6149445308702 13.0225695500934 0
107 16.3289626330835 13.268944348338 0
108 18.4528915856944 13.8418962716911 0
109 15.7508113863695 12.2559992735892 0
110 16.2295523814395 12.4524896436534 0
111 17.1364923190472 12.8247263348949 0
112 18.2188118938658 13.268944348338 0
113 19.1900210358495 13.6675591435681 0
114 19.7767396859914 13.9083669412648 0
115 19.4932704929132 13.5024018746834 0
116 18.7804244173375 13.0225695500934 0
117 17.8131694669469 12.4524896436534 0
118 16.8617024301923 11.9362903080085 0
119 16.1797458908813 11.6097131829001 0
120 18.1703630116277 12.2559992735892 0
121 17.341640840577 11.6097131829001 0
122 16.6151223457239 11.1390607175484 0
123 16.2105578706416 10.9717771300012 0
124 16.9162064642284 10.9717771300012 0
125 16.4661604712344 10.6574451221549 0
126 7.63385690588118 5.06613673832156 0
127 7.87406342633352 4.93575543050277 0
128 7.98562718569807 5.23994128574028 0
129 8.31190425149413 5.81124933331554 0
130 8.7650223252954 6.47902746858077 0
131 8.34687581889024 5.00832962472045 0
132 8.56792078000193 5.52764402934751 0
133 9.31369671987991 7.01340029537847 0
134 8.8378477668323 4.80701255329792 0
135 8.96878333291776 5.16675511275431 0
136 9.21683122386304 5.84826118344385 0
137 9.51284541039308 6.66155358581689 0
138 9.77847091583865 7.39135376190897 0
139 9.93893834891902 7.83223446996696 0
140 10.0212391295401 7.51236627435068 0
141 9.92961576212389 6.90761755660083 0
142 9.76059187567144 6.11692536405872 0
143 9.5697274811941 5.35558593516714 0
144 9.40897365797109 4.82591666041518 0
145 10.0476235794614 6.25874352845285 0
146 9.98992113281896 5.52305363023263 0
147 9.8863955700524 4.9134885026823 0
148 9.77643024525559 4.60902811982877 0
149 10.129254542049 5.03241727598086 0
150 10.0776984167889 4.64641234204302 0
151 14.3772883647426 7.33983051396993 0
152 14.1335074210273 7.37816904734532 0
153 14.0800045378327 7.07452861689856 0
154 13.871412936916 6.46703274110555 0
155 13.5611612223042 5.73408676712297 0
156 13.7075627694709 7.16349895857922 0
157 13.5879036469052 6.63536816450974 0
158 13.1405805318738 5.08825207979346 0
159 13.2199565901261 7.18442095513811 0
160 13.1576118677159 6.82564355187235 0
161 13.0395043330882 6.14596589927177 0
162 12.8985577374424 5.33485548559122 0
163 12.7720806548804 4.60701329622981 0
164 12.6956743897962 4.16731543055043 0
165 12.5670895922417 4.42298179105583 0
166 12.5529148001827 4.98515235039091 0
167 12.5799679345706 5.73586663633053 0
168 12.6320516149171 6.46767404771435 0
169 12.6941852621659 6.98571260631884 0
170 12.3373951868344 5.51938997555422 0
171 12.27036969792 6.18614665944262 0
172 12.2664278065515 6.75635578468692 0
173 12.3184055782373 7.05972865046999 0
174 12.0610115195673 6.57413175030198 0
175 12.0455502447259 6.93075175329495 0
176 10.8999546375266 2.06613673832156 0
177 10.8801094108228 2.35914458665487 0
178 10.6370396618668 2.23994128574028 0
179 10.1302447085266 2.11411236349809 0
180 9.50697748782122 2.02729649342584 0
181 10.629974255801 2.70546659453789 0
182 10.2018303364713 2.52764402934751 0
183 8.92809374646371 2.11411236349809 0
184 10.5476235794614 3.25874352845285 0
185 10.2605918756714 3.11692536405872 0
186 9.71683122386304 2.84826118344385 0
187 9.06792078000194 2.52764402934751 0
188 8.48562718569807 2.23994128574028 0
189 8.13385690588119 2.06613673832156 0
190 8.30349856697485 2.35914458665487 0
191 8.73068632392067 2.70546659453789 0
192 9.31042162436702 3.11692536405872 0
193 9.88074255511587 3.48949549163651 0
194 10.2895626391418 3.72520459229556 0
195 9.09589260430648 3.25874352845285 0
196 9.59242566932437 3.72520459229556 0
197 10.0278268240243 4.06490097885099 0
198 10.2703842607664 4.18563896367668 0
199 9.84699510461427 4.18563896367668 0
200 10.1166821281813 4.41251007368843 0
201 19.9066853906329 13.7784212366234 0
202 19.4932704929132 13.5024018746834 0
203 19.6614585490891 13.1961216303285 0
204 19.8389949233358 12.4557929340497 0
205 19.9614864342306 11.4889965824201 0
206 19.0046328052831 12.7983611621478 0
207 19.2555288069384 12.2322274352655 0
208 19.8389949233358 10.4522079972781 0
209 18.2239952614555 12.2023670237613 0
210 18.424091409942 11.8415677006583 0
211 18.8031589857139 11.1580596682282 0
212 19.2555288069384 10.3423781744832 0
213 19.6614585490891 9.61043417004732 0
214 19.9066853906329 9.16825835054772 0
215 19.4932704929132 9.20805046827018 0
216 19.0046328052831 9.63288127568049 0
217 18.424091409942 10.2579506151509 0
218 17.8984193432648 10.8995733949359 0
219 17.5658492285227 11.3855047949544 0
220 18.2239952614555 9.78281539850311 0
221 17.5658492285227 10.2236098452587 0
222 17.0865598589635 10.6676232043088 0
223 16.9162064642284 10.9717771300012 0
224 16.9162064642284 10.2661285364144 0
225 16.5961061758758 10.5274994175135 0
226 8.04289491263218 2.14410416110642 0
227 8.30349856697485 2.35914458665487 0
228 8.15562092643034 2.52280379368405 0
229 7.95782141011473 2.94577436608293 0
230 7.77574877526097 3.51120681847748 0
231 8.57374045235871 2.83999162730529 0
232 8.34221894085114 3.14967417719106 0
233 7.75746291643757 4.14792532814586 0
234 9.05835002942698 3.29092287834957 0
235 8.88277626427046 3.48347852985578 0
236 8.55016455719637 3.84826118344385 0
237 8.15323401477291 4.28358373366043 0
238 7.79705218040222 4.67421626985274 0
239 7.58187862402461 4.91020189275182 0
240 7.87406342633352 4.93575543050277 0
241 8.25719246371198 4.73927955918566 0
242 8.72441455571972 4.4336487811602 0
243 9.15504071596507 4.11152563948006 0
244 9.43547979776241 3.85972962506295 0
245 8.81639486690116 4.7426538535045 0
246 9.31929030279283 4.5568665948804 0
247 9.69782056475655 4.34776348679476 0
248 9.84699510461427 4.18563896367668 0
249 9.77643024525559 4.60902811982877 0
250 10.0257201349323 4.49047749647329 0
251 19.9336403091355 8.81763400662415 0
252 19.6396447065441 8.71534031753555 0
253 19.7592498518759 8.33838389923074 0
254 19.8855029540656 7.52345066827809 0
255 19.9726114877843 6.50518079630334 0
256 19.2921552178584 8.21663548315125 0
257 19.4705772379676 7.54506995653527 0
258 19.8855029540656 5.51986573150653 0
259 18.7370131405676 7.94868173059165 0
260 18.8793093859979 7.50379777913455 0
261 19.1488792563065 6.66099754407614 0
262 19.4705772379676 5.65522069575298 0
263 19.7592498518759 4.75269643894958 0
264 19.9336403091355 4.20747112054847 0
265 19.6396447065441 4.42098891112237 0
266 19.2921552178584 5.05115559668395 0
267 18.8793093859979 5.9201806936272 0
268 18.5054832929842 6.78270197994016 0
269 18.2689795969955 7.40838636726637 0
270 18.7370131405676 5.52913010533343 0
271 18.2689795969955 6.24649141757063 0
272 17.9281380651677 6.89191229404808 0
273 17.8069930623754 7.26765231469287 0
274 17.8069930623754 6.56200372110605 0
275 17.5793571506485 6.9578875050558 0
276 12.5578950557693 3.9621801746084 0
277 12.3115026216084 4.07688514922014 0
278 12.2722230659845 3.86279127514858 0
279 12.0917576067388 3.46998767326327 0
280 11.8152494621166 3.01657004346027 0
281 11.8943501841958 4.06134190430307 0
282 11.7993435213842 3.69827049888946 0
283 11.4239226756141 2.66855369855465 0
284 11.4041645786018 4.24801707848728 0
285 11.3586287904489 3.9947409754597 0
286 11.2723645571964 3.51492785011052 0
287 11.1694189657802 2.94233079457654 0
288 11.0770417217236 2.42851629103612 0
289 11.0212355625825 2.11811502017813 0
290 10.8801094108228 2.35914458665487 0
291 10.8392324284385 2.79514994971616 0
292 10.8307775435076 3.36129414125676 0
293 10.8483311844248 3.90418225686554 0
294 10.8861036364118 4.27964592735212 0
295 10.5976796308707 3.28019642838399 0
296 10.4988208117792 3.81488794747382 0
297 10.4678288838811 4.25347598414684 0
298 10.5055910499807 4.46789840111141 0
299 10.2703842607664 4.18563896367668 0
300 10.2379630532373 4.46448835554501 0
301 14.4885576449539 7.61212044481123 0
302 14.7612490009408 7.86888631814648 0
303 14.4836847741863 8.06238495451444 0
304 14.0246826724864 8.5634948622663 0
305 13.5264657259393 9.23384076096286 0
306 14.9331629789774 8.44130511048611 0
307 14.4756185969205 8.80771835754961 0
308 13.227090817351 9.98973311243439 0
309 15.4183019910516 8.9793905522008 0
310 15.089507266659 9.2070454448512 0
311 14.4666296148658 9.63832105371402 0
312 13.7233029100884 10.1529946437263 0
313 13.0562857850574 10.6148320782393 0
314 12.6533330426435 10.8938334018977 0
315 13.0517433832934 10.9257910308354 0
316 13.6730412198721 10.694630343352 0
317 14.4590972122246 10.3343324490197 0
318 15.2009673375883 9.95425015986616 0
319 15.7021649522388 9.65683795552375 0
320 14.4551211276063 10.7017318479784 0
321 15.239635048269 10.4839249382216 0
322 15.8599182853536 10.2377461283883 0
323 16.1386398436565 10.0460768429956 0
324 15.8577335738482 10.5483879738491 0
325 16.2579981569999 10.4090093144332 0
326 19.8383459260937 4.07752541590703 0
327 19.6396447065441 4.42098891112237 0
328 19.4135258659167 4.28125892570997 0
329 18.8690179324397 4.13376239386514 0
330 18.1589268248287 4.03199692121726 0
331 19.1277342386423 4.8269472087383 0
332 18.710311256935 4.61850378268041 0
333 17.3997089549076 4.13376239386514 0
334 18.6976824664788 5.47549785550558 0
335 18.4312958883219 5.3092587506321 0
336 17.9266459229732 4.99433087740947 0
337 17.3244092000329 4.61850378268041 0
338 16.7839978237942 4.28125892570997 0
339 16.457529075219 4.07752541590703 0
340 16.490425046165 4.42098891112237 0
341 16.8063612187004 4.8269472087383 0
342 17.2699661348359 5.3092587506321 0
343 17.7452173119516 5.74598506686759 0
344 18.1045586177794 6.02228302962497 0
345 16.9233284776119 5.47549785550558 0
346 17.2524945753695 6.02228302962497 0
347 17.5824140792085 6.42047478080847 0
348 17.8069930623754 6.56200372110605 0
349 17.2895127227544 6.56200372110605 0
350 17.4840627676067 6.82794180041435 0
351 10.1936489979354 4.69831560731916 0
352 10.4060806422224 4.89088019216724 0
353 10.3070593679458 5.10179135100128 0
354 10.1899823272383 5.61260755176308 0
355 10.0954796479086 6.28016546692979 0
356 10.6457939743649 5.37955780948016 0
357 10.494790213255 5.76967421229752 0
358 10.1296769565432 6.99717147813128 0
359 11.0446702885132 5.79485835473836 0
360 10.9269709960321 6.0433038349264 0
361 10.7039982611327 6.51396569722978 0
362 10.437908142454 7.07564186294727 0
363 10.199134713732 7.57965661022795 0
364 10.0548889300655 7.8841377352431 0
365 10.2768261001734 7.85846291618637 0
366 10.5505170362737 7.56704144444345 0
367 10.8793061261143 7.13765179569061 0
368 11.1792964276891 6.69658101644456 0
369 11.3714954198861 6.36224809548283 0
370 10.9718448469763 7.46687327002121 0
371 11.33652385249 7.16516780407791 0
372 11.6058007017202 6.86044913046013 0
373 11.7059141411757 6.65101689952212 0
374 11.6846750116356 7.13865062517143 0
375 11.8634568553971 6.95944374912708 0
376 12.6665767999158 11.0643017868346 0
377 13.0517433832934 10.9257910308354 0
378 13.1043335755683 11.2332841594556 0
379 13.368359174075 11.8080833070433 0
380 13.7785267465154 12.4782701324545 0
381 13.6958920057181 10.9887565854457 0
382 13.8289626330835 11.5130046440251 0
383 14.3701516424608 13.0102342691062 0
384 14.4605871989986 10.7720889485375 0
385 14.5213609241932 11.1357662265519 0
386 14.6364923190472 11.8247263348949 0
387 14.7738872634747 12.6469142004945 0
388 14.8971773057089 13.3846966356243 0
389 14.9716582429536 13.83039951848 0
390 15.1989190865 13.5024018746834 0
391 15.2786319489517 12.888044517326 0
392 15.3131694669469 12.0859364778563 0
393 15.3066270605834 11.314260160165 0
394 15.2624858341149 10.7780511803152 0
395 15.6703630116277 12.2238199236925 0
396 15.8434333089628 11.4751881501327 0
397 15.9079660758645 10.8561982096046 0
398 15.8577335738482 10.5483879738491 0
399 16.2105578706416 10.9717771300012 0
400 16.2712419142722 10.57947769937 0
401 14.6171165110515 7.50772187422025 0
402 14.9076232145717 7.37617616741185 0
403 14.9500908959216 7.68363136168896 0
404 15.1549785149615 8.26117576122733 0
405 15.4713618535778 8.93630232365906 0
406 15.3959928968069 7.44989739830665 0
407 15.501271204497 7.97481846192843 0
408 15.9239804882229 9.47670860626497 0
409 15.973254679136 7.24688119134793 0
410 16.0224022944653 7.61048937799986 0
411 16.1155088711722 8.29931859779016 0
412 16.2266199451648 9.12135026424497 0
413 16.3263244070889 9.85899253556281 0
414 16.3865570230976 10.3046107438422 0
415 16.5558511707725 9.98146885394994 0
416 16.6109452725894 9.37032747426191 0
417 16.6302151409763 8.57123655974834 0
418 16.618635463855 7.80178706719708 0
419 16.5806028259659 7.26645255788123 0
420 16.901910080803 8.71477227836348 0
421 17.026553228487 7.97134978879886 0
422 17.0701113105063 7.35533189611871 0
423 17.0294264418035 7.04760062127406 0
424 17.3002635552886 7.47570278296304 0
425 17.3428530793677 7.08562317530806 0
426 16.3143396133053 4.16694844025302 0
427 16.490425046165 4.42098891112237 0
428 16.2645125200437 4.60568187097289 0
429 15.8723372605422 5.08761887453901 0
430 15.4336819291666 5.73393529989773 0
431 16.5593020449087 4.98123774253596 0
432 16.1820325639652 5.33192760852674 0
433 15.1338606880524 6.4663995358511 0
434 16.8642301563918 5.51240525460215 0
435 16.5967804798723 5.72966885909005 0
436 16.090116552125 6.14125892956197 0
437 15.485476416526 6.63244028744526 0
438 14.9429083608734 7.07319719164163 0
439 14.6151367373769 7.33946352367253 0
440 14.9076232145717 7.37617616741185 0
441 15.392576994255 7.15958435072426 0
442 16.0130946595316 6.81944577463188 0
443 16.6028406758839 6.45940889271391 0
444 17.0054354015779 6.17657356342263 0
445 15.9724375708167 7.17743623418604 0
446 16.577186923414 6.97613951029885 0
447 17.0629287754581 6.74489772607139 0
448 17.2895127227544 6.56200372110605 0
449 17.0294264418035 7.04760062127406 0
450 17.340873305693 6.91736482476035 0
451 16.5297464850113 10.3451334241376 0
452 16.5558511707725 9.98146885394994 0
453 16.8458097108394 10.0060071035395 0
454 17.4513521825883 9.90895546323249 0
455 18.1966067492399 9.70754782006467 0
456 16.858004446381 9.44024532840991 0
457 17.3689965812325 9.44464335147122 0
458 18.8901357593488 9.31822689365432 0
459 16.9610084020231 8.73149712909476 0
460 17.3034007959399 8.76174839428549 0
461 17.9520382420204 8.81905721230433 0
462 18.726106044906 8.88744813101844 0
463 19.420708400965 8.94881806927806 0
464 19.8403256997684 8.98589235717186 0
465 19.6396447065441 8.71534031753555 0
466 19.1311501411942 8.50694853073363 0
467 18.4406035232556 8.29484138250254 0
468 17.7610120999226 8.12508015442333 0
469 17.2736124022786 8.04126764294686 0
470 18.6984995747981 8.01812668775354 0
471 18.1079745203313 7.69869941484876 0
472 17.5895966142567 7.50234646409541 0
473 17.3002635552886 7.47570278296305 0
474 17.8069930623754 7.26765231469287 0
475 17.4860425412814 7.12614585560351 0
476 12.5828836436668 4.09205086266941 0
477 12.5670895922417 4.42298179105583 0
478 12.3628806046101 4.33395663141133 0
479 11.9374655070531 4.28542085860092 0
480 11.4144780721695 4.30161836686093 0
481 12.3583055867837 4.85529082491308 0
482 11.9987044142942 4.73438892386338 0
483 10.9292189592692 4.50372488164996 0
484 12.2908432712372 5.48832616995235 0
485 12.0496976807952 5.38202057288865 0
486 11.5928649277994 5.18063236389645 0
487 11.0476920773348 4.94030068183946 0
488 10.5584864225067 4.72464134040958 0
489 10.2629516411348 4.59435904360601 0
490 10.4060806422224 4.89088019216724 0
491 10.7653687918241 5.20019109912363 0
492 11.2527878866703 5.55456628053032 0
493 11.732198291769 5.86720748598651 0
494 12.0757604845209 6.0562851339648 0
495 11.0732734399914 5.75195255487607 0
496 11.4910702373453 6.1828813851263 0
497 11.8572277562812 6.48329911986844 0
498 12.0610115195673 6.57413175030198 0
499 11.7059141411757 6.65101689952212 0
500 11.9327594985965 6.85548718541393 0
501 11.1290770609211 2.06237393822789 0
502 11.4657247787405 2.05645188748695 0
503 11.4682861106094 2.22629000635502 0
504 11.609992454241 2.57237800609221 0
505 11.8597586838462 2.99356413002066 0
506 11.9895548742311 2.20057162218957 0
507 12.029786806081 2.49762411827483 0
508 12.2778273853656 3.37381198080083 0
509 12.6501665175447 2.21930760993803 0
510 12.6520180196686 2.41993189947823 0
511 12.6555255555556 2.8 0
512 12.6597113616849 3.25356382258775 0
513 12.6634674548704 3.66056499046748 0
514 12.6657365541079 3.90643909265816 0
515 12.8971179895262 3.77419245005222 0
516 13.0446726299884 3.46676357677649 0
517 13.1798692666099 3.05337873368118 0
518 13.2770784989007 2.64881205913742 0
519 13.3119115824373 2.3608584171313 0
520 13.4566514652758 3.18712826004132 0
521 13.6991944070699 2.82561639700959 0
522 13.8348231011869 2.51314500317751 0
523 13.8342518879261 2.34354811251305 0
524 14.0694586771405 2.62580754994778 0
525 14.1717630516376 2.43118696911394 0
526 13.297814234318 0.114352220084467 0
527 13.4697554350667 0.338711324921674 0
528 13.2044715463394 0.414865011650861 0
529 12.7298310177977 0.662061361270472 0
530 12.1895495096427 1.0150170299518 0
531 13.4966762624205 0.755012957246132 0
532 13.0499592057479 0.912310883503862 0
533 11.794824713971 1.46349533597909 0
534 13.7864422910722 1.20858115997246 0
535 13.4725037309306 1.29774751087922 0
536 12.87777 1.46666666666667 0
537 12.1680295507162 1.66825058781678 0
538 11.5311507315416 1.84913999576333 0
539 11.1464048874827 1.95841737451474 0
540 11.4657247787405 2.05645188748695 0
541 12.0194523154024 2.02120491183305 0
542 12.7334824243605 1.93119434508216 0
543 13.4153212435359 1.81943852867936 0
544 13.8840266667999 1.71673372689648 0
545 12.6573181992851 2.17640181007575 0
546 13.3418090236086 2.18149170677477 0
547 13.897687722119 2.13599499258582 0
548 14.1635545649333 2.06128867507833 0
549 13.8342518879261 2.34354811251305 0
550 14.1890908781992 2.32723040540079 0
551 12.8043444394207 3.95841737451474 0
552 12.8971179895262 3.77419245005222 0
553 13.1663309927425 3.84913999576332 0
554 13.7563283714942 3.92825331585739 0
555 14.4978049960456 3.98283768005509 0
556 13.2838267490745 3.55644693195475 0
557 13.7655358241829 3.66825058781678 0
558 15.2256373490263 3.92825331585739 0
559 13.5138588408771 3.20858115997246 0
560 13.8315152663251 3.29774751087921 0
561 14.4332922222222 3.46666666666667 0
562 15.151437881085 3.66825058781678 0
563 15.7958590348651 3.84913999576332 0
564 16.1851612902955 3.95841737451474 0
565 16.0463376499052 3.77419245005222 0
566 15.6051997690164 3.55644693195475 0
567 14.992845019811 3.29774751087921 0
568 14.3829029613987 3.06349882436644 0
569 13.938348526156 2.91529975218786 0
570 15.288212829744 3.20858115997246 0
571 14.7904125685659 2.91529975218786 0
572 14.337686639059 2.70172000847335 0
573 14.0694586771405 2.62580754994778 0
574 14.5869390167615 2.62580754994778 0
575 14.3103709369505 2.48316525097052 0
576 5.12128265766534 1.94802171814342 0
577 5.23521619786227 1.71774056256527 0
578 5.44000834569031 1.81142499470415 0
579 5.90639813190006 1.91031664482174 0
580 6.50178774166093 1.97854710006886 0
581 5.59655947864786 1.44555866494344 0
582 5.96760245220107 1.58531323477097 0
583 7.10854909396299 1.91031664482174 0
584 5.8565739749254 1.01072644996557 0
585 6.09806617529788 1.12218438859902 0
586 6.55555555555556 1.33333333333333 0
587 7.10151200867044 1.58531323477097 0
588 7.59142082185901 1.81142499470415 0
589 7.88738038931075 1.94802171814342 0
590 7.81182704171018 1.71774056256527 0
591 7.49584741052824 1.44555866494344 0
592 7.04823642660229 1.12218438859902 0
593 6.59755220579516 0.829373530458056 0
594 6.26442112423838 0.64412469023482 0
595 7.30830495008034 1.01072644996557 0
596 6.96155809405582 0.64412469023482 0
597 6.63523749911736 0.37715001059169 0
598 6.43145046880439 0.282259437434728 0
599 6.85483962495648 0.282259437434728 0
600 6.65800361969057 0.103956563713154 0
601 19.9166611935464 3.84614428570453 0
602 19.5474424358428 3.72903094006266 0
603 19.697650339584 3.4418179843243 0
604 19.8562071789918 2.80502130891575 0
605 19.9656037288773 2.00085811599724 0
606 19.1110425842918 3.28836960798918 0
607 19.3351165365245 2.77252717492208 0
608 19.8562071789918 1.20215335949851 0
609 18.4138591355613 3.00739159210466 0
610 18.592563995432 2.66855945865898 0
611 18.9311073333333 2.02666666666667 0
612 19.3351165365245 1.26064776629625 0
613 19.697650339584 0.573268016099368 0
614 19.9166611935464 0.158013976843995 0
615 19.5474424358428 0.293549814932117 0
616 19.1110425842918 0.755985698815345 0
617 18.592563995432 1.40166579025309 0
618 18.1230889269511 2.04682505878168 0
619 17.8260722367164 2.5189929922689 0
620 18.4138591355613 1.07175029189809 0
621 17.8260722367164 1.58947703251231 0
622 17.3980213208321 2.06491399957633 0
623 17.2458795641572 2.35096905993734 0
624 17.2458795641572 1.78645018506788 0
625 16.9599996129073 2.07584173745148 0
626 14.4176208965803 2.43326610038821 0
627 14.6518617922253 2.35483849001044 0
628 14.7267849505613 2.52068800338934 0
629 14.9754617059899 2.82920373121672 0
630 15.3324779067988 3.18798637603856 0
631 15.0823611536996 2.38303607053356 0
632 15.2385514599885 2.66539952974658 0
633 15.7902489064404 3.47035091098362 0
634 15.5550873023497 2.2588785519394 0
635 15.642765764081 2.45504452393427 0
636 15.8088662222222 2.82666666666667 0
637 16.0070863796747 3.27015129319691 0
638 16.1849573463674 3.66810799067931 0
639 16.2924112499253 3.90851822393242 0
640 16.3982227754638 3.72903094006266 0
641 16.3696499765699 3.39598963420309 0
642 16.2867668782865 2.96180199129663 0
643 16.1809608270035 2.54444917705651 0
644 16.0814869841069 2.25480663458018 0
645 16.5390334575181 3.03313507202204 0
646 16.5539886065266 2.62661301848282 0
647 16.514856369738 2.29120400593135 0
648 16.4414368744414 2.12516150998956 0
649 16.7283992245362 2.35096905993734 0
650 16.716566520161 2.13821567567937 0
651 16.4405499596299 3.95010084941769 0
652 16.3982227754638 3.72903094006266 0
653 16.7223983115022 3.81896799491599 0
654 17.3704131798339 3.91390397902887 0
655 18.1519190659217 3.9794052160661 0
656 16.6252485851338 3.4677363183457 0
657 17.1889484985897 3.60190070538013 0
658 18.8397221573659 3.91390397902887 0
659 16.6001744726057 3.05029739196695 0
660 16.98322074427 3.15729701305506 0
661 17.708874 3.36 0
662 18.5748505554918 3.60190070538013 0
663 19.3519263536248 3.81896799491599 0
664 19.8213668105046 3.95010084941769 0
665 19.5474424358428 3.72903094006266 0
666 18.9466216050757 3.4677363183457 0
667 18.1445504977559 3.15729701305506 0
668 17.3628229459185 2.87619858923973 0
669 16.8095872150905 2.69835970262543 0
670 18.3745284614726 3.05029739196695 0
671 17.6616512575003 2.69835970262543 0
672 17.0522973348729 2.44206401016802 0
673 16.7283992245362 2.35096905993734 0
674 17.2458795641572 2.35096905993734 0
675 16.8647052298655 2.17979830116463 0
676 0.30320664416336 0.051978281856576 0
677 0.940864791449093 0 0
678 1.10002086422577 0.188575005295846 0
679 1.68504785490227 0.554441335056558 0
680 2.54469354152321 0.98927355003443 0
681 2.07234617146751 0.089683355178262 0
682 2.41900613050266 0.414686765229028 0
683 3.68863279167382 1.35587530976518 0
684 3.35121074994262 0.021452899931142 0
685 3.53697398099837 0.244368777198038 0
686 3.88888888888888 0.666666666666666 0
687 4.30885539128495 1.17062646954194 0
688 4.68570832450693 1.62284998940831 0
689 4.91336953023903 1.89604343628685 0
690 5.23521619786227 1.71774056256527 0
691 5.23782605793481 1.35587530976518 0
692 5.12059106650573 0.877815611400982 0
693 4.93880514487905 0.414686765229028 0
694 4.74379275382959 0.089683355178262 0
695 5.77076237520084 0.98927355003443 0
696 5.90568770352533 0.554441335056558 0
697 5.88093747793398 0.188575005295846 0
698 5.72580187521757 0 0
699 6.43145046880439 0.282259437434728 0
700 6.45009049226426 0.051978281856576 0
701 19.7434002540244 0.054057413130839 0
702 19.5474424358428 0.293549814932117 0
703 19.0690669885978 0.19611800550768 0
704 18.00806939547 0.0932706893853925 0
705 16.6680252287625 0.0223110159283877 0
706 18.8120980670309 0.57661898845882 0
707 17.9528273190944 0.431274235838189 0
708 15.3366228131079 0.0932706893853925 0
709 18.3423494691242 1.02884449203581 0
710 17.7780014047718 0.912928235857021 0
711 16.7088851111111 0.693333333333333 0
712 15.433028304718 0.431274235838189 0
713 14.2881503748896 0.19611800550768 0
714 13.5965164059235 0.054057413130839 0
715 13.8216405606253 0.293549814932117 0
716 14.5914582184078 0.57661898845882 0
717 15.6665119574287 0.912928235857021 0
718 16.740799709521 1.21745152832362 0
719 17.5271277194555 1.41011032215579 0
720 15.1162806354466 1.02884449203581 0
721 15.9779344531945 1.41011032215579 0
722 16.7694379698459 1.68776398898464 0
723 17.2458795641572 1.78645018506788 0
724 16.3050147727081 1.78645018506788 0
725 16.7867386733854 1.97188517373832 0
726 6.95254721687783 0.051978281856576 0
727 7.60753145811576 0 0
728 7.70382919579382 0.188575005295846 0
729 8.16690074321675 0.554441335056558 0
730 8.88160235817841 0.98927355003443 0
731 8.70911838640809 0.089683355178262 0
732 8.94744387542632 0.414686765229028 0
733 9.9033410217521 1.35587530976518 0
734 10.0107264499656 0.021452899931142 0
735 10.122184388599 0.244368777198038 0
736 10.3333333333333 0.666666666666666 0
737 10.585313234771 1.17062646954194 0
738 10.8114249947042 1.62284998940831 0
739 10.9480217181434 1.89604343628685 0
740 11.3293026770072 1.71774056256527 0
741 11.4525342880131 1.35587530976518 0
742 11.4946525293721 0.877815611400982 0
743 11.4672428898027 0.414686765229028 0
744 11.3805649687702 0.089683355178262 0
745 12.107671191856 0.98927355003443 0
746 12.3875405918398 0.554441335056558 0
747 12.484745809502 0.188575005295846 0
748 12.3924685418842 0 0
749 13.0040306563261 0.282259437434728 0
750 13.0994310649787 0.051978281856576 0
751 6.8139384652603 0.103956563713152 0
752 7.27822878110858 0.282259437434728 0
753 7.2009625150049 0.377150010591692 0
754 7.23060815959061 0.64412469023482 0
755 7.37266364987376 1.01072644996557 0
756 7.92774512940805 0.64412469023482 0
757 7.84161250148225 0.829373530458056 0
758 7.76489747606302 1.44555866494344 0
759 8.82439462502869 1.01072644996557 0
760 8.73151300950082 1.12218438859902 0
761 8.55555555555555 1.33333333333333 0
762 8.34557230435752 1.58531323477097 0
763 8.15714583774654 1.81142499470416 0
764 8.04331523488048 1.94802171814342 0
765 8.42338915615209 2 0
766 8.77187309913266 1.91031664482174 0
767 9.15381089896945 1.75563122280196 0
768 9.4794818608269 1.58531323477097 0
769 9.6641854079434 1.44555866494344 0
770 9.46960839176422 1.97854710006886 0
771 9.9740240611956 1.91031664482174 0
772 10.3085583139152 1.81142499470416 0
773 10.3884378855581 1.71774056256527 0
774 10.5766108438479 2 0
775 10.8094129665259 1.94802171814342 0
776 13.448377696219 0.11643135135873 0
777 13.8216405606253 0.293549814932117 0
778 13.7507094097547 0.422408011862695 0
779 13.7564585397145 0.758600291453262 0
780 13.8485840696397 1.2094392759697 0
781 14.335859609844 0.684239014672735 0
782 14.251166185803 0.928898354113023 0
783 14.1438089440939 1.72032106110361 0
784 15.055139620359 1.05458797195318 0
785 14.9700580914452 1.20617076849467 0
786 14.8088773333333 1.49333333333333 0
787 14.616528223591 1.83602599928852 0
788 14.4439255855343 2.14353799279765 0
789 14.3396543401002 2.32930953667505 0
790 14.6518617922253 2.35483849001044 0
791 14.9478376156548 2.20366936017704 0
792 15.2762166710969 1.9663069695382 0
793 15.558937590606 1.71507564659846 0
794 15.7223358446307 1.5177303483697 0
795 15.5229083100013 2.21597275207712 0
796 15.9469634460621 2.07543992422366 0
797 16.231997004711 1.91405399533966 0
798 16.3050147727081 1.78645018506788 0
799 16.4414368744414 2.12516150998956 0
800 16.6385999636808 2.03425911196621 0
801 0.12994570464144 0.103956563713152 0
802 0.70564859358682 0.282259437434728 0
803 0.471437513239615 0.377150010591692 0
804 0.224208387945655 0.64412469023482 0
805 0.053632249827855 1.01072644996557 0
806 1.3861033376414 0.64412469023482 0
807 1.03671691307257 0.829373530458056 0
808 0.224208387945655 1.44555866494344 0
809 2.47318387508607 1.01072644996557 0
810 2.19453902850245 1.12218438859902 0
811 1.66666666666666 1.33333333333333 0
812 1.03671691307257 1.58531323477097 0
813 0.471437513239615 1.81142499470416 0
814 0.12994570464144 1.94802171814342 0
815 0.70564859358682 2 0
816 1.3861033376414 1.91031664482174 0
817 2.19453902850245 1.75563122280196 0
818 2.92656617385486 1.58531323477097 0
819 3.38968827441295 1.44555866494344 0
820 2.47318387508607 1.97854710006886 0
821 3.38968827441295 1.91031664482174 0
822 4.05712497352078 1.81142499470416 0
823 4.29435140641318 1.71774056256527 0
824 4.29435140641318 2 0
825 4.74010859071711 1.94802171814342 0
