113 114 277
113 277 282
112 113 282
117 8 288
279 287 308
283 15 292
1 12 290
277 270 282
17 284 304
2 106 294
278 273 299
119 1 290
278 269 284
18 2 294
8 118 288
300 17 304
115 116 280
279 273 287
15 16 292
277 114 289
273 278 287
13 14 281
270 283 292
274 282 305
275 273 286
270 277 297
271 281 298
281 271 302
115 280 289
269 278 299
283 271 298
17 18 284
112 282 291
282 270 305
280 271 289
271 277 289
108 109 286
283 270 297
280 272 302
272 280 293
287 104 308
282 274 291
272 281 302
105 104 287
273 279 286
110 111 285
271 283 297
15 283 298
273 275 299
277 271 297
114 115 289
12 13 295
13 281 295
286 279 309
278 284 294
116 117 293
270 292 305
284 18 294
281 272 295
284 269 304
292 276 305
290 12 295
272 288 301
108 286 309
281 14 298
290 272 301
111 112 291
280 116 293
14 15 298
106 105 307
271 280 302
7 107 303
103 7 303
105 287 307
104 103 308
276 300 304
285 111 291
110 285 310
117 288 293
275 285 296
274 285 291
285 274 296
286 109 310
287 278 307
288 272 293
285 275 310
275 286 310
16 17 300
272 290 295
107 108 309
109 110 310
118 119 301
274 305 306
275 296 299
296 274 306
276 292 300
288 118 301
119 290 301
292 16 300
296 269 299
278 294 307
103 303 308
269 296 306
294 106 307
303 107 309
305 276 306
303 279 308
304 269 306
279 303 309
276 304 306
56 57 356
351 312 415
323 357 386
358 315 432
359 316 433
360 318 434
361 319 435
363 321 437
21 22 438
6 50 439
312 364 430
23 24 429
25 26 425
27 28 426
29 30 427
31 32 428
102 7 440
314 418 429
317 419 426
320 420 428
33 34 394
49 48 357
46 6 439
312 351 393
357 48 386
7 103 440
322 336 431
323 386 448
336 322 388
386 337 448
96 97 366
94 95 367
34 35 350
92 93 369
90 91 368
88 89 371
86 87 370
84 85 373
82 83 372
80 81 375
78 79 374
76 77 376
74 75 377
72 73 379
70 71 378
68 69 381
66 67 380
64 65 385
62 63 382
58 59 383
60 61 384
357 350 442
364 312 393
24 25 421
28 29 422
32 33 423
337 386 474
315 358 421
318 360 422
321 363 423
316 359 425
319 361 427
356 57 414
324 369 396
383 331 414
368 325 399
325 371 399
370 326 400
326 373 400
372 327 402
327 375 402
374 328 404
328 376 404
377 329 406
329 379 406
378 330 408
330 381 408
380 333 410
333 385 410
332 384 413
382 332 413
56 356 392
367 324 396
415 312 445
324 367 449
34 350 394
336 392 431
369 324 450
325 368 451
371 325 452
326 370 453
373 326 454
327 372 455
375 327 456
328 374 457
376 328 458
329 377 459
379 329 460
330 378 461
381 330 462
333 380 463
385 333 464
384 332 466
332 382 465
331 383 467
367 335 449
366 334 445
335 366 445
432 315 454
433 316 456
434 318 460
435 319 462
437 321 466
339 369 450
368 339 451
340 371 452
370 340 453
341 373 454
372 341 455
342 375 456
374 342 457
343 376 458
377 343 459
344 379 460
378 344 461
345 381 462
380 345 463
347 385 464
346 384 466
382 347 465
383 346 467
312 430 449
418 352 429
419 353 426
420 354 428
386 47 474
104 105 471
22 23 352
26 27 353
30 31 354
392 356 431
358 24 421
25 359 421
360 28 422
363 32 423
29 361 422
33 362 423
350 357 468
20 21 393
98 99 387
387 334 416
48 47 386
317 426 434
320 428 437
314 429 432
313 430 438
315 421 433
318 422 435
321 423 436
351 20 393
21 364 393
419 316 425
420 319 427
418 313 438
356 331 431
331 356 414
418 314 452
419 317 458
420 320 464
53 54 389
51 52 390
391 338 441
357 323 468
350 35 442
100 101 391
348 391 441
105 365 471
22 352 438
334 366 416
352 23 429
26 353 425
353 27 426
30 354 427
354 31 428
348 441 469
349 323 448
392 336 417
334 387 469
389 336 446
323 349 446
2 19 443
3 49 442
325 418 452
328 419 458
333 420 464
55 56 392
336 389 417
96 366 395
367 95 395
94 367 396
366 97 416
58 383 414
369 93 396
92 369 397
368 91 397
90 368 399
371 89 399
88 371 398
370 87 398
86 370 400
373 85 400
84 373 401
372 83 401
82 372 402
375 81 402
80 375 403
374 79 403
78 374 404
376 77 404
76 376 405
377 75 405
74 377 406
379 73 406
72 379 407
378 71 407
70 378 408
381 69 408
68 381 409
380 67 409
66 380 410
385 65 410
382 63 411
64 385 411
62 382 413
383 59 412
60 384 412
384 61 413
349 389 446
326 432 454
327 433 456
329 434 460
330 435 462
332 437 466
35 3 442
334 415 445
430 324 449
426 360 434
428 363 437
429 358 432
430 364 438
421 359 433
422 361 435
423 362 436
47 46 474
103 104 475
105 106 424
387 348 469
353 419 425
354 420 427
49 357 442
365 105 424
352 418 438
95 96 395
57 58 414
93 94 396
91 92 397
89 90 399
87 88 398
85 86 400
83 84 401
81 82 402
79 80 403
77 78 404
75 76 405
73 74 406
71 72 407
69 70 408
67 68 409
65 66 410
59 60 412
63 64 411
61 62 413
415 334 469
20 351 478
355 443 478
106 2 443
97 98 416
424 106 443
98 387 416
336 388 446
54 55 417
418 325 451
419 328 457
420 333 463
387 99 444
389 54 417
441 338 471
50 51 476
53 389 447
390 52 447
365 311 441
101 102 480
355 424 443
441 311 469
388 323 446
100 391 444
335 445 449
55 392 417
311 415 469
19 20 478
99 100 444
324 430 450
432 326 453
433 327 455
434 329 459
435 330 461
436 331 467
437 332 465
431 331 472
339 450 451
340 452 453
341 454 455
342 456 457
343 458 459
344 460 461
345 462 463
347 464 465
346 466 467
439 50 476
51 390 476
102 440 480
52 53 447
323 388 468
313 418 451
316 419 457
319 420 463
391 101 480
311 365 473
366 335 395
335 367 395
369 339 397
339 368 397
371 340 398
340 370 398
373 341 401
341 372 401
375 342 403
342 374 403
376 343 405
343 377 405
379 344 407
344 378 407
381 345 409
345 380 409
347 382 411
385 347 411
346 383 412
384 346 412
391 348 444
349 390 447
365 441 471
394 322 479
443 19 478
322 394 477
389 349 447
331 436 472
348 387 444
415 311 470
430 313 450
314 432 453
315 433 455
317 434 459
318 435 461
321 436 467
320 437 465
445 312 449
390 337 476
470 355 478
468 388 477
390 349 448
338 391 480
337 390 448
450 313 451
452 314 453
454 315 455
456 316 457
458 317 459
460 318 461
462 319 463
464 320 465
466 321 467
439 337 474
388 322 477
365 424 473
351 470 478
362 394 479
471 338 475
338 440 475
394 350 477
46 439 474
337 439 476
440 103 475
440 338 480
351 415 470
350 468 477
104 471 475
322 431 472
424 355 473
470 311 473
355 470 473
436 362 479
322 472 479
472 436 479
364 21 438
24 358 429
359 25 425
28 360 426
361 29 427
32 363 428
362 33 394
484 37 489
484 482 491
42 43 485
482 484 489
48 49 486
483 481 487
481 483 488
48 486 488
486 481 488
6 46 495
485 43 487
45 6 495
481 485 487
482 485 491
485 482 490
37 38 489
37 484 498
43 44 487
47 48 488
47 488 500
488 483 500
492 482 494
487 44 499
5 41 492
42 485 490
483 487 499
49 3 493
496 486 498
41 42 490
485 481 491
490 482 492
481 486 496
40 5 492
486 49 493
486 493 498
46 47 500
3 36 493
40 492 494
482 489 494
44 45 499
39 40 494
36 37 498
4 39 497
41 490 492
38 4 497
484 496 498
491 481 496
489 38 497
494 489 497
484 491 496
39 494 497
495 483 499
483 495 500
495 46 500
45 495 499
493 36 498
532 632 657
514 563 592
518 565 593
602 553 703
509 634 636
631 189 656
511 553 602
562 674 718
547 567 730
558 501 610
190 191 594
188 189 631
554 139 571
510 554 711
562 508 674
138 139 554
563 514 626
565 518 629
594 191 725
591 513 663
522 552 707
669 533 710
632 510 657
530 606 677
508 557 585
147 148 582
551 510 632
518 545 566
516 544 568
515 542 569
514 541 570
551 509 636
175 176 572
170 171 573
165 166 574
160 161 575
633 525 636
186 187 605
184 185 607
182 183 608
180 181 609
501 558 604
554 571 711
141 576 705
544 516 716
545 518 717
542 515 715
541 514 714
513 591 672
554 510 612
567 519 730
518 593 683
514 592 680
559 505 590
139 140 571
41 643 689
153 154 586
643 540 689
560 506 589
571 140 705
510 551 612
511 552 594
566 528 589
568 527 590
552 511 603
525 554 612
552 522 631
134 669 710
563 504 592
564 503 591
565 507 593
550 633 636
570 524 591
569 526 592
567 529 593
552 603 707
147 582 613
186 605 722
576 141 719
607 185 722
546 519 587
182 608 723
609 181 723
144 145 584
606 121 677
502 561 650
588 543 729
140 141 705
561 502 639
634 550 636
530 558 610
146 147 613
521 585 651
531 571 705
674 587 718
566 545 684
567 547 685
568 544 686
569 542 687
570 541 688
676 501 701
554 525 637
42 41 689
591 524 672
552 631 656
576 531 705
553 594 725
524 596 654
9 137 638
553 511 594
127 708 709
135 550 669
632 520 673
564 591 663
509 551 673
589 528 682
590 527 681
506 566 589
505 568 590
528 566 684
529 567 685
527 568 686
526 569 687
557 508 667
504 569 592
524 570 688
503 570 591
507 567 593
519 546 730
631 605 720
585 521 674
501 603 701
592 526 680
593 529 683
571 531 711
505 559 666
588 625 673
582 148 614
506 560 665
517 588 729
649 506 665
572 176 615
573 171 616
574 166 617
575 161 618
648 503 664
526 597 621
527 598 622
528 599 623
529 601 624
175 572 621
170 573 622
165 574 623
160 575 624
646 507 660
549 676 701
44 43 602
606 540 643
150 151 595
178 179 596
173 174 597
168 169 598
156 157 600
158 159 601
163 164 599
508 562 662
44 602 703
504 563 661
503 564 664
561 677 691
530 561 639
507 565 660
561 538 650
550 135 633
41 5 643
127 128 708
639 502 679
551 632 673
642 505 666
641 504 661
153 586 619
586 154 620
640 502 663
133 134 710
531 576 635
136 9 638
557 533 721
192 6 702
137 138 637
522 605 631
138 554 637
144 584 635
549 602 713
6 45 702
677 122 691
584 145 645
602 549 701
518 566 629
519 567 630
516 568 628
515 569 627
611 502 640
514 570 626
540 606 610
512 604 679
120 121 606
651 585 704
508 585 674
533 557 667
605 555 722
120 606 643
555 607 722
502 650 663
570 503 626
608 556 723
556 609 723
569 504 627
568 505 628
566 506 629
567 507 630
590 681 726
190 594 656
522 604 670
706 127 709
589 682 727
559 534 666
148 149 614
534 559 641
606 530 610
176 177 615
171 172 616
166 167 617
161 162 618
558 530 639
560 535 665
535 560 642
578 539 649
625 509 673
577 536 646
596 524 688
126 127 706
579 537 648
5 120 643
635 576 728
539 577 660
597 526 687
598 527 686
599 528 684
601 529 685
546 587 652
537 580 661
572 526 621
573 527 622
574 528 623
575 529 624
152 153 619
154 155 620
536 581 662
578 649 665
583 535 642
602 43 713
536 562 646
535 578 665
538 579 664
580 534 641
579 648 664
534 583 666
581 533 667
502 611 679
562 536 662
537 563 648
511 602 701
577 646 660
539 565 649
538 564 650
563 537 661
561 530 677
564 538 664
565 539 660
588 517 625
607 523 653
523 608 653
525 612 636
134 135 669
538 561 691
609 524 654
543 588 659
132 133 690
501 604 707
128 129 700
605 187 720
611 523 671
174 175 621
169 170 622
164 165 623
159 160 624
690 133 710
577 539 644
508 662 667
537 579 647
143 144 635
582 520 712
512 555 670
597 174 621
598 169 622
599 164 623
601 159 624
555 512 671
613 582 712
583 642 666
128 700 708
137 637 638
612 551 636
558 639 679
184 607 653
122 123 691
608 183 653
180 609 654
556 513 672
604 512 670
580 641 661
548 704 729
121 122 677
532 584 645
579 538 655
523 611 640
141 10 719
596 179 654
681 515 726
536 577 658
43 42 713
520 582 659
150 595 692
595 151 699
178 596 693
173 597 694
168 598 695
163 599 696
600 157 697
156 600 698
158 601 697
634 533 669
627 504 641
125 126 675
610 501 676
587 521 652
619 586 651
586 620 652
559 627 641
682 516 727
45 44 703
525 633 638
577 644 658
539 578 668
513 556 678
10 142 719
647 579 655
628 505 642
555 605 670
560 628 642
580 537 675
607 555 671
609 556 672
512 611 671
129 130 668
582 614 659
586 521 651
521 586 652
676 549 689
581 536 690
588 520 659
146 613 645
604 522 707
675 126 706
584 531 635
604 558 679
650 564 663
578 535 700
135 136 633
534 580 706
562 630 646
535 583 708
594 552 656
630 507 646
521 587 674
583 534 709
131 132 658
533 581 710
563 626 648
637 525 638
565 629 649
626 503 648
668 578 700
629 506 649
574 617 716
575 618 717
573 616 715
572 615 714
129 668 700
123 124 655
145 146 645
585 557 724
520 588 673
580 675 706
124 125 647
130 131 644
183 184 653
614 149 692
179 180 654
615 177 693
616 172 694
617 167 695
618 162 696
189 190 656
608 523 678
603 511 701
548 619 651
620 546 652
533 634 721
152 619 699
620 155 698
614 543 659
526 572 680
527 573 681
528 574 682
529 575 683
581 690 710
546 620 698
619 548 699
662 581 667
541 615 693
542 616 694
544 617 695
545 618 696
143 635 728
188 631 720
543 614 692
708 583 709
534 706 709
531 584 657
644 539 668
523 640 678
613 532 645
537 647 675
682 574 716
683 575 717
681 573 715
680 572 714
611 512 679
584 532 657
700 535 708
149 150 692
177 178 693
172 173 694
167 168 695
157 158 697
155 156 698
162 163 696
151 152 699
536 658 690
540 610 676
595 548 729
546 600 730
556 608 678
704 517 729
655 538 691
587 519 718
644 131 658
605 522 670
603 501 707
523 607 671
595 543 692
548 595 699
596 541 693
597 542 694
598 544 695
599 545 696
600 546 698
601 547 697
547 600 697
524 609 672
632 532 712
124 647 655
540 676 689
633 136 638
634 509 721
559 590 726
658 132 690
545 599 684
547 601 685
544 598 686
542 597 687
541 596 688
560 589 727
550 634 669
185 186 722
181 182 723
519 630 718
187 188 720
142 143 728
615 541 714
616 542 715
617 544 716
618 545 717
191 192 725
520 632 712
513 640 663
123 655 691
657 510 711
516 628 727
532 613 712
647 125 675
515 627 726
531 657 711
640 513 678
130 644 668
625 517 724
517 704 724
548 651 704
543 595 729
600 547 730
630 562 718
509 625 721
702 45 703
704 585 724
625 557 721
628 560 727
627 559 726
689 549 713
557 625 724
553 702 703
42 689 713
516 682 716
518 683 717
515 681 715
514 680 714
719 142 728
192 702 725
702 553 725
576 719 728
1433 1747 2505
1330 958 1669
1457 1035 1641
813 1457 1641
1355 768 1435
1713 1152 2083
919 1399 1419
1048 1245 2032
1423 1001 1880
1433 989 1747
1325 895 1466
1000 1265 1793
1671 995 1861
1325 1088 1536
1481 986 1797
1306 816 2137
1107 1306 2137
1421 808 1655
1013 1421 1655
768 1397 1428
1828 1629 2194
1083 1547 1689
1547 758 1689
968 1323 1620
1323 867 1620
1039 1629 1828
1327 1093 2524
219 220 1352
851 1381 1518
1381 1054 1518
1624 857 1879
985 1438 1439
208 209 1412
1438 917 1439
1055 1302 1611
1991 780 2130
849 1239 1723
771 1324 1487
1251 949 1627
1317 1025 1498
1293 865 1656
208 1412 2195
1405 2198 2225
1559 1218 2211
945 1253 1642
1253 945 1715
1016 1242 1838
1046 1486 1649
1486 972 1649
859 1295 1979
1102 1453 1994
2066 1603 2532
1127 1603 2066
865 1300 1656
1286 971 1552
1099 1405 1535
1262 950 1612
951 1574 1668
161 1962 2241
1411 778 1886
1444 192 2007
949 1251 2089
1572 751 1697
1093 1572 1697
918 1360 1464
965 1308 1733
732 1376 2389
1478 745 1534
807 1450 1840
994 1478 1534
1450 1089 1840
936 1457 2103
1469 779 1668
1038 1469 1668
1168 1509 2265
827 1427 2334
876 1317 2480
1301 861 1617
1481 1797 1881
955 1301 1617
1239 849 2051
1305 783 1588
1347 1046 1853
1063 1585 2043
896 1347 1853
1585 1227 2043
1476 2400 2632
1290 1162 2454
1441 1032 1451
936 2103 2119
1877 1385 2246
1061 1560 1626
1560 954 1626
1405 765 2198
942 1284 1752
1395 914 2179
792 1419 1524
1001 1677 1880
906 1467 1724
806 1482 1930
85 84 1347
1297 935 2162
1161 1592 2408
1150 1326 2256
1326 881 2256
1305 933 2502
1163 2037 2153
1404 255 2191
1242 1060 2766
1160 1624 1879
1592 1260 2408
805 1683 1882
1324 1020 1916
1021 1343 1565
1245 1048 1732
1060 1242 2029
1436 911 1763
1343 872 1565
1482 1146 1930
1242 1016 1830
783 1305 2281
1509 1168 2402
1226 1991 2130
1353 1130 1580
737 1639 1664
757 1353 1580
1639 1098 1664
1409 895 1453
1427 2085 2334
950 1262 1673
1152 1713 2178
2031 1045 2309
1620 1327 2524
201 202 1351
1215 2031 2309
981 1271 1717
1100 1582 1875
1308 831 1899
1504 2558 2613
192 191 2007
1506 2047 2213
1504 1252 2558
1324 771 2393
869 1286 2619
1376 1597 2389
1337 1145 1896
777 1559 2211
1507 745 1902
744 1885 1970
933 1305 1588
1407 215 2185
1336 987 2231
1962 1266 2241
789 1501 2154
1897 1621 2609
1420 1112 1991
1476 925 2400
1121 1373 1555
1650 977 1882
1506 913 1892
1373 791 1555
1298 996 2369
1131 1506 1892
982 1264 1706
1308 932 1591
913 1441 1451
1420 1991 2543
1024 1283 1929
1650 1882 2404
177 1387 1728
1279 1054 2054
928 1420 2608
996 1298 1814
1637 1140 1834
1428 909 2202
1162 1290 2160
1315 983 1581
1289 969 1684
1901 173 2132
1681 789 2154
1278 904 1709
1315 771 2030
972 1530 1698
255 256 2191
1203 1646 1818
1458 1172 1769
1434 1043 1570
881 1326 2380
1284 942 1761
2176 1428 2202
960 1434 1570
1302 1028 1611
1368 244 1759
1218 1559 2662
1106 1671 1861
2400 1234 2632
1958 1555 2781
975 1503 1730
1081 1377 1507
1265 881 1748
1105 1361 1541
1420 2434 2608
1548 938 2035
1121 1555 1958
1531 1186 2339
1646 984 1818
787 1328 2516
969 1289 1719
1015 1290 2442
1003 1415 1571
1415 825 1571
1682 883 1926
1531 2339 2566
1513 2217 2304
1217 1682 1926
761 1282 1762
1574 1038 1668
86 2077 2095
1724 1467 2169
1610 853 1743
1122 1610 1743
1834 1140 2351
1072 1330 1669
1264 982 2028
1265 1000 1900
1441 913 2213
1354 1083 1689
958 1330 1659
881 1265 1900
890 1392 2731
1435 910 1744
1557 735 2656
1089 1621 1897
1755 794 1980
1301 793 1711
1483 747 1675
1665 1395 2179
1886 778 2449
1100 1440 1582
1449 1057 1683
1602 2110 2570
1548 2035 2137
904 1278 2040
850 2408 2597
971 1286 2510
1329 144 1898
1244 1755 1980
1284 1156 2361
1453 895 1994
1351 202 1606
1159 1386 2221
1386 751 2221
795 1720 1875
731 1311 1843
1311 1002 1843
992 1276 1721
1299 949 2089
1300 968 1656
1519 1038 1574
808 1542 1948
860 1877 2246
858 1519 1574
2077 1247 2095
1145 1514 1558
1310 1413 2700
1413 907 2700
1334 797 1740
1353 1018 1856
1372 876 2480
1471 1848 2635
1400 888 2704
1363 773 1623
1590 1925 2536
1209 1372 2480
1465 795 1875
1502 52 2228
1366 1017 1787
1271 981 1947
190 1434 2007
1321 2053 2792
1331 880 2183
819 1648 1783
1106 1820 1883
1667 837 2152
826 1438 1603
1392 1557 2731
1438 985 1603
1011 1600 1816
1009 1351 1606
1023 1479 1480
1479 930 1480
1241 1931 2334
1553 952 1905
1471 832 1848
1783 1648 2735
1350 961 1566
1546 850 2597
1513 927 2217
1276 992 1873
2106 1490 2391
1317 1498 2480
215 216 2185
1490 945 2391
1445 785 1714
780 1331 2130
1391 929 1587
952 1568 1905
1986 1441 2213
1116 1546 1766
793 1301 2094
62 1285 1870
1649 972 1698
1321 1777 2053
52 51 2228
949 1299 2024
983 1315 1648
1448 755 2348
1219 1448 2348
1329 992 2295
1054 1279 1778
864 1294 1858
958 1542 1669
867 1327 1620
1709 904 1937
1450 892 1621
1040 1309 1887
1089 1450 1621
1406 738 1895
1063 1406 1895
1007 1754 2147
1282 761 1977
938 1527 1528
1527 1029 1528
1405 931 1535
1002 1311 1822
1012 1532 1618
885 1341 1695
968 1300 2136
151 1827 2370
950 1602 2570
159 158 1416
861 1301 2134
956 1619 2159
946 1461 1804
1349 942 1752
1364 1208 2533
238 1742 2472
837 1667 2061
1524 1419 2756
1404 1082 1982
2042 956 2159
987 1288 1751
1469 946 1804
1582 944 1875
1790 1015 2040
1521 900 2461
1455 1265 2488
757 1580 2394
238 239 1742
767 1455 2488
1406 1063 2043
2394 1580 2653
1278 1790 2040
1286 869 1775
2342 1166 2822
963 1337 2838
1283 1024 2394
1156 1284 1934
1394 787 2516
1317 876 2247
1454 2707 2741
1009 1490 1594
1747 1217 2505
865 1293 2830
744 1403 1616
1563 1400 2704
1088 1325 2161
1197 1709 1937
1346 974 1759
1372 1209 2649
831 1308 2156
1385 1877 2739
1285 62 2462
1454 790 2707
1948 1542 2128
2051 1834 2788
1028 1302 2327
1025 1317 1922
1392 1042 1557
232 1593 1707
1288 987 1829
880 1331 1643
72 71 1410
1979 1295 2514
1419 1399 2756
1301 955 2094
1081 1507 1902
1071 1348 1654
1506 743 2047
1195 1901 2132
1816 1600 2289
1922 1317 2245
1419 792 2754
1302 1055 2092
882 1397 2456
1640 2144 2452
741 1922 2245
935 1297 1851
933 1463 2502
845 1967 1985
1179 1359 1748
889 1318 1716
1308 965 2156
1291 862 2333
1279 2054 2214
1067 1400 1563
1437 169 1761
1931 827 2334
1004 1291 1827
986 1477 1798
784 1679 2222
1401 820 1754
1007 1401 1754
54 1436 1763
1397 882 1868
1341 955 1695
917 1438 1824
948 2055 2081
1290 1015 1976
1291 1004 1928
1313 2005 2514
1754 1216 2147
862 1291 1928
1414 749 1913
871 1306 1741
1443 1155 1567
939 1443 1567
2099 1495 2299
786 1345 1632
1402 951 1668
1428 1397 2801
911 1335 2509
1368 974 1605
2063 1647 2493
1280 2088 2199
1763 911 2509
1099 1378 2112
1378 860 2112
1294 864 2428
1376 1065 1597
1295 859 1856
1588 783 2388
1300 865 1999
771 1315 2168
1983 885 2115
1389 782 1591
1328 787 1779
1370 961 1645
1518 943 1997
1328 871 1741
820 1370 1645
1454 948 2081
946 1425 1950
1487 1324 1916
962 1704 1705
1704 1123 1705
1334 957 1760
1140 1463 1786
1048 1512 1625
1145 1337 2330
965 1319 2156
1512 805 1625
1327 867 2107
1337 963 2330
1374 1149 1630
1925 1176 2536
874 1309 2039
83 82 1486
1848 1027 2320
1309 1040 2039
1044 1363 1623
1731 1055 2122
842 1685 1984
732 1772 2498
1303 1731 2122
916 1554 1839
1685 1215 1984
1554 1103 1839
1730 1503 2071
1348 1049 1654
1074 1447 1893
959 1524 2756
1447 804 1893
782 1389 1932
816 1306 2018
1306 871 2019
1500 734 1592
991 1500 1592
1306 1107 2146
1341 736 2097
1319 965 1727
1395 790 1767
1359 1179 2452
1005 1395 1767
768 1355 2423
1309 874 2086
1273 1588 2388
219 1352 1780
1827 1291 2370
1105 1440 2165
1681 979 2142
825 1415 1650
1361 1105 2172
1453 1102 2285
1311 731 1784
1415 977 1650
823 1361 2172
1093 1327 2226
812 1380 1691
1326 1150 1771
1116 1766 2194
1380 1144 1691
1753 1290 2454
1885 1174 1970
1166 1789 2822
1351 1009 2341
2142 979 2153
1249 1517 2164
896 1340 2589
980 1401 1885
150 149 1662
1483 917 1824
785 1323 2136
1249 2164 2512
735 1557 1964
944 1647 2063
1656 968 1697
1167 1607 2167
871 1328 1717
1112 1420 2084
1331 780 2260
1420 928 2084
742 1424 2024
957 1334 1801
982 2062 2678
982 1706 2062
932 1308 1899
992 1329 2708
2113 1450 2190
1265 1455 1793
1356 1002 1822
943 1589 1997
951 1402 1764
262 1458 1863
752 1713 2083
815 1356 1822
1564 920 2205
979 1319 2244
1216 1564 2205
1679 1235 2222
736 1446 2079
987 1751 2231
999 1338 1949
1769 1172 2546
2144 884 2452
1375 962 1705
1635 1163 2153
1319 979 2203
1877 1036 2739
844 1872 2174
1462 1080 1676
1209 1498 2508
191 190 2007
845 1462 1676
1333 733 2118
1435 1744 2663
1404 1982 2851
1377 1081 2074
2054 828 2214
809 1377 2074
175 174 1442
1333 906 1724
1349 979 1681
1318 889 1786
1397 1181 2456
1468 992 1643
988 1834 2051
1967 1223 1985
1438 826 1824
1256 1848 2320
1457 936 1559
1313 2342 2822
1323 968 2136
201 1351 1693
887 1316 1833
1977 1292 2249
961 1387 1645
974 1346 1749
1440 759 1582
1364 2533 2806
847 1475 1867
1699 1372 2649
851 1997 2573
1166 1568 2000
1568 841 2000
1590 830 1925
1181 1770 2456
1511 822 1826
206 207 1995
1155 1443 2816
1165 1472 1787
1095 1511 1826
1323 785 2082
2088 814 2199
1496 934 1657
1397 768 2423
1181 1397 2423
1241 1983 2115
206 1995 2767
188 1382 1951
1272 1557 2656
862 1332 2010
838 1811 2328
1405 1099 2111
765 1405 2111
1369 1073 2451
867 1323 1814
1770 1357 2456
1373 1121 2247
83 1486 1914
1734 1080 1809
1316 887 1982
876 1373 2247
50 1444 2228
1351 964 1693
1679 784 2497
1341 885 2411
1377 910 2099
895 1325 1994
797 1334 1760
2508 1498 2748
1356 815 2440
1332 862 1928
2165 1440 2395
1041 1371 2227
1347 84 1914
2292 1801 2842
1772 1322 2498
961 1350 1728
1382 188 2506
1449 1683 2315
1352 2368 2757
1360 794 1755
150 1662 1827
790 1395 1665
1848 1256 2635
1515 1224 2617
900 1521 1974
956 1608 1609
1608 1068 1609
1370 820 2416
737 1578 2320
1578 1256 2320
1393 1148 2316
1286 1552 2619
1073 1379 2451
987 1336 1842
1632 963 2838
1366 1787 2751
1347 896 2457
1103 1409 2599
760 1372 1699
962 1375 1766
1330 1072 1888
1460 1064 2019
1046 1347 1914
1020 1324 1975
1354 967 1952
2368 921 2757
1510 1109 1931
1145 1558 2420
1489 742 2024
1400 1067 2006
1069 1390 1686
1488 923 1969
2047 1087 2213
731 1400 2006
257 1860 2191
1213 1521 2461
1308 1591 1733
1578 737 1956
972 1429 1906
1338 999 1865
1091 2099 2299
1625 977 1663
779 1402 1668
819 1413 1700
1048 1625 1663
775 1488 1969
1412 209 1756
1514 927 1558
1426 995 1874
1078 2113 2190
1335 911 2366
1534 745 2269
1991 1226 2543
733 1333 2641
787 1394 2525
1429 81 2481
1494 912 1577
1132 1494 1577
736 1341 2223
2162 935 2667
248 249 1470
161 160 1962
1161 1529 2098
1529 800 2098
1726 67 1947
1332 1031 2010
836 1647 2017
1647 1182 2017
831 1349 1752
1370 980 1718
1448 1015 2442
1613 976 1913
914 1395 1852
1012 1365 1909
178 177 1728
791 1332 1920
1560 797 2278
1514 752 1778
1332 791 2009
1332 1004 1920
945 1430 1715
1373 2001 2009
1406 2043 2350
1031 1332 2009
1033 1977 2249
1352 220 1758
996 1352 1758
144 1329 2295
67 66 1947
1625 805 1882
1513 775 1969
793 2094 2262
1358 984 2232
906 1333 1907
979 1349 2203
990 1391 1863
1429 1203 1906
1004 1332 1928
1584 1173 2321
1427 894 2085
2037 1109 2153
1345 786 2230
1344 982 2230
1582 759 2587
1012 1618 2311
1307 1679 2497
1255 1690 2174
1683 1057 1882
980 1370 2416
2005 1056 2514
910 1495 2099
1016 1520 2561
1343 1021 1945
1896 1145 2420
1490 788 1594
1433 1013 1788
1483 1675 2209
982 1344 2028
753 1433 1788
1340 896 1853
2230 786 2605
893 1777 2186
1777 1321 2186
157 1338 2562
2187 1582 2587
1017 1366 1923
1597 1065 2027
226 227 1526
1524 1128 2108
1137 1443 2091
1353 757 1938
898 1384 1719
1018 1353 1938
1365 1012 2311
1409 1453 2599
1278 1554 1790
996 1758 2369
1029 1583 1613
1451 1032 1881
1549 2324 2354
1571 991 1604
1013 1655 1788
2161 1325 2529
1003 1571 1604
974 1368 1759
1361 897 2171
1655 1104 1788
2396 1310 2837
1338 157 1949
807 1399 1708
939 1572 1573
1572 1093 1573
1908 1204 1959
1344 2230 2605
1402 924 1764
946 1469 1615
894 1446 2085
799 1459 2029
1636 1086 2485
1636 2485 2593
1549 1152 2324
1678 2475 2534
1459 799 2418
1413 819 1686
869 1817 2355
2079 1446 2592
1616 1403 2405
1885 1401 2375
1429 972 1961
1239 2051 2788
971 1383 2196
1386 882 1800
1817 869 2619
744 1616 1885
1387 961 1728
1678 812 2475
1141 1968 2006
942 1437 1761
1011 1816 2426
1374 923 1746
952 1499 1670
1395 1005 2470
734 1500 1674
2707 1312 2741
1392 799 1966
1500 998 1674
1042 1392 1966
885 1383 2115
1399 919 2617
910 1377 1744
1466 2403 2409
955 1341 2097
88 87 1492
988 1473 1884
244 245 1759
1349 831 2203
984 1358 1818
794 1360 2264
1461 1113 1804
1083 1354 2224
1358 846 1818
1043 1434 2377
1656 1697 2323
938 1548 1701
983 1406 2350
1466 895 2403
1352 996 2368
2198 1124 2225
1014 1501 2060
1607 1167 2522
2001 1031 2009
1798 1477 2152
1056 1979 2514
2255 1494 2300
1509 918 2265
1805 1560 2278
257 258 1860
1310 2109 2837
1520 1652 2561
1443 1137 2362
846 1358 2252
1820 1033 1883
751 1386 2414
1522 1094 2501
1208 1364 2803
872 1343 2108
946 1950 2392
1953 1534 2269
1554 1278 2732
897 1361 2184
797 1560 1740
1969 923 2059
1854 1011 2426
2183 880 2574
1628 1117 1837
937 1473 2101
1037 1628 1837
1456 975 1739
1099 1535 2192
998 1525 1791
1957 890 2814
1525 1049 1791
1373 876 2001
1634 1194 1811
1315 2030 2735
999 1634 1811
2230 982 2678
1154 1667 2152
1401 980 2416
1860 258 2387
942 1349 2154
967 1354 2672
1426 974 1749
1666 1250 2563
1143 1493 1999
1173 1584 2399
1026 1691 1859
1691 1144 1859
169 168 1761
1414 899 2521
1801 1334 2842
749 1414 1738
799 1392 2418
1001 1423 2607
2635 1578 2723
1416 158 2562
85 1347 2077
1086 1710 2016
216 217 2185
1392 890 2419
55 54 1763
2521 899 2526
1256 1578 2635
1345 2230 2678
1365 810 2092
1136 1446 2223
1055 1365 2092
1446 736 2223
1444 960 2228
801 1566 2210
1676 1080 1734
1049 1348 2450
745 1507 2269
997 1676 1734
217 1940 2185
1348 1071 2129
1520 772 1936
1445 1714 2206
1607 835 2167
754 1663 1799
1130 1353 2706
1982 887 2851
2005 1313 2822
1224 1515 2410
1593 997 1707
1002 1356 2143
1297 1533 2646
773 1363 1915
1913 976 2534
1533 775 2646
181 1371 2308
892 1450 2113
766 1897 2609
1530 972 1906
1572 939 2011
924 1402 2778
778 1411 2539
964 1351 2341
746 1390 2100
1035 1457 2791
1390 1069 2100
1671 1106 1883
1642 2257 2391
855 1585 1894
1222 1476 2530
76 75 1515
1476 855 2530
1415 1003 1799
1037 1381 1992
1510 971 2510
2016 1710 2621
2379 1769 2511
1381 851 1992
1578 1956 2549
1532 967 1618
919 1419 2204
1371 1041 2049
2653 1614 2827
1414 978 1738
776 1509 2402
1811 1194 2328
1492 1117 2133
769 1908 1959
1414 1913 2312
1496 1077 1942
231 232 1707
1459 889 1716
1117 1492 2287
1787 908 2751
934 1496 1942
1363 1044 2810
224 225 1680
1007 1556 1876
770 1451 1881
1021 1358 1945
1872 844 2543
1094 1971 2501
72 1410 1864
1603 1127 1941
261 262 1863
826 1603 1941
984 1646 1792
1358 1021 2252
1475 1199 2526
1844 847 1867
795 1465 2820
1010 1425 1725
1193 1844 1867
810 1365 2311
1713 963 2178
2412 1703 2625
1374 2598 2812
1434 960 2007
2530 1380 2714
972 1486 1961
992 1721 2295
1207 1694 2574
1524 2108 2772
1262 2044 2167
767 1359 2004
1355 1435 2663
1359 767 2488
820 1401 2416
1403 744 2439
51 50 2228
1383 885 2303
1486 1046 1914
978 1414 2521
1360 918 2618
990 1769 2379
905 1958 2781
736 1504 2097
1361 823 2013
857 1624 2817
1340 1533 2589
1229 1601 1850
1390 746 2036
1627 782 1932
1597 2027 2444
1441 802 1891
1507 1377 2099
1365 1055 2661
1032 1441 1891
2496 1207 2574
1437 1014 2654
1188 1616 2405
834 1734 1809
1270 1779 2426
1398 891 1862
1386 1159 2453
1394 2521 2526
1510 1931 2519
1371 181 2227
960 1444 2007
912 1494 2255
1378 1123 2495
1520 970 1652
244 1368 2531
1436 1058 1987
860 1378 1877
911 1436 1987
1149 1374 2812
1165 1787 2555
1372 760 2219
1073 1369 2811
811 1385 2739
961 1370 2210
151 150 1827
1467 1020 1807
1377 809 2487
256 257 2191
821 1467 1807
739 1569 2066
929 1391 2117
1406 983 1889
882 1386 1868
1427 1000 1793
202 11 1606
894 1427 1793
897 1412 2253
876 1372 2001
1299 1489 2024
1381 1037 2631
1694 195 2477
1690 1255 2716
1722 2271 2415
1464 733 2177
891 1398 1842
1144 1380 2322
1494 1132 2150
975 1456 2222
1123 1378 2236
1017 1660 1845
829 1494 2150
1660 1177 1845
869 2355 2614
1667 1115 2061
1400 731 1843
1353 1856 2706
829 1426 1749
926 1932 2537
1390 2471 2476
1478 994 2046
1722 1149 2271
1222 2530 2714
1583 976 1613
791 1373 2009
1401 1007 2375
1610 1122 2482
957 1614 2653
804 1692 1893
2367 1811 2542
1978 740 2272
1058 1436 2728
81 80 2481
960 1502 2228
2028 1344 2041
873 2028 2041
1627 949 2848
1378 1099 2192
152 1538 2443
774 1474 1917
1718 801 2210
1601 1018 1850
1474 1052 1917
1897 766 2109
1380 812 1939
1310 1897 2109
1374 1746 2598
919 1515 2617
1086 1636 1835
1636 809 1835
1997 1220 2573
2032 1245 2850
949 2302 2848
144 143 1898
1536 1088 2552
951 1764 2825
733 1464 2118
192 1444 2657
1433 753 1774
1909 870 2448
1060 1459 1716
989 1433 1774
1779 1270 2288
923 1374 2059
1427 827 1812
1692 1131 1893
1000 1427 1812
1065 1376 2144
1575 1143 2601
1565 872 2382
1219 1565 2382
1460 2019 2550
1385 811 2564
1444 50 2657
1009 1594 2341
1311 1540 1822
1452 796 1747
989 1452 1747
1376 732 2016
1546 1116 2048
1242 1544 1838
850 1546 2048
1932 1389 2537
232 233 1593
2094 1267 2262
1122 1743 2357
1425 946 2547
1140 1786 2349
1442 1096 2096
1379 1073 2679
898 1551 2267
58 1431 2548
1542 808 1669
1399 807 1912
1661 1036 1674
1821 1010 2265
998 1661 1674
2538 1342 2850
1148 1393 2814
1799 1663 2469
999 1811 2367
159 1416 2215
1397 1868 2801
2265 1010 2409
1335 1776 2509
1054 1381 2054
1867 1475 2579
895 1409 2403
1743 2030 2357
1516 793 1745
1383 971 2115
960 1570 2520
1008 1516 1745
1402 779 2332
1596 1054 1778
767 1608 2239
1387 177 2603
1170 1459 2418
1731 2268 2698
752 1596 1778
1384 898 2267
165 164 1562
1688 816 2313
1196 1703 2412
194 195 1694
1443 939 2091
1896 1110 2207
1337 1896 2207
1411 929 2117
1014 1437 2606
1122 1907 2482
1493 953 2786
1569 1127 2066
738 1406 1889
1622 2316 2344
1066 1680 1826
1680 1095 1826
226 1526 2127
1459 1060 2029
1407 1053 2075
1899 831 2361
1475 2526 2808
1642 823 2257
1134 1474 2305
988 1884 2752
1391 990 2117
1328 1741 2516
1114 1651 2374
955 1617 1695
215 1407 2340
1417 902 1865
941 1844 2243
948 1454 2829
2471 907 2476
2088 1280 2549
1594 788 2104
929 1411 1886
1658 1393 2316
1413 1310 2396
1872 1185 2174
1497 1015 1790
916 1497 1790
1622 947 2316
1530 1019 1698
1545 223 2105
933 1644 2845
1489 1299 2824
785 1493 1714
915 1489 2824
1412 897 2184
1079 1412 2184
995 1675 1861
1403 1023 1963
1018 1462 1850
784 1456 2335
1462 845 1850
1902 1126 1903
776 1554 2732
1456 1153 2335
1023 1403 2439
2044 1167 2167
811 1661 1791
785 1445 2082
1546 962 1766
1197 1509 1709
888 1400 2626
1912 959 2756
1768 840 2568
995 1671 1874
1780 1352 2757
1585 1063 1894
2494 1768 2568
1577 912 2507
990 1458 1769
255 1404 2259
156 155 1634
175 1442 2096
1243 1577 2507
743 1506 1918
1730 1575 2601
995 1426 1960
931 1584 2321
1296 1909 2448
1775 1014 2060
1152 1549 2083
1554 916 1790
1474 1134 2329
1829 2325 2565
1687 994 2742
1906 1203 2780
994 2741 2742
948 1638 2055
1070 1783 2735
839 1423 1880
816 2018 2313
1658 763 2750
1393 1658 2750
931 1405 2225
769 1443 2362
1679 937 2101
1409 1103 2290
793 1516 1711
985 1439 1915
1435 768 2692
1599 778 2539
1314 1900 2294
803 1605 1874
1445 996 2082
148 147 1651
2014 854 2043
967 1532 1955
998 1500 1737
1741 978 2516
1021 1565 1943
883 1421 1926
817 2161 2529
1082 1404 2191
1421 1013 1926
229 230 1660
207 208 2195
891 1447 1862
977 1415 2469
806 1930 2089
2430 1599 2539
899 1414 2312
1060 2025 2766
1930 1299 2089
1995 207 2195
1473 849 2101
1900 1314 2256
1455 894 1793
1218 1687 2218
1393 1957 2814
102 268 7
1687 866 2218
1469 1038 2712
196 197 1595
1653 973 2649
1203 1429 2481
1449 756 2022
1165 1598 1908
1057 1449 2022
875 1666 2563
1548 1101 1701
1779 787 2426
911 1452 2366
1508 804 2073
1020 1975 2297
1643 992 2708
910 1435 1954
1585 855 2632
1540 1311 2800
914 1540 2800
90 89 1628
1053 1407 2185
1410 71 2008
99 98 1612
856 1766 2513
1776 1335 2399
1766 1375 2513
818 1776 2399
2164 1114 2374
1125 1724 2169
1013 1433 2505
996 1445 2368
154 153 1808
1521 1052 1974
1471 1022 1869
1581 983 2350
1900 1000 2294
832 1471 1869
1876 1556 2258
881 1900 2256
1266 1523 2694
1525 998 1737
1523 926 2694
1482 902 2266
1572 2011 2221
1472 908 1787
1146 1482 2266
1354 1689 2672
1720 1025 1794
1663 754 1732
1439 773 1915
1717 1271 2550
1048 1663 1732
1029 1613 2831
1644 742 2620
993 1484 1832
953 1575 2691
1318 1644 2620
1174 1885 2375
1248 1978 2272
264 265 1602
2002 1222 2052
153 152 2443
1094 2513 2515
1100 1720 1794
811 2450 2518
1570 1857 2520
248 1470 1996
1609 1068 1835
1430 945 2571
1551 898 2276
1447 1074 1862
809 1609 1835
11 203 1606
779 1469 1804
907 1413 2476
1412 1079 2195
2217 1147 2304
2053 777 2792
986 1481 2017
1425 1010 2177
1295 1601 2628
212 213 1751
849 1473 2051
1601 781 2628
1664 1232 1956
890 1957 2419
737 1664 1956
1431 58 2020
198 1935 2124
1814 1298 2730
1416 1062 2215
1608 2042 2239
2508 1653 2649
825 1525 1737
1641 1084 1890
1425 733 1950
928 1484 2572
918 1464 1821
1009 1993 2571
813 1641 1890
2445 1030 2660
984 1543 2232
81 1429 1961
1052 1474 1973
1752 1284 2361
1474 903 1973
1904 179 2610
1062 1416 2182
1096 1442 2283
1782 1141 2006
1179 1640 2452
1448 1219 2802
1432 1019 2629
95 1657 2473
1437 942 2606
1552 971 2196
902 1417 2266
1442 174 1901
1744 1006 2663
1534 948 2829
1975 1320 2297
1064 1460 2279
909 1428 2398
1080 1702 1809
1426 829 1960
841 1911 2386
1250 1666 2787
1423 839 2012
1526 1095 2127
1999 1493 2623
236 1499 2352
1951 1043 2377
928 2572 2765
1027 1485 1933
772 1544 2021
1510 789 2142
1109 1510 2142
1575 743 1918
1952 815 2224
1458 990 1863
1354 1952 2224
1204 1485 1959
1474 774 2305
1240 1694 2477
1424 742 2681
1993 1430 2571
1604 991 2098
759 1541 2250
1797 986 1798
1432 1021 1943
922 1422 2072
1634 999 1949
1178 1797 1798
1541 1154 2250
1422 922 2078
808 1421 2193
1421 883 2139
1019 1432 2551
1868 1022 2801
901 2292 2842
1498 1025 2748
1508 1259 2757
1260 1704 2597
1617 1138 1695
1021 1432 2252
2556 1135 2639
1731 1303 2268
1541 1361 2171
889 1459 2464
1781 1051 1985
1459 1170 2464
1223 1781 1985
1714 1493 2786
773 1439 2373
1476 1222 2002
1509 776 2732
1102 1483 1824
1508 2757 2789
189 188 1951
1571 825 2586
1157 1840 2126
1301 1711 2134
1615 817 1725
2055 1638 2686
1637 988 2752
1690 844 2174
1579 1034 1796
924 1624 1764
836 1579 1796
1264 2028 2317
802 1441 1986
743 1575 1730
1708 1399 2617
1434 190 2377
169 1437 2654
1484 788 1832
1584 818 2399
733 1425 2177
1120 2255 2300
1601 1295 1856
1018 1601 1856
1550 1148 2023
1614 957 1801
1560 1061 1740
981 1779 2288
994 1687 2046
941 2396 2837
814 1495 2199
974 1426 2702
1495 1111 2199
944 1465 1875
1463 933 2845
920 1442 2540
1488 775 2624
864 1858 2165
1775 869 2614
1123 1704 1910
1858 1269 2165
1003 1576 1799
1704 734 1910
992 1468 1873
1660 230 2307
798 1649 1698
822 2226 2581
1491 1232 2684
903 1474 2329
96 95 2473
949 2024 2302
901 1491 2684
1227 2014 2043
224 1680 2105
923 1488 2607
1092 1431 2020
2024 1424 2302
79 78 1646
1277 1817 2619
1824 826 2285
1677 1001 2776
2513 1375 2515
209 210 1756
845 1676 1967
1179 1748 2380
1126 1619 1903
1399 1912 2756
1492 935 2287
768 1428 2176
252 253 1706
88 1492 2133
1020 1467 1916
1467 906 1916
1015 1448 2040
1772 732 2389
1157 2126 2471
2062 254 2259
1473 937 1884
1829 987 2325
1538 1291 2333
1550 2023 2805
2408 1260 2597
1557 1042 1964
1591 782 1733
1720 1100 1875
1355 1924 2422
1258 1529 2064
2070 1637 2752
2067 1188 2405
1044 1623 2041
1292 1977 2658
1535 824 2192
820 1564 1754
872 2108 2149
1514 1778 2383
1564 1216 1754
2100 1069 2406
1442 920 2283
64 1460 2463
1733 1388 2746
755 1448 2442
1327 2107 2581
2776 1001 2841
1735 1104 1828
1586 935 1851
856 1735 1828
1846 1188 2067
1431 1092 2276
1014 1757 2654
184 183 1659
2055 1151 2081
772 1520 1838
2254 740 2630
2021 1544 2358
1623 773 2710
1443 769 2816
1593 233 2584
1520 1016 1838
913 1451 2478
1686 819 1783
1069 1686 1783
856 1828 2194
742 1489 2120
1700 941 2243
804 1508 2813
1212 1700 2243
1904 1041 2227
1644 1318 2845
2027 1065 2281
1634 155 2429
1495 910 1954
756 1449 2002
2532 1810 2769
1575 1918 2691
1119 1795 1813
1532 748 1955
1440 1105 2306
1795 735 1813
937 1679 2577
1032 1481 1881
1679 1307 2577
762 1773 2141
1773 1214 2141
759 1440 2306
756 2002 2052
1260 1592 2853
2533 970 2806
938 1701 2651
1068 1710 1835
984 1792 2675
1462 1018 1938
823 1642 2148
1710 1086 1835
1040 2531 2834
1440 1100 2395
748 1532 1831
240 241 1696
1452 911 1987
1436 54 2728
1532 1012 1831
1569 916 1839
1127 1569 1839
1199 1475 2640
1475 847 2640
1403 1963 2405
1924 886 2422
2055 1275 2238
2168 1581 2673
223 224 2105
1504 736 2775
1283 2653 2827
1439 917 2170
1325 1536 1994
871 1717 2550
965 1733 2746
1252 1504 2775
1934 166 1972
1963 879 2405
842 1652 2674
775 1533 2624
1521 854 2014
1742 1190 2472
855 1476 2632
1456 1739 2286
1446 1136 2085
1458 262 2535
1119 2063 2493
1446 894 2592
52 1502 1989
1936 772 2544
1215 1685 2031
1350 1904 2610
1537 1072 2139
804 1447 2073
2104 788 2612
738 2163 2365
1717 1328 1779
1447 891 2075
1451 770 2033
1540 815 1822
1860 1176 1925
1082 1860 1925
1621 892 2447
1225 1621 2447
1234 1585 2632
853 1610 2275
1909 1365 2661
1220 1599 1942
796 1452 2582
1815 872 2149
1050 1538 2333
1524 959 2242
1128 1524 2242
1635 979 2244
1522 753 2145
1094 1522 2145
1055 1611 2122
1482 806 2090
1989 1058 2728
1665 1075 2240
1817 1195 2355
1805 1028 2327
1342 2080 2850
1929 1283 2827
1998 1108 2248
906 1487 1916
1364 1998 2248
76 1515 2319
94 2140 2725
1965 1275 2088
1516 1008 1919
945 1490 2571
218 219 1780
1059 1965 2088
963 1632 1833
250 251 2835
1515 75 2410
1583 811 2518
1015 1497 1976
1111 2176 2202
1465 1045 2820
2231 214 2340
1725 817 2828
1325 1466 2529
1009 1606 1993
954 1560 1805
1968 731 2006
1452 989 2366
1699 973 2197
252 1706 2595
2080 1171 2216
1481 1032 2804
942 1501 2606
1052 1521 2014
1544 772 1838
2140 1496 2725
251 1806 2835
1677 798 2114
1453 826 2599
1162 1677 2114
851 1518 1997
200 201 1693
1003 1604 2166
1773 1073 2067
790 1454 2081
1821 1464 2177
1097 1944 2155
1479 1023 2439
1367 1727 2746
1644 933 2121
1503 975 2724
69 1531 2293
234 235 1781
61 60 1684
833 1722 1896
1547 1005 2068
817 2529 2828
1815 1030 1980
1551 1124 2267
1722 1110 1896
1011 1855 2338
1450 807 2190
1480 800 2407
1081 1902 1903
813 1619 2103
1576 754 1799
828 1586 2214
785 2136 2623
2757 921 2789
1586 1147 2214
2164 877 2512
1619 1126 2103
1379 2556 2639
2403 1168 2409
842 1505 2561
1457 813 2103
1030 1819 2660
1628 89 2133
1305 2027 2281
2023 1272 2805
894 1455 2718
761 1762 2155
969 1719 2479
1062 1482 2090
1506 1131 1918
1464 1360 2727
2572 1418 2765
1245 2538 2850
826 1453 2285
983 1648 2753
1528 1029 2831
1484 928 2608
1687 1218 2046
825 1737 2586
1223 1593 2584
1517 1249 2797
1844 1193 2243
1659 1330 2738
1315 1581 2168
1509 1197 2618
1477 986 2596
918 1509 2618
1547 1083 1852
1500 991 2586
1485 1155 1959
1276 1873 2374
1486 82 1961
788 1484 2612
925 1476 2734
1040 1887 2531
1153 1456 2286
1463 1140 2424
1456 784 2222
1172 1458 2535
1624 1160 1764
1518 1054 2783
1024 1598 1809
1533 1340 2841
1455 767 2239
1460 64 2279
1633 954 2327
1088 1519 2157
1519 858 2157
1158 1590 1886
1465 944 2063
1660 1017 1923
1657 934 2522
1111 1495 1954
212 1751 2818
1590 929 1886
1080 1462 2175
930 1516 1919
1652 2533 2674
1473 988 2051
1727 965 2746
846 1530 1906
1228 2066 2532
1461 946 2392
2268 1205 2698
947 1622 1990
1019 1530 2629
959 1912 2763
1470 249 2076
2338 1855 2604
1591 932 2273
1622 1087 1990
1177 1660 2307
926 1523 2798
1505 842 1984
1556 1007 2147
2028 873 2317
1712 838 1998
146 145 1721
807 1840 1912
994 1534 2829
1840 1157 1912
1042 1505 1984
2083 1549 2602
1287 2305 2437
909 2398 2635
781 1553 1905
749 1528 2831
1232 1491 2622
1389 1591 2273
1711 1129 2134
1113 1461 2151
148 1651 2181
1497 839 1976
2098 991 2695
1598 834 1809
1472 1165 2760
1194 1634 2429
1493 785 2623
1499 1051 2352
1935 1185 2124
2558 893 2613
1808 153 2443
1499 236 2638
1985 2578 2687
832 1567 2291
970 1520 1936
1531 69 2337
1567 1155 2291
1704 962 2597
1820 858 2489
1213 2168 2673
1484 993 2572
2450 1348 2518
1147 1851 2304
1346 1759 2433
1151 2055 2238
800 1480 2722
1569 739 2598
1511 908 2363
792 1524 2772
1753 755 2442
1026 2579 2683
1290 1753 2442
1467 821 2169
936 1478 2046
815 1540 2224
1570 796 1857
180 179 1904
1110 1765 1866
1366 1526 2745
1485 1204 2567
2268 1303 2759
1526 227 2745
1505 1042 1966
1022 1471 2398
1098 1614 1801
1562 164 2251
1045 1465 2690
2113 1410 2277
2103 1126 2119
892 2113 2277
1723 947 1990
1489 915 2025
864 2165 2395
1258 2064 2371
1187 1723 1990
1636 1006 2487
1920 1517 2797
791 1920 2797
1502 1058 1989
1698 1019 2114
1257 2062 2259
246 2131 2433
2622 840 2636
908 1472 2363
853 2275 2490
1985 1051 2578
10 193 2263
1147 1586 1851
840 1965 2636
1072 1537 2768
1526 1366 2751
59 58 2548
1709 1509 2732
1238 1992 2015
2257 1142 2391
1118 1513 1969
800 1529 2407
2467 1673 2546
2398 1471 2635
1992 851 2015
1077 1496 2140
1917 1227 2069
774 1917 2069
923 2607 2796
854 1521 2673
1468 1643 2260
142 10 2263
1521 1213 2673
1908 1598 2458
1117 1628 2133
1497 916 2590
1646 78 1792
1170 1957 2464
1957 1408 2464
1490 1009 2571
1874 1605 2702
760 1539 2219
1333 2118 2482
943 1549 2360
1719 1289 2719
2489 858 2779
2226 1327 2581
1612 98 2669
1137 1511 2363
1029 1527 2246
1549 1158 2360
1635 750 2234
1163 1635 2234
57 56 1750
1336 2231 2340
1478 936 2119
2022 1233 2404
964 1690 2716
1391 1587 2528
1911 1206 2386
1215 1964 1984
1662 1004 1827
1281 2100 2406
1964 1042 1984
63 62 1870
839 1497 2655
1288 2061 2102
1911 1090 2298
940 1872 2130
1191 1561 2537
1501 1014 2606
915 1544 2766
1561 926 2537
1544 1242 2766
1804 1113 2201
1661 998 1791
1983 1241 2334
1485 1027 2483
2180 969 2479
948 1534 1953
1155 1485 2483
2329 1356 2412
1795 1034 2656
788 1490 2106
1872 1226 2130
1797 770 1881
93 92 1736
2110 1210 2570
1491 901 2087
1873 877 2374
1499 952 2093
1025 1720 2748
1482 1062 2182
1933 1485 2567
1667 1154 2171
1864 1410 2113
897 1667 2171
1477 1154 2152
885 1695 2303
1579 1032 1891
173 172 2132
1492 87 2095
1858 1294 2685
1736 1238 2015
1706 1264 2595
2030 1070 2735
1077 1736 2015
90 1628 1836
2061 1115 2102
865 1739 1999
1739 1143 1999
1090 2086 2298
824 1535 1971
1628 1037 1836
975 2222 2724
1568 1166 1905
1270 1816 2339
1816 868 2339
1661 811 2739
870 1909 2661
985 1810 2532
1171 2080 2819
1051 1499 2093
1097 1789 2000
1789 1166 2000
1023 1480 2407
1501 789 2060
2304 1851 2646
97 96 2044
1887 1309 2740
930 1479 2200
1070 1743 1785
902 1482 2182
927 1513 2310
1512 1048 2032
1513 1118 2310
1975 1324 2461
1528 749 2484
259 1587 2387
1993 204 2758
1743 853 1785
1154 1477 2250
745 1478 2736
1696 241 2740
988 1637 1834
917 1483 2209
1024 1702 2394
1503 1187 2071
1480 930 2356
818 1551 2158
1483 1102 2343
1648 2034 2753
1038 1519 2026
1551 1092 2158
1859 1144 1895
738 1859 1895
1034 1579 2431
1525 825 2688
1262 1612 2669
908 1511 2274
1049 1525 2689
1380 1939 2714
747 1483 2343
1511 1137 2390
822 1511 2390
1537 187 2768
1536 1102 1994
1594 964 2341
1493 1143 2438
1388 1733 2261
264 1602 2208
953 1493 2438
1156 1934 1972
1058 1502 2520
1498 1209 2480
1745 793 2262
1187 1503 2557
1739 865 2286
1211 1745 2262
752 1514 2627
1677 1162 1880
1089 1897 2126
1249 1555 2797
1032 1579 2804
2656 1034 2805
771 1487 2357
1261 2237 2315
1766 856 2194
1879 1097 2155
1555 791 2797
1098 1639 2385
1333 1724 2641
786 1866 2605
1487 906 2771
1091 1507 2099
943 1518 2783
196 1595 2477
1108 1539 2248
1502 960 2520
1674 1036 1910
2378 1150 2594
1556 764 2301
1072 1669 2193
1539 760 2248
938 1528 2035
1138 1556 2301
2201 1205 2332
2355 1274 2614
817 1615 2026
1225 1600 2609
1243 1623 2710
1600 766 2609
1696 1309 2086
1390 2036 2471
1375 1705 2515
1084 2079 2592
1304 1958 2233
981 1726 1947
218 1780 2644
1031 1539 2010
235 236 2352
1610 966 2275
935 1492 2667
1958 905 2233
74 73 1802
1412 1756 2253
1870 1285 2313
1064 1870 2313
747 1631 1861
2587 1477 2596
1495 814 2299
1148 1550 2344
1501 942 2154
811 1583 2564
1550 802 2344
802 1550 2431
1631 1106 1861
1629 762 2141
1691 1026 2683
1116 1629 2141
746 1672 2036
1702 1024 1809
981 1717 1779
1494 829 2300
811 1791 2450
997 1593 1967
1035 1777 2558
754 1576 2173
944 1582 2187
1654 1049 1878
2013 823 2148
756 1654 1878
1192 1569 2598
1770 1181 2422
1321 2401 2743
220 221 1758
2598 739 2812
1616 980 1885
1673 1262 2167
1629 1039 1871
762 1629 1871
1704 1260 2853
1538 1050 2443
2049 1041 2050
171 170 1757
1226 1872 2543
1369 2049 2050
903 2412 2625
1511 1095 2274
1059 2088 2549
1529 1161 2064
1529 1258 2652
1665 2240 2707
2204 1419 2754
964 1594 2104
977 1625 1882
844 1690 2434
1027 1639 2320
165 1562 1972
740 1611 2272
1690 1221 2434
1767 1151 1768
1512 1067 2364
1005 1767 1768
1006 1744 2487
829 1749 2300
1527 938 2651
913 1506 2213
1815 1980 2616
1613 749 2831
1773 2067 2541
1185 1935 2174
1935 1255 2174
748 1703 1955
1699 2197 2441
2131 1346 2433
160 159 2215
1091 1638 1953
1638 948 1953
1715 205 2767
1530 846 2629
78 77 1792
1242 1830 2029
1259 1508 2468
1430 1993 2758
971 1510 2519
789 1510 2510
900 1975 2461
1745 1211 2072
1309 1696 2740
1619 956 1903
1590 1158 2354
950 1673 2467
867 1814 2730
830 1590 2354
1762 1160 2155
1182 2587 2596
810 1618 2664
1569 1192 2590
1598 1165 2346
916 1569 2590
834 1598 2346
749 1613 1913
2118 966 2482
2615 1396 2764
1105 1541 2306
1146 2021 2358
1507 1091 2269
174 173 1901
162 1561 2703
1878 1233 2022
1651 1114 2181
1675 747 1861
1540 914 2726
1322 1772 2577
1844 941 2837
1772 937 2577
1519 1088 2161
1584 931 2225
1770 886 2559
1517 1114 2164
1307 1770 2559
223 1545 2517
783 1640 2381
1640 1179 2381
1755 966 2727
1360 1755 2727
1859 738 2365
2108 1343 2772
1027 1848 2483
1132 1577 2373
1996 1470 2255
1849 1047 2665
1733 782 2261
86 85 2077
1729 101 2643
1114 1517 2189
857 1789 1879
1633 2327 2733
1652 842 2561
205 206 2767
1789 1097 1879
1514 1145 2627
1067 1512 2427
775 1513 2304
1533 1297 2589
1741 1306 2146
927 1514 2383
1599 934 1942
2526 899 2808
1573 822 2390
805 1512 2364
1515 919 2815
848 1933 2567
939 1567 2011
1671 803 1874
872 1815 2382
71 70 2008
1815 1263 2382
1543 984 2675
2434 1221 2608
1066 1545 2105
1856 859 2706
1593 1223 1967
758 1547 2068
1618 810 2311
1118 1969 2059
967 1955 2782
1545 1066 2107
803 1671 1883
1585 1234 2069
1783 1070 1785
1516 930 2576
1943 1565 2348
1069 1783 1785
2038 1362 2039
1040 2038 2039
1457 1559 2791
1570 1043 2384
912 2255 2345
101 100 2643
1350 1566 2846
2255 1470 2345
1608 767 2004
1071 1654 2052
1542 1135 2128
1559 777 2053
1553 781 2755
1068 1608 2004
1666 958 2787
1523 1266 2699
1860 1082 2191
1035 2558 2671
952 1553 2093
1689 1076 2672
753 1522 2527
1630 1118 2059
1374 1630 2059
1589 1220 1997
146 1721 2659
1138 1617 2258
1617 861 2258
1539 1108 2347
1338 1865 2693
1251 1627 1932
1095 1526 2274
184 1659 2738
898 1719 2719
1566 801 2050
1701 1236 2651
1121 1958 2245
1795 1119 1796
1171 1927 2216
1034 1795 1796
1659 183 2545
1154 1541 2171
1228 2532 2769
1130 2123 2460
1045 1813 2309
940 2130 2183
909 2635 2723
1002 1803 2626
182 181 2308
267 268 2065
1445 2206 2368
903 2329 2412
2206 921 2368
1639 1027 1933
2130 1331 2183
1029 2246 2564
2665 1047 2809
1169 1531 2566
1539 1031 2219
1946 1205 2201
1924 1355 2663
158 157 2562
1557 1272 2731
1078 1864 2113
1531 1169 2293
816 1548 2137
963 1833 2178
1647 944 2187
74 1802 2410
734 1674 1910
747 1536 2552
1176 1860 2387
1541 759 2306
917 2209 2575
973 1653 2031
2062 1257 2678
934 1599 2430
1561 162 2241
1291 1538 2370
1186 1531 2337
1538 152 2370
187 1537 2506
933 1588 2121
1542 958 2583
267 1729 2637
1535 931 2501
1283 2394 2653
819 1700 2034
1622 802 1986
1843 1002 2626
2080 1342 2819
2325 1398 2486
229 1660 1923
166 165 1972
249 250 2076
156 1634 1949
1975 900 2331
1786 1463 2845
1757 1274 2711
1320 1975 2331
1566 961 2210
1060 1716 2120
1536 747 2343
1102 1536 2343
1678 1071 1939
812 1678 1939
996 1814 2082
1607 934 2430
962 1546 2597
1601 1229 2755
1823 1050 2333
1253 1995 2148
1676 997 1967
1825 838 2328
1995 1079 2148
939 1573 2091
2123 1396 2460
91 90 1836
2126 1897 2700
864 1794 2428
2015 851 2573
1587 929 2536
740 1978 2630
1092 1551 2276
1011 1854 1855
1854 1199 1855
1748 881 2380
1176 1587 2536
764 1556 2147
1340 2353 2776
835 1607 2511
87 86 2095
1607 1184 2511
2021 1417 2544
1767 790 2081
102 101 2065
1151 1767 2081
772 2021 2544
2035 1107 2137
1721 1276 2659
1883 1033 2249
1508 2073 2468
1618 967 1981
266 267 2637
2324 830 2354
1670 1499 2638
1848 2291 2483
1659 2545 2787
1605 803 2038
1573 1093 2226
1050 1823 1825
1596 943 2783
822 1573 2226
1227 1585 2069
1186 1726 2288
1726 981 2288
1823 1108 1825
203 204 1993
1744 1377 2487
1567 832 2500
1626 954 2045
1067 1563 2364
1087 1622 1986
70 69 2293
750 1635 2244
1655 808 1948
1579 836 2804
1772 1139 1884
1044 1765 2810
1135 1666 2639
1549 943 2602
1274 1757 2614
2325 1178 2565
937 1772 1884
2041 1623 2417
1868 1386 2453
1289 1684 2826
1175 1763 2509
1045 1653 2820
2603 1096 2833
1135 1542 2583
1683 1261 2315
1921 1075 1968
1839 1103 1941
1626 758 2003
1127 1839 1941
1670 237 2472
954 1633 2045
1061 1626 2003
1842 1336 2721
1340 1853 2353
1371 2049 2563
2339 868 2566
1574 951 2773
1962 160 2215
1841 1112 2233
2477 1595 2795
1624 924 2759
1544 915 2358
1254 1624 2759
858 1574 2779
861 1876 2258
926 1561 2694
2335 1357 2497
1606 203 1993
1931 1241 2519
1619 813 2159
1810 985 1915
1559 936 2662
1913 1200 2312
1554 776 2290
2208 1602 2467
1103 1554 2290
742 1644 2681
1417 2367 2544
1555 1249 2781
1690 964 2104
1046 1649 2353
1101 1548 2376
1005 1547 2470
1685 973 2031
816 1688 2376
1977 761 2658
1037 1837 2631
265 266 2110
73 72 1864
2064 850 2371
1952 967 2782
966 1755 2275
1608 956 2042
1596 752 2083
883 1682 2670
1548 816 2376
197 198 2124
53 52 1989
1870 1064 2279
1052 1973 1974
2788 1658 2852
1129 1711 2576
1973 1202 1974
200 1693 2436
1562 932 2359
1240 2183 2574
1158 1549 2354
1139 1597 2444
1556 1138 2258
1865 902 2693
1662 1114 2189
1712 1998 2806
1276 1651 2659
1004 1662 2189
1551 818 2492
1006 1924 2663
1577 1243 2710
1630 1149 2821
57 1750 2020
258 259 2387
94 93 2140
883 2670 2680
1651 147 2659
1847 1085 1890
1504 2613 2729
820 1645 2284
1981 967 2672
2198 765 2280
1384 2198 2280
1802 1224 2410
2245 1958 2676
1124 1551 2492
2046 1218 2662
2424 843 2502
1367 2378 2594
1592 734 2853
1705 824 2515
1675 1230 2209
1765 1044 1866
1326 1771 2388
1568 952 2633
2043 854 2350
1877 1378 2495
1595 197 2124
1558 927 2310
751 1572 2221
833 1558 2314
1343 1945 2772
242 243 1887
920 1564 2283
186 185 1888
1609 809 2074
1862 1074 2585
1058 1857 2582
1564 820 2284
1701 1101 2280
800 1604 2098
976 1583 2518
993 1858 2685
1792 77 2319
1633 1076 2045
781 1601 2755
1220 1589 2761
1712 970 1936
1192 1746 2012
1602 265 2110
1737 1500 2586
1683 805 2701
1611 740 2122
1261 1683 2701
1558 833 2420
1654 756 2052
1780 1259 2644
1576 1003 2666
1751 1288 2818
1648 819 2034
993 1832 2116
1802 73 1864
1561 1191 2703
1078 1802 1864
1200 1913 2534
65 64 2463
932 1562 2785
246 247 2131
1653 1045 2031
1588 1273 2809
807 1708 2190
1183 1712 1936
1124 1584 2225
1361 2013 2184
1407 2075 2721
100 99 2138
1565 1219 2348
825 1650 2688
80 79 2715
763 1834 2351
1650 1233 2688
2448 1113 2770
69 68 2337
1087 1986 2213
2517 1545 2730
1141 1921 1968
1852 1395 2470
1206 2499 2658
1003 2166 2666
891 1842 2721
2319 1515 2815
1640 1065 2144
1202 1703 2466
1703 748 2466
58 57 2020
2101 849 2645
157 156 1949
1463 2424 2502
1587 259 2528
991 1571 2586
1239 2788 2852
1172 2467 2546
1882 1057 2404
1143 1575 2438
1575 953 2438
2019 871 2550
2305 774 2437
1639 1933 2385
1921 866 2240
837 1798 2152
167 166 1934
1065 1640 2281
84 83 1914
1703 1196 1955
843 1637 2070
1178 2325 2486
198 199 1935
1110 1866 2207
2560 1836 2840
782 1627 2848
831 2156 2203
841 1568 2435
2300 1749 2668
1163 1812 2037
1812 827 2037
2156 1319 2203
796 1570 2384
1298 2517 2730
228 229 1923
1054 1596 2783
1112 2084 2233
1198 1792 2319
764 2196 2301
2196 1383 2301
2084 1304 2233
935 1586 2287
99 1612 2138
1144 1894 1895
62 61 2462
1894 1063 1895
2246 1385 2564
2058 739 2066
1662 149 2181
1228 2058 2066
2369 222 2517
836 2017 2804
969 1688 2807
1688 1285 2807
2017 1481 2804
1220 1942 2573
1672 1157 2036
1254 2254 2630
799 1830 2790
1753 1019 2551
1604 800 2166
758 1626 2591
1750 1092 2020
1580 1130 2697
1198 2204 2675
2613 1267 2729
875 2049 2451
2204 1543 2675
2049 1369 2451
1043 1682 2384
2237 925 2315
1055 1731 2661
1583 1029 2564
879 1963 2270
1523 2090 2799
1963 1258 2270
1599 1220 2761
2090 806 2799
849 1723 2557
1987 1058 2582
878 1810 2810
763 1658 2788
2321 1522 2501
1075 1784 1968
931 2321 2501
1810 1363 2810
2122 740 2254
778 1599 2761
991 1592 2695
1833 1316 2178
82 81 1961
221 222 2369
2114 1019 2454
2607 1423 2796
1071 1678 2129
1584 1124 2492
2485 732 2498
2240 866 2742
1700 1212 2034
237 238 2472
1695 1138 2303
1074 2033 2585
1586 828 2491
2136 1300 2623
1742 1090 1988
1944 1206 2658
1736 92 2560
818 1584 2492
1863 1391 2569
1238 1736 2560
2351 1408 2750
2107 1066 2581
1057 2022 2404
1589 943 2360
1368 1605 2834
1587 1176 2387
2367 1183 2544
1047 1644 2121
1740 1061 2087
170 169 2654
1247 2162 2667
1084 1847 1890
171 1757 2711
1026 1867 2579
1888 1072 2768
2316 1148 2344
1281 2445 2660
924 2268 2759
2044 96 2473
2277 1169 2447
1692 804 2813
1917 1052 2014
1300 1999 2623
1363 1810 1915
1727 750 2244
1710 1068 2212
979 1635 2153
1131 1892 1893
1631 1088 2157
1892 1074 1893
1076 1633 2664
1826 822 2581
1303 2122 2254
1187 1990 2047
1990 1087 2047
929 1590 2536
243 244 2531
1995 1253 2767
1742 239 2296
1680 1066 2105
1293 1656 2323
1329 2496 2708
145 144 2295
2096 1096 2603
1275 2055 2686
1287 2056 2305
1074 1892 2478
1589 2449 2761
754 2173 2836
1642 1253 2148
1169 2057 2447
1017 1845 2555
1932 926 2798
262 263 2535
1600 1225 2289
888 1803 2056
1120 1996 2255
1803 1134 2056
1028 2278 2615
1592 1161 2695
1491 2504 2568
852 2080 2216
1760 957 2697
187 186 2768
1921 1141 1927
866 1921 1927
2016 732 2485
1329 1898 2496
1629 1116 2194
1579 1891 2431
953 1692 2786
766 1600 2843
1684 60 2826
968 1620 2524
1263 2616 2844
1883 2249 2677
1692 1268 2786
2449 778 2761
1104 1655 2749
239 240 2296
1129 1970 2188
784 2335 2497
1667 897 2253
1937 1263 2844
1597 1139 2389
177 176 2603
2085 1136 2334
1115 1667 2253
253 254 2062
943 1596 2602
1600 1011 2338
1966 799 2790
1118 1630 2314
1757 1014 2614
1630 833 2314
1618 1981 2664
1832 1142 2116
1781 235 2352
1069 1785 2406
997 1734 2705
1611 1028 2272
1268 1692 2813
1235 1679 2101
980 1616 2648
1669 808 2193
1190 1742 1988
163 162 2703
1616 1188 2648
2163 1193 2365
734 1704 2853
1771 1273 2388
2049 875 2563
1598 1024 2458
1605 974 2702
1016 2561 2790
2373 1577 2710
1182 1647 2187
1113 2151 2770
886 1770 2422
1175 1776 2717
2125 1296 2282
1846 1073 2811
1261 2704 2823
2008 70 2293
1489 2025 2120
860 2246 2642
2246 1527 2642
1602 950 2467
1951 1382 2670
1051 1781 2352
1043 1951 2670
1631 747 2552
1010 1821 2177
1167 1657 2522
1646 1203 2715
1039 1948 2128
1748 1359 2488
1119 1813 2690
1808 1050 2328
1194 1808 2328
1632 1345 2744
2237 1261 2823
1095 1680 2127
1090 1696 2086
1680 225 2127
1221 1690 2104
1784 731 1968
814 1638 2299
1771 863 2665
1273 1771 2665
2485 1231 2593
1114 1662 2181
1624 1254 2817
1678 976 2129
1825 1108 1998
838 1825 1998
1330 1888 2738
2504 1201 2568
868 1816 2289
1175 1750 2318
1750 56 2318
2003 758 2068
1201 2003 2068
1706 253 2062
247 248 1996
1603 985 2532
1075 1665 2179
1664 1098 2292
1841 780 1991
2134 1129 2188
1727 1367 2594
835 1769 2546
1245 1732 2078
1612 950 2570
1112 1841 1991
1133 2125 2282
1615 1469 2712
1806 1264 2317
1956 1059 2549
1184 1607 2430
934 1607 2522
91 1836 2560
1349 1681 2154
1729 267 2065
1945 792 2772
1286 1775 2060
1614 1098 2385
835 1673 2167
1643 1331 2260
2579 1339 2683
1736 1077 2140
743 1730 2071
1073 1773 2679
802 1622 2344
798 1698 2114
789 1681 2142
1076 1689 2591
1743 1070 2030
2506 1537 2680
2033 1074 2478
956 1609 2794
1640 783 2281
1800 882 2336
1028 1805 2278
1841 2233 2774
2385 848 2827
966 1610 2482
101 1729 2065
1647 836 2493
2481 80 2715
1786 889 2349
1614 2385 2827
1638 1091 2299
757 1702 2175
1204 1908 2458
1248 2615 2764
1111 1954 2692
1442 1901 2540
254 255 2259
2212 1359 2452
946 1615 2547
2075 891 2721
1067 1782 2006
1639 737 2320
1230 1960 2150
1960 829 2150
1106 1631 2611
1623 1243 2417
2531 1368 2834
1396 2123 2764
1714 1268 2206
824 1705 2236
1705 1123 2236
1621 1225 2609
1140 1637 2424
1637 843 2424
2229 1320 2466
1183 2367 2542
1645 1387 2833
1109 2142 2153
1791 1049 2450
1537 2139 2680
268 102 2065
1084 1641 2847
2436 1693 2716
1944 761 2155
228 1923 2745
959 1672 2242
833 1630 2821
1891 802 2431
1911 841 1988
1777 1035 2053
149 148 2181
1853 1046 2353
945 1642 2391
2068 1005 2494
1685 842 2674
1930 1146 2358
2401 922 2743
1688 969 2180
1184 2379 2511
1174 1876 2188
1303 2254 2759
1214 2048 2141
1876 861 2188
2048 1116 2141
941 1700 2396
222 223 2517
1700 1413 2396
1581 2350 2673
2350 854 2673
1649 798 2353
1382 2506 2680
1082 1925 2421
2561 1505 2790
1595 2455 2795
1088 1631 2552
973 1685 2197
242 1887 2740
1156 1899 2361
1745 2072 2784
1090 1911 1988
214 215 2340
786 1632 2838
795 2508 2748
1888 185 2738
2058 1228 2271
952 1670 2633
1670 1190 2633
1158 1886 2449
1651 1276 2374
1413 1686 2476
809 1636 2487
2455 940 2795
779 1804 2201
2475 1200 2534
1638 814 2686
1923 1366 2745
947 1658 2316
1233 1650 2404
2131 1120 2668
2186 1321 2743
1768 1151 2238
1006 1636 2593
1050 1808 2443
840 1768 2238
880 1643 2708
750 2220 2234
2220 1314 2234
1648 1315 2735
1641 1035 2671
1031 2001 2219
763 2351 2750
848 1929 2827
2001 1372 2219
79 1646 2715
2200 1129 2576
1134 1803 2143
1107 1738 2146
1738 978 2146
1803 1002 2143
93 1736 2140
1696 1090 2296
2232 1543 2754
1702 1080 2175
792 2232 2754
1184 2430 2539
1723 1187 2557
1644 1047 2681
884 2212 2452
879 2067 2405
986 2017 2596
1778 1279 2383
1658 947 2852
1479 2439 2650
2000 841 2386
1978 1248 1979
1056 1978 1979
1657 95 2725
162 161 2241
1496 1657 2725
2073 1447 2075
1081 1903 2794
1053 2073 2075
2224 1540 2726
2176 1111 2692
1982 1082 2421
176 175 2096
1830 799 2029
1697 968 2524
1652 970 2533
1931 1109 2037
2116 1142 2257
1133 1831 2125
1269 2116 2257
1831 1012 2125
1562 2251 2785
1842 1398 2325
2545 1250 2787
2290 776 2402
2271 878 2415
1409 2290 2402
1187 2047 2071
958 1659 2787
2047 743 2071
2108 1128 2149
951 1762 2773
1762 1282 2773
1288 1829 2061
1735 1094 2145
2173 1422 2836
1858 993 2116
1782 852 2216
1657 1167 2473
750 1727 2594
1141 1782 2216
852 1782 2427
884 1710 2212
1036 1661 2739
1666 1135 2583
1269 1858 2116
237 1670 2638
64 63 2279
1663 977 2469
1357 1770 2497
1724 1125 2641
838 1712 2542
1712 1183 2542
2063 1119 2690
2275 1244 2490
978 1741 2146
1173 1774 2527
225 226 2127
1832 788 2106
1707 1177 2307
1172 2208 2467
231 1707 2307
1971 1094 2515
1845 2346 2555
89 88 2133
1935 199 2436
1784 1075 2179
857 2005 2822
1142 1832 2106
813 1890 2159
1370 1718 2210
1139 1772 2389
790 1665 2707
54 53 2728
1230 1675 2849
1675 995 2849
2439 744 2650
1190 1670 2472
1232 1664 2684
1829 837 2061
1686 1390 2476
1713 1145 2330
1255 1935 2436
1880 1162 2160
1781 1223 2584
1085 2042 2159
963 1713 2330
839 1880 2160
234 1781 2584
756 1878 2022
1285 1688 2313
194 1694 2523
1726 1186 2777
213 214 2231
958 1666 2583
1814 1323 2082
1666 875 2639
1807 1020 2297
1688 2180 2376
1180 2135 2507
240 1696 2296
1672 959 2763
1128 1819 2149
1819 1030 2149
914 1852 2726
167 1934 2554
1157 1672 2763
894 1847 2592
1934 1284 2554
2170 917 2575
2619 1552 2832
1227 1917 2014
210 211 2793
1682 1217 2696
1439 2170 2373
2345 1180 2507
1694 1207 2523
1672 746 2682
779 2201 2332
1110 1722 2415
2139 1072 2193
748 2229 2466
1421 2139 2193
1847 894 2718
1094 1735 2513
1673 835 2546
181 180 2227
1697 751 2323
1615 1725 2547
1417 1865 2367
1286 2060 2510
738 1889 2163
1889 1212 2163
1238 2560 2840
2278 1396 2615
1152 2178 2324
2178 1316 2324
1053 1940 2468
1940 1259 2468
1073 1846 2067
1090 1742 2296
1240 2477 2795
1996 1120 2131
1275 1965 2238
2578 1553 2755
2143 1356 2329
1816 1270 2426
1776 2158 2717
2035 1528 2484
989 1774 2397
1819 1128 2682
1774 1173 2397
2074 1081 2794
1890 1085 2159
798 1677 2776
2039 1362 2647
874 2039 2647
1319 1727 2244
1131 1692 2691
1904 1350 2846
1041 1904 2846
1776 818 2158
976 1678 2534
1803 888 2626
61 1684 2462
1701 2280 2634
1728 1350 2610
1135 1871 2128
50 6 2657
1871 1039 2128
1224 1802 2588
1802 1078 2588
6 192 2657
1857 1058 2520
263 264 2208
2209 1230 2575
1189 2446 2666
2446 1576 2666
755 1753 2551
2076 250 2835
2324 1316 2421
1068 2004 2212
1100 1794 2395
259 260 2528
1702 757 2394
827 1931 2037
1346 2131 2668
2172 1269 2257
1792 1198 2675
1840 1089 2126
2286 865 2830
1682 1043 2670
1721 145 2295
1026 1859 2365
1153 1800 2336
1030 1815 2149
823 2172 2257
760 1699 2441
1812 1163 2294
1751 213 2231
1000 1812 2294
1957 1170 2419
1738 1107 2484
1277 2619 2832
1800 1153 2830
1293 1800 2830
1684 969 2807
1064 2018 2019
2018 1306 2019
1910 1036 2495
2011 1159 2221
1765 1110 2415
2741 1312 2742
2091 1573 2390
1263 1815 2616
826 1941 2599
1867 1026 2365
866 1687 2742
1689 758 2591
2165 1269 2172
1229 2578 2755
749 1738 2484
1104 1735 2839
1388 2261 2465
2261 1164 2465
1105 2165 2172
1108 1823 2347
1093 1697 2524
920 1817 2205
1817 1277 2205
164 163 2251
2670 1382 2680
1126 1902 2736
2038 803 2677
1362 2038 2677
1079 1995 2195
1221 2104 2612
2111 1099 2112
1236 2111 2112
1468 2260 2720
2278 797 2460
1396 2278 2460
773 2373 2710
2199 1111 2202
1756 1115 2253
812 1691 2683
1718 980 2648
1280 2199 2202
1909 1296 2125
1844 1237 2604
847 1844 2604
1692 953 2691
1715 1430 2758
2060 789 2510
1694 1240 2574
1047 2600 2681
753 1788 2839
1183 1936 2544
1711 1516 2576
2110 266 2637
205 1715 2758
870 1946 2448
1794 1025 2428
1940 1053 2185
821 2151 2762
2264 1360 2618
1755 1244 2275
1298 2369 2517
1386 1800 2414
1924 1231 2459
1800 1293 2414
1930 2358 2824
886 1924 2459
2260 780 2720
1145 1713 2627
2120 1716 2620
56 55 2318
1150 2220 2594
2474 1468 2720
1693 964 2716
2169 821 2762
1039 1828 2749
973 1699 2649
858 1820 2611
1942 1077 2573
1723 1239 2852
947 1723 2852
834 1845 2372
1845 1177 2372
55 1763 2318
1734 834 2372
1062 1962 2215
1217 1747 2696
1747 796 2696
846 2252 2629
1980 1030 2445
1244 1980 2445
1115 1756 2793
2252 1432 2629
2040 1448 2802
904 2040 2802
178 1728 2610
1236 1701 2634
1257 2259 2851
1919 1008 2446
1734 2372 2705
190 189 2377
1927 1171 2218
2353 798 2776
866 1927 2218
1012 1909 2125
1195 1817 2540
884 2144 2621
1817 920 2540
2123 1130 2706
1907 1333 2482
2144 1376 2621
2271 1228 2769
2190 1708 2588
975 1730 2601
230 231 2307
1782 1067 2427
1703 1202 2625
1866 786 2207
2508 795 2820
1722 833 2821
1462 1938 2175
1180 1806 2317
1653 2508 2820
77 76 2319
1708 1224 2588
748 1831 2229
1831 1133 2229
1160 1879 2155
1719 1384 2479
1340 2776 2841
193 194 2523
2057 868 2289
1225 2057 2289
1177 1707 2705
1938 757 2175
1224 1708 2617
1710 884 2621
1763 1175 2318
1142 2106 2391
1760 1130 2460
1384 2280 2479
2280 1101 2479
1707 997 2705
1725 1425 2547
1716 1318 2620
1739 975 2601
836 1796 2493
831 1752 2361
1278 1709 2732
67 1726 2777
2349 889 2464
1387 2603 2833
1408 2349 2464
801 1718 2553
2048 1214 2371
1047 1849 2600
1102 1824 2285
152 151 2370
1833 1632 2744
1655 1948 2749
2069 1234 2437
821 1807 2282
1713 752 2627
833 1896 2420
211 212 2818
1758 221 2369
970 1712 2806
154 1808 2429
1808 1194 2429
1096 2283 2284
863 1771 2378
1771 1150 2378
2283 1564 2284
1807 1133 2282
2032 852 2427
1304 2084 2765
1268 1714 2786
236 237 2638
918 1821 2265
900 1974 2331
1974 1202 2331
880 2496 2574
1735 856 2513
75 74 2410
830 2324 2421
1761 168 2554
2250 1477 2587
1098 1801 2292
1284 1761 2554
217 218 2644
1944 1097 2386
1206 1944 2386
1130 1760 2697
1759 245 2433
1426 1874 2702
1253 1715 2767
2273 1191 2537
1389 2273 2537
2327 1302 2733
1121 2245 2247
2245 1317 2247
852 2032 2850
770 2486 2585
1133 1807 2297
2011 1567 2500
1854 787 2525
1199 1854 2525
1922 741 2713
781 1905 2342
1264 1806 2595
1806 251 2595
2070 1139 2444
770 1797 2486
155 154 2429
1198 2319 2815
1797 1178 2486
1294 1922 2713
1008 1745 2784
100 2138 2643
1517 1920 2189
1415 1799 2469
245 246 2433
1214 1773 2541
1920 1004 2189
1720 795 2748
1019 1753 2454
199 200 2436
1830 1016 2790
1149 1722 2821
2042 1085 2239
878 1765 2415
1210 1729 2643
2027 843 2444
1813 735 2309
1729 1210 2637
1246 2474 2720
1265 1748 2488
954 1805 2327
1626 2045 2591
1945 1358 2232
792 1945 2232
1731 870 2661
1010 1725 2828
870 1731 2698
1169 2008 2293
1981 1076 2664
2004 1359 2212
780 1841 2720
2132 1274 2355
1195 2132 2355
1889 983 2753
1079 2013 2148
797 1760 2460
1007 1876 2375
1841 1246 2720
1876 1174 2375
68 67 2777
2119 1126 2736
247 1996 2131
1785 853 2406
195 196 2477
1237 1844 2837
1998 1364 2806
1417 2021 2266
1125 1950 2641
1732 754 2836
2261 782 2848
2045 1076 2591
1214 2270 2371
2463 1460 2550
1271 2463 2550
906 1907 2771
1873 1468 2474
180 1904 2227
2025 1060 2120
755 1943 2348
188 187 2506
1143 1739 2601
143 142 2580
1050 1825 2328
1025 1922 2428
862 1823 2333
2026 1615 2712
1948 1039 2749
1189 1919 2446
1160 1762 2825
1794 864 2395
1926 1013 2505
1217 1926 2505
1848 832 2291
2259 1404 2851
1036 1877 2495
1837 1117 2491
183 182 2545
1823 862 2347
1894 1144 2322
1970 1129 2650
1746 1192 2598
1290 1976 2160
1764 1160 2825
1976 839 2160
1927 1141 2216
168 167 2554
1312 2240 2742
1746 923 2796
1005 1768 2494
63 1870 2279
92 91 2560
1770 1307 2497
987 1842 2325
1769 835 2511
1871 1135 2556
1092 1750 2717
260 261 2569
1849 1164 2600
1185 1872 2455
1113 1946 2201
2392 1125 2762
817 2026 2161
1872 940 2455
2026 1519 2161
233 234 2584
66 65 2709
1334 1740 2842
1776 1175 2509
1943 755 2551
251 252 2595
1774 753 2527
1740 2087 2842
1263 1937 2235
1929 1204 2458
1024 1929 2458
1075 1921 2240
1970 1174 2188
179 178 2610
1845 834 2346
2240 1312 2707
1749 1346 2668
60 59 2826
1182 2187 2587
1091 1953 2269
1251 1932 2798
2173 1008 2784
2379 1184 2539
1422 2173 2784
1369 2050 2811
2050 801 2811
1411 2379 2539
1937 904 2235
147 146 2659
1750 1175 2717
1777 893 2558
774 2069 2437
1964 1215 2309
211 2102 2793
930 1919 2356
828 1837 2491
1376 2016 2621
1846 801 2553
2097 1504 2729
1188 1846 2553
735 1964 2309
98 97 2669
2549 1280 2723
1578 2549 2723
1757 170 2654
1034 2431 2805
2431 1550 2805
1905 1166 2342
1972 1562 2359
995 1960 2849
2073 1053 2468
1796 1119 2493
2432 1304 2765
2013 1079 2184
172 171 2711
1988 841 2435
204 205 2758
95 94 2725
241 242 2740
185 184 2738
227 228 2745
1461 2392 2762
1128 2242 2682
1014 1775 2614
1357 2336 2456
1408 1957 2750
2336 882 2456
1279 2217 2383
2217 927 2383
1787 1017 2555
1231 1924 2593
1924 1006 2593
1245 2078 2538
1229 1850 2687
1235 2101 2645
1850 845 2687
2600 1424 2681
877 2164 2374
855 1894 2322
1756 210 2793
1547 1852 2470
1410 2008 2277
2008 1169 2277
1178 1798 2565
1798 837 2565
1865 999 2367
1899 1156 2359
2284 1645 2833
1206 1911 2298
1193 1867 2365
1965 840 2238
1140 2349 2351
2349 1408 2351
810 2664 2733
2664 1633 2733
1762 951 2825
1837 828 2631
2276 898 2719
1431 2276 2719
1543 2204 2754
1773 762 2679
1933 848 2385
2198 1384 2267
2486 1398 2585
1171 2211 2218
2211 1218 2218
1316 1982 2421
1857 796 2582
1033 1820 2489
1849 863 2465
2023 1148 2814
1869 1022 2453
1022 1868 2453
2121 1588 2809
2064 1161 2408
1811 838 2542
1765 878 2810
2205 1277 2413
2058 1149 2812
1216 2205 2413
1869 1159 2500
815 1952 2440
1952 1196 2440
787 1854 2426
1168 2265 2409
1201 2068 2494
1258 1963 2652
1963 1023 2652
2496 880 2708
925 2237 2400
2237 1287 2400
861 2134 2188
932 1899 2359
2012 1746 2796
2366 989 2397
1335 2366 2397
1209 2508 2649
2321 1173 2527
844 2434 2543
1878 1049 2689
1233 1878 2689
1259 1780 2757
2434 1420 2543
1164 1849 2465
1983 1136 2411
1492 2095 2667
1083 2224 2726
1193 2163 2243
2163 1212 2243
1806 1180 2835
2578 1229 2687
1919 1189 2356
1311 1784 2800
936 2046 2662
735 1795 2656
837 1829 2565
843 2027 2502
2129 976 2518
885 1983 2411
1449 2315 2734
2315 925 2734
189 1951 2377
2078 922 2538
1884 1139 2752
1066 1826 2581
2192 824 2236
1378 2192 2236
1318 1786 2845
1243 2135 2417
2135 873 2417
1159 1869 2453
769 2362 2760
2362 1472 2760
1266 1962 2699
1855 1199 2640
1962 1062 2699
847 1855 2640
2197 1685 2674
1820 1106 2611
2301 1383 2303
2208 1172 2535
1138 2301 2303
1566 2050 2846
2145 753 2839
1918 1131 2691
1950 1125 2392
2086 874 2298
1971 1535 2501
1788 1104 2839
2308 1371 2563
1250 2308 2563
2157 858 2611
1129 2200 2650
2050 1041 2846
1789 857 2822
1664 2292 2684
2090 1523 2699
2018 1064 2313
1207 1898 2580
877 1873 2474
1107 2035 2484
2021 1146 2266
2381 1326 2388
783 2381 2388
2214 1147 2217
1813 1045 2690
957 2653 2697
2653 1580 2697
1279 2214 2217
2030 771 2357
1819 746 2660
1263 2235 2382
1156 1972 2359
1190 1988 2435
1165 1908 2760
832 1869 2500
2197 1208 2441
2362 1137 2363
261 1863 2569
769 1959 2816
1472 2362 2363
2211 1171 2819
746 1819 2682
2235 1219 2382
1411 2117 2379
1892 913 2478
1246 1841 2774
2117 990 2379
1605 2038 2834
1810 878 2769
1255 2436 2716
1847 1084 2592
1491 2087 2504
862 2010 2347
2010 1539 2347
1186 2288 2339
2288 1270 2339
1197 1937 2844
1400 1843 2626
1818 846 2780
2533 1208 2674
2249 1292 2647
1362 2249 2647
2057 1169 2566
1898 1207 2496
1149 2058 2271
1929 848 2567
873 2041 2417
1201 2494 2568
2342 1313 2628
1204 1929 2567
1357 2335 2336
1922 1294 2428
1136 1983 2334
2335 1153 2336
1203 1818 2780
1925 830 2421
1314 2220 2256
1855 847 2604
2234 1314 2294
1282 2489 2779
762 1871 2556
1887 243 2531
1465 2063 2690
1398 1862 2585
2262 1267 2503
1940 217 2644
1828 1104 2749
2135 1180 2317
2418 1392 2419
1170 2418 2419
1237 2338 2604
1123 1910 2495
1851 1297 2646
887 1833 2744
1186 2337 2777
863 1849 2665
1059 1956 2636
1956 1232 2636
1912 1157 2763
1901 1195 2540
1866 1044 2605
1834 763 2788
2038 1040 2834
2102 1115 2793
1231 2485 2498
2056 1134 2305
2162 896 2589
1297 2162 2589
1085 1847 2718
1836 1037 2840
1978 1056 2630
1001 2607 2624
2397 1173 2399
1335 2397 2399
2607 1488 2624
2077 1347 2457
1097 2000 2386
2033 770 2585
2067 879 2541
1946 1113 2448
2115 971 2519
1478 2119 2736
1241 2115 2519
1852 1083 2726
801 1846 2811
2139 883 2680
1898 143 2580
2503 1267 2613
2162 1247 2457
896 2162 2457
2087 901 2842
907 2126 2700
1282 1977 2489
1977 1033 2489
1159 2011 2500
1735 2145 2839
2093 1553 2578
2222 1235 2724
2003 1201 2504
1061 2003 2504
1056 2005 2630
1545 2107 2730
2076 1180 2345
1470 2076 2345
2310 1118 2314
1558 2310 2314
2280 765 2634
1293 2323 2414
2323 751 2414
2499 1292 2658
2474 1246 2512
803 1883 2677
850 2048 2371
2292 901 2684
2220 1150 2256
1078 2190 2588
1136 2223 2411
1124 2198 2267
97 2044 2669
1212 1889 2753
2044 1262 2669
2409 1010 2828
1466 2409 2828
1432 1943 2551
2516 978 2521
1394 2516 2521
2147 1216 2413
2023 890 2731
1261 2701 2704
764 2147 2413
2701 1563 2704
1272 2023 2731
2435 1568 2633
873 2135 2317
2182 1416 2693
902 2182 2693
1296 2448 2770
1320 2229 2297
1897 1310 2700
2229 1133 2297
824 1971 2515
2102 211 2818
2092 810 2733
1302 2092 2733
2402 1168 2403
1409 2402 2403
1512 2032 2427
1589 2360 2449
2302 1164 2848
2558 1252 2671
1246 2326 2512
186 1888 2768
2380 1326 2381
1179 2380 2381
1134 2143 2329
1137 2091 2390
850 2064 2408
2180 1101 2376
2441 1208 2803
1336 2340 2721
2340 1407 2721
814 2088 2686
2088 1275 2686
2138 1612 2570
1595 2124 2455
781 2342 2628
1355 2422 2423
2422 1181 2423
1271 1947 2709
1941 1103 2599
846 1906 2780
1320 2331 2466
892 2277 2447
1947 66 2709
1167 2044 2473
1902 745 2736
1086 2016 2485
2126 907 2471
2017 1182 2596
828 2054 2631
1163 2234 2294
1232 2622 2636
1907 1122 2771
2036 1157 2471
1139 2070 2752
1908 769 2760
1451 2033 2478
1979 1248 2764
859 1979 2764
1903 956 2794
2445 1281 2490
2425 1345 2678
2168 1213 2393
771 2168 2393
2057 1225 2447
2027 1305 2502
2298 874 2499
1259 1940 2644
2251 1191 2785
1476 2002 2734
1342 2792 2819
1631 2157 2611
1600 2338 2843
843 2070 2444
1950 733 2641
761 1944 2658
2270 1258 2371
2233 905 2774
1191 2251 2703
1210 2110 2637
2273 932 2785
1946 870 2698
1452 1987 2582
2170 1132 2373
1247 2077 2457
1784 2179 2800
1342 2401 2792
1202 1973 2625
1939 1071 2714
1965 1059 2636
1973 903 2625
2263 193 2523
2012 839 2655
1980 794 2616
1077 2015 2573
1252 2079 2847
744 1970 2650
2118 1464 2727
1391 2528 2569
1164 2302 2600
2528 260 2569
1189 2166 2722
899 2312 2737
1205 1946 2698
1162 2114 2454
1117 2287 2491
1958 1304 2676
746 2100 2660
2100 1281 2660
2056 1287 2823
888 2056 2823
1954 1435 2692
1561 2241 2694
2241 1266 2694
1609 2074 2794
2124 1185 2455
2087 1061 2504
741 2432 2713
1299 1930 2824
2432 1418 2713
2053 1035 2791
1235 2645 2724
2645 1503 2724
1038 2026 2712
1455 2239 2718
1196 1952 2782
2239 1085 2718
2206 1268 2789
2005 1254 2630
1955 1196 2782
2499 874 2647
1161 2098 2695
775 2304 2646
1076 1981 2672
1044 2041 2605
868 2057 2566
2041 1344 2605
2223 1341 2411
1008 2173 2446
2173 1576 2446
899 2737 2808
1957 1393 2750
2200 1479 2650
1254 2005 2817
2005 857 2817
845 1985 2687
875 2451 2639
2264 1197 2844
2451 1379 2639
1960 1230 2849
1552 2196 2832
1192 2012 2655
2186 1211 2503
1101 2180 2479
2094 955 2729
1272 2656 2805
1267 2094 2729
2135 1243 2507
1348 2129 2518
1205 2268 2778
2132 172 2711
2270 1214 2541
1274 2132 2711
1505 1966 2790
2322 1380 2530
1959 1155 2816
1324 2393 2461
1559 2053 2791
1596 2083 2602
53 1989 2728
919 2204 2815
1051 2093 2578
2525 1394 2526
1199 2525 2526
765 2111 2634
2111 1236 2634
741 2245 2676
2459 1231 2498
1322 2459 2498
1244 2445 2490
2138 1210 2643
2054 1381 2631
1281 2406 2490
2616 794 2844
1180 2076 2835
1236 2112 2642
2112 860 2642
912 2345 2507
1230 2150 2575
2150 1132 2575
2384 1682 2696
2002 1449 2734
2358 915 2824
2400 1287 2437
2332 1205 2778
2263 1207 2580
176 2096 2603
2072 1211 2743
2579 1475 2808
1339 2579 2808
893 2186 2503
1211 2262 2503
2356 1189 2722
1037 1992 2840
1096 2284 2833
1210 2138 2570
1992 1238 2840
2412 1356 2440
2179 914 2800
2465 863 2747
1423 2012 2796
1071 2052 2714
1122 2357 2771
2357 1487 2771
768 2176 2692
2025 915 2766
263 2208 2535
742 2120 2620
2034 1212 2753
1273 2665 2809
2052 1222 2714
2095 1247 2667
2291 1155 2483
805 2364 2701
736 2079 2775
890 2023 2814
2364 1563 2701
1132 2170 2575
2079 1252 2775
2378 1367 2747
863 2378 2747
2553 1718 2648
1522 2321 2527
877 2474 2512
1402 2332 2778
1388 2465 2747
1062 2090 2699
2158 1092 2717
2287 1586 2491
930 2200 2576
1416 2562 2693
2562 1338 2693
2242 1672 2682
2331 1202 2466
2401 1342 2538
1219 2235 2802
142 2263 2580
1207 2263 2523
2360 1158 2449
1280 2202 2723
2202 909 2723
806 2089 2799
1234 2400 2437
2089 1251 2799
1206 2298 2499
2207 786 2838
2548 1431 2719
1289 2548 2719
922 2072 2743
879 2270 2541
1196 2412 2440
1120 2300 2668
739 2058 2812
1422 2078 2836
2078 1732 2836
955 2097 2729
2393 1213 2461
2220 750 2594
2084 928 2765
1211 2186 2743
2079 1084 2847
2072 1422 2784
2529 1466 2828
2107 867 2730
1237 2109 2843
2166 1189 2666
2326 1249 2512
859 2123 2706
921 2206 2789
1125 2169 2762
966 2118 2727
855 2322 2530
182 2308 2545
759 2250 2587
2308 1250 2545
893 2503 2613
2406 853 2490
1203 2481 2715
1313 2514 2628
2080 852 2850
1497 2590 2655
2590 1192 2655
1288 2102 2818
2123 859 2764
2346 1165 2555
2398 1428 2801
1022 2398 2801
1208 2197 2674
1480 2356 2722
2249 1362 2677
1248 2272 2615
2109 1237 2837
2109 766 2843
1047 2121 2809
922 2401 2538
2196 764 2832
2798 1523 2799
1251 2798 2799
1197 2264 2618
2272 1028 2615
940 2183 2795
1292 2499 2647
2166 800 2722
2151 1461 2762
2151 821 2770
821 2282 2770
908 2274 2751
2274 1526 2751
2302 1424 2600
1023 2407 2652
2407 1529 2652
2704 888 2823
2282 1296 2770
1339 2475 2683
2475 812 2683
1345 2425 2744
2425 887 2744
2326 1246 2774
2559 1322 2577
1249 2326 2781
849 2557 2645
2459 1322 2559
2557 1503 2645
2425 1257 2851
2183 1240 2795
1307 2559 2577
2789 1268 2813
1508 2789 2813
2248 760 2803
1364 2248 2803
886 2459 2559
1525 2688 2689
2251 163 2703
2688 1233 2689
878 2271 2769
1418 2572 2685
2671 1252 2847
2372 1177 2705
2572 993 2685
2204 1198 2815
2463 1271 2709
777 2211 2819
2556 1379 2679
762 2556 2679
1337 2207 2838
2568 840 2622
1491 2568 2622
2254 1254 2759
2235 904 2802
1418 2685 2713
2685 1294 2713
1287 2237 2823
1190 2435 2633
2268 924 2778
2608 1221 2612
1191 2273 2785
1418 2432 2765
1484 2608 2612
2312 1200 2737
796 2384 2696
1304 2432 2676
764 2413 2832
2432 741 2676
59 2548 2826
2338 1237 2843
1164 2261 2848
2514 1295 2628
2462 1684 2807
794 2264 2844
1200 2475 2737
1257 2425 2678
2475 1339 2737
1153 2286 2830
905 2326 2774
2326 905 2781
2337 68 2777
2792 777 2819
1188 2553 2648
2741 994 2829
1454 2741 2829
2737 1339 2808
65 2463 2709
2401 1321 2792
2642 1527 2651
1236 2642 2651
2413 1277 2832
760 2441 2803
1285 2462 2807
887 2425 2851
2624 1533 2841
1001 2624 2841
2548 1289 2826
2746 1388 2747
1367 2746 2747
1574 2773 2779
1641 2671 2847
2773 1282 2779
