-9.656141270799126e-6
5.8847409698664643e-8
-4.9585027912003865e-6
-5.174617310199636e-6
-1.0486293470200053e-5
-1.1149756550300066e-5
-8.019862474201167e-6
-8.255271413799836e-6
-7.822650740200651e-6
-1.5033394962001706e-6
-1.5737324230002264e-6
-1.1104081594100895e-5
-1.0669375699700126e-5
1.2398314632004748e-6
-7.882220519500951e-6
-5.4698878406995305e-6
1.1687518930002944e-6
-1.1329104455700192e-5
-8.453272710300802e-6
-5.2635465369998274e-6
-2.875691421400442e-6
-2.1092152305002276e-6
-1.6936084861005757e-6
-4.561728176300656e-6
-3.896472795000827e-6
-8.687687379700312e-6
-6.040117493999464e-6
-5.0870570431002515e-6
1.550005618600539e-6
-4.742486403499363e-6
-7.02899832700013e-6
-4.918355924900253e-6
-7.465486886399156e-6
-9.792596486011412e-7
-9.451589496500823e-6
-5.9010091089002625e-6
-2.6151834351013925e-6
-3.854629021299641e-6
-6.986558077000035e-6
-7.942763573499934e-6
-1.0636039981399767e-5
-1.1016217340099888e-5
1.0125675419993957e-6
-3.6365958460994607e-6
-7.833767952200588e-6
-8.604239568900038e-6
-3.4931186165994277e-6
-3.7345025504006285e-6
-7.135823669800895e-6
-7.6084938908007466e-6
-7.785447837700687e-6
-1.0357966792500992e-5
-3.8220535267998595e-6
-9.543417342999447e-6
-4.915622121001717e-6
-6.608403963898751e-6
-7.205356602400098e-6
-9.111839357599932e-6
-1.1455262900601088e-5
-3.7142143807997186e-6
-6.705517421982943e-7
-7.2883732945994845e-6
-9.006378242399846e-6
-2.7039228154990963e-6
-1.2171326649899894e-5
-9.339792041099942e-6
-8.81162460139931e-6
-7.818833043500215e-6
-6.529245784200194e-6
-6.897406493899805e-6
-1.9229612962991943e-6
-7.235420294399511e-6
-2.4267469857005425e-6
-4.5908637424998955e-6
-5.630980763299959e-6
-5.618397360398694e-6
-7.3670975853003945e-6
-7.544293060698926e-6
-7.4922299459004305e-6
-2.932754331400056e-6
-8.756969454399091e-6
-9.425924292899568e-6
-5.552610684600792e-6
-3.6376802532000346e-6
-5.45340417960026e-6
-8.996106956600525e-6
-3.2673120489001145e-6
-7.988659299601464e-6
-3.868103989600538e-6
-9.794395819301416e-6
-5.6320773450004025e-6
-3.0570815476999025e-6
-1.355047105689941e-5
-9.347935630300494e-6
-7.140033279600527e-6
-1.2242183746499768e-5
-2.3500556711984755e-6
-1.0637307418201111e-5
4.674584286400163e-6
-9.789751787800047e-6
-4.984786518299686e-6
-7.627106379299101e-6
-4.170929991600611e-6
-1.2119888251997668e-6
-4.2590294988004845e-6
-5.466783248100904e-6
-3.6176448231992064e-6
-6.547090471500927e-6
-7.657746290501075e-6
-6.612792171199755e-6
-4.202885770099654e-6
-5.8044461088997e-6
-1.2557186229300923e-5
-9.025824430200502e-6
-2.9324421963999175e-6
-9.34869005379986e-6
-8.53082851610086e-6
-5.616116727100162e-6
-8.182151994098538e-6
-9.583290898699734e-6
-4.075753053500719e-6
-6.361629796900262e-6
1.121450406900773e-6
-2.1495329174999606e-6
-6.7249450497013086e-6
-5.589921842500192e-6
-9.616022484500858e-6
-8.77400780979927e-6
-9.961064848398524e-6
-1.3128340605999406e-6
-4.9448799502999075e-6
-4.19940698769862e-6
-8.06600060630075e-6
-2.747678584101229e-6
-7.221466662701501e-6
-3.553249697009486e-7
9.687428500007589e-8
-6.654376755800204e-6
-7.934288784998758e-6
-7.873501638999691e-6
-5.4739490189005535e-6
-2.4632754277009034e-6
-1.3645554384992403e-6
-5.132646659199852e-6
-2.559986134699141e-6
-6.754928982499742e-6
-7.864965563200363e-6
-1.2220438466300013e-5
-1.024275300729946e-5
-1.019270662700085e-5
-3.0533210255007104e-6
-7.326798881398741e-6
-1.0913354640299314e-5
-6.06148369480114e-6
-1.3234176671400588e-5
5.915585373997972e-7
-3.2637628303994193e-6
-8.593067195300855e-6
-3.280203229299311e-6
-4.727962911600658e-6
-7.595540523701316e-6
-5.142275502099947e-6
-7.638062581199687e-6
-9.05589090259909e-6
-8.906538465899838e-6
-1.2483210955399615e-5
-5.779112982899973e-6
-1.2289685647200871e-5
-7.865352127899017e-6
-1.0657710383899996e-5
-7.308837917500283e-6
-2.431217742600647e-6
-7.676370104899716e-6
-8.272919229600564e-6
-5.274750609001594e-6
-8.524349741599602e-6
-6.972031762598682e-6
-7.38938210709944e-6
-1.0129477450399743e-5
-5.409713923600415e-6
-7.034871043700222e-6
-8.349664542798771e-6
-7.1615742459011505e-6
-1.657311251099941e-6
-2.474149016199259e-6
-9.121237797699022e-6
-4.469770546000271e-6
-4.712028209600053e-6
-7.064383262001331e-6
-1.1327656549599621e-5
-6.690514317900936e-6
