9.649493552504884e-6
0.0008781578225702941
0.0006053099261984912
0.0003100435159652942
0.0003980956751341025
0.00024500950410430433
-3.315031675299451e-5
-0.00010231840303409623
0.0007067145043509054
0.00023695067064240238
0.00032322745866929237
-0.00018451968554700215
0.0008955366889450006
0.00032048406715300126
-7.78145524481938e-5
9.544785664319932e-5
0.0008590238264482991
0.0007152968961609968
9.152281566569831e-5
-0.00019191018312679498
0.0002919810900293973
-0.00020141795148979902
0.00037843379438970426
0.0001834855237768107
0.0004126834003735924
0.0002156553794718935
7.218823919580286e-5
-0.0004392909369019121
0.00047649304520840097
0.00020246369190800306
0.0007659466836883039
-0.00011866572804150599
0.00015599728963569537
6.128856938229787e-5
0.0001951117197996899
0.00017941573283500323
-0.0004241670005220993
0.00022513850468469654
-0.0005927753440139044
-0.00024546274308200056
0.001143616977631795
-0.0002988151456886079
4.994604045670259e-5
-2.1327030242393463e-5
0.0007863450849654036
9.653217893239308e-5
0.00016298092069690073
-5.947233129929841e-5
0.00040959882202200315
-4.655894821219142e-5
0.00027154494812779706
-5.0687755904998966e-5
0.000271660134009713
0.00031898201094049394
0.00011300227742309932
0.00020800062451760415
0.00015092641647231064
0.0004714446888590962
0.0009190007763826002
0.00023976626033410386
9.124211418450046e-5
0.0009817332169375081
-0.00022742289703210627
0.0009464984952771011
0.0001318776328051996
0.0007264664338322013
0.0002822938522385049
3.4227367497696726e-5
-8.195097357989456e-5
0.0008253885475173056
0.0004992236161295016
0.00021412733333960043
0.0006464568556022038
-7.318378523270275e-5
6.166498267330678e-5
0.0004411178282126005
0.0004023067673140923
-1.417216142909905e-5
-8.923222164779199e-5
0.00011547299318730164
0.00021194247849799785
0.0009144176517511954
0.0006271253606322941
-0.00032705846230679514
-5.99578708280063e-5
-0.00014093461732520018
0.0004136779699884935
0.00012404594132929547
0.000493509970197703
-0.00011677661667459927
0.00020360903346250403
0.0005514041680216991
-6.376803675429976e-5
0.00030802376264729703
-0.00010029062005000033
-0.0001751251174858942
0.0002095520445929977
0.0003108395375454043
0.0001589444278387031
0.0005893988107028014
0.00031055507455290954
0.000279911011430406
0.00021484660453850724
-0.0003592327638877041
9.782986689250983e-5
0.00037841999517659874
0.00037196976782259694
0.0005624753678660915
0.0003745444199678011
-0.00010336915371839117
0.0005177366124834021
-0.00037289502600060254
1.0823647791688429e-5
4.943080363792318e-6
0.0006082611735673954
0.0007737026486624027
0.00013762226975300162
-3.643707173089927e-5
-0.00024708624768819687
0.0006352393199627049
0.00020395071819379051
0.00030538049994080496
-0.00024207202206889822
0.0005121227496438091
0.00040517851067199684
0.00018837036670789342
-9.608967889510045e-5
0.00042684993294249407
0.0003017159079278936
0.00012593408726101207
9.34412301259041e-5
0.00012983817085580884
0.00023847902493050188
0.0006668569158450877
0.00017213305304780713
0.0007657964089547026
-9.340557495549073e-5
-0.0002827760639967092
0.0006216407512658062
8.338552370679153e-5
0.00023813882290620036
0.0001367248211971983
0.00015168839068328832
0.0002038033688425006
0.0007347722850783028
0.0007060767651255045
0.00042494776797059874
5.593910248090361e-5
0.0007841695296127993
0.0005633203698825057
-7.487008142770257e-5
0.0003091414817812943
0.0002938085127413004
0.0005941663561589011
-0.00016185596532189428
-4.392823524371203e-5
0.0004878885629227975
0.0003999639815936984
8.801841868419369e-5
3.0509612593807023e-5
0.00042559415681990564
0.00014848924856070145
0.0004979014679555027
-0.0008531231362114977
-5.028709404850118e-5
0.00022409664063420542
-4.028970873500015e-5
-0.00020872063507169913
0.00020947994769650313
2.8742603177395187e-5
-0.0002948733881801002
-0.0002811480215633988
6.360624424800454e-6
0.00036081325728730407
-0.00015187600420800418
0.0005306463571141951
0.00021378520639900311
0.00023002525779150518
0.0003054453977228977
0.00017110115982679752
9.297529928480042e-5
0.0003016429127312009
-0.00015670659958309796
0.0003871279201431016
0.00031289903764770977
0.0007695653436421007
0.00035847187107510003
-0.00023725020789158724
0.0007883784469621957
0.00021954694443489242
8.6748084386995e-5
0.0002412185707781067
0.0004427065133780911
0.0002846406770179999
0.00021023459202250405
-0.0004632826324754008
9.115394052980341e-5
0.0002799308593892935
0.00037277948160580054
-0.00022635159261209792
0.00020491265646430112
0.00042453883484239174
-0.00032492387946089774
0.0003687769440108013
-0.0005688145855102938
0.0005508621125293045
0.0002601139780774031
0.0007465830766092002
0.00037089690818500887
0.0005971783101943046
0.000256599543853403
0.0006810414032797918
-0.000155847707061188
-3.831736160669896e-5
4.9224764049088376e-5
0.0003746358044102033
0.0003849596613604983
0.0002707124950088041
0.00010472899690630588
0.0004210796283188878
5.444047215309722e-5
0.0003358913768267968
0.0001169122900191999
0.00035082996510839293
0.0005666420207421086
-0.00011521053411579774
-0.00023366385575909754
0.00032974939920450697
0.00020689702972109814
0.0002329536094848872
-5.03534581189069e-5
0.0007746808583549009
0.0001613356000805949
0.00016904375526810567
0.00018626471885299645
0.0007592599322173987
0.00022393968655150254
2.766994141549517e-5
-6.996444199589003e-5
0.0006626483052408066
0.00014354266924919423
0.0005453893837503998
0.0003659235904860114
-0.0002162074155110938
0.00047115147882899333
0.00028922448001300616
0.00017055267837169652
-0.00010180640151480347
0.00015432626167709296
0.000260665384529693
-0.0001984954634635938
0.0003494936711231911
0.000124447033948899
0.00012147239481488659
0.00012229574039970825
-0.0001830146660459081
0.00038121012293750034
0.00033282639965868943
0.00013667259076660665
-0.0001304937138784934
0.0005594258643232958
0.0004224834415340051
0.00021662901943959867
0.0003533977523797055
-0.0001558735367839098
0.0001405229027525018
0.00023031979196400099
-0.00026568355657240195
0.0002845018358461071
0.00032863847987670003
0.00024076601889878868
-0.00010162387185740085
0.0002596817930650974
0.0005396299459967946
-9.270392940469163e-5
0.0003793920629876074
0.0003133636844434018
-9.98108017937066e-5
-0.0001291080372183978
0.0002773368891978989
0.0006858369698397038
-0.00017564537001349412
0.0004787310732908001
0.00022200678717500255
-0.0003030985271904041
-2.574379433609164e-5
0.0001901893338334959
-0.0002413898486635091
0.0006314309405074103
0.00024049161471169367
0.0008341792067925041
0.00038251562041390075
0.0001021121121107943
0.00010010580838190619
-0.0002638043609844015
-5.6695717657193057e-5
0.00020263434415680737
0.00016673151996779434
0.0007208322801656036
0.00018387478139279823
0.0006580600851259083
0.00021827514869800224
1.4264952281309307e-5
-0.00024038922246029382
2.628267433708864e-5
-0.00010818806830160954
0.00011678346591151301
0.00016773307593069553
0.0002174528403117021
5.244708190339786e-5
0.0004842612383662015
-9.642607359539035e-5
0.0006026517888121918
-0.00021660194756491224
0.0003040746486611956
0.0004080252298166026
-0.00014805324978570122
0.00030650196741999203
-4.534905232500552e-5
5.76894318441018e-5
8.652393025379568e-5
0.0003655203861627071
0.00046076742901829393
0.0006496151074349976
4.1536036602701776e-5
0.00023768079465050218
0.00016103405259150494
0.0003649557556339028
0.0005081510748570911
-0.00022268669193629964
9.171710470159966e-5
-4.202021507260234e-5
0.0005163085731239025
-0.00048145917834120644
0.0002765093123433954
9.881749272749873e-5
1.8685751193098232e-5
-5.049745744278855e-5
0.0005442768203050008
-0.00013941397135200373
-5.6361080039799005e-5
0.00019866340686600092
0.00011672298301389217
0.00023723136931119715
0.0005719748115631945
0.0006154466341308923
5.02617073838002e-5
2.093786686839516e-5
0.00018732755083281094
0.0005360886769709972
0.00024808319829069947
0.00010382133970419927
0.00044121770040679575
0.0002835611148483963
0.0004788437348289126
-0.00035660032772789896
0.0004855326102847085
2.5105851912093913e-5
0.00030581874748410176
0.00038430060207370054
0.0004907176972464011
-5.289577683219304e-5
-7.874477492769705e-5
0.0004178965412530017
0.0009483919963281101
0.00017270268710339876
0.0006142910185941985
0.0004568432986803983
0.00035421217846379194
-6.076487734180125e-5
0.00029123517947660105
0.00016653198498339794
-7.829140922729905e-5
0.00045007180070179287
-0.00022795896729249643
-0.000325580740873202
-0.0002777679186053983
-8.839474840990902e-5
0.000360543735597893
0.0006189402002967082
0.0003415965524100062
4.040418669219725e-5
-4.990474705290904e-5
0.00011606921501279566
6.255175959749004e-5
4.777797362670588e-5
-0.0005206529181387004
1.3923019453201957e-5
0.0005434864833299968
8.158687584849944e-5
0.00020115972323291043
-0.00016486740864700422
0.0004327247002283985
-0.0003252026958364962
0.00018350382246530572
0.00018124855234701032
0.00021271336945578867
0.0001701574990073118
0.00023998444994900725
-0.0001337689245175938
