0.0128857706013339
0.0127794953365065
0.0127929176311596
0.012792899858416
0.0128334665852461
0.0128149996070298
0.0128031084678952
0.0128154612827469
0.012870392784795
0.0128640576212634
0.0128551447477952
0.0128423343960704
0.01279781939593
0.0128121483663157
0.0128254712270622
0.0128122876299902
0.0128221758809588
0.0128203088288148
0.0128445567288953
0.0129277154174815
0.0128552162401431
0.012903718676192
0.0128046278614954
0.0127743347521881
0.0128238404726304
0.0128669869854704
0.0128986219232169
0.012882793755812
0.0128190083247129
0.01280632980728
0.0128890127565245
0.0128292662189069
0.0128069829693919
0.0127735880098225
0.0128607696077317
0.0128177841022933
0.0128006469678548
0.0128329349538559
0.0128437803457564
0.0128215015077316
0.0128149374349357
0.0128390405052983
0.0128274082913229
0.0129017200327999
0.0128009913642364
0.0128547347016549
0.0128648864996963
0.0128076792700541
0.0128856893966135
0.0128099947677266
0.01284790249841
0.0128138538284312
0.0129144753886606
0.0128437476453291
0.0128461243861824
0.0128362378905288
0.0128578727263689
0.0128526506937511
0.0128861956414757
0.0128193466739625
0.0128677054727425
0.0128591625747125
0.0128200886869802
0.0129107028192724
0.0128668128363808
0.0128234288269596
0.0128505723950996
0.0128500578375257
0.0129253780697479
0.012875056321031
0.0128847637228828
0.0128555768350206
0.012844233724561
0.0128021704677941
0.0128916297267851
0.0128313007941368
0.0128694312577156
0.0128575755291054
0.0128475942548732
0.0128650613308241
0.0128501480044683
0.0128361692422965
0.0128774685095813
0.0128767473893929
0.0128240749732688
0.0128761350987199
0.0127797462851163
0.0128785648963762
0.0128372653055814
0.0128702603628039
0.0128626184412906
0.0128119788672543
0.0127889731320301
0.0128828382928977
0.0128534737209837
0.0128139640344944
0.0128655148153963
0.0128750920611786
0.012890679259817
0.0128289053222044
0.0128517212247311
0.0128212617462781
0.0128728124683655
0.0128387671290591
0.0128678316642077
0.0127836843361623
0.0128368746558438
0.0128876737779877
0.0128304813075465
0.0128290257243405
0.0128285054280468
0.0128059835389042
0.0128755685474273
0.0127855274592228
0.0128023472489957
0.0128069873747823
0.012817599034317
0.012871850833714
0.0128443281101029
0.012867965810306
0.0129518491118809
0.0128449061789788
0.0128107817941468
0.0128261399633426
0.0128271736998411
0.0128068034065403
0.0128531660118009
0.0128748605649972
0.0128525135710163
0.0127777943368136
0.0128349274792004
0.0128968304431082
0.0127902054034362
0.0128872374010778
0.0128306226337051
0.0127728932768035
0.0128545432943504
0.0129295028401875
0.0128073960935756
0.0128133244161176
0.0128741335423941
0.0128180081067186
0.0128515394404776
0.0128584711372999
0.0128664383735217
0.0128115219498632
0.0128701351865454
0.0128322538364613
0.0127744982146992
0.012816669549527
0.0128524844288629
0.0127903442813894
0.0128790301742795
0.0128373455583238
0.0128483363252128
0.0128222597974271
0.0128452855837066
0.0127805016689178
0.0128612608615594
0.0128399568933707
0.0128211109017288
0.0128545479195915
0.0128764758470433
0.0128823218291175
0.0128130113237672
0.0128488581715208
0.0128268897063108
0.0127817743566973
0.0127865759540002
0.0128623204530094
0.0127886514307736
0.0128397105922295
0.0128334778477761
0.0128484509884691
0.0128865584596011
0.0128624230740644
0.01284978101958
0.0128101477849061
0.0128189110016307
0.0128692283220336
0.0128285172639687
0.0128194801379805
0.0129126692296709
0.0128558444406151
0.0128304429611487
0.01285922327118
0.0128804093117556
0.012864605985828
0.0129004047671606
0.0128643978773633
0.0128702786188669
0.0128558252686297
0.0128607146798124
0.012875649802871
0.0128787564951907
0.0128248643898797
0.0127945277078075
0.0128347825925374
0.012844393008987
0.0128003337698068
0.0129017764693957
0.0128339191726474
0.0128021601924624
0.01285744185484
0.0128774092447876
0.0128080783580664
0.0128004156183011
0.0128330940501758
0.0128216081307514
0.0128115814477371
0.0129307299181931
0.0128594913700499
0.012863168173875
0.012817608788442
0.0128091351227606
0.0128787267116433
0.0128434786739432
0.0128138893894282
0.012816909797936
0.0129242429661263
0.0128570947399051
0.0128701271883026
0.0128079703852788
0.0128571459675615
0.012897754502087
0.0128536786094779
0.0128853461955352
0.0128644794123088
0.012841768891361
0.0128908136118612
0.0128454991428539
0.0128444861192988
0.0127851135360307
0.0128122150251608
0.0128216898426269
0.0128855199900567
0.0128795335940719
0.0128928957827404
0.0128545491009939
0.0128771364757234
0.0127887573140739
0.0128853333791916
0.0128601046420993
0.0128063394261341
0.0128068508181528
0.0128811053141612
0.0127820849566231
0.0128396879109623
0.012850429193363
0.0128425375965504
0.0128696718125111
0.012865240028196
0.0128893124123806
0.0127894625017611
0.0128919351419366
0.0128732625128521
0.0128790060957921
0.0128224272197603
0.0127887817088912
0.0128110660571189
0.0127972286630763
0.0128110147216072
0.0128466107930949
0.0128013108839375
0.0128355755570943
0.0128834270853901
0.0127767504948638
0.0128021327783534
0.0128081249565539
0.0129340134901597
0.0128780775838221
0.0128153941374458
0.0128150517859961
0.012829209541255
0.0128480085425233
0.012808290531769
0.0128914803732571
0.0128823824004325
0.0128460073247992
0.0128109437841037
0.0128046931951802
0.0128041412235926
0.0128469420556607
0.0128056538587322
0.0128585083582771
0.0128932574400675
0.0128253995379674
0.0128338864046277
0.0128798097513454
0.0128121996042527
0.0128799017823065
0.012847780254798
0.0128289806144309
0.0128551505279458
0.0128061466060637
0.0128912803451947
0.0128538117219572
0.0129058071207827
0.0128325924051162
0.0128926133337193
0.0128347863802204
0.0128525998192678
0.012832209929914
0.0128544612284571
0.0128650485909833
0.012847832141648
0.0128410835493478
0.0128399123174625
0.0128800707238275
0.0128646807603579
0.0129358025320633
0.0128782208833169
0.0128498137543797
0.012813358292903
0.0128850379063978
0.0128177900805361
0.0128808909398465
0.0128965307094942
0.0128506660358208
0.0128694394157534
0.0128591415899007
0.0128212386960958
0.0128557829869954
0.0128370770243939
0.0128667367475509
0.0128832313919909
0.012870797017308
0.0128448782835224
0.0128340873213371
0.0127910324250171
0.0128389952486319
0.0128200928033219
0.012865719460113
0.0128580147675979
0.0127774316719841
0.0128348003594953
0.0128040508173372
0.0129119249579646
0.0128514236369488
0.0128742155863083
0.0128394707874907
0.0128971155968921
0.0128558647266288
0.0127976176027778
0.012892162511325
0.0128171158990964
0.0128310487653255
0.0128075095416587
0.0128553850593636
0.0128587696354939
0.0128382696099075
0.0128685365091799
0.0128766590395703
0.0128830393143752
0.0128637147391743
0.0129164031945525
0.0128337278932801
0.012862202600306
0.0128741450410754
0.0128449967672445
0.01282525064035
0.0128190288799733
0.0128399871800416
0.0128599645617216
0.012869379792528
0.0128069887578548
0.0128402759493936
0.0128482385527599
0.0128446546689192
0.01284531282108
0.0129109545058238
0.0128478072451364
0.0128027611384328
0.0127913689081172
0.012836906842892
0.0128375025065498
0.0128530080971409
0.0128329306960134
0.0128349251352919
0.012888587730099
0.0128490065868221
0.0128614545959638
0.0127739493598969
0.0128419746652913
0.0128539282547752
0.0128548395898941
0.0128751528781219
0.0128591266242805
0.0127820484094714
0.0128738613627546
0.0128495728263437
0.0129310603760839
0.0127968923195983
0.0129153731093108
0.0128529308026634
0.0128172012863002
0.0128161489405486
0.0128765602713743
0.0128059236754417
0.0127859379937983
0.0128267146432403
0.0128210164132944
0.0128894246837858
0.0128224305250262
0.0128340620192766
0.012835723437923
0.0128312622938732
0.0128280189760257
0.012864359613728
0.0128280517374124
0.0128684972996922
0.0128280971035544
0.012868131719976
0.0128720549408281
0.0128391103799519
0.0128043250647085
0.0128515666607791
0.0128935234406825
0.0128378195477656
0.012803570206275
0.0128388584537548
0.0128080811151682
0.0128755786069088
0.012886426269829
0.0128235119428681
0.0128243915872179
0.0127861816724516
0.0128528762939834
0.0128243460124532
0.0128477854643706
0.0128560584759513
0.0128994167348596
0.0128551430347827
0.0128411178346072
0.0128531884710077
0.0128385334359085
0.0128566064214558
0.0128013898739624
0.0128363010478024
0.0128800702785644
0.0128198551127932
0.0128678059266241
0.0129210049069155
0.0128178460109574
0.012894175485999
0.0128693007784471
0.0128480541749918
0.0128716284914196
0.0128236767294094
0.0128109883814112
0.0128703597422866
0.0128946991193706
0.0128063225138589
0.0128785961589284
0.0128106579352834
0.0128270320440072
0.0128180432240435
0.0128877419949363
0.0129000953680166
0.0129041130285978
0.0128252616641729
0.0128859453602287
0.0128171260816653
0.0128601382047189
0.0128387151350858
0.0128311234701059
0.0128550713210229
0.0128412987578847
0.0128821993802643
0.0128658743712965
0.0128965201630129
0.0128323759392242
0.0128737449571104
0.0128325435961971
0.0128437022512954
0.0128438630736799
0.0128815855045525
0.0128660309907655
0.0128213726231365
0.0128810636488441
0.0128483933906768
0.0128597796987058
0.0128223258433306
0.0128694944204432
0.0128570160414219
0.0128918978593768
0.0128209080395333
0.0128585084562312
0.0128764163365859
0.0128518589695498
0.0128830689454399
0.012842493574936
0.0128380152967567
0.0128666803183769
0.0128510590660443
0.0128344323390735
0.0128466586041681
0.0127861419395028
0.0128428367179815
0.0128708109991104
0.0128819143743154
0.0128459760646376
0.0127960204946384
0.0128511071206096
0.012880930050834
0.0128606419016156
0.0128595191757209
0.0128261326489191
0.0128493239048974
0.0128401183914336
0.0128841746692363
0.0128612988033026
0.0128580409244939
0.0127721670944541
0.0127880956158131
0.0128221079509437
0.0128645136237901
0.0129240998754824
0.012903992745172
0.0128746539864845
0.0128683658662911
0.0127540118532884
0.0128230691786701
0.0128122498978129
0.0128616368586915
0.0128313500775159
0.0128869241070562
0.0128605474525964
0.0128669411406213
0.0128411466711521
0.0128649103549471
0.0127972362545593
0.0128193721089366
0.0128310675113319
0.0128922986597454
0.0128772043778791
0.0128508434680654
0.0128791594829187
0.0127797959356501
0.0128820811337766
0.0128452057601543
0.0129097651382259
0.0128622197353847
0.012858362891831
0.0128637544891923
0.0128114201017514
0.0128197242090644
0.0128108136211114
0.0128829597348651
0.0128789104497176
0.0128719928120668
0.0128605486000379
0.0127966763895194
0.0128474375815394
0.0128397679156735
0.0128108882913106
0.0129006389243751
0.0128290485884726
0.0128602616923031
0.0128461094874739
0.0128315485525728
0.0128910730554658
0.0128355772317662
0.012849545984123
0.0128818747178116
0.0128449070201852
0.0128202776958964
0.0129054490132274
0.0128535205340868
0.0127903958474193
0.0128022361087916
0.0128675253453097
0.0128120262515986
0.0127989184735012
0.0128389431043608
0.0128493049314546
0.0128837445379403
0.0128407171416732
0.0128548033762076
0.0128629136849746
0.0128031367451071
0.0128393280300813
0.0128760838315723
0.0128997387620651
0.0128515226859631
0.0128335512250872
0.0128618254237678
0.0128678783119333
0.0128266174903581
0.0128973538324561
0.0128289183098333
0.0128380719740324
0.012905245520118
0.0128539922291853
0.0129167557689216
0.0128387281399393
0.0128791591503725
0.0128993401101361
0.0128148701751248
0.0128687071544073
0.0128935665911098
0.0127865046572876
0.0128701733298905
0.0128443686180521
0.0128973335028414
0.0128693509868094
0.0128734665718961
0.012771283436791
0.0128128856131352
0.0128191088648141
0.012859510771152
0.0128380866412342
0.0128864100398769
0.0128361944436966
0.0128587904619525
0.0127654110219565
0.0128162823736876
0.0128751352995468
0.0127948412385698
0.0128607832897626
0.012813649646827
0.0128025315664118
0.0129041320111676
0.0128396282466056
0.0128259729480422
0.0128214881704096
0.0128834011191141
0.0128422418709366
0.0128414576000966
0.0128592469351473
0.0128372211154059
0.0128484916184193
0.0128545902260717
0.0127972683745145
0.0128643706171355
0.012893989643199
0.0128777575981518
0.0128607041329678
0.0128456711715391
0.0128539601857713
0.012839988893896
0.0128296673076996
0.0128386262180311
0.0128223837813959
0.0128164579275499
0.0128828414425516
0.0128827341695497
0.012906021004077
0.0128571102847291
0.0128571761097397
0.0127853768004367
0.0128608828013126
0.0128418056322378
0.0128683386590073
0.0128972674083113
0.0128062229366944
0.0128303103415423
0.0128377561936396
0.0127949168862422
0.0128247128469059
0.0128580626847691
0.012910956794813
0.0127975923475468
0.0128094887927946
0.0128708831789889
0.0128991790530165
0.0128374738891578
0.0128128315318981
0.0128682802368504
0.0128785631207989
0.0128670455930407
0.0128737334502005
0.0128649742034859
0.0128396102163741
0.0128726091328976
0.0127726133407241
0.0128773596719175
0.0128306959543491
0.0128741915320652
0.0128539037456924
0.0127248988928707
0.0128694247099894
0.0128147447888192
0.0129308366421758
0.0128660742670139
0.0128542295159529
0.0128451422518249
0.0128318173767813
0.0128197453574457
0.0129047836157941
0.0128399984806716
0.0128774985521526
0.0128792014444815
0.0128192089977024
0.0128000538009138
0.0128382846342131
0.0129236175283887
0.0128408691525007
0.0128682762598825
0.0128811392120832
0.012904163005143
0.0128733129174615
0.0127909966550765
0.0128457891035826
0.0128333577660174
0.0128341257488167
0.0128134027380156
0.0128543023154453
0.0127907303244795
0.0128105703602469
0.0128542077297501
0.0128196771638824
0.0128576018141741
0.0128062003450962
0.012786327481441
0.0128417153157262
0.012866412375242
0.0128899553644593
0.0128403749322211
0.0128548680535194
0.0129200137350831
0.0128838583834861
0.0129042703645105
0.0128089362157457
0.0128832849228967
0.0129202385512066
0.0128246605784881
0.0128740631930065
0.0128786617606973
0.0128421863083125
0.0128795888270435
0.0128256689918609
0.0127923437619578
0.0128468285425599
0.0128156507493209
0.0128538156944061
0.0128332822632865
0.0128618232599327
0.0128089521688941
0.0128096863102524
0.0128255560326813
0.0127847044511674
0.0129340407968115
0.0128838573650639
0.0128993792063264
0.0128263632365514
0.0128615246055929
0.0129435687651277
0.0127962095309918
0.0128328650982927
0.0128684394684696
0.0128351067179588
0.0128333631538037
0.012841684979822
0.0128030560177336
0.012839605405754
0.0128242148930167
0.0128600196069813
0.0128369460290245
0.0128439888063356
0.0128300030290479
0.0128289544292008
0.0128492170083764
0.0128119265093054
0.0127803533187004
0.0128746778980715
0.0128166571574159
0.0129054091090003
0.0129177597091023
0.0128544410950986
0.0128790399349287
0.0128334912980938
0.0128913579553202
0.0128867202726898
0.0128288076274951
0.0127433729502301
0.0128320759042014
0.0128292788981339
0.0128000236052404
0.0128247814631552
0.0129105409821776
0.0128308057218763
0.0128705364812902
0.0128879973333881
0.0128460804354717
0.0127808630012005
0.0127979268535387
0.0128523596153722
0.0128680292039973
0.0128063281220364
0.0128201322901808
0.0128644124043941
0.012907857567819
0.0128128549732292
0.012826746134109
0.0127761856834356
0.0128168269305428
0.012813438505445
0.0128491717145845
0.0128028743113364
0.0128139481486296
0.0128263761395888
0.0127774628489363
0.0128384541235127
0.0128711092049077
0.0128573928558568
0.0128249235464587
0.012896763019893
0.0128447399649351
0.0127768180235703
0.0128561034781723
0.012871112949763
0.0129029486267722
0.0128498992133414
0.0128353153330679
0.0128237283569961
0.0128169825072016
0.0128305346882357
0.0128211073626404
0.0128146111623228
0.0128506182030974
0.0128981622948653
0.0128610377393907
0.0128742961898411
0.0128296573048058
0.0128526340805968
0.0129036272277751
0.0128136221816023
0.0128119260465823
0.0128212699887879
0.0128410625755219
0.0128859613187988
0.0127718839288401
0.0128240518875891
0.0128335256749447
0.0128031333351323
0.0128228683132663
0.012811480128162
0.0129058794376895
0.0129017159308109
0.0128745013544017
0.012811648786463
0.0128486199040622
0.0128308509246846
0.0129244564317601
0.0128460386272055
0.0128331256635487
0.0128510830560711
0.0128142147557278
0.0128822995182002
0.0128844436297326
0.0128388042738081
0.0128626051239337
0.0128351549097579
0.0128957888391153
0.0128280865323796
0.0128442142147416
0.0128367294569332
0.0128454992220894
0.0128469874720954
0.0128236510587885
0.0128414479380338
0.0128230341603603
0.0128216359066331
0.0128090022362037
0.0128118533780409
0.0128272466099204
0.0129234523652152
0.0128094353474102
0.0128346612692503
0.0129098529070908
0.0128403345951342
0.0128565467606825
0.012866579716609
0.0128142832206301
0.0128160030318802
0.0127667985617838
0.0128697217307834
0.0128363724625035
0.0128059150883241
0.0128161668378318
0.0128121696430197
0.0128076785680908
0.0128408812595809
0.012817794085986
0.0129108179676299
0.0128855159077855
0.0128324671581565
0.0128860205213354
0.0128329881394637
0.0128512219643932
0.0127862615432238
0.0128610408689966
0.0128612166620937
0.0128434283499485
0.0128690622489218
0.0128937686076174
0.0128752702844973
0.0128882644960792
0.0128686743573799
0.0128766471310977
0.0128189381887757
0.0128589456596041
0.0128544379477446
0.0128216369607453
0.0128414296720123
0.0128232242713117
0.0128342953981949
0.0128666038363808
0.0128018979671904
0.0128866308967018
0.012889808192024
0.0128589050055533
0.0129302986535031
0.0128071936438376
0.0128461009700959
0.0128846829093575
0.0128733862192899
0.0128326457385223
0.0128207749019016
0.01282044418242
0.0128985909920347
0.0128079129571415
0.0128822730998962
0.0127963953969676
0.0128563279169169
0.0128445486502658
0.012810823623372
0.0127908577783312
0.0128032340409125
0.0128298658830086
0.0128442758177158
0.012899065738213
0.0128389636964038
0.0128643276711499
0.0127981992214549
0.0128550364069674
0.0128631665992794
0.0128744590894983
0.0128743593090152
0.0128062165495107
0.0128906320804629
0.0127934365577689
0.0128334833845247
0.0128225209503762
0.0128796869015229
0.0128847628420823
0.0128133291745627
0.0128344929909962
0.0128840659882383
0.0128450707244558
0.0128276350882866
0.0128765400725745
0.0128104193893486
0.0128649075591597
0.0128461876731885
0.0128111821067469
0.0128357602506291
0.0128477100665956
0.0128821682749618
0.0128928936389948
0.012868892894633
0.012840379984855
0.0128652151647214
0.0128427012679096
0.0128951869056438
0.0128296159602125
0.0128737787625127
0.0128270763763549
0.0128563677232154
0.0128224707101982
0.0127755669829479
0.0128043625816821
0.0128859526840044
0.0128335894838426
0.0128456923708282
0.0128622940909988
0.012860307113892
0.0128578383113773
0.0128718925150084
0.0128211570268583
0.012778057270532
0.0128204620751348
0.0128376709524295
0.0128422281930558
0.0128498803249814
0.0128260366081704
0.0127851144008042
0.0128901493322608
0.0128566665441136
0.0128056077854011
0.0128212446022457
0.0128087853714709
0.0129196977639715
0.0128781535989037
0.0128336363089372
0.0128490675934781
0.0127802123176472
0.012861716714846
0.0128356030458423
0.0128922980888459
0.0128606589061163
0.0128132584061762
0.0128947644874421
0.0128546415027736
0.0129012934219436
0.0128361195708492
0.0128872927325237
0.0128435399589831
0.0128517142802776
0.0129067573041527
0.0128405446499874
0.0128590946952051
0.012784742435032
0.0127987883312178
0.012859621906723
0.0128470035273988
0.012873565159095
0.0128298225848638
0.0128288064906353
0.0128505444850323
0.0127793840596575
0.0127518490391349
0.0128914792097766
0.0127778197092753
0.01288416580029
0.012879674938783
0.0128840023461248
0.0128890724495568
0.0128040453333933
0.0128651340501097
0.0128378288706982
0.0128323443336586
0.0128040699751317
0.0128789679842341
0.0128801028920174
0.0127860833347967
0.0128449928024192
0.0128106122626343
0.0128980892027811
0.0128498368727286
0.0128758310182032
0.0128451127314079
0.01286747066986
0.0128384849865494
0.0128391443589442
0.0128213271054751
0.0127772766629211
0.0128770088174712
0.0128654698246609
0.0128006006119411
0.0128497264504284
0.0128538541258338
0.0128378348304812
0.012792565523892
0.0128739282220713
0.0128495758071527
0.0128883064693826
0.012786348895623
0.0128601198297763
0.0128716411106826
0.0128990763983348
0.0128281162712766
0.0128577948603847
0.0128195861843884
0.0128358262819509
0.0128308731020837
0.0127974415171817
0.0128585936607969
0.0128904274830453
0.0128672830687652
0.0128740876088013
0.0128520416406538
0.0128159654217503
0.0128757685524654
0.0128248263208683
0.0128248432385262
0.0128588146685731
0.0128698461185779
0.0128421525749119
0.0128638033492596
0.012831640405354
0.0128798096655287
0.0128284102777866
0.0127994145061052
0.0127484222910436
0.0128689124939658
0.0127937989535791
0.0128376895762534
0.0128183885404173
0.0128874179403611
0.0128355635886696
0.012821250612119
0.0128631098416817
0.012809015990427
0.0128725372986598
0.012855215095345
0.0128586706750152
0.0128790343521812
0.0128226278924957
0.0129227646076612
0.012839572182416
0.0127974429242381
0.0128664618482741
0.0128600921783976
0.0128929262258501
0.0128253380666605
0.0127842510544753
0.0128974648641066
0.0128277737735697
0.012829629787558
0.0127771579656973
0.0128638850191321
0.0128265814612604
0.0128625344633122
0.0128712061056627
0.0128740932182899
0.0128451778833488
0.012848359347803
0.0128619631898813
0.0128115646939647
0.0128625572966649
0.0128780503582191
0.0128553718778479
0.0128112972904327
0.0128501993023942
0.012760385140096
0.0128640622327585
0.0128308174716596
0.0128390710177483
0.0128603255342154
0.0128353253830318
0.012847060171269
0.0128212319236917
0.0128279034788105
0.0128333221248137
0.0128400695133876
0.0128495916327065
0.0128134144073282
0.0128265613366249
0.0128453422044026
0.0128848505169362
0.0128328967139558
0.0128292938669365
0.0128049445604258
0.0128332408271648
0.0128251304002499
0.0129154867847684
0.0128434560040389
0.0127920249981901
0.0128423375209093
0.0129261965989619
0.0128338153772817
0.0128671220339029
0.0128633819769052
0.0128158374686768
0.0128708355141534
0.0128158968153582
0.0128696685695096
0.0127060977655214
0.0128779116905924
0.0128472897822198
0.0128819603447146
0.0128781161807102
0.012860341362261
0.0128065798277398
0.0128438142114848
0.01282272555326
0.0129029271867796
0.0128849595451326
0.0128026276809471
0.0127969873406848
0.0128242346540908
0.0128683912038375
0.0128893706225008
0.0128740959073486
0.012858260463216
0.0128767565985006
0.012875386216333
0.0128472569998387
0.0128929449916581
0.0128045152040712
0.0128575582775492
0.0128403421315409
0.0128645891978364
0.0128407323934346
0.0128715631769806
0.0128536323382576
0.0128392398475791
0.0128698569746059
0.0128466096830706
0.0128728219040825
0.0128548433627011
0.012836526779305
0.0128179765054303
0.0129171475794612
0.012842220249258
0.0128730268805056
0.0128327381769081
0.0128462881680014
0.0128477384462201
0.0128340169005674
0.0128528910045669
0.0128796297008105
0.012850422150936
0.0128786436129586
0.0128464616063036
0.0128216247459627
0.0128623540335749
0.0128931981876581
0.0128580487422283
0.0128199674842213
0.0128412163401974
0.0127313256398493
0.012875410096641
0.0128541140420716
0.0127858374288985
0.0128581672448318
0.0128046340688719
0.0128682301331762
0.0128568286272783
0.0128004056972758
0.012884201289892
0.0128494918093141
0.012810485566391
0.0128937352353495
0.0128032787907133
0.0128990633993116
0.0128345267192408
0.0128242503309464
0.0127969750714683
0.0127955055267939
0.0128926391765941
0.0128421318163978
0.0128447583937081
0.0128447560919207
0.012847725568483
0.0128363343038799
0.0128280515696178
0.0128430858782613
0.0128244330571089
0.0128901387930956
0.0127850347238121
0.0128293100037552
0.0128905045386395
0.0128635526176957
0.0128435049229645
0.0128201253280552
0.0128708201659461
0.0128324863318615
0.0128357858970999
0.012860339095944
0.0128120461049676
0.012846657152723
0.0128778479401965
0.0128933215651152
0.0128376146555004
0.0128354790934723
0.0128605171914935
0.0128615130912604
0.0128554110665997
0.0128094327909637
0.012815237806242
0.0128385315946579
0.0128501174540107
0.0128266477805982
0.0128849129751544
0.0128809989975527
0.0128349976590453
0.0128357870015384
0.0128679125500542
0.0128295549461312
0.0128162785323885
0.012882859350623
0.0128336688812994
0.0128810140241868
0.0127820605616849
0.0128643323456349
0.0128185226211064
0.0128668171706284
0.0128408204805672
0.0128546598718932
0.0128053690261288
0.0128610970561672
0.0128550128017424
0.0129117503412967
0.0128971308973438
0.0128230047281947
0.0128862729737283
0.0128376119694946
0.0128927330276769
0.0128601181609188
0.0128145634995257
0.0128385057325503
0.0127868864644707
0.0128375674718786
0.0128675782361558
0.0128694487485847
0.0128908280978591
0.0128733865582187
0.0128350989168349
0.0128481127200229
0.0128109114317296
0.0128504176903498
0.012892120550959
0.012839110137445
0.0128714145140394
0.0128461550471588
0.0128265974721344
0.0128284220267141
0.0127791293834312
0.0128383019476237
0.012826891738328
0.0128708171666953
0.0128938880825813
0.0128204336103828
0.0128158662473542
0.0128250139331563
0.0128685230217083
0.0128253807338988
0.0128730870594415
0.0128016750257833
0.0128217963765249
0.0128802792862917
0.0128898984712743
0.0128410733266938
0.0128242025274795
0.0128302309105179
0.0129215014789248
0.0128169228859451
0.0129017785761997
0.0128066187628544
0.0128459371039079
0.012794302534939
0.0128145885087058
0.0128215656141471
0.0128831829035715
0.0128446288578912
0.0128507321456334
0.0128027548924769
0.0128517730294342
0.012833311650901
0.012884471010443
0.0128134877037149
0.012868499374609
0.0128721179178522
0.0128436172622338
0.0128432058495959
0.0128184262143194
0.0128399664114847
0.0128623359549251
0.0129345554487794
0.0128741761951241
0.012905561880435
0.0128304468273084
0.0128529355098212
0.0128538377773074
0.0128119878944998
0.0129410502824558
0.0128598737231478
0.0128702648910531
0.0128365726731562
0.0128157896408238
0.0128723624286796
0.0128359326728172
0.0128365951361424
0.0128705506180252
0.0128717576762625
0.0127938920931064
0.0128298334949893
0.0128465637275546
0.0128279284505877
0.0128934362993036
0.0129013334765038
0.0128714936180215
0.0127853404132945
0.012823182039093
0.0128385316186958
0.0128617391816432
0.0128284091376582
0.0128854633087667
0.0128860684449866
0.0128648449320416
0.0128230541961168
0.0128440828956382
0.0128134143712318
0.0128911564289073
0.0128742713387743
0.0128747114623819
0.0128563101496678
0.0127612432659993
0.0128885383535204
0.0129033242931027
0.0128677918183483
0.0128841403042359
0.0128777576830538
0.012862208693614
0.0128969930219828
0.0128292269374507
0.0128569270151507
0.0128364228748682
0.0128444191042965
0.0127687159180149
0.0128700971012182
0.0128985432926338
0.012833546640587
0.0128878860193768
0.0128233319566722
0.0128361682922713
0.012836194197712
0.0128557224348347
0.0128219956499305
0.0128573367059369
0.012868646578095
0.0128222862997646
0.0128674632167426
0.0128322279310867
0.012915925847458
0.0128715428948415
0.0128356694562555
0.0128542021772628
0.012885404006116
0.0128193425169903
0.0128446627662845
0.0128905916718128
0.0128206768072588
0.0128332847298763
0.0128351944065192
0.0127994296803028
0.0128273677384732
0.0129067161976311
0.0128148534208034
0.012836903917972
0.0128514355555029
0.0128779828315897
0.0128564766377557
0.0128464759045246
0.0128184872488055
0.0128557255829024
0.0128361994717224
0.0128110609186348
0.012810368877464
0.012846236522172
0.0127999875541079
0.0128810897568759
0.0128279649263308
0.012847101399684
0.012801488575607
0.012890785967923
0.0128547320866252
0.0127987446726272
0.0129114800572934
0.0128539122281896
0.0128389601437324
0.0128106764364809
0.012855933217507
0.0128271894113794
0.0128976943105651
0.0128585681138393
0.0128782367029779
0.0128021789442713
0.0128109663633852
0.0128760853433772
0.0128840329828896
0.0128488786553071
0.0128553154882231
0.0128522765986019
0.0128119383743133
0.0128599237510094
0.0128696790331344
0.0128124274544639
0.0128825131210379
0.0128851082142532
0.0128001139888918
0.0128207392648732
0.012866074315509
0.0128918267266932
0.0128566784190497
0.0128629619969057
0.0128005158079955
0.0128033655666502
0.0127961864835931
0.01290019201143
0.0128384662140028
0.0128668388483772
0.0128606138974588
0.0128569734664082
0.0128046794959399
0.0128368498244443
0.0128435701387582
0.0128304795418677
0.012915035184216
0.0128533780671413
0.0128645977599144
0.0128548786742061
0.0128664348333452
0.0128587610572372
0.0128968222555965
0.0128193615046953
0.012840822306111
0.0128353111573329
0.012820414039555
0.0128139462062926
0.0128428865834354
0.0128323616202688
0.012850644052932
0.0128086265385644
0.0128739419934238
0.0128475216701281
0.0128982354635802
0.0128622119695557
0.0128455326295018
0.0127912212803156
0.0128905941532835
0.0128615733671616
0.0128530829550914
0.0128264867302408
0.0128672455718655
0.0129054603128703
0.0128377939972584
0.0128566724666496
0.0128657589511244
0.0127890661959708
0.0128461935497008
0.012920164213089
0.0128733601068755
0.0128240021717218
0.0128527874877721
0.0127659629214848
0.0128010552857135
0.0128523318616384
0.0128632425149505
0.0128704077997457
0.012849857322077
0.0127917840764907
0.0128832522234734
0.0128082258070828
0.0128611312111908
0.0128601648287138
0.0128457226716704
0.0128123048937407
0.0128833509169007
0.0128565074617025
0.0127909303703047
0.012874766085646
0.0128454397137597
0.0128083453818353
0.0128718517907896
0.0128738931217385
0.0128253920459578
0.0128735229641412
0.0128330083726675
0.0128524872748664
0.0128740078131708
0.0128625405188498
0.0128178340787515
0.0129042779153688
0.012791730572891
0.0128586739153115
0.0128395593849945
0.0128742652518588
0.0128306710166786
0.0129088890961741
0.0128258509713334
0.01286170264872
0.0128516402926776
0.0129264528048455
0.0128839018549376
0.012885608417544
0.0128423642375846
0.0128634687740566
0.0128548955888459
0.0128798031828381
0.0128447718325952
0.0128134468361816
0.0128186770343302
0.0128428173215375
0.0128397258063705
0.012876329597524
0.0128354704215688
0.0128368091760378
0.0128528692191154
0.0128484673004322
0.0128343909262059
0.0128496966631238
0.0128751336742399
0.0128516031193364
0.0128863440907591
0.0128085610608906
0.0128649823057449
0.0128542615610968
0.0128267616820193
0.0128462806504971
0.0128719107066124
0.0128626761726977
0.0129037272253723
0.0128902443018239
0.0128048011685645
0.0128967006270201
0.0128966170391384
0.0128364971288376
0.0128824748746021
0.012905719769582
0.0128688175728573
0.0128690009427209
0.0128808654196712
0.0128492283979226
0.0127956984690295
0.0128400610177991
0.0128572410154426
0.0129045171868869
0.0128777491727781
0.0128602992572557
0.0128485995812242
0.012881520981054
0.0128646131130097
0.0128687539969756
0.0128196765600496
0.012865873513054
0.0128719936923308
0.0128859807622455
0.0128308292449973
0.0128573616535483
0.0128757811898496
0.0128500243802546
0.0129082773335078
0.0128633664845858
0.01284698457385
0.0128541272115685
0.0128428909310933
0.0127874631768137
0.0129190643043452
0.0128362183263634
0.0128514390200804
0.0128381470117817
0.0128470658508378
0.0129141325195116
0.0128343813976545
0.0128621881500468
0.0128930553258639
0.0128809411048741
0.0128586394860223
0.012858886504825
0.0128536029425049
0.0128491543596941
0.0128750373870296
0.0127936877472954
0.012798336102539
0.0128554985921592
0.0128325687081447
0.0128472413422672
0.0127991299720068
0.0128692333152453
0.0128879840909362
0.0127950565363394
0.0128618354081469
0.012813440795222
0.012847024214477
0.0128367681858262
0.0128359614310872
0.012843110057832
0.0128993330349563
0.0128476863923793
0.0128128959661172
0.0128908373747293
0.0129065200089544
0.0128232896742886
0.0128555625000479
0.0128263181182912
0.0128318637998022
0.0128166170596575
0.0128679092725059
0.0128981340798454
0.0128555780927076
0.0129016048787866
0.0128028641407513
0.0128769674715854
0.0128626738205203
0.0128551314736896
0.0128549615903443
0.0128839248751685
0.012806693369152
0.0128520148994736
0.0128200053608961
0.0128458454760041
0.0128634504576322
0.0128981426267458
0.0129175551498113
0.0128888515360977
0.0128796875005244
0.0128960522014233
0.0129275599951046
0.0128374432980132
0.01283897504984
0.0128729549076976
0.0128907928558902
0.0128006431098684
0.0128440945965509
0.0128072981962141
0.0128339103944287
0.0128590270292638
0.0128730139986872
0.0128297155239039
0.012845033179812
0.0128385820602981
0.0128325073031834
0.0128674017921464
0.0128353959297738
0.0128257922743585
0.0128525205412565
0.0128482741302514
0.0127623358854824
0.0128637160812023
0.0128041379520329
0.01287964960715
0.0128172594166912
0.0128351540666335
0.0127870505980195
0.0128391205539346
0.0128017884627683
0.0128376801865803
0.0128616501914254
0.0128449514426657
0.0128159700461156
0.0128817842397601
0.0128651034213411
0.0127681574125401
0.0128970286182658
0.012842722628062
0.0128854015465186
0.0128155751141263
0.0127941140813584
0.0128904234174792
0.0128126619176488
0.0128229186586048
0.0128162602722425
0.0129026815588189
0.0128995896712257
0.012858646409473
0.0128042386782315
0.0128953983827458
0.0128277168445204
0.0128483388257007
0.0127858340097424
0.0128012646967375
0.0128852820004662
0.0128581390104179
0.0127859241889067
0.0127947772310338
0.0127798812055132
0.0127968436770351
0.0128599272501516
0.0128061208111701
0.0128750071045703
0.0128419085103256
0.0127705161743517
0.0129231072762026
0.0128732448594457
0.0128846237457015
0.0128659883075553
0.0128403059855617
0.0128613064457281
0.0128662526224543
0.0128687515663696
0.0129071496588566
0.012834566587946
0.0128665487550479
0.012938134968725
0.0128690076055282
0.0128547775884048
0.0128308155629878
0.0128294718972353
0.0128481910819768
0.012782439104116
0.0128658214025452
0.0128556833042924
0.0128592073490294
0.0128228810324399
0.0128195764564444
0.0128145727376151
0.01285544730031
0.0128116391942766
0.0128267198300866
0.0129227808191342
0.0128761588471973
0.0128235084103141
0.0127823618774566
0.0128105711713926
0.0128531748635393
0.012818538011096
0.0128242229867947
0.0128571699939844
0.0128334058100207
0.0128339148887583
0.0128043545505953
0.0128389481498379
0.0128148185951353
0.0128544212670696
0.012878775676575
0.0128749179583335
0.0128618039161607
0.0128196752944843
0.0128326793686906
0.0128286073097436
0.0128281262339264
0.0128087827976827
0.0128608253948155
0.012853266750379
0.0128390062286026
0.0128089687712754
0.0128609162104022
0.0128525859512878
0.0127961836821459
0.0128876834779621
0.0128251105314429
0.0128601600518847
0.0128380130812844
0.0128047047978608
0.0128079008432582
0.0128616992542644
0.0128848213877802
0.0129008180109918
0.012852665010563
0.0128789784122706
0.0128583104121379
0.0127855890518163
0.0129033188061252
0.0128599520777053
0.012809059088621
0.0128359880656299
0.0128726668412997
0.0128562816990446
0.012880203181986
0.0128700993612614
0.0128840466443225
0.0128524063000269
0.0128187216219935
0.0128665576820061
0.0128333254284634
0.0128933480507571
0.0128330560935943
0.0128944695930577
0.0128052938556663
0.0128035512627104
0.0128930282579661
0.0127731638354554
0.0128830828794718
0.0128673555221871
0.0128914734882109
0.0128110895576194
0.0128466409776675
0.0128143865235521
0.0128275626127061
0.012865358784212
0.0128692499808404
0.0128199800048993
0.0128888523920324
0.0128093323306395
0.0127956213492975
0.0128093550399784
0.0128868673598069
0.0128349256369972
0.0128473538728429
0.012823837758042
0.012853523784896
0.0129506118277411
0.0128897250140383
0.0128491383327899
0.0127891411575847
0.0127728233414393
0.0128017843108107
0.0128759516327018
0.0127857125654104
0.0128384447227092
0.0128874416613623
0.0128325083708479
0.0128519464658715
0.0129204678907331
0.0128215288472742
0.0127959438224108
0.0128579590222692
0.0128764231857599
0.0128507212722208
0.0128286668720449
0.0128338783617705
0.0128894054694767
0.012781108262748
0.0129402898016828
0.0128494489688088
0.012802216672784
0.0128887641091132
0.0128846045074663
0.0128819049849078
0.0128495283466719
0.0127604593828293
0.012795014725415
0.0128402696767284
0.0128332164868052
0.0128713536910514
0.0129352469151931
0.0127839435268296
0.0128628194859904
0.0128275940796032
0.0128360167206036
0.0128135661116761
0.0128943363232283
0.0128484123517512
0.0128677458417211
0.0128050541825142
0.0128026193498537
0.0128282280188017
0.0128661111706428
0.0129002593098853
0.0128346425542757
0.0128994517263352
0.0128084990127612
0.0128770325574417
0.0128722816186648
0.0129073417079348
0.0128107777102028
0.0128416362050128
0.0128325612395431
0.0128646299947698
0.0128156583321348
0.012850549991355
0.01285269857253
0.0128979444973225
0.0128202165562431
0.0128380469055016
0.0128533929167065
0.0128491370627346
0.0127967907430018
0.0129034595951359
0.0128791322631108
0.0128399288839202
0.0128900679608224
0.0128854163986117
0.0128588666267471
0.0128466517132856
0.0128493370488262
0.0128301576890289
0.0128863044231175
0.0127827473757583
0.0128845537919526
0.0128902489514429
0.0128938432655664
0.0127875551172385
0.0128454972960948
0.0128591452933038
0.0128538357326919
0.0128596381685358
0.012822290002855
0.0127963921537671
0.0128269141989493
0.0128386752248913
0.0128275807207552
0.0128152050544697
0.0128350773544153
0.0128692642185331
0.0128954466642767
0.0128087136800629
0.0128946620303579
0.012820964402772
0.012846123847095
0.0128362570519856
0.01286796723084
0.0128591529190623
0.0129065941315419
0.0128603111678513
0.0128063765811074
0.012855151970832
0.01284655862701
0.0128086915762661
0.0127888886376057
0.0128434144591004
0.0128258941790619
0.0127895967369631
0.0128450560139571
0.0128455384723165
0.0128149661629881
0.0127845098491961
0.0128589591529221
0.0128523147992991
0.012844387981489
0.0127936458934977
0.0128915253246662
0.0128354031672176
0.012898707674089
0.0127737131386843
0.0128262309437153
0.0127750578975792
0.01284173819207
0.0128144538208153
0.0128629951302931
0.0128560996781045
0.0128689464155334
0.0128234862235082
0.0128273258679613
0.0128602232163351
0.0128580706668018
0.0128600296238424
0.0128539521103953
0.0128675908245264
0.012922420682534
0.0128767327772575
0.0128345500012142
0.0127819365420604
0.0128654089822434
0.0128141769061583
0.0128625962371265
0.0128697274025024
0.0128338161652261
0.0128831704942357
0.0128203107926122
0.012868332513484
0.0128479240320062
0.0129045431977686
0.0128678823207468
0.0128328614911332
0.0128722491982443
0.0128546394391462
0.0128438501804563
0.0128591277190399
0.0128979923058535
0.0128535992354672
0.0128543521050393
0.0128611308111813
0.012866940937434
0.0128528199703475
0.0129260838123784
0.0128234005163383
0.0128131886349471
0.0128359493821249
0.0128762009593508
0.012869121884736
0.0128124587063253
0.0127910999825486
0.0128706562164051
0.0128044981148377
0.0128798479900745
0.0128811578613605
0.0128168079027036
0.01281414752069
0.0128097451705429
0.0128338407493449
0.0128525055339909
0.0128604090574069
0.012849349076459
0.0129016650616745
0.0128110353269965
0.012827657809122
0.0128809865107717
0.0128074350364135
0.0128212746700922
0.0128689669756855
0.0128545658305669
0.0128547366090396
0.0128515149850098
0.0128205470281789
0.0128739345693454
0.0128276078445715
0.0128221474881322
0.0128790002380085
0.0128595800286793
0.0128893564797364
0.012857380802622
0.0127945340094116
0.0128549443533406
0.0128776045130678
0.0128449830828332
0.0128126212987773
0.0128113042685786
0.012827093332261
0.0128070396546677
0.0128453111406149
0.0128794452772026
0.0127513658711032
0.0128649668739078
0.0128462363570077
0.0128392251117081
0.0128899582454675
0.0128057303918615
0.0128251392446045
0.0128612686083598
0.0128758299182614
0.012883736004141
0.0128579930712448
0.012809803778856
0.0128099587019687
0.0128567804653753
0.0129042407846142
0.012876332614147
0.0128171937706287
0.0128721892381693
0.0128288376082336
0.0128595101728264
0.0128411748360796
0.012750941918036
0.0128443723226393
0.0128330416718487
0.0128908520461426
0.0128799654654967
0.012889223930875
0.0128586876345812
0.0129393073166724
0.0129291497672989
0.0128975279614857
0.0128371286795327
0.0128127299084403
0.012902054525267
0.0128000486265191
0.0128657965802808
0.0128105684213461
0.0129164629830465
0.012860343789178
0.0127567827333279
0.0128606098162862
0.0128649842485487
0.012874942368215
0.0128134072961826
0.0128582498194299
0.012824300526643
0.0128208461478996
0.0128461485943625
0.0128490507620842
0.0128095350752945
0.012916316275274
0.0128599151149951
0.0128587555900092
0.0128117423117633
0.0128311256176537
0.0128447226470778
0.0128483823904122
0.0128914093836194
0.0128415663994629
0.0128367462001927
0.0128632343100688
0.0128088959781832
0.0128718125988269
0.0128655255045321
0.0128173898864302
0.0128107528844735
0.0128107219818443
0.0128346982101977
0.0127677110773815
0.0128400155084323
0.0128029217995968
0.0128592378191199
0.0128681419081251
0.0128467873988151
0.0128846711561735
0.0128375242914799
0.0128173097222884
0.0128187782970743
0.0128343007267761
0.0128301812651514
0.0128285501959556
0.0128192334603528
0.0128052045010201
0.0127958209803284
0.0128279813996188
0.0128738684689371
0.0128785892654207
0.0128288553851196
0.0128172302704051
0.0128942179982774
0.0128682018190125
0.01291637271807
0.0127722921665134
0.0128192019455855
0.0128764043216048
0.0128548246386234
0.0128485076058592
0.0127679807208497
0.0128167168951782
0.0128384737082122
0.0129271909259469
0.0128967642174676
0.0128085691339773
0.0128390201848551
0.0128987030314301
0.0127806209943862
0.0127719452002525
0.0128328666475215
0.0128096278098117
0.0128600982483379
0.0127925055982993
0.012937784077577
0.0128807742981143
0.0128516113814864
0.0128545074924758
0.0128072835400579
0.0128299875903471
0.0128950756695661
0.0128481334618539
0.0128310947027947
0.0128345236160156
0.0128406367997821
0.0128963751541664
0.0128021214803019
0.0128123668901649
0.0128529179327292
0.0128253500930919
0.01287492881279
0.012791233533119
0.0128938271187344
0.0128759681081692
0.0127922847307185
0.0128810608733262
0.0128326453458064
0.0128289107877234
0.0128300743704664
0.0128770490056143
0.0128827572196538
0.0128480323891145
0.0128886444775382
0.0127951432795901
0.0129055700314678
0.0128778750237415
0.012800020763342
0.0128859515199015
0.0128513950722476
0.0128330504225521
0.0128582530562315
0.0128437402437957
0.0128325714762905
0.0128989507593627
0.012814983754263
0.0128461095965435
0.0128129622714685
0.0128808555318851
0.012834426319754
0.0127874934187201
0.01281520941422
0.0128892251635979
0.01286526502203
0.0128664673410827
0.0128291817919188
0.0128988656762663
0.012842556373424
0.0128480066437528
0.0128130224021303
0.0128730512349546
0.0128053214952
0.0128396097516755
0.0128120898205135
0.012809878318775
0.0128619585357294
0.0128617873044033
0.01285322375835
0.0128962677325621
0.0128246283112338
0.0129194427215485
0.0128106187656495
0.0128309405605515
0.0128386535586587
0.0129087428394084
0.0128299932968917
0.0128307891706634
0.0128524313908295
0.0128687209958508
0.0128738391465707
0.0127889604126797
0.0128088838164578
0.0128791615553937
0.0128335317542678
0.0128664914285839
0.0128481393157091
0.0128514684545082
0.0128336438529859
0.0128502520307548
0.0128575417969719
0.0128406032171691
0.0128448289151329
0.0128506739403483
0.0129027985872419
0.0128326129397113
0.0128665290532507
0.0128695444623639
0.0128713661975267
0.0127739602522557
0.0128573046648518
0.0128538230269249
0.0128608682436579
0.012881856055929
0.0128664232895108
0.0128723702838933
0.0128197718759878
0.0128722389037759
0.0128197518808622
0.0127973299186718
0.0128590419797086
0.0129171821720674
0.0128404420681622
0.0128991500900707
0.0128655563368817
0.012924098606584
0.0128793227798252
0.0128342005054136
0.012873012799528
0.0128276929518937
0.0128798815686422
0.0128716228001602
0.0128544962060402
0.0128271556714771
0.0128058134668217
0.0128319648875273
0.012846794761216
0.0128306476775893
0.0128401883617408
0.0128549761184395
0.0128557901717623
0.0128008900422522
0.0129792667463284
0.012831848537827
0.0128729634395529
0.0128271498296734
0.0128209969649009
0.0128241521704295
0.0128592929587283
0.0128724904463278
0.0128336540568293
0.0128880180444665
0.0128527126843037
0.0128717808427278
0.0128302474327389
0.0128232326199268
0.0128862361938156
0.0129012591960358
0.012859788396894
0.0128077195574085
0.0128617011631352
0.0128308416648289
0.0128656123861497
0.0128525330944212
0.0127848717080601
0.0129180077567108
0.0129030103279162
0.0128708085422374
0.0128547988328928
0.012844674804431
0.0128205799662879
0.012815057202504
0.0128518549111393
0.0128770219539577
0.012803618204774
0.0128327616484157
0.0128426256853881
0.0128473726845567
0.0127868134434403
0.0128709200569834
0.012807786442557
0.0128590321050357
0.0128831255716957
0.0128398604327638
0.0128348084343565
0.0128457964518531
0.0128540849550408
0.0128480444125214
0.012860654347814
0.0128877351193927
0.0128398932789976
0.0129071930799709
0.0128330536510659
0.0128570364224559
0.0128650370687222
0.0128493842320321
0.0128087862832927
0.0128531148734265
0.012843047437869
0.0128549487630493
0.0128576100189143
0.0128491787845023
0.012835736719726
0.012877815379859
0.0129464110207255
0.0129086133528758
0.0128680997506536
0.0128977306352016
0.0128907643277062
0.012845524658766
0.0128519160215968
0.0128755972483327
0.0128515257363827
0.0128191996859937
0.0127926223874963
0.0128323930359188
0.0128664389005104
0.0128764187590052
0.0128592574809095
0.012864021096965
0.0127958087781853
0.0128318468420208
0.0128648268867589
0.0128115541978289
0.0128524206315258
0.0127959898513677
0.012860089021518
0.0128099220714782
0.0128346711496632
0.0129200906940864
0.0129031782210366
0.0129272888504487
0.0128262878011569
0.0128570182888459
0.0127582909185138
0.0127591813755656
0.0128716169529854
0.0128510046902563
0.0128378466121484
0.0128195895375913
0.0128836821557146
0.0128671957153438
0.0128600896751028
0.0128343713543357
0.0128340951187168
0.0128636264602839
0.0128669524842871
0.0128532321265199
0.0128483612877307
0.0128263771072739
0.0128068682982571
0.012811860692973
0.0128905585895854
0.0128648934578734
0.0129375921074995
0.0128166399165697
0.0128859926092323
0.0129054320224653
0.0127925819211352
0.0128459016021608
0.0128394078075165
0.0128946619298939
0.0128015362316801
0.0128416791987337
0.0128352148873859
0.0128680512094862
0.0128857414935869
0.0127949395860335
0.0128969272918596
0.0128122872433863
0.012848229752431
0.0128897109398029
0.0128715686806083
0.0127742190743005
0.0127679023605168
0.0128544581382751
0.0128486620021047
0.0128778586141534
0.0128656659314651
0.0129275056840814
0.012862246472139
0.0128367792347144
0.012817677657119
0.0128264195750059
0.0128707283641125
0.0128542829145934
0.0128808181661628
0.0128542840245742
0.0128250848735329
0.0127900095634935
0.0128275493631478
0.0128930608879233
0.0128311882079612
0.0128425418356888
0.0128517971440554
0.0128341406290102
0.0127493796076328
0.0128336662713596
0.0128674517754888
0.0128189649948412
0.0128401764440205
0.0128923400171651
0.0128252093205781
0.012845455964497
0.0128588585573076
0.0128011990012403
0.0128632951402402
0.0128517966526783
0.0128354701795115
0.0128082751929531
0.012894286620587
0.0127674633444501
0.0128942809213397
0.0128800721543556
0.0128192694296236
0.0128246705862551
0.0128360281782566
0.0128778354236556
0.0128265916820008
0.0127945156817497
0.0128717095688414
0.01283863103689
0.0128588214961277
0.0128263541146282
0.0128588747230328
0.0128330911396322
0.0128911219143641
0.0128136135109427
0.0128185815282372
0.0128870209504143
0.0128196715454185
0.0128751949754161
0.0128771849304336
0.0127771462172383
0.0128873302222844
0.012837688964734
0.0128243856504521
0.0128802441347152
0.0128801536174183
0.0128312705928745
0.0127866273237842
0.0128484068507453
0.0128672718571473
0.012864412515202
0.012796541677565
0.0128752276918731
0.012842057801995
0.0128791224831787
0.0128931509310211
0.0128182944602349
0.0128233745333279
0.0128335630447962
0.0128586182805034
0.012903758503742
0.0128512762237566
0.0128708257313313
0.0128471850525619
0.0128805103784183
0.0128454193017418
0.0129331422334225
0.01287999384939
0.0128228356133099
0.0128590316682494
0.0128506638121171
0.0128747964816484
0.012862839415465
0.0128261997571408
0.0128698732749658
0.0127881797292427
0.0128147088614114
0.0127957907291314
0.012805934751984
0.0128149820069156
0.0128440568594085
0.0129061407510769
0.0128256563051424
0.0128938038242672
0.0128739454175308
0.0128690815569871
0.0128225634553584
0.0128783922339084
0.0128714186333049
0.0128009836737077
0.012852127515557
0.0128825393820192
0.0129248024138207
0.012865356323764
0.0128558846596546
0.0128099786905985
0.0128466720077355
0.0128671979812446
0.0128199173094435
0.012826228657283
0.0128680984159044
0.0128952044855613
0.0128603906064871
0.0128379367141994
0.012838570526593
0.0128231899244459
0.0128914009133789
0.0128655681838366
0.0128935565041528
0.0127988970288369
0.0128211695987523
0.0128346091936057
0.0128257132149546
0.0128359208719347
0.0127948667718149
0.0129399219307816
0.0128603101038114
0.0128705080501525
0.012867915994407
0.0128431234858299
0.0128450002620496
0.0128360833613947
0.012867307307318
0.0129048896009297
0.0129203668369679
0.0129075798526201
0.0128644365405411
0.0128348037092982
0.012789646326526
0.0128395356948426
0.0128834722659386
0.012823209691281
0.0128244587325442
0.0128447972015229
0.0128582498500724
0.0128436302404436
0.0128101233539517
0.012901768942062
0.0129008945136201
0.0128698998583609
0.0128379809884237
0.0128244672418236
0.0128529599258492
0.012892571036544
0.012846056269632
0.012822683493066
0.0128950300817922
0.0128964162496927
0.0128439053310922
0.0127898216453262
0.012794510358141
0.0128333088741355
0.0128600727602073
0.0127791198012467
0.0128419080974768
0.0128223400070191
0.0128477712315795
0.0128266254577224
0.0128539633413233
0.0128486966629648
0.0128247915400868
0.0127835060729767
0.0128562693729205
0.0128415394260746
0.0128890783557836
0.0128234766100561
0.0128654484387983
0.012807671190802
0.0127911813281201
0.0128599970812301
0.0127742160546065
0.0128627755044505
0.0128266854365948
0.0128924038181525
0.0128438150897839
0.0127936429078978
0.0128183818588989
0.0128799193467441
0.0128689250339291
0.0128232897104915
0.0128551984120908
0.0128483101923435
0.0128317015731351
0.0128814646812821
0.0128075455098833
0.0128668976744529
0.0128447640282223
0.0128417434220129
0.0128141628514724
0.0128795144384911
0.0128250069968329
0.0128650382343272
0.0128742950739276
0.0128777577280054
0.0128829154406685
0.0128977319261945
0.0128630137481807
0.0128667550992793
0.0128912951127783
0.0128302645651689
0.0128329465772644
0.0128598323952599
0.0128137192651612
0.012835455212413
0.0128752830741451
0.0128765047186132
0.0128503990098506
0.0128594723288134
0.0128425468809664
0.0128730019824503
0.0128928678160327
0.0129146346651411
0.0128173032276996
0.0128484972245695
0.0128492411393741
0.0128179740082221
0.012841706080847
0.0128183751496583
0.0127904635224652
0.0128747819746587
0.0128991955647598
0.0128727557804395
0.0128390494148838
0.0127959235140534
0.0128197497091686
0.0128661539910505
0.0128681599443023
0.0128526519524336
0.0127989611192679
0.0128691114873721
0.0128102851885706
0.0129123342013147
0.0128867494050003
0.0128618683063928
0.0128477530760889
0.0128685676842081
0.0127471994814237
0.0128300416504257
0.0128367079311913
0.012868677483494
0.0129110288584081
0.0128752336508514
0.0128560130348649
0.0128278475362786
0.0128576275278046
0.0128494872331168
0.0128985927046597
0.0129084241098436
0.0128519610855179
0.0128577588237673
0.0127985594889906
0.0128706240501784
0.0129107047264241
0.0128389025270155
0.0128310126748706
0.0128797559510825
0.0128948571553564
0.0128074240657461
0.0128431511350462
0.0127988244519201
0.0128552989217978
0.0128476964918162
0.0128101162477267
0.0129106768375468
0.0128250763986201
0.0129212488912392
0.0128636534266259
0.0128623819003941
0.012885016466444
0.0128432596459476
0.0128859403057457
0.0128273038857447
0.0128723501827761
0.012803327228609
0.0128426820502769
0.0128615045351396
0.012798714884295
0.0128494619891499
0.0128392735060762
0.0128865654042276
0.012872244118587
0.0128443423565082
0.0128169414793159
0.0128925191736277
0.0127946490340074
0.0128229434391775
0.0128533134660383
0.0127930061354681
0.0128544054857888
0.012866266542975
0.0129153489850542
0.0128586218695404
0.012831532505373
0.0128009058580791
0.0128709043949308
0.0128192251719557
0.0128730807871758
0.012887751788042
0.0128178620474284
0.0129077787498864
0.0128404334096504
0.0128337784684866
0.0129073560908586
0.01282643481815
0.0127925820334837
0.0128172739758043
0.0128198952472264
0.0128564052155877
0.0128642173632524
0.0128150954165912
0.0128747273272523
0.0128225935834673
0.0128814135884851
0.0127857162724691
0.012788213043669
0.012881270922038
0.0129029986171885
0.012811751187211
0.0128562491644433
0.0128255638363383
0.0128404670832583
0.0128663098045851
0.0128728791974441
0.0128144655655009
0.0128649650362833
0.0128630801717513
0.0128883250030319
0.0127845227317196
0.0128294718617052
0.0128309219699607
0.0128430022961038
0.0128029237341221
0.0128812220103067
0.0128457309577445
0.0128371911502076
0.0128761098237966
0.0128642559005258
0.012823252720104
0.0128456394326486
0.0128031517730723
0.012834131289951
0.0128298231602548
0.0129014954969762
0.0128648275554104
0.0128685948841059
0.0127800388887045
0.0127992344975908
0.0128272037015531
0.012833199722535
0.0128610926181818
0.0128554010014336
0.0128579815289749
0.0128590942856892
0.0128455996866853
0.0128338359329305
0.0128898190209881
0.0128742163008182
0.0128380644917298
0.0128701224880977
0.0128118077367973
0.012902316881177
0.0128448702727352
0.0128801811622433
0.0128607403820261
0.0128295270648504
0.012798942277476
0.0128374000900634
0.0128457442758665
0.0128353442864047
0.012848805556733
0.0127806538498277
0.0128783708535095
0.0128173256515625
0.0128271031366259
0.0128195213235625
0.012853391211941
0.0128136844884912
0.01283946145604
0.0128391717841368
0.0128501799577074
0.0128890653053959
0.0128380988507025
0.0128653628396436
0.0128354808821046
0.0128378916207074
0.0128130282644862
0.0128564134543007
0.0128538193355732
0.0128941068410024
0.0127903162770716
0.0127905709874241
0.012816574891781
0.0128410551004558
0.0128467354188339
0.0128167452366416
0.012870217873186
0.0128413509692601
0.0128907973989727
0.0129059157104358
0.0128880342363407
0.0128552761423089
0.0128570698693283
0.0127829288634409
0.0128344505114412
0.012849655232712
0.0128805565969652
0.0128271826556818
0.0128285793644779
0.0128261889621821
0.0127625582064953
0.0129000686078949
0.0128403204695876
0.0128462334786559
0.0128525296187973
0.0128632871119925
0.0129078178982504
0.0128881752987284
0.0128150917078099
0.0128141905578539
0.0128489565036249
0.0128872599160483
0.0129154912842875
0.0128220951855277
0.0128893321484371
0.0128391170911172
0.0128688017861505
0.0127885330299929
0.0128524880745307
0.0128813372355914
0.0128835766578601
0.0128401774457583
0.0128740603750924
0.0128140843499164
0.0128419524927842
0.0128558548704889
0.0128569552169694
0.0128700515379029
0.0127750794556549
0.0128584997510136
0.0128705780682484
0.0128906354136233
0.0128934370009348
0.0128661812405771
0.012841085488037
0.0128697108152379
0.0128366236168237
0.012878044089136
0.012823617335329
0.0128672099204798
0.0128490280485955
0.0128369492456437
0.0128529599892294
0.0129092242030714
0.012807715328846
0.0128311366004691
0.0128109238740021
0.0128346604989438
0.0128821006902891
0.0127593036549036
0.0128452029719564
0.0129007993228772
0.0128204095593323
0.0128846721840784
0.0128452358402469
0.0128891276135053
0.0128276372246656
0.0128305046668139
0.0129118226487143
0.0128159253256736
0.012810964950616
0.012869111119184
0.0129001521890502
0.0128938917163717
0.0128638832073684
0.0129180090583819
0.0128655244927313
0.0129076700213417
0.0128514769824412
0.0127760192379646
0.0128751199704308
0.0128306458156095
0.0128690835690529
0.0128182882979172
0.0128593783660862
0.0128524936387805
0.0128244224581856
0.0128388163126951
0.0128034446998989
0.0128323521484103
0.01278031476831
0.0128075804909052
0.0128909961172968
0.0127842138125434
0.0128925949506786
0.0128370728900006
0.0128674350304504
0.0127921369991614
0.0128977316622187
0.0129261423356912
0.0127716886538568
0.012841760498806
0.0128824154715389
0.012854914882613
0.012884460617453
0.0128566235442302
0.0128422059610348
0.0128689581320218
0.0128573698265644
0.0128522576344534
0.0128752515359355
0.0127977722721304
0.0128825436253008
0.0128499677657515
0.0128216549833347
0.0128665777689601
0.0128977757748439
0.0128356392413926
0.0128291139496398
0.0129200300665627
0.0128294692301394
0.0128234216552669
0.0128118318485622
0.0128048740471552
0.0128165223808556
0.0129217068214177
0.0128433520540525
0.0128592112576488
0.0128831757044719
0.012801712149429
0.0128001912938554
0.012941538490743
0.012856070033715
0.0128471625202767
0.0128823868739745
0.012847603666234
0.0128761410006375
0.0128459710685978
0.0128089207519422
0.0128713394484903
0.0128250082546681
0.0128008418415274
0.0128005957313061
0.0128407646544913
0.0128516014693182
0.0128362584978686
0.0128674014414925
0.0128950698935662
0.0128746596851115
0.0128457348508476
0.0129127772191816
0.0128735489890895
0.0128832194458998
0.0128471752419003
0.0128039909669399
0.0127849136245903
0.0128315124249384
0.0128555014359733
0.0127894935001652
0.0128307294510623
0.0128612387303316
0.0128373819293652
0.0129021377681155
0.0128256416285171
0.0128275666253402
0.0128901561027414
0.0128693904070304
0.0128477378085749
0.0128884764884023
0.012816568370308
0.0128823002529709
0.012812211246249
0.0128844634715455
0.0128751871761549
0.0128435742431954
0.0128561079942633
0.012849940070557
0.0128333592005211
0.0128708513839991
0.0128305221046966
0.0128475955411734
0.0128551669698627
0.0128384338333055
0.012901221143621
0.0128766701459454
0.0128570986816399
0.0128393380540382
0.0128782578313307
0.0128617864842415
0.0129278470006007
0.0127946093107921
0.0128206109802625
0.0128467738778972
0.0129066980183047
0.0128376398105035
0.0128424436586625
0.012889526151685
0.0128170297671373
0.0128045752234032
0.012915777155342
0.0128368353943189
0.0129016586868193
0.0127789615443681
0.0128226621174207
0.0128962716943812
0.0128566803082399
0.0128686217865352
0.0128025026999855
0.0128350493498972
0.0128170888728313
0.0128626207384966
0.0127740133422839
0.0128442548868271
0.0128612231374067
0.0128717365102422
0.0128667130524869
0.0128486158313574
0.0129263412939714
0.0128205830222308
0.0128610905174919
0.0128572132816925
0.0128049791632501
0.0128781122652661
0.012846095824577
0.0129081728427147
0.0128540158838395
0.0128288088571596
0.0128609743764596
0.0127973473139021
0.0128961771916893
0.0128216410480716
0.0128522970347602
0.012898764123384
0.0128674364313581
0.0128687150283417
0.0127819843844878
0.0128461954642312
0.0128932918266786
0.0127977744595014
0.0128192505102274
0.0128439351786222
0.0128785965888377
0.0128264932606907
0.0129243200978944
0.0128259231917901
0.0128124743985991
0.0127707737960349
0.0128333172945499
0.0128802155938717
0.0128178671982616
0.0128618269862533
0.0129386075526192
0.0128170728558935
0.0128259639004078
0.0128472680819134
0.0129081556338849
0.0128356030383186
0.0128462753542028
0.0128767989486938
0.0128766146631549
0.0128776549309535
0.0128396236737217
0.012805103070581
0.0128478603329077
0.012938530814842
0.0128928495856561
0.0128062439806297
0.0128299763696864
0.0127751083972894
0.0129326381693213
0.0128810198082861
0.0128967308418385
0.0128666934767421
0.0128724191595663
0.0128081986494057
0.012889468551275
0.0129030269410772
0.0128380117357784
0.0128470509725214
0.0128670255335928
0.0128306953261238
0.0128554881711274
0.0128362699852704
0.012841539934204
0.0128204324800534
0.0128208811474368
0.0128413040434454
0.0128215164870094
0.0128216166554977
0.0128092611281172
0.0128347375920302
0.0127726846238338
0.0128494407570145
0.0129015809842105
0.0128245888100711
0.0128373909273843
0.0127845412974072
0.0128363357116953
0.012893519071641
0.0128608683923497
0.012871555489173
0.0128413218536799
0.0128511873502865
0.0128027238660004
0.0128553917814831
0.0128239031246255
0.0128971549476089
0.0128398917511339
0.0128185805680702
0.0128905290526734
0.0127844055276373
0.012848457347788
0.0128765653536158
0.0128016362387462
0.0129016454646388
0.0128733043486323
0.0128102598010532
0.0127812294696817
0.0128078790154478
0.0128422395990688
0.0128452429646405
0.0128372708888702
0.012823982972774
0.0128449793913331
0.012843938024764
0.0128216675102263
0.0128595166438123
0.0128257999615954
0.0128839050692659
0.0128559286923565
0.0128300364616051
0.0128134705882683
0.0128168896191501
0.0128525145086752
0.0128109147433726
0.0128164751342487
0.0129348713984105
0.0128242170189664
0.0128760012479123
0.0127806128873799
0.0128571571641328
0.0128034717952946
0.0128773455366715
0.0128224240516049
0.0127964257397091
0.0128490000346457
0.0128541705354302
0.0128211032446256
0.0128189797009203
0.0128412472925094
0.0128303058104488
0.0128332083220707
0.0128651854524486
0.0128208019398254
0.0128470139963546
0.0128197840254543
0.0128181930438828
0.0128018340514895
0.0128160610330188
0.0128679912927671
0.0128618701844534
0.0128382871797674
0.0128633992262798
0.0128356671357606
0.0128174840567469
0.0128911720288209
0.0128652524101495
0.0128068143049859
0.0128898640509799
0.0128322252218143
0.0128874984861187
0.0128577395319459
0.0127966609546347
0.0128356832061772
0.0128319324428559
0.0128645079812876
0.0128210965812265
0.0128880044904158
0.0128289406584749
0.0127758747316315
0.0128162056858343
0.0129175716115498
0.0128505728400265
0.0128473162190565
0.0128380932723282
0.0128617150068023
0.012847187024913
0.0128657578978951
0.0129638658294346
0.012858787190375
0.0129083957616548
0.0128559760777623
0.0129515368255306
0.0128298395057189
0.012898836000143
0.0128654999329056
0.0128748150893665
0.0128255772835028
0.0128939265954596
0.0128403704560245
0.0129029069113209
0.0127918838440009
0.012883160957712
0.0128333439746332
0.0127977379243471
0.0128672568113746
0.012895226017223
0.0128613195007663
0.0128777104078122
0.0129150759716872
0.0128346603040051
0.0128161685083826
0.0128174837158399
0.0128116839452974
0.0128612439764318
0.0127990513108065
0.0128200144197862
0.0128832307423396
0.0127883360449797
0.0128862370567655
0.0128436040635595
0.0128068178950969
0.0127656992672283
0.0128568440723069
0.01281962529135
0.0127781375001474
0.0127820486867982
0.0128504770879879
0.0128346866079895
0.0128734668820957
0.0128582186171013
0.0128248833402271
0.0128311052769928
0.0128161129140167
0.0128573949241538
0.0128436111980813
0.0128604041285981
0.0128229737761713
0.0129269867775832
0.0129291495304842
0.0128245353910192
0.0128100631546691
0.0128750952934841
0.0128066916105965
0.0128971767508114
0.0128884272026166
0.0128944778304273
0.0128590033379675
0.0128746836598273
0.0128134901489484
0.0128836311285781
0.0128632827043913
0.0128140719761294
0.0127838368608385
0.0127720978342116
0.0128738169347384
0.0128145532276693
0.0128415738020484
0.0128161904234241
0.0129033738430257
0.0129049700624157
0.0128238775792314
0.0128616961188847
0.0128498054745636
0.0128908903867858
0.012869214126199
0.0128773441323314
0.0127846339454551
0.0128899083004607
0.0127917329060725
0.0128539074757104
0.0128645863858435
0.0128597958201994
0.01287191531702
0.0128779078605394
0.0128098997216873
0.0128435916120168
0.012882169871539
0.0128761377097746
0.0128366927968952
0.0128258122233129
0.0128371788191356
0.0128620144864751
0.0128361895637306
0.0129110899129638
0.0128498236100105
0.0128787873679721
0.0128322427006341
0.0128136026244529
0.012877427223973
0.0128347499613211
0.0127828504810787
0.0128303713519797
0.0128281831643789
0.0128531240068675
0.0128603850205015
0.0128225689324564
0.0127752078768803
0.0128333112481757
0.0128406510901458
0.0127969309829006
0.0128044237119697
0.0128153277356026
0.0128153409027347
0.0128919818643185
0.0128574482495163
0.0128642447898653
0.0127980701061345
0.0128874189878326
0.0128573345656267
0.0127714574282943
0.0128079041321714
0.0129109878125519
0.012815189398221
0.0128739164972253
0.0128160652406699
0.0128139689542402
0.0128136177046798
0.0127862231297529
0.0128444035269536
0.0127895487196143
0.0127999939740841
0.01283587702476
0.0127700567670632
0.0128206259397943
0.0127755883218951
0.0128634024163302
0.0128721394857194
0.0129063413009109
0.0128322066299506
0.0128119339825233
0.0128499019360953
0.0129110154036425
0.0128204322647363
0.0128339885604439
0.0127843009564095
0.0128559224173421
0.0128655293369787
0.0128727080928658
0.012914599761502
0.0128802172168012
0.0127609777093038
0.0128654911629437
0.0129207453492982
0.0129119810110264
0.0127827817320928
