2.9695046407800935e-5
0.00012237357017550257
8.292734163030044e-5
4.3162686173599946e-5
7.569933806469975e-5
5.2746384515599265e-5
2.0046194584011356e-6
2.5509233297797695e-5
9.54873532530015e-5
4.31074776791017e-5
4.3188847259598845e-5
-6.848476706702161e-6
0.00014073091244400093
6.87360783372011e-5
-1.6961491128009154e-6
2.189216974360017e-5
0.00010887966358610196
8.73952588320015e-5
1.4139856282902041e-5
3.51485185958976e-5
6.60698137882991e-5
1.4227786843599294e-5
4.358593985050174e-5
2.913419395400227e-5
7.780343940329976e-5
5.270978923600095e-5
9.78155756509863e-6
-2.2344880370197412e-5
8.540041758750214e-5
3.391190891390006e-5
9.078060202319729e-5
2.0536180532298998e-5
3.4502050218800095e-5
2.7864236389497227e-5
5.089919987140076e-5
2.4652619525302594e-5
-6.6090746832017655e-6
2.8730373373600515e-5
7.649559361798397e-6
-3.518884905899522e-6
0.0001173944924652004
-2.0012573182400656e-5
1.7388782863499846e-5
2.091669703569929e-5
7.532669339040121e-5
3.700057834740006e-5
3.622475657540092e-5
-1.5158056900013706e-6
7.360910068810247e-5
2.2661298569700422e-5
4.924623581619922e-5
3.106753503870005e-5
4.003192155250038e-5
4.974716688109851e-5
4.704389644430082e-5
2.451192808679975e-5
1.3207081133000814e-5
6.764057209309934e-5
0.0001361530260643
6.115905440850014e-5
-9.521938570997146e-6
0.0001083608523482979
-7.68188847129897e-6
0.00010618290189570029
1.3592176837402131e-5
9.60608698421031e-5
6.0285395125300734e-5
4.67790802662002e-5
3.086182533940107e-5
0.00010804621743670112
4.261752764509949e-5
3.3035434660200896e-5
4.599091005619976e-5
9.871009730700459e-6
2.2501315657896814e-5
3.924753082330118e-5
6.112576836430142e-5
2.4304170218498317e-5
3.198791598430298e-5
4.459091419380112e-5
4.85969621361014e-5
0.0001227968888345976
7.701647213580187e-5
9.171317583999555e-6
2.4861705526998956e-5
1.1798897429700361e-5
6.6040550799399e-5
4.5201055259600637e-5
9.162826739640001e-5
4.95396876129886e-6
3.5851940142800354e-5
6.607788591959929e-5
3.8361087700000684e-6
6.11798603476002e-5
3.0508137039801653e-5
2.1685655514303015e-5
4.5806606662698174e-5
3.4283233385799805e-5
4.0906722438199816e-5
9.5874717866401e-5
2.858987685459835e-5
4.805425834579838e-5
2.768818797189987e-5
-8.813564687900483e-6
2.81608588411017e-5
6.379199681709816e-5
2.4640372409397843e-5
5.8969731048900964e-5
7.634438986690167e-5
2.978234889780204e-5
3.9926746566901206e-5
1.2889611227900194e-5
1.302580124729752e-5
3.174537151800008e-5
6.023313913629952e-5
6.295468666910053e-5
8.372789681899279e-6
-2.189236800897998e-6
1.325322048260219e-5
6.486283946940258e-5
2.811016593429888e-5
3.68080581951008e-5
-1.1294784191699658e-5
5.905144434300083e-5
3.368024267470099e-5
2.3598499488700075e-5
3.608291147839948e-5
9.371782930630082e-5
4.7968571442499885e-5
3.404419026219879e-5
2.906848357459718e-5
3.8205196429198784e-5
6.11935533830002e-5
8.435114281999875e-5
1.7874295262697293e-5
7.246178935500086e-5
-5.730970514199185e-6
4.603715575798861e-6
8.217279257189888e-5
3.36397323396978e-5
3.325357629340234e-5
5.027503344720227e-5
3.099479379160136e-5
2.839370595829685e-5
0.00010286910775390151
8.396247597050252e-5
6.476664405040064e-5
4.51654861777992e-5
8.022004865879812e-5
6.988444578799949e-5
1.8637191086998822e-5
5.8158784169301536e-5
4.561993312840115e-5
4.20746166816012e-5
1.5328028571799657e-5
8.809869588101427e-6
5.7669332335499174e-5
3.730220300910206e-5
3.141333596520107e-5
2.7646792873300963e-5
6.175363344409698e-5
3.122889278859772e-5
6.496273034260064e-5
-4.834981146260159e-5
2.4373037598002245e-5
4.092747738849989e-5
3.5239982786004764e-6
1.972557435169983e-5
5.913904108570053e-5
-3.2772633010991203e-6
5.984699423599443e-6
-7.772453677300228e-6
6.637815736100505e-6
4.74567431823017e-5
2.1814655497602586e-5
9.671778524470223e-5
2.498096377760023e-5
5.819995488270252e-5
7.001823837050197e-5
5.3324793716797575e-5
2.2370510788800868e-5
3.366336950250126e-5
6.301481057499614e-6
2.18255939389983e-5
5.64969519524991e-5
5.696312823549876e-5
5.4004757742399934e-5
-3.5766068586969013e-6
7.113820598249679e-5
2.604099657860237e-5
2.69619140575994e-5
5.0482018142603e-5
7.174916906120196e-5
3.271943981680153e-5
2.463216604619775e-5
-3.804008097501449e-6
3.173409008160044e-5
5.614081408130203e-5
3.7817143877599824e-5
6.353700360298142e-6
2.6672868601501643e-5
5.149320158280221e-5
2.031903436849891e-5
6.69202198587994e-5
-1.164361066949976e-5
6.866667352720124e-5
2.1305780398002405e-5
5.9559742175700064e-5
5.9719648470801107e-5
7.466448904210055e-5
3.3201188851500474e-5
0.00010838728988209895
1.8615655256098984e-5
1.496670461879901e-5
2.9950784107897477e-5
5.732682487349927e-5
4.0487854788100186e-5
4.010311885340248e-5
3.0072915331202238e-5
6.331362012309757e-5
1.99662094989006e-5
4.1708180665598477e-5
2.046120040600022e-5
4.110586431160107e-5
6.233752253910138e-5
1.3734356484201155e-5
-7.311776532500924e-6
4.646668778189936e-5
5.5971561508098844e-5
1.0719923676499182e-5
8.400448680102174e-6
0.00010472588805640268
5.302680958619785e-5
2.7270579841798953e-5
4.182412461140039e-5
9.918222797559995e-5
2.3025255823698465e-5
7.980015671201629e-6
1.456923643870095e-5
7.486108416679751e-5
3.373910375710151e-5
6.618093318740137e-5
5.4771379199701486e-5
-3.1399966010994818e-6
5.8644885620996734e-5
2.532386488299926e-5
2.7786577208598756e-5
5.1762602459974605e-6
6.62160065747e-5
4.743248577590217e-5
1.9531997253498246e-5
3.806038416379748e-5
2.782599445030204e-5
2.113020500360205e-5
2.82674197846014e-5
-4.105564134000705e-6
2.415235713219832e-5
4.4428939147501956e-5
2.6432700130800402e-5
-1.2697336830902461e-5
8.492965985799905e-5
7.252748511790003e-5
7.041167878870172e-5
4.758935623799809e-5
3.5425493195989644e-6
2.1923960429902356e-5
2.4532619298099634e-5
-2.0596340328100232e-5
5.953932625940225e-5
4.3501698555301754e-5
4.23913343776984e-5
1.472848407989974e-5
5.353494496960001e-5
7.784370328019902e-5
2.1727104828599825e-5
3.892252573589952e-5
4.8602716423599285e-5
1.3066530964597756e-5
3.0790414838700875e-5
7.259209588490051e-5
4.822013883980236e-5
7.368668314002014e-6
4.9523948962300335e-5
5.151644790839932e-5
4.973532392302249e-6
3.698280828899961e-5
3.404226338920083e-5
-2.3865606759918e-7
9.256058108899831e-5
5.8352710501898e-5
9.357790250870066e-5
6.903578515080055e-5
2.9264999541898234e-5
3.5896547044500515e-5
-4.801705305500226e-6
2.3653827786011827e-6
4.8113400570499315e-5
5.503523465130028e-5
0.00010474036922929891
3.337650657440211e-5
8.16912209949984e-5
1.5020008082802794e-5
1.7142489793800508e-5
1.5498784936299193e-5
9.815230262100877e-6
3.1871322073800945e-5
1.7853844790999274e-5
3.969771321229998e-5
5.2970250495398136e-5
3.0090610404098772e-5
4.000736358340112e-5
-8.185046409300845e-6
7.66245526793996e-5
1.0158577782599237e-5
2.0398313297399773e-5
7.015172398410277e-5
-3.845512516399696e-6
5.293670207169934e-5
5.239973051199276e-6
2.4996780478299396e-5
1.2623053707500054e-5
4.898518783190073e-5
7.656620740170011e-5
5.986664457370214e-5
4.0804314826201754e-5
1.1670209025697875e-5
4.079934715170083e-5
7.989930265869805e-5
5.3910310441898646e-5
1.828230141297238e-6
2.7958581244002384e-5
2.0259232132099902e-5
4.89348215266007e-5
-8.65698792009914e-6
4.2404465800699453e-5
3.58582508327987e-5
-1.1281010643994505e-6
5.594787279999264e-6
8.951501228270098e-5
1.001768071990164e-5
1.930768852599976e-5
4.3228107229700136e-5
3.422288450989977e-5
6.57897562110002e-5
9.793030294749996e-5
7.089142474279997e-5
2.670181458010179e-5
1.6565420707801565e-5
3.5258502871102215e-5
7.286293690489734e-5
3.2629124163498224e-5
4.42621030883987e-5
5.546025142029801e-5
7.889419867670305e-5
7.123041151259682e-5
-1.6266703315299252e-5
6.089351103669843e-5
1.709982547769967e-5
6.403388574800079e-5
6.852030576549872e-5
6.361483240640078e-5
2.8659586878299753e-5
2.0405101785699042e-5
5.15950825486014e-5
9.764567791360063e-5
2.9472169029098882e-5
8.287673365990275e-5
5.953019399209877e-5
5.112757694309897e-5
1.8587256141198993e-5
4.4573860967497825e-5
5.2745012511699885e-5
2.025664482550177e-5
4.88162885299015e-5
2.1089033263498036e-5
1.9456780491602932e-5
3.41909770219008e-5
-7.156861382001667e-7
5.0935188203701104e-5
7.463280198220096e-5
3.6469699685598433e-5
2.2909633037498933e-5
9.52104719309857e-6
3.756344289779917e-5
4.773775746749753e-5
5.2721707524801265e-5
-3.033129350649838e-5
8.921950354900954e-6
7.57481518309025e-5
2.079551594120002e-5
4.423922741979974e-5
1.6821687778199174e-5
2.0410235619900546e-5
2.2451215284598897e-5
2.5451213968800263e-5
5.728234405779839e-5
6.29171165858998e-5
3.3545639119201415e-5
6.146781698349729e-5
3.497544415980228e-5
