0.0003823431305165978
4.36258826671046e-5
1.614236156896598e-6
-9.976320979203368e-6
8.094554846099777e-6
-6.753353743859519e-5
5.385221326800749e-6
7.287236663129637e-5
-0.00014088247691190076
0.0003150467318231015
5.414597372507823e-6
-0.0001063139255923079
0.0001839856669390988
-5.348673303180035e-5
3.310843556909859e-5
0.00016823407356469922
2.0797486644200114e-5
0.00017638154464619943
0.0005150327288094975
-0.0003390003209874995
0.00019027375393839557
-0.00027538694349049653
-8.800542007419976e-5
0.00010688847662269907
-4.8604149586205236e-5
9.611604490379622e-5
-0.000182423163841601
