0.005523781966741401
0.0050112681697076986
0.0044822723841152975
0.004877401675496405
0.004945595036215403
0.005061950037070204
0.0048826588919654995
0.0049052172918801
0.004890236483123596
0.004320529219069703
0.004749543707549805
0.004861194680398695
0.004958719047073401
0.005491387796645701
0.005227950455737401
0.004289182610072301
0.004578412720680505
0.0047768630830146985
0.00475756418710141
0.005182517615223196
0.005159569437311898
0.004656742243115103
0.005064543609890296
0.004261084627822105
0.005011844430689895
0.005093611851831804
0.0054600309771283065
0.004205749726548906
0.004228645038646804
0.004170398938985298
0.004932021923008699
0.004811019437341198
0.0046785047512998
0.0044265269064181975
0.0050517906675311
0.005063794245309498
0.004969165930950099
0.0049634001065973
0.005533016902920095
0.004133524625369096
0.004837399632670998
0.0047485624855923975
0.0036577704086935003
0.005075610596779204
0.0037653847423626957
0.0052030119167338
0.004954446783893701
0.005202160221629497
0.0046082274685421
0.005080951749277196
0.0047920502615914
0.004822494069315203
0.0048690842431331
0.005444090353651503
0.004972142594316997
0.004642804458732393
0.0043275456673703
0.004497943838934794
0.0044766827167112
0.005038454277710401
0.004643256471844999
0.004765541515832
0.004336363540283696
0.005509298997227796
0.005496396045361299
0.005289698739169797
0.004215435733356802
0.0047471176790468
0.004709516896174097
0.004370494848783199
0.004594445497856002
0.0045514735306251
0.005420293875265901
0.004096712723032199
0.0046703283375838026
0.005252864653559501
0.005123953132697298
0.005125050580026498
0.004748369077689399
0.005353458921337803
0.005212485447290298
0.0046570217738292966
0.004745760135606403
0.0045915951393808024
0.004653243174157905
0.005210125859578994
0.004495014571167404
0.004428825566311204
0.005296169790140998
0.004390942387109208
0.004921850276250202
0.005140934707879699
0.003987848944440105
0.0055716014680319975
0.005510241906586402
0.0041555285956645024
0.004543802414338299
0.005155818342149794
0.004583102475699298
0.004907493987587601
0.0048985287866972
0.0054703973206574955
0.004488580295906597
0.0046875143986105025
0.004676820592053196
0.004818562533143805
0.004870964614960102
0.005271979462537997
0.0049486838728783
0.004635251815978597
0.004721959873232408
0.0048239705449638
0.004963689377585498
0.004630070718382298
0.005253795464307098
0.004616469647680095
0.005219832345047505
0.004933697733771905
0.004800599248107398
0.0049264931610121035
0.004561592224174307
0.004856492002130598
0.0051452242088992
0.0041227484616983
0.005073317096001104
0.005131673000202001
0.004967568166936498
0.005151150547184201
0.004687787431222994
0.0055317047355549
0.004704228312184297
0.004831600150610897
0.005263741498486206
0.005185857258454996
0.004044992211871504
0.0054007543112621
0.004433995901825395
0.005087480986223102
0.005061186328120096
0.004830885804442402
0.004834764506397006
0.004512077555040898
0.005243969624915502
0.004970078871498598
0.003882686065467905
0.005088782305465896
0.004430277186933403
0.005401543305702097
0.005012763976863205
0.005066687762751494
0.004944132117096801
0.005259362916630594
0.00460104661696361
0.003989701934969794
0.004770022546570697
0.005234570137996296
0.005027254810084099
0.004669734480658806
0.005296452804940198
0.0044311486440404
0.003994135962557807
0.0056256688199771004
0.0049684088685416
0.005540273554189602
0.004740675530157799
0.005219319543913498
0.005014854769397295
0.004872973312347005
0.004753180423713803
0.0049160428715046
0.005462820539766704
0.005305069867798502
0.004624473625914997
0.0044949730528934945
0.004756793508790796
0.0045789168448800086
0.004831541498265
0.004812656277027004
0.0046757592557106
0.004673972618865804
0.0046957265044738974
0.004875663282985401
0.0046534290931544015
0.004982186736243094
0.0050682340320064995
0.004802702310571602
0.005201117588739201
0.004931664198445297
0.004963880129833995
0.003891085994681902
0.005078035508715495
0.0048457201477555
0.005529943247061304
0.004734575947619495
0.005116989016384396
0.004378219296528797
0.005233961494542701
0.004342832160041402
0.004766543193023699
0.004097504452990605
0.005155276005738195
0.0042897690657172916
0.004512700780492006
0.004987762322767299
0.005131018405528598
0.0050198425063837995
0.005218666030910597
0.004957931247230103
0.0044582954371071015
0.004658986889316305
0.005177313716332295
0.0047862781207825
0.0048582894377549035
0.004496044711674002
0.005602189346334406
0.0050803633339797025
0.0049270747618421
0.005214666250867701
0.0052508896654777995
0.0036990479068261944
0.0053660754636322
0.004618407476469008
0.0042694487412012
0.0053096469189037945
0.005057779681305101
0.0043846145929835045
0.004650358719061699
0.005376832616007
0.004998798635991598
0.004646173592407703
0.005003711896101
0.005056822946160305
0.004651959458630096
0.005051994166537302
0.005192467834963299
0.004806282041742396
0.005082603394484797
0.004490226471707798
0.004822681747280004
0.004502737419199002
0.004738358090635192
0.0049556641606129034
0.004984710732343099
0.0049551044481110015
0.004834340716457199
0.005166607378404096
0.004673153776578405
0.005069018268455801
0.005544135328886403
0.004976014841837996
0.004514402526223205
0.004726754247132599
0.0043743094848234035
0.004911831728166706
0.004441219860279004
0.004339762409813194
