2.8124963399250164e-5
2.432437033984998e-5
2.4838273175139744e-5
2.8759797939880566e-5
3.227142019949971e-5
3.534867450425989e-5
2.658318001752015e-5
2.5608431051389775e-5
3.4849371242000673e-5
2.52767821632199e-5
1.5975305414429528e-5
1.868962595957986e-5
3.379830428565985e-5
2.175144393984016e-5
3.0324485753890212e-5
2.9182458250990098e-5
2.4197559146899895e-5
3.0041080261630423e-5
2.478943273355027e-5
2.368018463118956e-5
3.281332573363063e-5
2.4863120121740648e-5
2.734976557844989e-5
2.7828180175940714e-5
2.6370902991070325e-5
3.675531403515061e-5
3.156936787367028e-5
3.0072715665989923e-5
2.7822127114210046e-5
2.4582333272390143e-5
2.3786157497289982e-5
2.821098943462004e-5
3.165216877574952e-5
2.9506328991489757e-5
2.437343559528061e-5
2.8506010612239577e-5
2.5313326487579925e-5
2.1432090437740678e-5
3.2273734451900536e-5
2.2419733039410507e-5
2.7484807605109886e-5
2.2672363320709946e-5
2.3086601843430414e-5
1.8085874287250385e-5
1.751723632135993e-5
2.938897811618959e-5
2.229858419550059e-5
2.7067749879619747e-5
2.4725455657229577e-5
3.05152621275194e-5
2.8578434426370335e-5
2.564044061790019e-5
2.5480959072530195e-5
2.1405748989239935e-5
2.038860619413968e-5
2.503341512031989e-5
2.5164709219900085e-5
2.6827976658980353e-5
2.3153828992149815e-5
2.6775090047189906e-5
2.7203087341489893e-5
3.1420924136099995e-5
2.9699492822599788e-5
2.6218489699119524e-5
2.072285747132044e-5
2.492854036026046e-5
3.052551655844966e-5
2.1904006923610664e-5
2.7366466558610344e-5
2.6156987745369273e-5
2.302394818747954e-5
2.0297866769920445e-5
2.3999049477560312e-5
1.636308626389981e-5
2.3090851005200252e-5
2.4202774451269685e-5
2.4941373112240435e-5
3.230758873247995e-5
2.4311965717930054e-5
2.3456354828870103e-5
3.129298226173076e-5
2.0517197323629936e-5
2.2325332422129876e-5
3.492593565629972e-5
2.655517132119957e-5
2.5591765986550385e-5
2.5382139050430033e-5
2.3657069818439937e-5
2.714746048291996e-5
3.3471379619420295e-5
3.0149933712069615e-5
2.9579469714909393e-5
3.065286857082024e-5
2.294813888189043e-5
2.0792574198919694e-5
2.089360159128993e-5
2.7348388816499786e-5
3.2583932392480155e-5
3.151492747555974e-5
2.219635615394004e-5
2.6144660799700195e-5
3.05916508600906e-5
2.7640939921819846e-5
2.817327122991986e-5
2.6281749470990004e-5
2.866074234238007e-5
2.6858238379640076e-5
2.4342359216600155e-5
2.316437890661962e-5
2.42715225623703e-5
2.5245058931109253e-5
2.295779038592044e-5
1.9939284898680236e-5
2.5652293134390165e-5
2.9365509374930203e-5
2.5417418390980516e-5
2.7566096064080003e-5
2.217286980971036e-5
2.6919022573330606e-5
2.7395205699840344e-5
2.407790256508946e-5
2.2817240032379886e-5
2.7869210613339947e-5
2.0939326166629496e-5
3.2910074389090084e-5
3.071662930085022e-5
2.9527881956559546e-5
2.3864151089420665e-5
2.2808797887700384e-5
2.119611549002056e-5
2.110478431250045e-5
2.864842310866013e-5
2.1361145868739953e-5
2.8350847962539498e-5
3.126576785760036e-5
2.9734953513610093e-5
2.196797067956051e-5
2.8635649585649972e-5
2.597219786289011e-5
2.3810520800299564e-5
2.41933839563108e-5
1.9900054023940482e-5
3.6743721737259906e-5
2.5245325148299906e-5
2.8367295121389628e-5
2.905954651435949e-5
2.6844994526939794e-5
2.1993411264180363e-5
3.0019264169190048e-5
2.3753559137070467e-5
2.7894152214789913e-5
2.7082617355130012e-5
2.7164302527740367e-5
2.7677232906289997e-5
2.797639623761984e-5
1.9629469538849816e-5
3.171967540009993e-5
2.299977169204978e-5
2.6331817103159537e-5
2.1466244977660053e-5
2.7907904786609976e-5
1.9381652771289885e-5
2.8207301123439263e-5
2.7790971508110697e-5
2.4432425706090617e-5
2.119061108675057e-5
2.8180927923489828e-5
3.1598344453019796e-5
3.0498009660229544e-5
2.432803093688988e-5
2.8634619565830535e-5
2.3909220566870233e-5
1.9137375592410272e-5
2.9007707530880403e-5
2.671035607019947e-5
2.9990872065290344e-5
2.1470418718879877e-5
2.9429774074530256e-5
3.163216102541021e-5
2.3698163540349614e-5
2.8019823363919366e-5
3.622329342746998e-5
2.2572735648309847e-5
2.4256118205500353e-5
2.94338296750905e-5
2.6060250167529546e-5
2.8698903845049764e-5
2.1092269319679738e-5
2.6038139109050597e-5
2.0626067787229974e-5
2.7237555395170227e-5
3.055748662629011e-5
2.1814663183660106e-5
2.2662060753449696e-5
2.277804339040953e-5
2.670703780781932e-5
2.538467265024002e-5
2.5521297170729568e-5
2.2671185696959695e-5
3.241627201793981e-5
3.461091790631955e-5
2.4562278414639975e-5
2.218763895355056e-5
2.469252554686968e-5
3.250320833823005e-5
2.013074655982973e-5
2.3224386301230228e-5
1.9014023054119734e-5
2.4909223935229777e-5
2.245855214124022e-5
2.563182536048994e-5
2.284474022742032e-5
3.175363950654996e-5
2.8530083440780028e-5
2.2731975991139262e-5
2.1492236679160337e-5
2.6910837994400215e-5
2.4575307967530588e-5
2.63311270729304e-5
2.7160299813320035e-5
2.8015308401099955e-5
2.575777870913922e-5
3.125131458870962e-5
1.617207098857966e-5
2.6701460446310055e-5
2.2017014534699876e-5
2.4157421304370208e-5
2.0439972431699968e-5
2.4515543287239976e-5
2.5955381583679833e-5
2.6220195451249345e-5
3.44173395392406e-5
2.8517256771169903e-5
2.9556836293680167e-5
1.9153818504410135e-5
2.374319687115968e-5
2.3504540589590166e-5
3.3150583335739975e-5
2.212838591353003e-5
3.205833715147922e-5
2.6641732772409582e-5
2.5509336455439846e-5
2.907764604695006e-5
2.215319717730011e-5
2.523479002419001e-5
1.8677736953910153e-5
2.1014844923980362e-5
2.4188403176099785e-5
3.108416982346932e-5
3.074092767837034e-5
3.104335162580976e-5
3.194048117494998e-5
2.2900614567290464e-5
2.834946421530031e-5
2.4092941679940486e-5
3.1408201932770115e-5
2.2605461747570062e-5
2.9470351387379454e-5
2.9920999346899624e-5
3.187418909255963e-5
2.2400004179949466e-5
1.6983310776620512e-5
2.80837403330899e-5
2.6070172968290298e-5
1.9213272210020713e-5
2.608121231622955e-5
2.0604961380630074e-5
2.7868570862890282e-5
2.8353395425840568e-5
2.7489126912080136e-5
2.184808855422004e-5
2.305739991785051e-5
2.453322623181993e-5
1.8353518554929497e-5
2.5352361854700037e-5
2.5978644144549617e-5
2.2370069487030568e-5
2.4557896096309706e-5
2.4950898192039987e-5
2.7681677762949816e-5
2.4236510392650415e-5
2.6997022571390028e-5
2.5301378302839718e-5
2.022271739406025e-5
2.3518731899099636e-5
3.121564895179965e-5
2.3708301512390464e-5
2.0605635465059842e-5
3.17952861149497e-5
2.378454132493952e-5
2.7128557482989854e-5
2.4274409662390292e-5
2.7990098946010546e-5
2.5372054892540234e-5
2.4149306523319966e-5
3.1428991759020405e-5
2.6438522306760498e-5
2.849631054040007e-5
2.749369626837972e-5
3.0473184901130476e-5
2.505844874523943e-5
3.215281667687947e-5
2.282532664849967e-5
2.6301569856539836e-5
2.740252247628982e-5
2.703120747530978e-5
2.9129553850390164e-5
2.084243774912002e-5
3.0894875815950205e-5
2.4301564012849455e-5
2.560431054637012e-5
2.0313622973089883e-5
2.0777925512139618e-5
2.7112196307989972e-5
2.2293409423679474e-5
2.602622990561989e-5
2.1682330278200053e-5
1.8619964213950103e-5
2.3141639083830087e-5
3.1744918329999934e-5
2.5796501890839457e-5
2.508974767325995e-5
2.6901982722700273e-5
2.445265696524989e-5
3.00892836659003e-5
2.4016707499440078e-5
2.809399473805048e-5
2.5606707410500036e-5
2.566613257444072e-5
2.8146329760250083e-5
2.6121578495490703e-5
2.4264655353180113e-5
2.4181004767850033e-5
3.0923771221010206e-5
2.5100799937879947e-5
2.3642476878310212e-5
2.2852619772959805e-5
2.294778080598036e-5
2.505036547718019e-5
2.375168178840939e-5
2.103054559642048e-5
2.4830331792420786e-5
2.509429191991947e-5
2.9128700510730812e-5
2.291710015948044e-5
3.564937395504966e-5
2.5442592476930016e-5
2.7019431822749955e-5
2.5353787225680137e-5
2.2570197619040458e-5
2.8501972091209832e-5
2.4731186956830284e-5
2.451784082898971e-5
2.680212458671012e-5
2.1398239842990684e-5
2.1215831043509825e-5
2.271111004365032e-5
2.850333040139985e-5
2.2620572659720097e-5
2.659596247109059e-5
3.002719157324009e-5
3.083880236822052e-5
2.4173353171249787e-5
2.656190414032991e-5
2.7288317420899773e-5
2.153825225761994e-5
1.8385914383220285e-5
2.2255777352759958e-5
2.6161264963500165e-5
2.5968631519650287e-5
2.8471503249439915e-5
2.8945862145230046e-5
2.5772980623710133e-5
2.643715021466951e-5
2.539250789676973e-5
1.6881116007869817e-5
2.6871305268180018e-5
2.5854301363170164e-5
2.7181591011889855e-5
2.4386435871190208e-5
3.063602208795008e-5
1.790703140028011e-5
3.0773098243969815e-5
2.5089706795330437e-5
2.8923830557500523e-5
2.829928464471998e-5
3.074671892948008e-5
3.646563976963946e-5
3.437006227982077e-5
1.903425159426996e-5
3.0522969067739956e-5
3.084091965121008e-5
1.8061053413140002e-5
2.0101536637209295e-5
2.2144515241119718e-5
1.8899823799440295e-5
2.59183400959e-5
3.278708506484953e-5
2.7689027819380492e-5
2.5474479641440437e-5
3.032962558657034e-5
3.272957300457999e-5
2.7468321073909757e-5
2.548286657113978e-5
2.204767196401034e-5
2.4628839729890287e-5
2.990510722187048e-5
2.999883741569044e-5
2.5069589697390704e-5
3.2455757332699835e-5
2.773198457284038e-5
2.233301472536007e-5
1.794897301047975e-5
2.716695847313974e-5
2.1019555620230106e-5
2.333585483158939e-5
2.3894913747119634e-5
2.8466197576859815e-5
2.8105293390559734e-5
2.0485007847959903e-5
2.6076497981510072e-5
1.953422807669976e-5
2.529692550881993e-5
2.779560432356054e-5
2.085499596893043e-5
2.459357803647009e-5
2.4936462246270483e-5
2.436510778467023e-5
2.0594566705709784e-5
2.2059040997700514e-5
2.5665856016820164e-5
2.3019614955819764e-5
2.5265744740679726e-5
3.074500364809961e-5
2.785083973705013e-5
2.7600623722910146e-5
2.5601925145559215e-5
2.775676800147956e-5
3.419319281228964e-5
1.7776792525720127e-5
2.3426935661839676e-5
2.4630223145680197e-5
2.291282062061046e-5
2.576693829042017e-5
2.1139166654569365e-5
2.160485924104002e-5
2.6719635544479592e-5
2.478464240987955e-5
3.146228010908036e-5
3.017498476517045e-5
2.230923100240978e-5
2.900308198657952e-5
2.7416839455389475e-5
2.08270657817795e-5
3.217180309727976e-5
2.1515470865950126e-5
2.555672386081974e-5
2.944031034447011e-5
2.2518022772100195e-5
2.8394661562959958e-5
2.6272117203609592e-5
2.5771007622760016e-5
2.879723756651041e-5
2.5177700969690638e-5
1.95064501639702e-5
3.2459504258539745e-5
2.6207607069330015e-5
2.5539818784330037e-5
2.0902958219370764e-5
1.993869540457046e-5
2.5853407813780302e-5
2.4273899079080286e-5
2.7639108154519504e-5
2.3652155370469836e-5
1.948590821698997e-5
1.6566003378629818e-5
3.165836386124967e-5
2.474115897236045e-5
3.024031361942032e-5
3.175221775736023e-5
2.0776659317199922e-5
2.2790642679629963e-5
3.266173326193014e-5
2.9324789725970225e-5
2.6299573772090197e-5
3.18177294731806e-5
3.30923311335201e-5
2.4181474159429457e-5
2.2797465704950046e-5
1.86324140590095e-5
2.760492696057045e-5
2.1218469931230145e-5
2.6050515722800087e-5
2.5461954348869956e-5
2.705668855912044e-5
2.8392566381609495e-5
2.737038710725042e-5
2.5842938956980623e-5
2.8131602607880078e-5
2.450607240669922e-5
3.086432117263994e-5
2.299618112474016e-5
2.4117199074759864e-5
2.500205307968007e-5
2.3507003766429745e-5
1.9279546971239653e-5
2.473375668836028e-5
3.7497748255079476e-5
2.675030903884993e-5
2.7866758976329356e-5
2.946971148445974e-5
2.8297045036999348e-5
2.2709721016479258e-5
2.1454295937020293e-5
2.258504793526024e-5
2.816746973493059e-5
2.6168881882670213e-5
2.1778288571000504e-5
1.910862524963971e-5
2.7610488815680602e-5
2.2322863288579478e-5
2.544826627612004e-5
2.59673378072197e-5
2.2953889423749964e-5
2.6870541957310645e-5
2.3516784591919547e-5
2.5499312838640417e-5
1.992938724628985e-5
2.62691918129802e-5
2.9586240932849908e-5
2.7848558590420035e-5
2.3064275939449833e-5
1.9388542268650513e-5
2.805521237620942e-5
1.925513531799046e-5
2.211907234697056e-5
1.9881495007500506e-5
2.755346175307028e-5
3.0177531911809892e-5
2.5871245259349515e-5
2.956205432712994e-5
3.0643541706520255e-5
2.5252927362799313e-5
3.448409917704027e-5
2.5160344862410096e-5
2.7713245708190296e-5
2.4722161664890267e-5
3.2080929170729376e-5
2.685923384797978e-5
3.0046388700359812e-5
2.09871018125099e-5
2.8669780597059477e-5
2.8250917345840412e-5
2.885895767922985e-5
3.14604227862501e-5
2.761911635974952e-5
2.755054096006005e-5
2.275972938294013e-5
2.312970481863942e-5
1.9479381448639366e-5
3.0075231688949343e-5
1.9645946416770033e-5
2.4433856221340276e-5
2.6563295173139684e-5
2.0460290449109998e-5
2.8727377948300353e-5
2.485274127738031e-5
2.5086482754219964e-5
3.3729928630759666e-5
2.6550756820049523e-5
2.412441718372023e-5
2.5484792181749982e-5
2.626357052082015e-5
1.974159242295985e-5
2.6746733043839406e-5
2.2683032390870272e-5
1.876256728259012e-5
2.460780106402008e-5
2.636710050805003e-5
2.3789123199489427e-5
3.0192173937519835e-5
2.022851153665045e-5
2.7103612963479996e-5
2.002596268997972e-5
1.9592966816600436e-5
2.450664563431043e-5
2.3615609893930765e-5
2.434669078657959e-5
2.0440820185169822e-5
2.4268435828409853e-5
2.598261926610012e-5
2.7941263776820775e-5
2.0982694643499958e-5
2.285613979084028e-5
3.214542153619042e-5
2.844917202103007e-5
2.6877370941209844e-5
2.9257535069509948e-5
2.7662120850660554e-5
2.2654723112329987e-5
2.8411804410000303e-5
2.927777182341971e-5
2.6461504622429972e-5
3.325322594111956e-5
2.4165287609319644e-5
2.162535926948997e-5
1.9965414038440078e-5
3.0456924686620562e-5
2.73932349317196e-5
2.6096801974899442e-5
2.509196225959024e-5
3.275727761671999e-5
2.7843824898480737e-5
2.462365803283014e-5
3.122595614572007e-5
2.9296730774299416e-5
2.4841397338080246e-5
2.649142886499995e-5
2.791679862476984e-5
2.2327879433179862e-5
3.1980410565599776e-5
3.1607658060079855e-5
1.875754909777018e-5
2.9476450805950363e-5
2.421461514056939e-5
2.219459017047034e-5
3.0511265479590127e-5
3.0900359720520236e-5
2.570795334690991e-5
2.9561059823979968e-5
2.159851558355963e-5
2.8004968295879985e-5
3.0796279221389534e-5
2.4105757988459285e-5
2.0827331249380528e-5
2.7524790873490086e-5
2.91968326625305e-5
2.5927835061920028e-5
2.3442078437510214e-5
2.333486180318943e-5
2.653358310840924e-5
2.8677461151089927e-5
3.295647095566054e-5
2.562612317332999e-5
2.466674347381074e-5
2.3431014376059343e-5
2.2323540095700242e-5
2.4247602007430695e-5
3.048110930916996e-5
2.9675271299060314e-5
1.9660884147729325e-5
2.0399135371260146e-5
2.621225377238967e-5
2.660744251071004e-5
2.3241906281960302e-5
1.9112734307150624e-5
2.6794077207779356e-5
2.2616505855739717e-5
2.646973476379006e-5
2.902556362356038e-5
2.350127399055983e-5
2.5654903395160716e-5
2.3877257733299385e-5
2.3479363965469603e-5
2.008927615004992e-5
3.353394968195946e-5
1.8626007628040446e-5
2.0616129242260334e-5
2.3590919173959585e-5
2.6352494521410252e-5
2.4323877475480003e-5
2.1829890445100586e-5
3.393465510089996e-5
3.0714975522770464e-5
2.519034139408967e-5
2.434363257495034e-5
3.231072093139945e-5
2.486111209148035e-5
2.9691886077410322e-5
2.2283874794710307e-5
2.886371259095029e-5
2.8496229400969825e-5
2.608336165950062e-5
2.2093452419330237e-5
2.6194607786710067e-5
2.5484507421409675e-5
3.16189138789098e-5
2.5922865374890074e-5
2.8532947332499288e-5
2.8869230437689707e-5
3.0075968258549794e-5
3.2434017019899834e-5
2.5637136076209557e-5
2.2025094797110435e-5
2.137340503138071e-5
2.9017421645850285e-5
2.3572699455349892e-5
1.911722611775985e-5
3.042541089233984e-5
2.2892548558320347e-5
1.9695047934540147e-5
2.702334737756957e-5
2.5561466785739735e-5
1.593092649239923e-5
2.347484630213937e-5
2.7932069397620073e-5
2.0599651390740444e-5
2.5043504493600308e-5
2.8589407982170488e-5
2.1949393427319643e-5
3.24657090206102e-5
2.339333236313964e-5
2.187703441984025e-5
1.684551900598026e-5
2.4262905075110065e-5
2.397864851987931e-5
3.1164910819479925e-5
2.790508890772054e-5
2.7094572967930122e-5
2.6828386754980046e-5
3.2474487562590346e-5
2.8738132508799447e-5
2.3626348321300304e-5
2.775402876391015e-5
2.8432254116690474e-5
2.595046578785995e-5
3.402796422747982e-5
2.461367229216003e-5
2.969326888088014e-5
2.3214296114089546e-5
2.5930530139259278e-5
2.3272742639939524e-5
2.9570841795660552e-5
2.3818550817469863e-5
2.340271643232021e-5
2.4671739782939316e-5
2.9128742429030373e-5
2.6851298360440132e-5
2.4429119697260207e-5
3.0581335148689194e-5
2.3764020527130246e-5
2.7530120439689908e-5
3.407955518141062e-5
3.152603214832961e-5
3.340446507214042e-5
2.559902897910065e-5
3.430490924551024e-5
2.1855834390980232e-5
2.108124465054033e-5
2.491064656253046e-5
2.126149718606994e-5
2.8290298102090147e-5
2.373202803853964e-5
2.3814229203670406e-5
2.5735299021169625e-5
2.431547216364023e-5
2.59810169525301e-5
3.064160578029017e-5
2.5542459963989565e-5
2.4701635809440056e-5
2.50198116970397e-5
2.661451118835933e-5
2.597675622426944e-5
2.200385700210951e-5
2.3429914312959703e-5
2.6666531985260374e-5
2.5239650060149624e-5
3.010308841649989e-5
3.168103255048009e-5
2.9636497288209294e-5
2.170073319852049e-5
2.311531198477025e-5
2.7112414801439867e-5
1.9554122549269963e-5
2.3095912360790102e-5
2.8131176098120277e-5
2.6704267344839633e-5
2.9036834431190456e-5
2.367280388256964e-5
2.993265773569998e-5
2.179100242497012e-5
2.8045722063849664e-5
2.320217986863035e-5
2.896801621966958e-5
2.4666661782410566e-5
2.6192941287309784e-5
2.4394149369729758e-5
2.6777979051110547e-5
2.7780691320040095e-5
2.7855702306459756e-5
2.7601244501540036e-5
2.2608862686420046e-5
2.6174193465170435e-5
2.557875426924955e-5
1.6537641810610362e-5
2.1932627188660063e-5
2.0104072683340204e-5
2.7785449047029384e-5
2.805435772242071e-5
2.758971937709062e-5
2.753098845257977e-5
2.5473265225439516e-5
1.871932590379998e-5
2.8986870428799293e-5
2.972522526577953e-5
3.0347446809659596e-5
2.7399486367119322e-5
3.3949914045179955e-5
2.4130747871400036e-5
2.5008256489720063e-5
2.429114416978035e-5
2.1431495011809895e-5
2.979164549039067e-5
2.8736502372870426e-5
2.0683702438329364e-5
2.9139708471920094e-5
2.2723251257819772e-5
2.3996637973520453e-5
3.215075118744026e-5
3.125352569690026e-5
2.8368349752600115e-5
2.4743714436879262e-5
3.505715496868959e-5
2.6158415195649647e-5
2.556128433054989e-5
2.2949724213440492e-5
2.2866350716509512e-5
3.069288300758949e-5
2.693281696081011e-5
1.9280400510829354e-5
2.2989938059990098e-5
2.1353204376109783e-5
2.1548062361180162e-5
3.5836846613849366e-5
2.5788654474260056e-5
2.8287908726479585e-5
2.1289177721159694e-5
1.7124511341369726e-5
2.16144381082993e-5
3.207419871597075e-5
2.7222014818210384e-5
2.7522077865839954e-5
2.7160157784369802e-5
2.310148221684044e-5
2.848584565802014e-5
2.676555648777057e-5
2.8110383144599842e-5
2.2763196815879863e-5
2.8262099048330554e-5
3.254542691195038e-5
2.3154935134150727e-5
2.8437216244590023e-5
2.9879706667540473e-5
2.310813217166075e-5
2.2491858770289606e-5
2.1511697263150095e-5
2.6740635809140503e-5
2.6340924951240297e-5
1.850663093082988e-5
2.5748641181869668e-5
2.3892216952679964e-5
3.338127657883001e-5
2.6307533295489953e-5
2.6611487403709576e-5
2.0979199373140356e-5
2.2969714907459908e-5
2.2304274207730207e-5
3.001691432687019e-5
2.3270436836340253e-5
2.5799612842659393e-5
2.972935902119042e-5
2.7346301120700564e-5
2.7842233973679985e-5
2.9316290426870638e-5
3.3433814389100674e-5
2.404792544521018e-5
2.9265129205760347e-5
2.2858881737279277e-5
2.3394181515719488e-5
2.5947922628669767e-5
2.1459782210209513e-5
2.0866015708520015e-5
3.522426852253964e-5
3.194975295597001e-5
2.7592850731029787e-5
3.259123787740983e-5
2.152432798883941e-5
2.1644667910000227e-5
2.3662647609079893e-5
2.64969041585501e-5
2.7084242336110516e-5
2.574398087751978e-5
2.553748176778014e-5
2.5904256888189744e-5
2.618090176175012e-5
2.5449711050589373e-5
3.0225924136210308e-5
2.8551650442979783e-5
3.155646574344931e-5
2.6983157684690347e-5
2.2052313269799693e-5
2.403542169155965e-5
2.281477099176036e-5
1.680184128842032e-5
2.9609987309549973e-5
2.8623173656590166e-5
2.5807176338770062e-5
2.530529796085975e-5
2.711198344299958e-5
2.5511316607019878e-5
2.3500726475310547e-5
2.330184594427024e-5
1.9635445382749396e-5
2.451392529183999e-5
3.3150076701720516e-5
2.663630377945994e-5
