6.456508362739921e-5
0.00011043889232299764
0.00024061500388360135
-5.972780146509815e-6
0.00015951137173020324
0.00019006173223420908
0.0002621252728673973
5.356066393601144e-5
-0.00011714342112378873
0.00033675771635539864
0.00037143863957170287
0.00011802838120919534
0.00021001974161199977
-0.00014580139106359913
6.133182233990231e-5
0.00023049418189470539
0.00012205977604250184
-0.00015224006199439366
0.00023106436407339948
0.0004054101041822966
-3.980130780595337e-6
0.0001191165793056892
0.0001877131877438959
-6.878708752221241e-5
6.0503998080899124e-5
0.0001641590240108043
0.00019437243878410448
6.385607057439457e-5
0.00018199071522430332
4.003831649079803e-5
0.0002989785106423948
0.00014478344992900627
-3.8881094948012285e-5
0.0001042314001521022
0.00026958927403750166
0.00048328292546000184
9.945938205810356e-5
-1.3692661005398898e-5
0.00017487114136620352
0.00010863165727960367
0.00040420767929370827
0.00015137932986371283
0.0003432000291267029
-2.198123667959684e-5
0.0002162239677097888
0.0003184560626450922
0.0005658103866640063
0.00023090483605189838
0.0002370034370030999
0.0003991094947524976
0.00027507228016260266
-4.107649003159963e-5
7.268203627019965e-5
0.0005011398394371008
0.00011807655809720208
0.0002725262586572019
3.534621209640154e-5
0.00014700524115220104
0.00017402083742719399
-2.4495562099102752e-5
1.824724685470236e-5
-3.091696107469788e-5
0.00026313417415520235
-0.00033477726051120427
0.0005354258066657958
0.00014856606674588935
0.0003011437605596051
-0.00013088097366149853
0.00032935227123138955
0.0004004827517005982
0.0001913977515123899
8.568518871010511e-5
