1 0 0 0
2 20 0 0
3 20 3 0
4 16 3 0
5 14 2 0
6 0 2 0
7 20 7 0
8 15 7 0
9 5 2 0
10 10 0 0
11 3.33333333333333 0 0
12 6.66666666666667 0 0
13 13.3333333333333 0 0
14 16.6666666666667 0 0
15 20 1 0
16 20 2 0
17 18.6666666666667 3 0
18 17.3333333333333 3 0
19 15.3333333333333 2.66666666666667 0
20 14.6666666666667 2.33333333333333 0
21 9.49999999999999 2 0
22 12.5 2 0
23 11 2 0
24 7.99999999999999 2 0
25 6.49999999999999 2 0
26 3.33333333333333 2 0
27 1.66666666666667 2 0
28 0 1.33333333333333 0
29 0 0.666666666666667 0
30 20 4.33333333333333 0
31 20 5.66666666666667 0
32 18.3333333333333 7 0
33 16.6666666666667 7 0
34 11.6666666666667 5.33333333333333 0
35 8.33333333333333 3.66666666666666 0
36 13.8888888888889 6.44444444444444 0
37 12.7777777777778 5.88888888888889 0
38 10.5555555555556 4.77777777777778 0
39 9.44444444444444 4.22222222222222 0
40 7.22222222222222 3.11111111111111 0
41 6.11111111111111 2.55555555555555 0
42 14.0061728395062 4.48765432098765 0
43 17.1437389770723 5.06966490299824 0
44 11.7110368513877 3.42629722454284 0
45 9.45923450601812 3.58654351929205 0
46 10.5851356787029 3.50642037191745 0
47 11.696246789814 4.061975927473 0
48 11.6814567282404 4.69765463040317 0
49 10.5703456171292 4.14209907484761 0
50 19.0479129923574 3.68988830099941 0
51 18.0958259847149 4.37977660199882 0
52 16.7624926513815 4.37977660199882 0
53 16.3812463256908 3.68988830099941 0
54 17.7145796590241 3.68988830099941 0
55 16.0978835978836 4.87566137566138 0
56 15.0520282186949 4.68165784832452 0
57 14.6707818930041 3.9917695473251 0
58 15.3353909465021 3.49588477366255 0
59 15.7166372721928 4.18577307466196 0
60 14.0041152263375 3.65843621399177 0
61 14.0020576131687 2.82921810699589 0
62 14.6687242798354 3.16255144032922 0
63 16.4291593180482 5.71310993533216 0
64 15.7145796590241 6.35655496766608 0
65 14.6687242798354 6.16255144032922 0
66 14.3374485596708 5.32510288065844 0
67 15.3833039388595 5.5191064079953 0
68 19.0479129923574 6.35655496766608 0
69 18.0958259847149 5.71310993533216 0
70 19.0479129923574 5.02322163433274 0
71 12.4465020576132 5.05144032921811 0
72 13.2263374485597 4.76954732510288 0
73 13.5576131687243 5.60699588477366 0
74 13.2411275101333 4.13386862217271 0
75 12.4760821807605 3.78008292335778 0
76 12.4740245675918 2.95086481636189 0
77 13.2370122837959 2.47543240818095 0
78 13.2390698969646 3.30465051517683 0
79 12.4612921191869 4.41576162628794 0
80 10.9740245675918 2.95086481636189 0
81 10.2370122837959 2.47543240818095 0
82 11.7370122837959 2.47543240818095 0
83 17.3812463256908 6.35655496766608 0
84 9.1111111111111 2.55555555555555 0
85 8.72222222222221 3.11111111111111 0
86 7.6111111111111 2.55555555555555 0
87 9.84812339490701 3.0309879637365 0
88 1.66666666666667 0.666666666666667 0
89 3.33333333333333 1.33333333333333 0
90 1.66666666666667 1.33333333333333 0
91 8.33333333333333 0.666666666666667 0
92 6.66666666666667 1.33333333333333 0
93 5 0.666666666666667 0
94 16 1.33333333333333 0
95 18 0.666666666666667 0
96 18.6666666666667 1 0
97 17.3333333333333 2 0
98 16.6666666666667 1.66666666666667 0
99 12.6666666666667 1.33333333333333 0
100 11.3333333333333 0.666666666666667 0
101 14.6666666666667 0.666666666666667 0
102 18.6666666666667 2 0
103 9.66666666666666 1.33333333333333 0
104 9.83333333333333 0.666666666666667 0
105 11.1666666666667 1.33333333333333 0
106 8.16666666666666 1.33333333333333 0
