0.0008736000814837039
0.0003345979706472005
0.00010065331983560161
-2.840036716690586e-5
0.0005123326244085014
0.00045209029998379696
0.000609185204125097
0.00027526058079710425
0.00040455120619999757
0.0005797695846328013
0.00033104895116979616
0.0008021244573819045
0.0003099371631131026
0.00024292293980870266
0.0005231426950243964
-2.6198023935594672e-5
0.0007341493882797034
0.0001728513542762003
0.00042703367403409964
0.0005343546922300102
0.0005548409581113967
-0.00042600517190680143
0.0003447667710042984
0.0003490417221721012
0.0003659505636532945
0.00032194287497930296
0.00020722918855840128
0.0002893707755217967
0.000619793346921603
0.0003447935153820039
0.0008988437721480988
0.00018515611295460283
0.0004492783109249984
0.00035387159291540293
0.0003055134284359953
0.00018807785532840016
0.00028148261644690004
0.0005132223085918056
0.00016906024732220304
0.000738388634757399
0.0005577106086008948
0.0004899893880164
0.00043691806357930296
0.0002268633050480015
0.00031969738818229954
0.0004557717619681004
0.0006140239745113935
0.0009828544802314987
0.0005174101893912
0.000362921448287902
0.0009252368407943953
0.0004480509708066002
0.00041058515262560463
0.0003793005272037034
0.0003034891147770946
0.0003715853927558979
0.00046990798586170335
0.0007498245128558026
0.0003481037200663076
0.0009178026726944996
0.0006357331288664031
0.0005957992296135028
