0.0159557056181386
0.0157899210986295
0.0158106809355376
0.0158106477658611
0.0158736635717271
0.0158448970011487
0.0158264530136316
0.0158456127171465
0.0159315054784346
0.015921559843756
0.0159076077921021
0.0158875566215477
0.0158182665505919
0.0158404652811198
0.0158611897446343
0.0158406868680666
0.0158560554277338
0.0158531489183853
0.0158910344663401
0.0160245638551751
0.0159077172527076
0.0159847134806135
0.0158288051667729
0.015781935788261
0.0158586485445848
0.0159261630690161
0.0159763712816063
0.015951015314858
0.0158511278832527
0.0158314393437305
0.0159608185222473
0.0158671075850381
0.0158324548152825
0.0157807849439003
0.0159164150133996
0.0158492279566874
0.0158226329610469
0.0158728331471511
0.0158898174292432
0.0158550108093412
0.0158448000740477
0.0158823914948565
0.0158642144813086
0.0159811943687996
0.0158231777955565
0.0159069660151729
0.0159228643270616
0.0158335342028636
0.0159555778787533
0.0158371252518209
0.0158962720077884
0.0158431156768553
0.0160020549581362
0.0158897671795147
0.0158934900371595
0.0158779948398314
0.0159118772171947
0.0159037045041963
0.0159563971793856
0.0158516540064941
0.0159272895758267
0.0159138966065422
0.0158528057037612
0.015996570177331
0.0159258891927876
0.0158580059535793
0.0159004455103651
0.0158996446624991
0.0160202315421841
0.0159388348559723
0.0159541192434355
0.0159082829714366
0.0158905303954151
0.0158249998244145
0.0159652067165184
0.0158702831678462
0.0159299934847668
0.0159114106833814
0.0158957865870041
0.0159231344983001
0.0158997863128931
0.0158778874628121
0.015942630328752
0.0159415003436921
0.0158590120938512
0.0159405304712949
0.0157903047546032
0.0159443549202384
0.0158796076173116
0.0159312959340208
0.0159193121110297
0.0158402011804122
0.0158045598214212
0.0159510822457392
0.0159049917641249
0.015843288390949
0.0159238510750852
0.0159388954573808
0.0159634507981824
0.0158665454835218
0.0159022443681278
0.0158546305385295
0.0159353073660375
0.0158819835440397
0.0159274865943703
0.0157964115069774
0.015879025555353
0.0159587046046424
0.0158690050513214
0.0158667332535818
0.0158659274197883
0.0158309109367458
0.0159396457865384
0.0157992557980654
0.0158252653701879
0.0158324606838806
0.0158489379187836
0.0159337981443216
0.0158906768131208
0.0159276967686087
0.0160640345307937
0.0158915840641271
0.0158383455003646
0.0158622387118499
0.0158638440512875
0.015832175758036
0.0159045113297031
0.0159385313138749
0.0159034889484215
0.0157872791463474
0.0158759489683428
0.0159734502240657
0.0158064900315314
0.0159580829856117
0.0158692238240433
0.0157797110630425
0.0159066664638152
0.0160274041596602
0.0158330964236143
0.0158422932627692
0.0159373854835925
0.0158495733746846
0.015901965665677
0.0159128128086217
0.0159253024475858
0.0158394960587084
0.0159311081255113
0.0158717676852666
0.0157821860828102
0.0158474952074731
0.015903444644216
0.0158066997058612
0.0159450867797743
0.0158797326313649
0.0158969513787193
0.0158561858582103
0.0158921762536804
0.0157914741174639
0.0159171823355291
0.0158838420291951
0.0158543982001272
0.0159066692640679
0.0159410680704107
0.0159502722298425
0.0158418077316974
0.0158977645823568
0.0158634051381811
0.0157934371545844
0.0158008777654539
0.015918839494305
0.0158040850812451
0.015883437752701
0.0158736833660178
0.0158971298691359
0.0159569471492805
0.0159190014250883
0.01589921381376
0.0158373630756278
0.0158509767917243
0.0159296738338019
0.0158659459310746
0.0158518613911126
0.0159994597212937
0.0159087002692277
0.0158689435589394
0.0159139887160829
0.0159472590232782
0.0159224276022888
0.0159793745716082
0.015922102618804
0.0159313261636534
0.0159086693248614
0.015916329336745
0.015939768229376
0.0159446571758621
0.0158602422928063
0.0158131708052554
0.015875729222998
0.0158907799937169
0.0158221595990275
0.015981549429261
0.0158743752460911
0.0158249781198669
0.0159112003325347
0.0159425434248104
0.0158341546104291
0.0158222833932865
0.0158730851767862
0.0158551749757123
0.0158395843078929
0.0160288955354771
0.0159144115489886
0.0159201672191952
0.0158489497586081
0.0158357942540371
0.0159446110567986
0.0158893467917334
0.0158431702449111
0.0158478662701816
0.0160191537292054
0.0159106590480201
0.015931087331974
0.0158339842051284
0.0159107393498971
0.0159748919437813
0.0159053084638407
0.0159551403363551
0.0159222263894382
0.0158866733709933
0.0159637070384021
0.0158925113779249
0.0158909231098073
0.0157986162706573
0.0158405699093264
0.0158553018541903
0.0159553102641045
0.0159458786249082
0.0159670505018736
0.0159066731233849
0.0159421149771594
0.0158042499232938
0.0159550154588947
0.0159153671808796
0.0158314563263299
0.0158322472791851
0.0159483543548447
0.015793914056926
0.0158834191241557
0.0159002247106823
0.0158878738284297
0.0159303766091035
0.0159234178860687
0.015961288434724
0.0158053361860735
0.0159654308786886
0.0159360201947792
0.0159450501350553
0.0158564445472825
0.015804285198513
0.0158387906336719
0.0158173498140657
0.0158387037925756
0.0158942496481192
0.0158236581074559
0.0158769655822727
0.0159520122909095
0.0157856829075183
0.0158249432151741
0.0158342264032198
0.0160348080831993
0.0159435887476816
0.0158455075489335
0.0158449800432718
0.015867020919559
0.0158964363018757
0.0158344820925864
0.0159648302419831
0.0159503669481779
0.015893303585837
0.0158385971395831
0.0158289042810498
0.0158280451594256
0.0158947688618461
0.0158303945249065
0.0159128706963469
0.0159676852669164
0.0158610821823236
0.0158743218177207
0.0159463152332215
0.015840545687637
0.0159464575864536
0.015896080436446
0.0158666624328012
0.0159076155221415
0.0158311586334308
0.0159644492677575
0.015905517644076
0.0159880082955619
0.0158722968480855
0.0159665575248853
0.0158757351331436
0.0159036229303256
0.0158717055503895
0.0159065304526147
0.0159231141947818
0.0158961596602211
0.015885602333533
0.0158837699279665
0.0159467280552141
0.0159225371651732
0.0160374188659259
0.0159438173278838
0.0158992643770157
0.0158423467481905
0.0159545798792657
0.0158492341503776
0.0159480186759966
0.0159728840727941
0.0159005966024671
0.0159300059746025
0.0159138621768878
0.0158545976687211
0.0159086036671239
0.0158793415013597
0.0159257633775361
0.0159517036044186
0.0159321389148159
0.0158915364773705
0.0158746378290886
0.0158077618156937
0.0158823210490663
0.0158528128926466
0.0159241765972756
0.0159121014974115
0.0157867328657722
0.0158757559493004
0.0158279153852357
0.0159982675272742
0.0159017843080129
0.0159375240347444
0.0158830648178546
0.0159737545875851
0.0159087346797028
0.0158179500728867
0.0159658380226022
0.0158481853488144
0.0158698908676598
0.0158332733472138
0.0159079818536127
0.0159132814780276
0.0158812036140097
0.0159285945758079
0.0159413578296753
0.0159514017174394
0.0159210302167468
0.0160054497025808
0.0158740735570205
0.0159186591506877
0.0159374036897408
0.015891723076752
0.0158608466269467
0.0158511577388207
0.0158838897567657
0.0159151528643259
0.0159299235876655
0.0158324629025897
0.0158843376805571
0.0158967977456991
0.0158911895891932
0.0158922191774921
0.0159964496995544
0.0158961232368734
0.0158259150795819
0.0158082824758905
0.0158790493249952
0.0158799647661471
0.0159042643076469
0.0158728305901555
0.0158759460781256
0.0159601463133499
0.0158979987653031
0.0159174867683973
0.0157813397839689
0.0158869934451012
0.0159057040316604
0.0159071261067245
0.015938987473725
0.0159138415927585
0.0157938569601956
0.0159369631984041
0.0158988864536645
0.0160298805872024
0.0158168262606644
0.016003873394639
0.0159041430144956
0.015848318252831
0.0158466822327752
0.0159412043038655
0.015830812196965
0.0157998937261626
0.0158631335554312
0.0158542543336895
0.0159614804403751
0.0158564541678217
0.0158745986448029
0.015877214512805
0.015870224815098
0.0158651668816881
0.0159220424242198
0.0158652171134753
0.0159285277611197
0.0158652857532114
0.0159279535099799
0.0159341154873633
0.0158825177528996
0.0158283322777019
0.0159020087619671
0.0159681407334622
0.0158805008355407
0.0158271631711593
0.0158821073411579
0.0158341589317786
0.0159396593298008
0.0159568538665585
0.0158581395694219
0.0158595116890823
0.0158002672658189
0.0159040511273617
0.015859435064711
0.0158960877135646
0.0159090331640792
0.0159774544999711
0.0159076053027702
0.0158856565537594
0.0159045465029751
0.0158816159884007
0.0159098944494744
0.0158237927727359
0.0158781173868149
0.015946725047247
0.0158524450699609
0.0159274483129754
0.0160131280765233
0.0158493186576118
0.0159692703596706
0.0159297881034927
0.0158965102007348
0.0159334514567848
0.0158583964505557
0.0158386652575468
0.0159314518612071
0.0159700460408447
0.0158314309602637
0.0159444041363666
0.0158381546354176
0.0158636265328752
0.0158496248856191
0.0159590077812668
0.0159785239694908
0.0159853071294665
0.0158608669623858
0.0159559803276547
0.0158482001601407
0.0159154245930259
0.0158818993698606
0.0158700085371154
0.0159074928897702
0.0158859189868888
0.0159500872850638
0.0159244103231873
0.0159729465062923
0.0158719599756374
0.0159367752881668
0.0158722212321814
0.0158896938986671
0.0158899479366758
0.0159491090552997
0.0159246556452708
0.0158548063284215
0.0159482902062685
0.0158970351773897
0.0159148618456397
0.0158562981756793
0.0159301044639643
0.015910535944902
0.0159654193214595
0.0158540853312469
0.015912870440623
0.0159409815957717
0.0159024661829642
0.0159514493984915
0.0158878043260354
0.0158808068176247
0.0159256799764692
0.0159012140365827
0.0158751723704244
0.015894324790757
0.0158002100607761
0.0158883410810193
0.0159321635372965
0.0159496273679795
0.0158932557342293
0.015815475441477
0.0159012851937387
0.0159480795369919
0.0159162100918541
0.0159144544349231
0.0158622238415305
0.0158984973089079
0.0158840770095611
0.0159531898164868
0.0159172408074453
0.0159121382203601
0.0157785919855916
0.0158032249794325
0.0158559547853007
0.0159222852051287
0.0160179721845061
0.0159852851194372
0.015938201755416
0.0159283264662643
0.0157504000972058
0.0158574456434012
0.0158406257121155
0.0159177643001439
0.0158703613397045
0.0159575219246057
0.0159160615942385
0.0159260878904435
0.0158857000482169
0.0159229043682157
0.0158173623432328
0.0158516920328749
0.015869920963416
0.0159661256832049
0.015942214825169
0.0159008753102627
0.0159452905334957
0.0157903819293419
0.0159498911245408
0.0158920497834383
0.01599430357601
0.0159186835676019
0.0159126424728166
0.0159210925644882
0.0158393399613143
0.0158522390383908
0.0158383975466653
0.0159513898553008
0.0159448971175861
0.0159340186259676
0.015916067399243
0.0158164964439914
0.0158955442932695
0.015883525976318
0.0158385120676868
0.0159793161770183
0.015866770574079
0.0159156119774444
0.015893466360173
0.0158706709730347
0.0159642342885269
0.0158769637690233
0.0158988446739432
0.0159495670904414
0.0158915843552643
0.015853102245984
0.0159874447583295
0.0159050653309237
0.0158067780917675
0.0158251035943017
0.015927005580655
0.0158402785554801
0.0158199686302538
0.0158822571209844
0.0158984662033915
0.0159525098026619
0.0158850280972634
0.015907073453259
0.0159197697134118
0.0158264892531442
0.0158828410780543
0.0159404519913889
0.0159779699447317
0.015901939651755
0.015873801268138
0.0159180679183416
0.0159275621838719
0.0158629810756497
0.0159744408713491
0.0158665706850459
0.0158808790048656
0.0159869719802994
0.0159058034467741
0.0160057206204764
0.015881904085144
0.0159452921925084
0.0159775206500711
0.0158446946554862
0.0159288668493813
0.0159682019234877
0.0158007665336679
0.0159311640696625
0.0158907415438044
0.0159744660608722
0.0159298688848049
0.0159363362903064
0.0157772256883629
0.0158416143471422
0.0158512842377316
0.0159144407937219
0.0158808828605013
0.0159567127320333
0.0158779224741707
0.0159133132809006
0.0157681930970685
0.015846890264972
0.0159389679969892
0.0158136530198701
0.0159164332526357
0.0158427961888953
0.0158255525868955
0.015984941707665
0.0158833275415314
0.0158619787015037
0.015854986218072
0.0159519710583369
0.0158873936381237
0.0158861851778657
0.0159140274468577
0.0158795499849119
0.0158971946113246
0.0159067393630191
0.0158174135227825
0.015922060326491
0.0159687852657279
0.0159430904485496
0.0159163052435688
0.0158927796613771
0.0159057500921983
0.015883873191052
0.0158677371062036
0.0158817605161998
0.0158563787249883
0.0158471610932497
0.0159510866684235
0.0159509204823773
0.0159879677714508
0.0159106833783282
0.0159107859296114
0.0157990265240458
0.0159165874936616
0.0158867285486703
0.0159282864588025
0.0159740649782663
0.0158312730684757
0.0158687391769372
0.0158803611370217
0.0158137731200875
0.0158600095475002
0.0159121726904687
0.0159970078197783
0.0158179164334521
0.0158363381582016
0.0159322856256625
0.0159772885571249
0.0158799427443672
0.0158415286874561
0.0159281919396279
0.0159443506867762
0.0159262529665676
0.0159367537010051
0.0159230010279233
0.0158832704032239
0.0159349876225971
0.0157792789063009
0.0159424619187917
0.0158693421787535
0.0159374819843071
0.0159056651021418
0.0157041102302185
0.0159299874758708
0.0158444990919208
0.0160293394250852
0.0159247241154156
0.0159061746431111
0.0158919513217486
0.0158710868161515
0.015852274376923
0.0159862751502994
0.0158838867470508
0.0159426770079193
0.015945357648387
0.0158514384737106
0.0158217249217944
0.0158812281311498
0.0160175685605522
0.0158852473715384
0.0159281792884707
0.0159484096387597
0.0159850608206005
0.0159360956038152
0.0158077069904461
0.0158929643939811
0.0158734955939028
0.0158746935477422
0.0158424187082942
0.0159062859535358
0.0158072952954264
0.0158380189722975
0.0159061413451022
0.0158521666091288
0.0159114499109726
0.0158312405037047
0.0158004941063823
0.0158865921635009
0.015925266482631
0.0159623075994769
0.0158844937133974
0.0159071747338724
0.0160117476616629
0.0159527344819918
0.0159851790061029
0.0158354828566565
0.0159517884793324
0.0160121645507332
0.0158599297786544
0.0159372722307994
0.0159445063760041
0.0158873246369877
0.0159459658540233
0.01586150269356
0.0158097975718911
0.0158945871666017
0.0158459156073743
0.0159055278267929
0.0158733748052421
0.0159180643455799
0.0158355070903781
0.0158366517564332
0.0158613192592819
0.0157979601278891
0.0160346639207663
0.015952690641758
0.0159774774577662
0.0158625850880691
0.0159175929791045
0.0160503079638157
0.0158157728579572
0.0158727273786695
0.0159284404973756
0.0158762289013019
0.0158735082187093
0.0158865407596368
0.0158263654622811
0.0158832916585555
0.0158592339973764
0.0159152384735244
0.0158791380382519
0.015890145957078
0.0158682600913896
0.0158666237456426
0.0158983297563198
0.0158401233342836
0.0157912463374193
0.0159382441198823
0.0158474723853953
0.0159871177072309
0.0160076871143097
0.0159065061272964
0.0159451072487979
0.0158737024414368
0.0159647890194885
0.0159572016507002
0.0158663972232996
0.0157339137362847
0.015871496898004
0.0158671275033303
0.0158216741325607
0.0158601178465701
0.0159957677004115
0.0158695164321963
0.0159317308763116
0.0159592180581573
0.0158934198712523
0.0157920281124477
0.0158184308669067
0.0159032490664459
0.0159277920512878
0.0158314379165163
0.0158528799523504
0.0159221257662889
0.0159909136226697
0.0158415623506271
0.0158631803802455
0.0157848122593387
0.0158477344681844
0.0158424727190545
0.0158982592045739
0.0158260777086737
0.0158432627333937
0.0158626066535284
0.0157867820196242
0.0158814917492418
0.0159326368170627
0.0159111228138261
0.0158603409948926
0.0159733113801343
0.0158913227676037
0.0157857741881539
0.0159091027382263
0.0159326471507493
0.0159834817586684
0.0158993946850668
0.0158765540852146
0.0158584711362738
0.0158479816980641
0.0158690898096991
0.0158543910256335
0.0158442911913557
0.0159005190065827
0.0159755097966612
0.0159168322459886
0.0159376408690061
0.0158677195102098
0.0159036745748
0.0159847590262766
0.0158427547736845
0.0158401187086603
0.0158546436619618
0.0158855674825088
0.0159561044303878
0.0157781574053578
0.0158589834733511
0.0158737615121017
0.0158264931686631
0.0158571381583236
0.0158394310458529
0.0159879877945351
0.0159812437799834
0.0159379682758281
0.0158396934066065
0.0158973952319076
0.0158695820832642
0.0160188515730594
0.0158933535561298
0.0158731383816054
0.0159012503350283
0.0158436767597328
0.0159502343550854
0.0159536105900105
0.0158820030189116
0.0159192900475848
0.0158763045014533
0.0159717369655385
0.0158652717171531
0.0158904995633202
0.0158787635897766
0.015892510487884
0.0158948401221574
0.0158583535202405
0.0158861702361168
0.0158573936700709
0.015855215593709
0.0158355862118559
0.0158400108772641
0.0158639625369638
0.0160172727216592
0.0158362565676206
0.0158755296105235
0.0159942426894545
0.0158844301477869
0.0159098005415888
0.0159255168432533
0.0158437815710787
0.0158464557469494
0.0157703158972964
0.0159304509373432
0.0158782092938933
0.0158307977207008
0.0158467109923895
0.0158404993351879
0.0158335330542637
0.0158852849284761
0.0158492387127828
0.0159965657874726
0.0159553031611939
0.0158721067809905
0.0159561637540995
0.0158729195130596
0.0159014694932308
0.0158003917901858
0.0159168374358935
0.0159171088158461
0.0158892681643402
0.0159294184308827
0.0159685578558883
0.0159391711485078
0.0159596395591475
0.0159288112058655
0.0159413370163558
0.0158510245244765
0.0159135555682984
0.015906501652894
0.0158552175302469
0.0158861413736589
0.0158576942937282
0.0158749627571542
0.0159255595636529
0.0158245725922813
0.0159572718257762
0.015962073398941
0.0159134921628204
0.016028650164269
0.0158327815779903
0.0158934517854603
0.015953988320482
0.0159362173714051
0.015872381048712
0.0158538785438563
0.0158533646135505
0.0159763071444537
0.0158338977984473
0.0159501946933479
0.0158160619450849
0.0159094571735839
0.0158910236686336
0.0158384122466811
0.0158074933166194
0.0158266402067243
0.0158680465320435
0.0158905983606344
0.0159771635901795
0.015882270266207
0.0159219865776982
0.0158188537600539
0.0159074346419317
0.0159201680716783
0.0159378932821285
0.015937740356852
0.0158312621557691
0.0159633727969929
0.0158114823501166
0.0158736915399412
0.0158565924356406
0.0159461276832514
0.0159542183254259
0.0158423021592986
0.0158752716753908
0.0159530523863229
0.0158918396571022
0.0158645663836091
0.0159411728872546
0.0158377837551786
0.0159228965301459
0.0158935867488965
0.0158389687967433
0.0158772487292601
0.0158959707617246
0.0159500292267499
0.0159669435624953
0.0159291609517765
0.0158845049467836
0.0159233793564294
0.0158881309764875
0.0159705612212703
0.0158676547867733
0.0159368251802497
0.0158636962055672
0.0159095207284353
0.0158565141375351
0.0157838443774274
0.0158283919277059
0.0159561483470138
0.0158738620486069
0.0158928125507526
0.0159188045099055
0.015915687026266
0.0159118212243507
0.0159338631576157
0.0158544699759395
0.0157876854066549
0.0158533865013533
0.0158802411942081
0.0158873913626041
0.0158993685738798
0.0158620722460554
0.0157986197053005
0.0159626214789184
0.0159099869902237
0.0158303190114744
0.0158546046809501
0.0158352447578824
0.0160108439375706
0.0159437085509484
0.0158739345463479
0.0158980952244912
0.0157910222936879
0.0159178975451111
0.0158770266235645
0.0159660992926823
0.0159162397362312
0.0158421915132344
0.0159700638258967
0.0159068201478351
0.0159808937901844
0.0158778155687088
0.0159581046240458
0.0158894222031787
0.0159022393996969
0.0159896819953225
0.0158847578156273
0.015913788980716
0.0157980218383656
0.0158197651468898
0.0159146118008367
0.0158948612731653
0.0159364925792644
0.0158679805860799
0.0158663956475773
0.0159004082684547
0.0157897455521792
0.0157471442442397
0.01596493754095
0.0157873207587728
0.0159531773884449
0.0159461034448693
0.0159529153452455
0.0159609964576197
0.0158279061787233
0.015923254040576
0.0158805170580344
0.0158719108626774
0.015827938236151
0.0159449903929644
0.015946776985155
0.0158001145930497
0.0158917198584124
0.0158380773172795
0.0159753685911253
0.0158993006535578
0.0159400606090621
0.01589190586303
0.0159269249544008
0.0158815218181235
0.0158825426653555
0.0158547347894613
0.0157864831030361
0.0159419056165072
0.0159237753627191
0.0158225661941244
0.0158991255583654
0.0159055859790919
0.0158804893954676
0.0158101326028388
0.0159370606334369
0.0158988907238123
0.0159597031840522
0.0158005256947486
0.0159153968645455
0.0159334658626479
0.0159770976073665
0.0158653175820336
0.0159117522631324
0.0158520242437391
0.0158773511503971
0.0158696165116194
0.0158176785643962
0.0159130038892345
0.0159631029612646
0.0159266272082941
0.0159373104331573
0.0159027492456966
0.0158463962627056
0.01593995521899
0.0158601854894624
0.0158602200780532
0.0159133505076017
0.0159306576098343
0.0158872730173297
0.0159211610596255
0.0158708128840521
0.0159463133635832
0.0158657774688572
0.0158207354933086
0.015741749619602
0.0159291865758052
0.0158120424140138
0.0158802989550955
0.0158501633345986
0.0159583018022403
0.0158769565160233
0.0158546182119092
0.0159200827898016
0.0158356047884178
0.0159348747057232
0.0159077179365363
0.015913124558532
0.0159451025940254
0.0158567584918174
0.0160161096741087
0.0158832383448153
0.0158176783013418
0.0159253314884208
0.0159153486474403
0.0159669954653823
0.0158609859070411
0.0157972626976766
0.0159744242361027
0.0158647879664043
0.0158676796611038
0.0157863112406125
0.0159212925735683
0.0158629235911389
0.0159191781509991
0.0159327868347396
0.0159373220546565
0.0158920089067922
0.0158969869559749
0.0159182837089986
0.0158395590951134
0.0159192161977627
0.0159435465808199
0.015907958800262
0.0158391503186582
0.0158998675026686
0.0157604612711723
0.0159215716125864
0.0158695312920895
0.0158824570256366
0.0159157192636612
0.0158765704036229
0.0158949515468169
0.0158545966603998
0.0158649807458937
0.0158734433986344
0.0158840173045332
0.015898916693436
0.0158424322107068
0.0158628929794536
0.0158922651170924
0.015954254630531
0.0158727810222513
0.0158671558912924
0.0158292938893994
0.0158733110780996
0.0158606624188264
0.0160042282152619
0.015889309311306
0.0158092976156111
0.0158875605213374
0.0160217156186455
0.0158742103927108
0.0159263724186414
0.0159205081110279
0.0158461974592627
0.0159322010276017
0.0158462918430308
0.0159303741692667
0.0156739229242016
0.0159433288415696
0.0158953130535417
0.0159497469689473
0.0159436504111451
0.0159157404690122
0.0158318288796251
0.015889870175027
0.0158569135301505
0.0159833197249346
0.0159544271554534
0.0158257026295989
0.0158169750734792
0.0158592681247449
0.0159283649647755
0.0159613829722654
0.0159373264725568
0.0159124817510509
0.0159415187322778
0.0159393547313218
0.0158952585275602
0.0159671524456364
0.0158286265348366
0.0159113808528319
0.0158844430754918
0.0159223940264564
0.0158850531998789
0.0159333444078386
0.0159052404115182
0.0158827204488956
0.01593066897768
0.0158942480438284
0.0159353239976757
0.0159071360944183
0.0158784561293019
0.0158495211961804
0.016006928195105
0.0158873764863004
0.0159356466069535
0.015872525837427
0.0158937465203299
0.0158960147182057
0.0158745291725125
0.0159040803443257
0.0159460304536365
0.0159002160302497
0.0159444802638167
0.0158940164688101
0.0158552004537944
0.0159188941891325
0.0159676517443469
0.0159121508051895
0.0158526173484159
0.0158858082928438
0.0157143856391719
0.0159393989382945
0.0159059940460962
0.0157997123751424
0.0159123365323927
0.0158288198337027
0.0159281128153985
0.0159102430423626
0.0158222670585621
0.0159532315387559
0.0158987568753409
0.0158378924550575
0.0159684887601304
0.0158267169385481
0.0159768922683129
0.0158753237698289
0.015859291462146
0.0158169547866221
0.0158146841188436
0.0159665422575287
0.0158872415089801
0.0158913327393388
0.0158913475325757
0.0158959933992537
0.0158781451264282
0.0158652197862596
0.0158887323354464
0.0158595772522742
0.0159625963531129
0.0157984715608752
0.0158671820291788
0.0159631725528908
0.0159207753918153
0.0158893889363902
0.0158528627721665
0.0159321755110211
0.0158721404374795
0.0158772886033713
0.015915738421536
0.0158403121053893
0.0158943205070127
0.0159432275800104
0.0159677680167349
0.0158801808847924
0.0158768195953182
0.0159160121585711
0.0159175732311315
0.0159080203400836
0.0158362533397427
0.0158452690075884
0.0158815848785543
0.0158997399220419
0.0158630270061023
0.0159543534454037
0.0159481843225254
0.0158760712727209
0.0158773037220214
0.0159276160959108
0.0158675579871269
0.0158468834867402
0.0159511175259882
0.0158739854219175
0.015948209750637
0.0157938811833305
0.0159219995687774
0.0158503735229951
0.0159258943653628
0.0158851725037891
0.0159068489811377
0.0158299519346787
0.0159169255929007
0.0159074009076972
0.0159978705566008
0.0159738052016947
0.015857348416768
0.0159564965164483
0.0158801600091024
0.0159667989657851
0.0159153921004002
0.015844219266864
0.0158815565967546
0.0158013336102648
0.0158800895056241
0.0159270885969105
0.0159300216849394
0.0159636837939919
0.0159362188245405
0.0158762231360763
0.0158966009378942
0.0158385483998387
0.0159002101113379
0.0159657762640773
0.0158825008132644
0.0159331111021327
0.0158935350095917
0.0158629459158091
0.0158657944701855
0.0157893550334684
0.0158812555637554
0.0158634097519496
0.0159321729899233
0.0159687167514995
0.0158533423432207
0.0158462463720404
0.0158604750704803
0.0159285736737177
0.0158610491203041
0.0159357398707974
0.0158242329236063
0.0158554764307822
0.0159470538418224
0.0159622469397436
0.0158855870268079
0.0158592121966079
0.0158686200642083
0.016013725524796
0.0158478859507764
0.015981463688395
0.0158318893268332
0.015893194892716
0.0158128185720687
0.0158442558068182
0.0158551066820717
0.0159516282761153
0.0158911491622593
0.0159007010538055
0.0158259009708924
0.015902329377992
0.0158734289571754
0.0159536569808796
0.0158425519238295
0.0159285421221353
0.0159342168383466
0.0158895655330099
0.0158889189499955
0.0158502255595309
0.0158838565759804
0.0159188656333317
0.0160357306694485
0.0159374511353902
0.0159875895972186
0.0158689541148176
0.0159041450883229
0.0159055595985898
0.0158402171586195
0.0160463064481815
0.015915006181087
0.0159313034145155
0.0158785199174569
0.0158461216079341
0.0159345979339695
0.0158775174739857
0.0158785710894342
0.0159317520479615
0.0159336563460841
0.0158121839289294
0.0158679942478546
0.0158941779259444
0.0158650246183634
0.0159679241591665
0.0159806515390956
0.0159332364747013
0.0157989693287687
0.0158576314475757
0.0158816143655406
0.0159179312530696
0.0158657744048063
0.0159553138375182
0.0159561725533754
0.0159227949310952
0.0158574274104078
0.0158902945495055
0.0158424354294853
0.0159642874712874
0.0159376001089708
0.0159382913753108
0.0159094285170226
0.0157617788970506
0.015960070602275
0.0159836553373059
0.0159274240805627
0.0159531393417792
0.0159430849672758
0.0159186702057815
0.0159736622477075
0.01586704643333
0.0159103930641729
0.0158782817170689
0.0158908203987571
0.0157732692230497
0.0159310500656773
0.0159760322512763
0.0158737942092036
0.0159590400685173
0.0158578565514269
0.0158778911239308
0.015877931239986
0.0159085065868379
0.0158557731651144
0.0159110393111052
0.0159287603429961
0.0158562296544024
0.0159269105453465
0.0158717308980271
0.0160046992442156
0.015933311199707
0.0158771059994441
0.0159061327379198
0.0159551262545911
0.0158516460523672
0.0158912019671008
0.0159633853919375
0.0158537226019034
0.0158733818271787
0.015876365159045
0.0158207583610948
0.015864151599801
0.0159892623784882
0.0158446698016436
0.015879054448192
0.0159018025413676
0.0159434413996119
0.0159096926047634
0.0158940395652794
0.015850317980655
0.0159085156461077
0.0158779488926734
0.0158387796255506
0.0158377003642249
0.0158936621673531
0.0158216113763038
0.0159483322677718
0.0158650776238556
0.0158950177257489
0.0158239465013159
0.0159638211309458
0.0159069615191441
0.0158196947960945
0.0159971280580376
0.0159056789765346
0.0158822469098448
0.015838183283136
0.0159088406246438
0.0158638708789927
0.015974667220108
0.015912962329925
0.0159438403539317
0.0158250131403881
0.0158386332417955
0.0159404540382877
0.0159529660447139
0.0158978000973851
0.0159078752164279
0.0159031192768365
0.0158401402606719
0.015915088047266
0.0159303899052737
0.0158409036700874
0.0159505727501063
0.0159546607408923
0.0158218123187361
0.0158538234666403
0.0159247231197958
0.0159652578689277
0.0159100070791125
0.0159198445594676
0.0158224409807265
0.0158268452820055
0.0158157374125017
0.0159787111667097
0.0158814931476005
0.0159259314156225
0.0159161676772167
0.0159104657030115
0.0158288836695547
0.0158789529488014
0.0158894897667313
0.0158690033802645
0.0160034811849347
0.0159048431339031
0.0159224107321129
0.0159071900683433
0.0159252994046133
0.015913268569324
0.0159733544871501
0.0158516784285138
0.0158851924967993
0.0158765441542002
0.0158533161098747
0.0158432580472691
0.0158884193782489
0.0158719389660948
0.0159005619045713
0.0158350021741904
0.0159370908062601
0.0158956761165796
0.0159756868854969
0.0159186659846022
0.0158925642686971
0.0158080565251875
0.0159635130985895
0.0159176711282415
0.0159043777853222
0.0158627746184938
0.0159265672248988
0.0159872732171559
0.0158804255076832
0.0159099985499629
0.0159242378714653
0.0158047229514002
0.0158935971113424
0.016011948673524
0.0159361702936141
0.0158589027408615
0.0159039189017596
0.0157690436485217
0.0158232727328317
0.0159032048476463
0.0159202891214464
0.0159315316746435
0.015899330004591
0.0158089265086627
0.0159517360188292
0.0158343824492153
0.0159169738172048
0.0159154660040935
0.0158928598584337
0.0158407093313613
0.0159518917562272
0.0159097389883946
0.0158076110627715
0.0159383908692129
0.0158924162780073
0.0158345677184802
0.0159338018927723
0.0159370132752653
0.015861072612953
0.0159364247035951
0.0158729485849046
0.0159034470945579
0.0159371855243633
0.015919180877443
0.0158493023257066
0.0159853222447059
0.0158088460118386
0.0159131310248437
0.0158832003939751
0.015937589752525
0.0158693061209512
0.0159928727960005
0.0158617811621164
0.0159178756614956
0.0159021238046562
0.0160224363470384
0.0159527599503063
0.0159554484939551
0.0158876031434422
0.0159206449355976
0.0159072178714602
0.0159464107531562
0.0158913712654281
0.0158424825235726
0.0158506103857374
0.0158883128327
0.0158834785909169
0.015940840986013
0.0158767959807475
0.015878887923917
0.0159040402655927
0.0158971565396832
0.015875107446667
0.0158990806037112
0.0159389575468724
0.0159020651064083
0.0159566087684557
0.0158349023919892
0.0159230159894528
0.01590622505336
0.0158632021227151
0.0158937322523098
0.0159338950918358
0.0159194017952503
0.0159845808717715
0.015962760930387
0.0158290806487501
0.015973158185164
0.0159730700687855
0.015878399803419
0.0159505099800318
0.0159881393776085
0.0159290420280049
0.01592932367801
0.0159479771087127
0.015898347662219
0.015814977583443
0.0158840021786824
0.0159108857685718
0.0159859435860837
0.015943072082398
0.0159156761377933
0.0158973626305388
0.0159490111709156
0.0159224370647015
0.0159289381450401
0.0158521687542757
0.015924408356996
0.0159340274374318
0.0159560361320167
0.0158695495277668
0.0159110751042047
0.0159399760857829
0.015899593800739
0.015992017437621
0.0159204759956235
0.0158948355641465
0.0159060154731711
0.015888428936214
0.0158022512834712
0.0160096842225385
0.0158779636120202
0.0159018066818895
0.0158809852598289
0.0158949628676864
0.0160010942667145
0.0158750963379713
0.01591862843363
0.0159673140032153
0.0159480955751469
0.0159130758806691
0.0159134647440511
0.0159051950132326
0.0158982309898692
0.0159388072938929
0.0158118701561673
0.0158190623544028
0.015908156873241
0.0158722623565955
0.0158952375838142
0.0158202927609318
0.0159296858031945
0.0159591931179001
0.0158139875090169
0.0159180837491978
0.0158424741384295
0.0158948963527179
0.0158788421902966
0.0158775588928633
0.015888768080604
0.0159774301581458
0.0158959338678682
0.0158416292537752
0.0159639816508578
0.0159894232256398
0.0158577891005599
0.0159082612189486
0.0158625122001453
0.0158711609136964
0.0158474104863481
0.015927613616411
0.0159754144558661
0.0159082826782592
0.015980948651787
0.015826066622184
0.0159418462480398
0.0159193952893718
0.0159075871695734
0.0159073210725762
0.0159527966790602
0.0158320047115952
0.0159027077675105
0.015852681944756
0.0158930505165734
0.015920607580545
0.0159753642696617
0.016007471696462
0.015960576905707
0.0159461273232016
0.0159720503671648
0.0160241356682317
0.0158799144076953
0.0158822885954132
0.0159355385526725
0.0159636264131748
0.0158226364727103
0.0158903119677334
0.0158329435371818
0.0158743627178403
0.0159136813059536
0.0159356214435541
0.0158678129184851
0.0158917811323195
0.0158816932842572
0.0158721664950527
0.0159268113032038
0.0158766930141701
0.0158616947331866
0.0159035016204478
0.0158968528064594
0.0157634644672125
0.0159210275900312
0.0158280514202277
0.0159460664033117
0.015848409688635
0.0158763022094593
0.0158016114323553
0.0158825147345575
0.0158244099360873
0.015880265199817
0.0159177899763756
0.0158916529299176
0.0158464030067514
0.015949424658714
0.0159232041365835
0.015772424159868
0.0159737637425211
0.0158881632691478
0.0159551235519829
0.015845792598707
0.0158125287907722
0.0159630425375666
0.0158412683851978
0.0158572108741044
0.0158468538033253
0.0159826248637906
0.015977632123663
0.0159130850333546
0.0158282059040753
0.0159709213830062
0.0158646932894734
0.0158969516828238
0.0157997327011307
0.0158235928272997
0.015954935575828
0.0159122909133074
0.0157998681896089
0.0158135574701079
0.0157905121105473
0.0158167541072371
0.0159150952670051
0.0158311189218072
0.0159387561605511
0.0158868895447014
0.0157760401981438
0.0160168178875002
0.0159359917162678
0.0159538982033856
0.0159245948163383
0.0158843660480059
0.0159172539531672
0.0159250088347154
0.0159289263153051
0.0159900359647255
0.0158753829490952
0.0159254795191173
0.0160412896826219
0.0159293327138418
0.0159070327634806
0.0158695278695459
0.0158674342434575
0.0158967239278023
0.0157944612607938
0.0159243316588884
0.0159084447166305
0.0159139620751308
0.0158571549102288
0.0158520151972495
0.0158442399643353
0.0159080806807321
0.015839677803438
0.0158631401393349
0.016015860010711
0.0159405773243243
0.0158581314018787
0.0157943420386495
0.0158380205002717
0.0159045251982472
0.0158503963737654
0.0158592464843981
0.0159107748796233
0.0158735719528119
0.015874369680947
0.0158283781379985
0.0158822638736767
0.0158446158193353
0.0159064702998962
0.0159446850322398
0.0159386189872543
0.0159180332209119
0.0158521653726252
0.0158724377285968
0.0158660871544061
0.0158653332508464
0.0158352446929141
0.0159164984472193
0.0159046680782243
0.015882336390246
0.0158355337311646
0.0159166426055962
0.0159036012814134
0.0158157300419804
0.0159588011560585
0.0158606280628311
0.0159154565863533
0.0158807673015442
0.0158289179470059
0.0158338753297493
0.015917864816825
0.0159542359450452
0.0159798202416442
0.015903725996042
0.0159450096751338
0.015912559193371
0.0157993536197229
0.0159838058421931
0.0159151316419128
0.0158356748895087
0.0158776040348741
0.0159350862476809
0.015909386821227
0.0159469329852112
0.0159310465364906
0.0159529885101484
0.0159033224221282
0.0158506851556184
0.0159254873412462
0.0158734491379876
0.0159678864469715
0.0158730296167005
0.0159697531391202
0.0158298353888933
0.0158271401856767
0.0159672193953619
0.0157801324907729
0.0159514701805051
0.0159267391800312
0.0159649565121967
0.0158388286316963
0.0158942971317526
0.0158439440381626
0.0158644549052349
0.0159236097871663
0.015929721343536
0.0158526370893632
0.0159606782437377
0.0158360967730661
0.0158148575414809
0.0158361283117306
0.0159574333993285
0.0158759464634831
0.0158954123916983
0.0158586442148833
0.0159050707165222
0.01606178206765
0.0159619556629143
0.015898206687425
0.0158048455449559
0.0157796028430278
0.0158244015485113
0.0159402418850774
0.0157995442584502
0.015881458574467
0.0159584159179092
0.0158721676706291
0.0159026025171553
0.0160117197859143
0.0158550513177014
0.0158153606682981
0.0159120082352146
0.0159409867812087
0.0159006849399257
0.0158661739181253
0.0158743125282382
0.0159614372834399
0.0157924051959961
0.0160451447283764
0.015898692320448
0.015825065295239
0.0159605266855835
0.0159538672800315
0.015949616444742
0.0158988135792956
0.0157605745856311
0.0158139231401458
0.0158843285993893
0.0158732802128872
0.0159330131928496
0.0160369176160241
0.0157968115178308
0.0159196290550371
0.0158645046584097
0.0158776484497467
0.0158426662886475
0.0159692704043702
0.0158970696255405
0.0159273527517188
0.0158294658052965
0.0158256994501511
0.0158654940376561
0.0159247879121231
0.0159790150093979
0.0158755040280614
0.0159775510757817
0.0158348042226745
0.0159419448281284
0.0159344783892823
0.0159902772814574
0.0158383404802871
0.0158864662883401
0.0158722503788444
0.0159224604181536
0.0158459195456483
0.0159004131871263
0.0159037763213527
0.0159751279366741
0.015853009741696
0.0158808586681954
0.0159048622523091
0.0158982046037677
0.0158166742408985
0.015984220833009
0.0159452463354004
0.01588379613771
0.0159627078138578
0.0159551466839206
0.0159134314220485
0.0158943131698719
0.0158985163680972
0.0158684977309213
0.0159566059844277
0.0157949366584785
0.0159537841881214
0.0159628327183806
0.0159688568781694
0.0158023920982717
0.0158925090062997
0.0159138681927412
0.0159055593700323
0.0159146395389865
0.0158562446369679
0.015816054085808
0.0158634427011393
0.0158818212300722
0.0158644832197506
0.0158452147526439
0.0158761836093543
0.0159297326563816
0.0159712599388868
0.0158351347684675
0.0159700136838011
0.0158541681744725
0.0158934887249943
0.0158780289792364
0.0159277065639537
0.0159138833079505
0.0159892808790916
0.0159156936787138
0.0158315094751473
0.0159076191657473
0.0158941701686883
0.0158351067875246
0.0158044529452798
0.0158892477623771
0.0158618485018092
0.0158055491420254
0.0158918183692451
0.0158925719542863
0.0158448472581607
0.0157976583813631
0.0159135747263529
0.0159031797314391
0.0158907712908469
0.0158118058325352
0.0159648631122693
0.0158767147077027
0.0159762683293485
0.015780975267293
0.0158623804879004
0.0157830471724381
0.0158866236406963
0.0158440492792822
0.0159198938073596
0.0159090983470792
0.015929242103999
0.015858097520452
0.015864082012848
0.0159155586019847
0.0159121849522684
0.0159152529733698
0.0159057390282602
0.0159271131483968
0.0160157484424033
0.0159414710987689
0.0158753603540273
0.0157936845229384
0.0159236861600825
0.0158436189152755
0.0159192714673486
0.0159304650876527
0.0158742151229311
0.0159516385103164
0.0158531514480776
0.0159282673828329
0.0158963050997463
0.0159858940952705
0.0159275716098269
0.015872722107597
0.0159344259965051
0.0159068107177493
0.0158899282496374
0.0159138415717873
0.0159753468890192
0.0159051892081299
0.0159063666348829
0.0159169789172161
0.0159260942001322
0.0159039692535127
0.0160210985043728
0.0158579615606064
0.015842085745845
0.0158775671173678
0.015940635516484
0.0159295179030835
0.0158409511293182
0.0158078699933793
0.0159319178197255
0.0158286016268759
0.0159463843531169
0.0159484367088026
0.0158477072122178
0.0158435718423387
0.0158367388110518
0.0158742533721833
0.0159034780591438
0.0159158428081585
0.0158985351168596
0.0159813691615041
0.0158387414810103
0.0158646035260077
0.0159481664691277
0.0158331536566281
0.0158546503509551
0.0159292636351687
0.0159067018504755
0.0159069676867808
0.0159019229275046
0.015853526121313
0.0159370768718321
0.0158645229008583
0.0158560120332706
0.0159450461420498
0.0159145474784421
0.0159613588087899
0.0159111033822402
0.0158131802100138
0.0159072929853735
0.0159428451618527
0.0158917026006328
0.0158411998638553
0.0158391552443308
0.0158637197598725
0.0158325403072052
0.0158922153415638
0.0159457396062837
0.0157463657198551
0.0159229949401205
0.0158936637223731
0.0158826965373521
0.0159624557652983
0.0158305095132262
0.0158606701443646
0.0159171941952864
0.0159400507367095
0.0159524994912667
0.0159120663755055
0.015836829020559
0.015837067064078
0.0159101675910002
0.0159854867753518
0.0159408432976329
0.0158483046715836
0.0159343269309739
0.0158664416192125
0.0159144384789355
0.01588574431903
0.015745645117352
0.0158907492315037
0.0158730000859149
0.0159637184504574
0.0159465627424026
0.0159611507081047
0.0159131481759941
0.0160432609534765
0.0160262875444524
0.0159744850640028
0.0158794038510042
0.0158413710407546
0.0159818656655084
0.0158217161335792
0.0159242928867801
0.0158380156806407
0.0160055888356651
0.0159157446295883
0.0157548492008271
0.0159161604482664
0.0159230171128802
0.0159386621049613
0.0158424204631142
0.0159124653410737
0.0158593705621129
0.0158539892596919
0.0158935229252031
0.0158980698429222
0.0158364119702423
0.0160053619836793
0.0159150743387871
0.015913258956072
0.0158398381366768
0.0158700108853288
0.015891295041008
0.0158970187113802
0.0159646014366602
0.0158863561665376
0.0158788077507251
0.0159202733680445
0.0158354235154323
0.0159337412532357
0.0159238731001683
0.0158486138548417
0.0158383023997279
0.0158382550268498
0.0158755961634219
0.0157717203128103
0.0158839314726828
0.0158261644338309
0.0159140133517258
0.0159279759225594
0.0158945258146703
0.015953973259341
0.015880041546462
0.0158484856629118
0.0158507700002397
0.015874970797021
0.0158685396448601
0.015865989974973
0.0158514778579149
0.0158296950382616
0.0158151648297412
0.0158651109810115
0.0159369725988111
0.0159443985302876
0.0158664692119591
0.015848359282223
0.0159692866004471
0.0159280642259797
0.01600567690643
0.0157787862901904
0.0158514311043263
0.0159409546788092
0.0159071068639052
0.0158972193986215
0.0157721362329363
0.0158475633339896
0.0158814944400694
0.0160230812911953
0.0159731325584879
0.0158349148256619
0.0158823591472283
0.0159764511673525
0.0157916592058538
0.0157782531661437
0.0158727264337596
0.0158365527137966
0.015915361785868
0.0158100413719063
0.0160406777271308
0.0159478318581387
0.0159020760791589
0.0159066103920638
0.0158329232499519
0.0158682374591454
0.01597049928878
0.0158966322236512
0.0158699671973689
0.0158753192671085
0.0158849047920604
0.0159726036935764
0.0158249163705114
0.0158408049547598
0.0159041207943968
0.0158610032320311
0.0159386331610254
0.0158080766807221
0.0159686082964695
0.0159402699529219
0.0158097021290132
0.0159482845005522
0.0158723851760256
0.0158665554067677
0.015868373013214
0.015941975869507
0.0159509579087348
0.0158964753355411
0.0159602362062684
0.0158141222642461
0.0159872802934831
0.015943269546057
0.0158216698435384
0.0159559900761088
0.0159017399363369
0.0158730176209833
0.0159124718030845
0.0158897540063162
0.0158722672846164
0.0159768395299635
0.0158448702299669
0.0158934644882515
0.0158417283220738
0.0159479635793643
0.0158751639912505
0.015802298166815
0.015845221400954
0.0159611531351802
0.0159234573700896
0.0159253471998623
0.0158669823527395
0.015976591827983
0.0158879020910675
0.015896434049113
0.0158418235881993
0.015935688544562
0.0158298756878528
0.0158832974263373
0.0158403748305133
0.0158369477169494
0.0159182722714592
0.0159180075746214
0.0159046011368203
0.0159727723390172
0.0158598797837831
0.016010894214328
0.0158380934858192
0.0158697265322329
0.0158818059866772
0.0159929440494964
0.0158682465855392
0.0158694833799406
0.015903357062044
0.0159288793200737
0.0159369269968384
0.0158045589810334
0.0158353998484179
0.0159452921431387
0.015873767882177
0.0159253903100818
0.0158966394416386
0.0159018539385279
0.0158739461361828
0.0158999499978282
0.0159113575274385
0.0158848328520356
0.0158914599209181
0.0159006092868734
0.0159829161554535
0.0158723350442947
0.0159254426170088
0.0159301753330611
0.0159330340674409
0.01578135929445
0.0159109892342697
0.0159055367130273
0.0159165640842033
0.015949537151864
0.0159252745269739
0.0159346181319661
0.0158523131398066
0.0159344059836551
0.0158522851396571
0.0158175096622672
0.0159137066894128
0.0160069932597969
0.0158845791697575
0.0159769003458219
0.0159239159963687
0.0160179651063618
0.0159455463825964
0.0158748194684306
0.015935624097328
0.0158646578174713
0.0159464275018345
0.0159334371245411
0.0159065927639907
0.0158638213011311
0.0158306415948442
0.0158713167092908
0.0158945375774886
0.0158692668773552
0.0158841651770168
0.0159073414966789
0.015908613106329
0.0158230201978053
0.0161085729025886
0.0158711416617334
0.0159355554059032
0.0158638116969178
0.015854221134015
0.0158591379113378
0.0159140992134172
0.0159348021695226
0.0158739556926063
0.0159592714367923
0.0159038020890556
0.0159336913513603
0.0158686425518346
0.0158577065681761
0.0159564385493451
0.0159802997099922
0.0159148777445939
0.0158335982491131
0.0159178677788555
0.0158695685221632
0.0159239986081192
0.0159035212859755
0.0157982438575743
0.0160079213469521
0.0159834979672852
0.0159321610515293
0.0159070637054381
0.015891218958307
0.0158535696537345
0.0158449865509423
0.0159024596684774
0.0159419327896963
0.0158272358877216
0.0158725663535271
0.0158880133712344
0.0158954404953964
0.0158012410351499
0.0159323408619736
0.01583370540654
0.0159136917683351
0.015951537211367
0.0158836916071188
0.0158757640591862
0.0158929757197048
0.0159059472369032
0.0158964919725119
0.0159162336426663
0.0159588886443521
0.0158837404008346
0.0159906487004426
0.0158730194447733
0.0159105662302296
0.0159230998060678
0.015898590665065
0.0158352499119167
0.0159044287512704
0.0158886534091561
0.0159073011935067
0.0159114665109846
0.0158982681418659
0.0158772117083795
0.0159431750581973
0.0160545045594314
0.0159928495078183
0.0159279083351801
0.015975005581207
0.0159637084826529
0.0158925503857289
0.0159025542433296
0.0159396882808744
0.0159019391998462
0.015851425497875
0.0158102232515673
0.0158719917345811
0.0159253003800474
0.0159409768730706
0.0159140443627827
0.0159215059122231
0.0158151488215225
0.0158711366084234
0.015922766636867
0.0158395468745831
0.0159033438826877
0.0158154327180881
0.0159153466809922
0.0158370096005101
0.0158755492134741
0.0160116216528392
0.0159833887191914
0.0160229280394517
0.0158624676733102
0.0159105390526025
0.01575722968765
0.0157585057846652
0.0159334391323448
0.0159011274169834
0.0158805157044816
0.0158520323949151
0.0159524187816372
0.0159264927252729
0.0159153475210982
0.0158750809687726
0.015874650764486
0.0159208921368105
0.0159261016572399
0.0159046149092889
0.0158969885630438
0.0158626051771045
0.0158322749985206
0.0158400179843087
0.0159634473092378
0.0159228768662095
0.0160405204780272
0.0158474437020081
0.015956055361927
0.0159872737244986
0.015810161717598
0.015893141467257
0.01588298379411
0.0159698344996044
0.0158240187497392
0.0158865331898215
0.0158763940133551
0.0159278311699228
0.0159557667221959
0.0158138078229872
0.0159735258850329
0.0158406836609778
0.0158967819044303
0.015962085341883
0.0159333510072375
0.015781754875651
0.0157720164230013
0.0159065255964287
0.0158974590926733
0.015943244000042
0.0159240825835857
0.0160239811252195
0.0159187226711454
0.0158788407594403
0.0158490600654736
0.0158626693554919
0.0159320377170924
0.0159062561621701
0.0159479020156418
0.0159062576870794
0.0158605861913464
0.0158061819610887
0.0158644308020118
0.0159674652915037
0.0158701092187412
0.0158878798843103
0.0159023698518754
0.0158747212316235
0.0157431711603429
0.0158739817911869
0.0159268914852763
0.0158510578443671
0.0158841823088139
0.015966286487532
0.0158607822644572
0.0158924433295323
0.0159134160112701
0.0158234896128149
0.0159203670950156
0.0159023683791744
0.0158767965735502
0.0158344592031059
0.0159693789277426
0.015771339894523
0.015969193329809
0.0159467272390808
0.0158515317141986
0.0158599436558177
0.0158776907724516
0.0159432079702957
0.0158629392689868
0.0158131533208866
0.0159335744563471
0.0158817524157002
0.0159133611466987
0.0158625653479519
0.0159134452970685
0.0158730846892227
0.015964145752192
0.0158427431587639
0.0158504675760421
0.0159577869148975
0.015852161862339
0.0159390560199151
0.0159421847466147
0.0157862954708286
0.0159581656086872
0.015880297276326
0.0158594971588725
0.0159469979318451
0.0159468558194997
0.0158702342044134
0.0158009580873933
0.0158970406815307
0.0159266118751472
0.0159221245336525
0.0158162875454181
0.0159391112799701
0.0158871239791798
0.0159452339954611
0.0159676051766878
0.0158500184559335
0.0158579216699516
0.0158738202566764
0.0159130427556443
0.0159844940986883
0.0159015519228864
0.0159321854037181
0.0158951453173086
0.0159474172938912
0.0158923850046644
0.0160334023711559
0.0159466046688284
0.0158570844320339
0.0159136892814518
0.0159005951343002
0.0159384272380081
0.0159196526012053
0.0158623278600974
0.0159306931244567
0.0158033566643769
0.0158444432732113
0.0158151229494394
0.0158308261514835
0.0158448676571323
0.0158902530859911
0.0159883069696967
0.0158614781925428
0.0159683789940947
0.0159370862655854
0.0159294553781989
0.0158566564775314
0.0159440890330394
0.0159331221549357
0.0158231613513594
0.0159028837278568
0.0159506114511601
0.0160190932291172
0.0159236007764458
0.0159087639995841
0.0158370956391021
0.0158943451609698
0.0159264981318109
0.0158525413604027
0.0158623750625288
0.0159279106231519
0.0159708862088171
0.0159158199467106
0.015880684107296
0.0158816559361837
0.0158576357760072
0.0159646960413209
0.0159239339400079
0.0159682625856041
0.0158199323122123
0.0158544926198559
0.0158754758165564
0.0158615729140509
0.0158775226567191
0.0158136948082954
0.0160445635837475
0.0159156901046103
0.0159316909943377
0.0159276187563437
0.0158887892681599
0.0158917314670493
0.0158777656678933
0.015926659527589
0.0159866346564376
0.0160124545787811
0.0159906351875462
0.0159221591209406
0.0158757566764551
0.0158056216828721
0.0158831827631521
0.01595210384215
0.0158576644490504
0.0158596169110363
0.0158914111541654
0.0159124667590118
0.015889584022098
0.0158373203569625
0.0159815223314663
0.0159803161729682
0.0159307299817141
0.0158807370515964
0.0158596302177788
0.01590418902811
0.0159667094910947
0.0158933822418837
0.0158568500270703
0.0159704820189735
0.015972938650387
0.0158900149314879
0.0158058910465872
0.0158131442347
0.0158734239118785
0.0159153221599775
0.0157893375527928
0.0158868921403339
0.01585631105205
0.0158960653604579
0.0158629899727883
0.0159057583153076
0.0158975122005751
0.0158601347845673
0.015796110047441
0.0159093681623218
0.0158863131003298
0.01596091875255
0.0158580825259245
0.0159237467811439
0.0158335225096408
0.0158079911381488
0.0159152033065111
0.0157817546843152
0.0159195591428695
0.0158630843567034
0.0159662795965308
0.0158898710309989
0.0158117983835819
0.01585015144522
0.0159464910892518
0.0159291977761727
0.0158577895838953
0.0159076876509179
0.0158968857735867
0.0158709081084225
0.0159489226694524
0.0158333245876516
0.0159260164682231
0.0158913592412926
0.0158866315460678
0.0158435955134275
0.0159458497737557
0.0158604669600406
0.0159231091783037
0.0159376366070153
0.0159430854348115
0.0159512065190569
0.0159748250744296
0.0159199314095853
0.0159258024470004
0.0159644250265311
0.0158686681304622
0.0158728588998106
0.0159149436359766
0.0158429066316586
0.0158767719635841
0.01593919348585
0.015941113060957
0.0159001794140998
0.0159143837623906
0.0158878884429005
0.015935608194768
0.0159672145384779
0.0160022927898441
0.0158484769670666
0.0158972019419302
0.015898365211913
0.0158495173789767
0.0158865757012873
0.015850143535206
0.0158068851716406
0.0159384023755443
0.0159773463059961
0.015935228807375
0.015882425520806
0.0158153299001482
0.0158522835927841
0.0159248535532284
0.0159280047365343
0.0159037069599979
0.0158200274296195
0.0159294963841031
0.0158375763345739
0.0159987238669176
0.0159572483065879
0.0159181344038101
0.0158960369264017
0.0159286440286105
0.015739743857393
0.0158683215409221
0.015878724029422
0.0159288146535862
0.0159965357041686
0.0159391179331631
0.0159089647773701
0.0158649025706535
0.0159114910200725
0.01589875216181
0.0159761911544296
0.0159920954394282
0.0159026262780038
0.015911699625386
0.0158194055499365
0.0159318696197471
0.0159962501253002
0.0158821726773524
0.0158698318482461
0.0159462292253687
0.0159702435136526
0.0158331390662663
0.0158888345338637
0.0158198184557528
0.0159078451866693
0.0158959485272671
0.0158373115528261
0.0159960396359161
0.0158605786684296
0.0160132601434135
0.0159209292737193
0.0159189372980927
0.0159545946572239
0.0158890043390188
0.0159559730698091
0.015864049985868
0.0159345894466413
0.0158267924023993
0.0158880998114249
0.0159175636650325
0.0158196502389666
0.0158987134224401
0.0158827560211397
0.0159569579875625
0.0159344164612442
0.0158907012922185
0.0158479144776525
0.0159664586663796
0.0158133565814473
0.015857252330047
0.0159047421193478
0.0158108151527347
0.0159064504945247
0.0159250347546905
0.0160035491177299
0.0159130480715036
0.0158706462195882
0.0158230431058591
0.0159323063611779
0.0158514634892272
0.0159357345707289
0.0159589170434108
0.0158493427733159
0.0159912264051747
0.0158845862161337
0.01587415671304
0.015990515115304
0.0158626956656413
0.0158101607862549
0.0158484379425223
0.0158525105200418
0.0159095801261188
0.0159218153734312
0.015845042361422
0.0159383165276941
0.0158567101876967
0.0159488407287593
0.0157995479871174
0.0158034038337593
0.0159486145959643
0.0159832616451131
0.015839852071252
0.0159093364692022
0.0158613318478596
0.0158846389825364
0.015925097181765
0.0159354175601719
0.0158440699229134
0.0159229833436938
0.0159200319679099
0.0159597864544127
0.0157977034146226
0.0158674332948276
0.0158696947210316
0.0158885999359536
0.0158261669326471
0.0159485373455627
0.0158928724457165
0.0158794843340208
0.0159404901298302
0.0159218786950339
0.0158577378131635
0.0158927283666174
0.0158265201143609
0.0158747063949824
0.0158679775345791
0.0159807691424429
0.0159227677903636
0.0159286803705116
0.0157907574342903
0.0158204496716055
0.0158638943970173
0.0158732501858086
0.0159169166083848
0.0159080062645753
0.0159120473700075
0.015913788270336
0.0158926671609428
0.0158742462672152
0.0159623827646948
0.0159375207234771
0.0158808851247122
0.015931079968948
0.015839944604386
0.0159821505216713
0.0158915262768396
0.0159469011817282
0.0159163674804229
0.015867514942039
0.0158200026428599
0.0158798193029286
0.0158928948861381
0.0158765989343808
0.0158976857339
0.0157917081304445
0.0159440528443251
0.0158485123548761
0.0158637395084858
0.0158519264393454
0.015904863633352
0.0158428546906923
0.0158830496104596
0.0158825858202194
0.015899837807982
0.015960898868934
0.0158808958955129
0.0159236152270668
0.0158768088342611
0.0158805853852421
0.0158418333762222
0.0159095923941709
0.0159055328900325
0.0159689879483875
0.0158066580814923
0.0158070502445786
0.0158473578132386
0.0158855563188374
0.0158944448595895
0.0158476078182161
0.015931237204126
0.0158860204834983
0.0159638616175495
0.0159883534924931
0.0159592729096944
0.0159078111540815
0.0159106172373803
0.0157952181382388
0.0158752047513849
0.0158990164751942
0.0159474892599845
0.0158638589226975
0.01586603769666
0.0158623136874734
0.0157638054305883
0.0159784088042205
0.0158843911794138
0.015893660644627
0.0159035118190266
0.0159203557575788
0.0159915487116932
0.0159595461113049
0.0158450396597485
0.015843637674361
0.0158979223689474
0.0159581118232529
0.0160041416643244
0.0158559354480924
0.0159613223007782
0.0158825292530957
0.0159290123827803
0.0158038810421776
0.0159034507589927
0.015948721372133
0.0159522468047761
0.0158841841301781
0.0159372745061221
0.0158434727800083
0.0158869300590624
0.0159087192657093
0.0159104424040809
0.0159309778513932
0.015783083544995
0.0159128566813277
0.0159317993846076
0.0159635269656649
0.0159679285299197
0.015924901562778
0.0158856038183208
0.0159304318764218
0.015878633668445
0.0159435370146795
0.0158583054709078
0.0159265065027355
0.0158980329423231
0.0158791420197377
0.0159041887478776
0.0159936901041239
0.0158335902084225
0.015870028683564
0.0158385668509623
0.015875532707183
0.0159499219835427
0.0157587801430874
0.015892045229408
0.0159796831112076
0.0158533166393161
0.0159539747209383
0.0158920985620144
0.0159610000613249
0.0158645749485409
0.0158690441000107
0.0159978130238889
0.0158463370790082
0.0158386328738199
0.0159295037881472
0.015978752140794
0.0159687462894992
0.0159212861997823
0.0160083194318775
0.0159238691439657
0.0159911525162956
0.0159018665545179
0.0157845344628871
0.0159389346105014
0.0158692636918957
0.0159294524017541
0.0158500072846481
0.0159142329641066
0.0159034578094122
0.0158595529627446
0.0158820577562218
0.0158269670577791
0.0158719237540816
0.0157911847088178
0.0158333834300066
0.0159640772357024
0.0157972023380481
0.0159664709698351
0.0158793350166451
0.0159268638738267
0.0158094724962161
0.0159748701939873
0.0160211729905865
0.015777855217694
0.0158866585051841
0.0159504189867804
0.0159072471011692
0.0159536400310904
0.015909921093136
0.0158873586371978
0.015929250846114
0.0159110882877126
0.0159030895578771
0.0159391416513778
0.0158181881080325
0.015950620597095
0.0158995028407166
0.015855250099784
0.0159255190686645
0.0159747485797121
0.0158770597368505
0.0158668724284426
0.0160111415783469
0.0158674291910659
0.0158579964552929
0.0158399752249252
0.0158291852603909
0.0158472702719046
0.0160146547575018
0.0158891280864549
0.0159139711561764
0.0159516168072901
0.0158242898475591
0.0158219286269354
0.0160469011062795
0.0159090554277988
0.0158951100247489
0.0159503744493725
0.0158958032075882
0.0159405426745834
0.0158932484855144
0.015835458839474
0.0159329941748458
0.0158604723652934
0.0158229426500059
0.0158225632669582
0.0158850853394123
0.0159020635460572
0.0158780395698999
0.0159268067056952
0.0159704550504915
0.0159382172881063
0.0158928803539505
0.0159995882268097
0.0159364643587218
0.0159516820794647
0.0158951301337828
0.015827815132353
0.0157982842049452
0.0158706145233994
0.0159081654422028
0.0158053836887033
0.0158693938645505
0.0159171508464118
0.0158797818904701
0.0159819937863213
0.0158614587314119
0.0158644609783119
0.0159626390776251
0.0159299384463235
0.0158960117208384
0.0159600104627168
0.0158473347200785
0.0159502374854889
0.0158405627699234
0.015953646076345
0.0159390390879399
0.0158894977850938
0.0159091150515233
0.0158994598284113
0.0158735021902097
0.0159322309534458
0.0158690667990779
0.0158957898948721
0.0159076370711673
0.0158814621692597
0.0159806613943432
0.0159413772709776
0.015910663405883
0.0158828754845408
0.0159438734413215
0.0159180042685961
0.016024468745537
0.0158132963373872
0.0158536287450339
0.0158945027313179
0.0159889630231652
0.0158802018034652
0.0158877264651606
0.0159616285516371
0.0158480498980085
0.0158287226129078
0.0160048755042703
0.015878946404226
0.0159811299414136
0.0157890940031302
0.0158568119736186
0.0159725127215635
0.0159100107389395
0.0159287322631499
0.0158255150407974
0.0158761387041132
0.015848141956827
0.0159193163439435
0.015781442330705
0.0158905644772399
0.015917123409092
0.0159336157623145
0.015925731528327
0.0158973866784019
0.0160220153094588
0.0158535806743041
0.0159169077670752
0.0159108432194048
0.0158293468056184
0.0159436474591188
0.015893443875576
0.0159920169515301
0.0159058360386767
0.0158663969289133
0.0159167286257958
0.0158175349206394
0.0159722523071782
0.0158552258810225
0.0159031443322764
0.0159767007524884
0.0159268618310117
0.0159288728297612
0.0157937628211437
0.0158936000353943
0.0159675713695859
0.0158181906679677
0.0158515048876636
0.015890065947595
0.0159444062354418
0.0158627866298176
0.0160183623222043
0.0158618936570577
0.0158409732219197
0.0157764385270462
0.0158734370069946
0.015946951469919
0.0158493537480903
0.0159180702074286
0.0160425051215513
0.0158481164038148
0.0158619591643378
0.0158952793257079
0.0159916709686121
0.0158770003724169
0.0158937259291919
0.0159415765858789
0.0159412903843258
0.015942922611456
0.015883321690945
0.0158295391579261
0.01589620378393
0.0160423451849178
0.0159669856587742
0.0158313081670453
0.0158682208730766
0.0157831389013993
0.0160325331658434
0.0159482197677743
0.01597317703922
0.0159257076007866
0.015934694807216
0.0158343441250364
0.015961798719471
0.0159835478777727
0.0158807736237539
0.0158949407422439
0.0159262203445829
0.0158693413881748
0.0159081454893557
0.0158780500747123
0.0158863155782303
0.015853343295167
0.0158540413637847
0.0158859447233025
0.0158550324959759
0.015855187933222
0.0158359813289594
0.0158756521046103
0.0157793912112933
0.0158986802733698
0.0159808164701316
0.0158598157678117
0.0158798144460593
0.0157977073352765
0.0158781434263234
0.0159680479083804
0.0159165689752029
0.0159333307756072
0.0158859731038964
0.0159014102529771
0.01582585139773
0.0159079943780249
0.0158587464439353
0.0159740405760155
0.0158837393448041
0.0158504632385895
0.0159632088337465
0.0157975217649478
0.0158971408805293
0.0159412086333142
0.0158241719249946
0.0159809862229213
0.0159360856415957
0.0158375335664462
0.0157925952849172
0.0158338449830048
0.0158874071418053
0.015892107367724
0.0158796164015943
0.0158588698957823
0.015891697589324
0.0158900686718055
0.0158552643046037
0.0159144484581558
0.0158617048769633
0.0159527647134602
0.0159088333161187
0.0158683136104543
0.0158425194762679
0.015847830286668
0.0159034915336458
0.0158385520691332
0.0158471929293217
0.0160361485317069
0.0158592344352312
0.0159403215093733
0.0157916419976534
0.0159107564536507
0.0158270165821981
0.0159424376283266
0.0158564416325534
0.0158161060942139
0.0158979900917538
0.0159060825012742
0.0158543869889144
0.0158510839992551
0.0158858584282686
0.0158687299888098
0.015873260752797
0.0159233358586325
0.0158539276034561
0.0158948816660792
0.0158523401731311
0.0158498583826241
0.0158244717271747
0.0158465463952789
0.0159277336822151
0.015918134789441
0.0158812325286446
0.0159205377873565
0.0158771084390164
0.0158487554065255
0.0159643800678681
0.0159234425780287
0.0158321951792644
0.0159621648338509
0.015871724628655
0.0159584286841427
0.0159116656424363
0.0158164693444632
0.0158771278423155
0.0158712701094865
0.0159222772293863
0.015854374461861
0.0159592288389123
0.0158666064677787
0.0157843107679812
0.0158467691451047
0.0160072555416511
0.0159004524539523
0.0158953538910402
0.015880912137509
0.0159178941856088
0.0158951524119394
0.0159242310883555
0.0160840573295047
0.0159133092000492
0.0159920300824711
0.0159089041404129
0.0160632552684596
0.0158680064983395
0.0159764653137039
0.0159238277864371
0.0159384566548052
0.0158613523339206
0.0159688906269582
0.0158844867554578
0.0159830029460528
0.0158090815543386
0.0159515928079886
0.0158734781068096
0.015818137343438
0.015926582875041
0.0159709140606017
0.0159172743344165
0.0159430188759461
0.0160037046570484
0.015875532871745
0.0158467112242666
0.0158487555080123
0.0158397474556884
0.0159171552718045
0.0158201721373774
0.0158526904161128
0.0159518510511247
0.0158035948920167
0.0159564407705401
0.015889544432831
0.0158322002010602
0.0157685901950003
0.0159102670754586
0.0158520851486186
0.0157878253240147
0.0157938584145933
0.0159002993443585
0.0158755729029532
0.0159363416027222
0.015912417448029
0.0158602753437506
0.0158699792170878
0.0158466260578254
0.0159111278849915
0.01588955183281
0.0159158421961886
0.0158573029507955
0.0160232721519709
0.0160268433093496
0.0158597361744139
0.0158372293767444
0.0159388959856929
0.0158320023627137
0.0159740113780075
0.0159598946508463
0.0159696683069596
0.0159136468178611
0.015938247754551
0.0158425525733993
0.0159523334309429
0.0159203519780949
0.0158434539340853
0.0157966466230849
0.0157784847282032
0.0159368879444201
0.015844206343994
0.0158863682902938
0.0158467480677355
0.0159838957540566
0.0159865261176871
0.0158587047635435
0.015917864512294
0.0158992513614112
0.0159638303126782
0.015929651725335
0.0159424350190643
0.0157978519181097
0.0159622810298754
0.0158088467877109
0.0159056695507344
0.0159223946551912
0.0159148887138757
0.0159339053123768
0.0159433196650325
0.0158369773796388
0.0158895224384956
0.0159500309318572
0.0159405353066884
0.0158787055178614
0.0158617233455458
0.0158794839464242
0.0159183638858281
0.0158779430095705
0.01599671115719
0.0158992799199872
0.0159447048885645
0.0158717521642526
0.0158427275496113
0.0159425647354568
0.0158756718362732
0.0157950996830352
0.0158688363829366
0.0158654214192426
0.0159044385612837
0.0159158073957302
0.0158566676526907
0.0157832911684119
0.0158734279847194
0.0158849064728667
0.0158168907040815
0.0158284871427928
0.0158454052918338
0.0158454270966247
0.0159656684823157
0.0159112111832598
0.0159218567992646
0.0158186541971535
0.0159583028235726
0.0159110321993876
0.0157774979542971
0.0158338836057963
0.0159961324149811
0.0158451906494707
0.015937054420566
0.0158465491632605
0.0158432970009877
0.0158427476093966
0.0158003294384887
0.0158907969588335
0.0158054724681478
0.0158216296544449
0.0158774312986782
0.0157753340021286
0.0158536440262533
0.0157838791973742
0.0159205413629185
0.0159342487546162
0.0159890420290422
0.0158716969097499
0.0158401393534933
0.0158993981394919
0.0159962208276369
0.0158533403955344
0.0158744839631454
0.0157973370794628
0.0159088229193386
0.0159238777088864
0.0159351416412573
0.0160030640191527
0.0159469563217947
0.0157612378453524
0.0159238086452368
0.0160128852336668
0.0159980925463502
0.0157949908605702
