1 14.4967706291519 5.1469280521525 0
2 14.490710520551 7.33305508340839 0
3 12.7525524645117 4.05386453652455 0
4 16.247048902393 4.05386453652455 0
5 14.4980474563334 4.68632468682835 0
6 14.8642665454488 5.37722973481457 0
7 14.1279978856735 5.37722973481457 0
8 14.4952217910376 5.70565679641038 0
9 14.0509846291127 4.86756368002356 0
10 14.9441054673054 4.86756368002356 0
11 14.7005245003209 6.5886774213254 0
12 13.4508755445485 4.23110295998452 0
13 15.9152551410674 4.26107253354001 0
14 14.4998960245948 4.01947111844718 0
15 15.3963207630197 5.71065651900516 0
16 13.5940950998412 5.71065651900516 0
17 14.4996099915185 4.122654853446 0
18 15.3139948312202 5.65906465150575 0
19 13.676707064717 5.65906465150575 0
20 12.9892870599184 4.05045284508244 0
21 16.0103332219169 4.05045284508244 0
22 14.612410921934 7.11262110201954 0
23 14.4918593128645 6.91863908937748 0
24 16.1307925892083 4.27771020935552 0
25 13.0831974335238 4.26107253354001 0
26 13.9110296995535 4.03505102331062 0
27 15.0886759722992 4.03505102331062 0
28 15.0879469549164 6.25541063033303 0
29 6.83333333333333 3 0
30 7.94520845561263 2.04696418090347 0
31 7.46869054606436 4.90607163819307 0
32 5.08610099832302 2.04696418090347 0
33 6.59906816217911 3.20079871813219 0
34 6.69946752124521 2.59840256373562 0
35 7.20146431657568 3.20079871813219 0
36 7.11750556210167 2.75642380391286 0
37 6.9957174640581 3.48715239217429 0
38 6.38677697384024 2.75642380391286 0
39 7.424967473847 2.20149734724057 0
40 7.08237486208489 4.25705301781319 0
41 5.4173173524341 2.22762764678224 0
42 6.25990310805129 3.49151162167032 0
43 6.50565891888645 2.01697675665936 0
44 7.73443797306226 3.49151162167032 0
45 6.31238287081382 3.44652896787388 0
46 6.53564735475075 2.10694206425225 0
47 7.65196977443544 3.44652896787388 0
48 7.3055533069135 4.71387651228682 0
49 5.24576783087339 2.24213394103869 0
50 7.7505344678489 2.04398954667448 0
51 7.73443441208739 2.22762764678224 0
52 5.27879189660076 2.04398954667448 0
53 7.34824823547851 4.54474470643552 0
54 6.66929379600431 3.96647961142827 0
55 5.8663604548899 3.00295960209097 0
56 6.99194693349557 2.03056078648076 0
57 12.9839709997549 8.4792992326051 0
58 12.0095205725948 7.06672317829407 0
59 14.4196631250853 7.48955716636467 0
60 12.5227293015845 10.8816173531566 0
61 13.1892816425832 8.77692021944143 0
62 12.6814796005626 8.68783172865649 0
63 13.0811517561188 7.97314574971737 0
64 12.7349216738354 8.11827408003629 0
65 13.3509041408112 8.22634168077792 0
66 12.8660871846181 9.09328193700109 0
67 12.2285473915193 7.74936682927589 0
68 13.9613196866035 8.05336337885409 0
69 12.6101651797851 10.4262188160757 0
70 13.4865268324883 9.2078107253266 0
71 12.2435377960906 8.98974146181149 0
72 13.2218483706858 7.24034551067721 0
73 13.4405334235015 9.14113807951518 0
74 12.3113015050068 8.94302629767875 0
75 13.2000780707563 7.35373332062137 0
76 14.2926812497221 7.72154751978192 0
77 12.6527526508746 10.6540359600302 0
78 12.0420459440235 7.32669738902197 0
79 12.1942435263078 7.33449998235073 0
80 12.4857228195273 10.6247323449215 0
81 14.1475042931718 7.67717889938885 0
82 13.7992158151613 8.62618108421064 0
83 13.1599485883659 9.76930631181181 0
84 12.1672938227656 8.33987765226146 0
85 11.4871670372697 8.66570451378593 0
86 11.9392244005236 7.07547754964081 0
87 12.4524331295133 10.8903717245033 0
88 10.069843581772 8.0312642672137 0
89 11.3919213631357 9.00075544213645 0
90 11.2837914766714 8.19698097241239 0
91 11.7857882720018 8.79937712680896 0
92 11.6027035268205 8.25927547189655 0
93 11.7338690376032 9.23428332886134 0
94 11.1249285473853 8.50355474059992 0
95 11.6436517906513 7.44697471123979 0
96 12.012623271724 10.1896933641466 0
97 10.3385203330658 8.15153275192541 0
98 11.2540263270793 9.48583636854855 0
99 10.9893478652769 7.51837115389915 0
100 12.2181269194527 8.99290601891011 0
101 11.2753631325382 9.41077871850793 0
102 11.034907779793 7.62337395961413 0
103 12.1512301994777 8.96296086323575 0
104 12.2903256084757 10.6991710053929 0
105 10.2305401324356 8.22742843414481 0
106 11.8110818876163 7.13675287847463 0
107 11.8535295626329 7.37693097785371 0
108 10.1949732870801 7.96304526312603 0
109 12.2694512161102 10.4686498115787 0
110 11.6587146817435 9.9562632784526 0
111 10.8557813406291 8.99274326911531 0
112 11.3112179701227 7.3731755286483 0
113 17.1364923190472 12.8247263348949 0
114 16.4436206381177 10.5845705347227 0
115 19.8655177072533 13.9448042349809 0
116 15.1003386117706 13.9448042349809 0
117 17.2824760717803 13.2967132257101 0
118 16.5615036473502 12.5887328894872 0
119 17.5654972380112 12.5887328894872 0
120 16.9594086826973 12.2521889574794 0
121 17.83397462744 13.1109950236026 0
122 16.6160936470043 13.1109950236026 0
123 16.3962503186192 11.3473450274181 0
124 18.8564236523089 13.7631854741996 0
125 15.486324718953 13.732475221287 0
126 17.4938288185567 13.9800476649794 0
127 15.7290450151167 12.2470656698526 0
128 18.1866031234683 12.2470656698526 0
129 17.4611257382274 13.8743138081923 0
130 15.8578531897724 12.2999325982461 0
131 18.0904980291418 12.2999325982461 0
132 19.5437949379423 13.9483002442536 0
133 15.4242239858621 13.9483002442536 0
134 16.3483647139895 10.8104524047619 0
135 16.5749657531467 11.0092285621106 0
136 15.1870766479361 13.7154263556691 0
137 19.3481864850419 13.732475221287 0
138 18.2918242604927 13.9640827124643 0
139 16.6859575782639 13.9640827124643 0
140 15.9748372104669 11.6888482997222 0
141 9.21683122386304 5.84826118344385 0
142 10.1066449794913 4.60600030969665 0
143 9.96321911991956 7.89894534896225 0
144 7.58062957217822 5.03983789167265 0
145 9.02935300119148 6.10999782128678 0
146 9.05957193753358 5.41619478732409 0
147 9.56156873286406 6.01859094172067 0
148 9.44424917130956 5.53076505988568 0
149 9.4075924952487 6.37237353935364 0
150 8.79865200503085 5.64164495109222 0
151 9.66201603608546 4.85901479341311 0
152 9.5588999960787 7.2264780488037 0
153 7.89079825141021 5.19308769704404 0
154 8.75792528008851 6.48893558870587 0
155 8.8318946686624 4.79065654830735 0
156 10.0606737228382 6.26519141331832 0
157 8.79992389473732 6.43030170560417 0
158 8.86712367858355 4.88744747055288 0
159 9.98344609826824 6.2270343741745 0
160 9.80042843193128 7.7072015905336 0
161 7.74064295589117 5.23545901928546 0
162 9.93436212932559 4.63218913642054 0
163 9.93796628572428 4.84149109659018 0
164 7.7505827816954 5.0072484290132 0
165 9.82172913445462 7.51020475669733 0
166 9.16573339991223 6.96184235385465 0
167 8.36280005879782 5.99832234451736 0
168 9.26284791053384 4.73216949746083 0
169 13.0395043330882 6.14596589927177 0
170 12.0121286501076 6.95714008951932 0
171 12.6841131465588 4.10078353070607 0
172 14.4222712025982 7.37997407758991 0
173 13.2559659980635 5.97505654379965 0
174 13.1143830451583 6.57687310100093 0
175 12.7481639560429 5.88596805301472 0
176 12.7769284090793 6.35328520423962 0
177 12.9486737141302 5.62325968859443 0
178 13.3929108760551 6.46135280498125 0
179 12.4652855690751 6.87588516289771 0
180 12.9484089083869 4.82230725113504 0
181 14.1601452151564 7.14604772356363 0
182 13.569355444545 5.72761694142919 0
183 13.2227911465723 7.20073307847205 0
184 12.3263664081473 5.50954767791407 0
185 13.5208639988507 5.76590382114281 0
186 13.2060169200578 7.10420183736612 0
187 12.3916320803561 5.56779203930637 0
188 12.8034632598569 4.32165743136094 0
189 14.3061277545811 7.15656832402497 0
190 12.1759518161739 6.98897555753809 0
191 12.2068844482924 6.80336880652551 0
192 14.2595572905253 7.35452207318934 0
193 12.7514833358158 4.48848116772616 0
194 13.2691537561205 5.18085388514585 0
195 13.8549135050641 6.28594201266503 0
196 12.8141490190876 7.11491006021908 0
197 9.71683122386304 2.84826118344385 0
198 10.1301270699431 4.46510776698625 0
199 8.08062957217823 2.03983789167264 0
200 10.9397370294678 2.03983789167264 0
201 9.62975236025757 2.50760166689021 0
202 10.0615687328641 3.01859094172067 0
203 9.45917257846748 3.01859094172067 0
204 9.82246107326599 3.26149364814711 0
205 9.29865200503085 2.64164495109222 0
206 10.0293805932923 2.64164495109222 0
207 10.159375712029 3.91457046398572 0
208 8.68588922497386 2.17092237823108 0
209 10.7079153110635 2.19308769704404 0
210 9.50368109092367 2.0144007236949 0
211 10.5606737228382 3.26519141331832 0
212 9.08613885782724 3.26519141331832 0
213 9.52318837867426 2.09071480198254 0
214 10.4834460982682 3.2270343741745 0
215 9.14385919464662 3.2270343741745 0
216 8.27366702161855 2.03731462492126 0
217 10.7454095928667 2.03731462492126 0
218 10.1875253627544 4.30207610203288 0
219 10.0517801091154 4.15860815624347 0
220 10.8874456815804 2.2053928233774 0
221 8.39079825141022 2.19308769704404 0
222 9.02486652806619 2.02592352890714 0
223 9.98838653740349 2.02592352890714 0
224 10.4125935886528 3.66808832240834 0
225 18.8031589857139 11.1580596682282 0
226 16.5218942729569 10.5062968998836 0
227 19.9437913420924 9.10135150465914 0
228 19.9437913420924 13.8665306001418 0
229 19.2838072686672 11.2953820288231 0
230 18.5628348442372 11.5913952832612 0
231 18.5628348442372 10.5874016926002 0
232 18.2201150225521 10.9914826176247 0
233 19.0946809672948 10.6324077033121 0
234 19.0946809672948 11.8502886837478 0
235 17.2986663768629 11.0115161153505 0
236 19.7588397105526 10.001430444511 0
237 19.7275658963456 13.3530958099832 0
238 19.9796815213405 11.4941949621955 0
239 18.2148977179005 12.2187710754203 0
240 18.2148977179005 9.76121296706873 0
241 19.8720073513505 11.4634321950692 0
242 18.2687348028956 12.1216958244924 0
243 18.2687348028956 9.88905098512299 0
244 19.9473515063401 9.42517272377552 0
245 19.9473515063401 13.5447436758557 0
246 16.7519212823873 10.7371364936378 0
247 16.9543451644504 10.6298491508069 0
248 19.7102041684142 13.642110444545 0
249 19.7275658963456 9.49123404389444 0
250 19.963423597311 10.6866166934172 0
251 19.963423597311 12.292483375646 0
252 17.6464365472852 11.6379136555876 0
253 8.55016455719637 3.84826118344385 0
254 10.0753355255557 4.51207194788972 0
255 7.54932011824258 4.94590952986571 0
256 8.02583802779085 2.08680207257611 0
257 8.22882052243668 3.7084003850224 0
258 8.76103625410926 3.61699350545629 0
259 8.66063689504317 4.21938965985286 0
260 8.93996663536766 4.01791745205997 0
261 8.29436946908894 4.1287973432665 0
262 8.41615756713251 3.39806875500508 0
263 9.58434318587603 4.11606781122629 0
264 7.76826408705875 4.42797539604427 0
265 8.1252326634976 2.42071534382628 0
266 7.76358419897497 3.50591234536523 0
267 9.06633264172465 3.28216816997768 0
268 8.82057683088949 4.75670303498864 0
269 7.83557124948807 3.53724376985642 0
270 9.01909345301899 3.33397643842675 0
271 8.79582896908205 4.67356334204838 0
272 7.57922032853205 4.75119113720808 0
273 7.99117742374007 2.27944856595995 0
274 9.9380598306033 4.34606564870737 0
275 9.78621452120279 4.3862358030257 0
276 8.16623757818114 2.24938237005189 0
277 7.73904648688872 4.73783240347956 0
278 7.69416032407051 3.99240314033541 0
279 7.85474699229339 3.02888313099812 0
280 9.40454052214838 3.6986491088891 0
281 19.1488792563065 6.66099754407614 0
282 17.5265821460745 6.9678703966584 0
283 19.9600278114225 4.12497157004367 0
284 19.9600278114225 8.89015066552634 0
285 19.4906871649252 6.5963413431303 0
286 18.9779753019971 7.19532243987953 0
287 18.9779753019971 6.19132884921858 0
288 18.734253749987 6.73942788280701 0
289 19.3561920094662 6.01284188449284 0
290 19.3561920094662 7.23072286492855 0
291 18.0789753569232 7.14667356580562 0
292 19.8285014279643 5.10277109232113 0
293 19.8062613879855 8.46757837514018 0
294 19.9855507302466 6.50273321612853 0
295 18.7305435193364 7.96890876222574 0
296 18.7305435193364 5.51135065387413 0
297 19.9089793907415 6.51721740970304 0
298 18.768829189089 7.84921003094737 0
299 18.768829189089 5.616565191578 0
300 19.9625595843197 4.4472967329395 0
301 19.9625595843197 8.56686768501972 0
302 17.6901634045701 7.10204778204093 0
303 17.8341149929485 6.90969764803687 0
304 19.7939147800297 8.76388877452166 0
305 19.8062613879855 4.60571660905137 0
306 19.9739890806826 5.70198687045403 0
307 19.9739890806826 7.30785355268285 0
308 18.326288410663 7.6269307342576 0
309 11.2723645571964 3.51492785011052 0
310 10.2031814188111 4.4964172209219 0
311 11.0127913783359 2.07114734560829 0
312 12.6011208744421 3.97721898380136 0
313 11.4976347929361 3.308134145645 0
314 11.327055011146 3.81912342047546 0
315 10.9924038675069 3.41752598421108 0
316 10.9991035143792 3.76577618408901 0
317 11.2060230344055 3.14592748703412 0
318 11.6119671228043 3.63307987920841 0
319 10.6616663798034 4.27553688728322 0
320 11.2437355633208 2.53188880152858 0
321 12.3492334670942 3.88958416800106 0
322 11.8237771354859 3.00874180480845 0
323 11.4062349023895 4.25953249443187 0
324 10.5870816337137 3.27650925109122 0
325 11.7733124058343 3.05506744723179 0
326 11.3939832218067 4.19138701942375 0
327 10.6497980439481 3.298329083676 0
328 11.1220570092837 2.19873725228038 0
329 12.4951923990311 3.84656563311247 0
330 10.3660283848073 4.46349872939201 0
331 10.4058625012734 4.31035992076496 0
332 12.4390840933806 4.01464383156862 0
333 11.0619977032215 2.34483946156553 0
334 11.5485236304427 2.69456326363446 0
335 12.0837911129632 3.33690993652599 0
336 11.0003318660818 4.33672805713566 0
337 14.4666296148658 9.63832105371402 0
338 16.3182327230911 10.4349236206656 0
339 12.5923611490027 10.9360498636342 0
340 14.4892949725035 7.54398967684229 0
341 14.0765083590102 9.47048184861854 0
342 14.8615263205716 9.3648976667922 0
343 14.4618541650154 10.0795836457313 0
344 14.9398609800753 9.84191615388062 0
345 13.9876054541644 9.96999363174231 0
346 14.4724224103575 9.10305337551914 0
347 15.8005348513477 9.9620193388376 0
348 13.1218190086059 10.3223041150465 0
349 14.4849983847109 7.94100430909714 0
350 13.5116975670059 9.22748715674646 0
351 15.4332509260933 8.96904002663067 0
352 14.4549403514981 10.7184359777649 0
353 13.5990919963828 9.26508626557797 0
354 15.344786706982 9.03029195925336 0
355 14.4560101412325 10.6195849363107 0
356 12.7179741312263 10.7050208045266 0
357 14.3579027300738 7.77253236427834 0
358 16.1972613213044 10.2370599306473 0
359 15.9672311885622 10.2839146262609 0
360 14.6161163780584 7.73780287005808 0
361 12.9476592713242 10.690044225784 0
362 13.2052598017261 9.80472693021326 0
363 13.8445270285216 8.66160170261209 0
364 15.7280698140691 9.46541134241867 0
365 17.9266459229732 4.99433087740947 0
366 17.4691809587016 6.88959676181929 0
367 16.4081301861683 4.04669793520456 0
368 19.9026266240496 4.04669793520456 0
369 18.0230309450001 4.59501014624331 0
370 18.2465877418473 5.19399124299255 0
371 17.510319082072 5.19399124299255 0
372 17.8097273627179 5.47872154295225 0
373 17.5385447840044 4.75213554463808 0
374 18.4316656221971 4.75213554463808 0
375 17.8326985825475 6.24425750756188 0
376 17.0698559944925 4.2003550340774 0
377 19.5280472905 4.22633719774764 0
378 18.1625755091871 4.01688051334466 0
379 18.7097939614555 5.48305605944187 0
380 16.9075682982769 5.48305605944187 0
381 18.1409834685738 4.10633579657992 0
382 18.6381210334244 5.43832841782425 0
383 17.0008332669213 5.43832841782425 0
384 16.6455692484523 4.04374016454168 0
385 19.6666154104508 4.04374016454168 0
386 17.6363979143063 6.69849121364311 0
387 17.555900895463 6.53031823673314 0
388 19.7401492897659 4.24076125404362 0
389 16.6959895829565 4.22633719774764 0
390 17.5704921502746 4.03038753363573 0
391 18.7481384230203 4.03038753363573 0
392 18.2889359987334 5.95533139743931 0
393 10.7039982611327 6.51396569722978 0
394 11.9024435204432 6.97442289860306 0
395 10.0330627016916 7.93020961617594 0
396 10.1764885612633 4.63726457691035 0
397 10.4514933006693 6.41695022946054 0
398 10.8453602095354 6.21557191413306 0
399 10.8151412731933 6.90937494809575 0
400 11.0102960220692 6.63164901125019 0
401 10.532521042634 6.87592827995356 0
402 10.5691777186949 6.0343198004856 0
403 11.5028989157987 6.62186880222148 0
404 10.1589073380609 7.30903178455562 0
405 10.2764866187901 4.99302384851559 0
406 10.0859209957417 6.2764929168559 0
407 11.0500215881151 5.78356256721747 0
408 10.9760521995412 7.48184160761598 0
409 10.1424868111218 6.29822618906081 0
410 11.0183538780613 5.85040833378863 0
411 10.951154094215 7.39326256883992 0
412 10.0409083901711 7.70641943440614 0
413 10.1649022617612 4.85961757056535 0
414 11.7865704739887 6.81388827310017 0
415 11.6752586970876 6.88713573455103 0
416 10.2944557450425 4.79337879391078 0
417 10.1602494675204 7.66173750862273 0
418 10.0702946965447 6.83463616185844 0
419 10.1186292511629 5.72491276657613 0
420 11.3360636723801 6.18746723700166 0
421 14.6364923190472 11.8247263348949 0
422 16.3262101858591 10.5376063538193 0
423 14.9829281595119 13.8978400540775 0
424 12.6003386117706 11.0387325967879 0
425 14.2804792764498 12.0959145075779 0
426 14.5635004426807 11.387934171355 0
427 15.0654972380112 11.9903303257516 0
428 15.0683491729152 11.4957651535666 0
429 14.7250341372221 12.3545712196897 0
430 14.1160936470043 11.6238426314283 0
431 15.6092133774297 10.8058953924718 0
432 14.6434605934984 13.2217358392534 0
433 12.986324718953 11.1877305148515 0
434 13.7650497643809 12.488536043309 0
435 14.4578240692925 10.7555540481823 0
436 15.6866031234683 12.2300889131932 0
437 13.8448033185427 12.4277848403185 0
438 14.4741756094571 10.8534036303722 0
439 15.5904980291418 12.1929905339939 0
440 14.8188891332654 13.7061663032149 0
441 12.7591036572252 11.2344237319667 0
442 16.0732705186665 10.5683184637232 0
443 16.0058966361911 10.7816009153284 0
444 12.852196976573 11.0015498433823 0
445 14.9172556019974 13.5048475745047 0
446 14.1785585730364 12.9611231103733 0
447 13.375625231922 11.997603101036 0
448 15.0881028979232 10.6858886976312 0
449 16.1155088711722 8.29931859779016 0
450 17.3841223905598 7.04481280300298 0
451 16.3956709867723 10.3720384670954 0
452 14.5667332361846 7.4811045232721 0
453 15.8482198948359 8.56363516431908 0
454 16.0564804563378 7.86260941596931 0
455 16.441826262343 8.4717112130821 0
456 16.4397401845872 7.9786929262879 0
457 16.1871124993237 8.82906282272203 0
458 15.7196739296059 8.09020004436055 0
459 16.843426910062 7.3001045810443 0
460 16.1327796474135 9.69221389602033 0
461 14.860328889652 7.63621033101955 0
462 15.4612435479883 8.94630810777017 0
463 15.9710201405181 7.23034943229091 0
464 16.9142629250103 8.7212982533094 0
465 15.5211212583541 8.88709627257803 0
466 15.9842436051565 7.32818042502985 0
467 16.8411617500062 8.68267909576261 0
468 16.2697947723102 10.1781578196152 0
469 14.6886498290643 7.67890075902597 0
470 17.1928288165134 7.07113348950047 0
471 17.1436360303614 7.28262481416759 0
472 14.7571523627003 7.448314422565 0
473 16.3425616935033 9.97912064818333 0
474 15.7784608609536 9.42449037426597 0
475 15.1621083296661 8.45024483010349 0
476 16.4477472409598 7.17160590098661 0
477 16.090116552125 6.14125892956197 0
478 17.3829298610945 6.94346129834384 0
479 14.5655407067193 7.37975301861296 0
480 16.3218790885613 4.10056247172911 0
481 15.8177288306736 5.97223988105788 0
482 16.4113351981807 5.8803159298209 0
483 16.0412856275208 6.57122097780712 0
484 16.4205328300233 6.34628522297581 0
485 15.700466575042 6.45779234104846 0
486 16.1493502513098 5.61969922466164 0
487 17.0471417684154 6.47536046754641 0
488 15.0215794770366 6.7890324554028 0
489 16.2779447240238 4.48740973128765 0
490 15.4233706090282 5.72753703234982 0
491 16.8763899860503 5.50252717788906 0
492 15.9705890612966 7.19371257844703 0
493 15.4843905332908 5.76540044808567 0
494 16.8044310249429 5.56098327127025 0
495 15.9815280981414 7.09739306932999 0
496 14.6825014867812 7.15636126656123 0
497 16.2008831540555 4.3214503738972 0
498 17.3134311362232 6.74894405872555 0
499 17.1378560365304 6.79139077027315 0
500 16.3961363496844 4.29121409912605 0
501 14.8545488958209 7.14497628712511 0
502 15.1366408594583 6.28579816396876 0
503 15.7285273832604 5.18071003644958 0
504 17.0443119710326 5.99038242074993 0
505 17.9520382420204 8.81905721230433 0
506 17.4703734881669 7.06922190131754 0
507 19.9038191535149 8.99150217018548 0
508 16.4819220843793 10.39644756541 0
509 18.0535220091624 9.18773662639149 0
510 17.5408101462343 8.78272413247977 0
511 18.2617825706644 8.48671087804172 0
512 17.8289347172818 8.3718355861191 0
513 18.450872976761 8.86313056824064 0
514 17.5763070320183 9.22220548255324 0
515 17.4309462266492 7.74856703918386 0
516 19.1804722976904 9.1305906833204 0
517 16.7606065524359 10.0974275259471 0
518 18.2004484481471 9.72150429154888 0
519 16.945441237237 8.73012172929448 0
520 18.710225040677 8.00554561606963 0
521 18.1777141936371 9.6389132341954 0
522 17.0375639919845 8.73826101607036 0
523 18.6408365404395 8.07999738664722 0
524 19.6727637527338 9.08940717748447 0
525 16.714480866707 10.3040041786575 0
526 17.4003675729842 7.294346617232 0
527 17.561680889294 7.40093169193131 0
528 16.545836062417 10.1707846108857 0
529 19.5338272843311 8.95881241903462 0
530 18.7736058932281 9.47230021881757 0
531 17.6204256279678 9.94576720827041 0
532 17.1259052232085 8.17071270770863 0
533 11.5928649277994 5.18063236389645 0
534 11.9441884153756 6.91180399073177 0
535 10.2182334561957 4.57464566903906 0
536 12.6161729118268 4.05544743191852 0
537 11.5188432545931 4.81588527195096 0
538 11.8824912271171 5.30830999058616 0
539 11.3772603016879 5.41770182915224 0
540 11.6826559272405 5.62308393936638 0
541 11.2415376238662 5.02575472860179 0
542 11.8544012322913 4.89305842372118 0
543 11.9671218920006 6.29147220115417 0
544 10.7262463542695 4.61117192809773 0
545 12.4221882122474 4.2687445667087 0
546 11.4116759591904 4.2878107546288 0
547 12.3018071629899 5.49315944538889 0
548 11.0651116612177 5.76092689167166 0
549 11.4282581930326 4.36952089856231 0
550 12.2369254761259 5.46455727834142 0
551 11.1134111142396 5.70781891478563 0
552 10.3801270508191 4.5367723158471 0
553 12.4531827593924 4.0879174180237 0
554 11.9918554372424 6.71925360865418 0
555 11.8775893247241 6.58363220550805 0
556 12.5727964168696 4.2498892316414 0
557 10.4788172464266 4.6895203194726 0
558 11.0101266094748 4.3876332971215 0
559 11.8182328738229 4.21266334662075 0
560 12.1787810746887 5.97013722865854 0
561 12.6555255555556 2.8 0
562 14.2227463671975 2.41878567236139 0
563 12.6660798977877 3.94364298291584 0
564 11.0777504016814 2.03757134472277 0
565 12.3253218804134 2.88031948725288 0
566 12.6533018213071 2.55904153824137 0
567 12.9879529649462 2.96063897450575 0
568 13.0560747018513 2.70256952156514 0
569 12.6582230266071 3.09229143530457 0
570 12.2522789382083 2.60513904313029 0
571 13.5946792577081 2.43527196720214 0
572 12.4755137012589 3.53156832484087 0
573 11.376843386399 2.18210211742579 0
574 11.8472587231758 2.99660464866813 0
575 12.6500823374076 2.21018605399561 0
576 13.4692356060833 3.19320929733626 0
577 11.9212304981921 2.97861158714955 0
578 12.650580495308 2.26416523855135 0
579 13.3947656731666 3.1572231742991 0
580 12.5560370243268 3.81511628108115 0
581 11.1829016345794 2.16728790024906 0
582 14.009680715083 2.3911765660879 0
583 13.925654129996 2.4910510587129 0
584 11.2907831113745 2.06161088992148 0
585 12.6640791502717 3.72684682386131 0
586 12.1260616009026 3.31506117914961 0
587 11.5907941183821 2.67271450625808 0
588 13.1800898133126 2.28257113917761 0
589 12.87777 1.46666666666667 0
590 14.2331838954912 2.3561667644901 0
591 11.0881879299751 1.97495243685148 0
592 13.3119381745337 0.0688807986584168 0
593 12.5921927244143 1.27925452974329 0
594 13.2548238089471 1.35957401699616 0
595 12.7862934666386 1.76117145326055 0
596 13.2241856899164 1.69400444968133 0
597 12.4203899262734 1.59657397124648 0
598 12.9887343838101 1.10942157907219 0
599 13.9038682585848 1.9399739790776 0
600 11.6427730086101 1.66589988966792 0
601 13.2296345238064 0.333853881947282 0
602 12.1787388949163 1.00792248644103 0
603 13.8007157778239 1.20452713510916 0
604 12.6538553272598 2.18755037844981 0
605 12.24271352503 1.04990629665105 0
606 13.7162487000045 1.2285178838006 0
607 12.6743477749655 2.12157581954835 0
608 11.2367145577867 1.8444426455308 0
609 13.1591810020908 0.196614264698715 0
610 14.1735694541727 2.20042757427912 0
611 13.9762431098953 2.18754752966991 0
612 13.3771382947683 0.22303351728061 0
613 11.4274323662983 1.87859858838281 0
614 11.813696317949 1.33543503680345 0
615 12.5631007696558 0.693088363911922 0
616 13.9431919682449 1.59355754679645 0
617 14.4332922222222 3.46666666666667 0
618 14.306237722535 2.45009512629703 0
619 16.2440676910065 3.97495243685148 0
620 12.7495712531252 3.97495243685148 0
621 14.4600618148849 3.68085196600767 0
622 14.0517730960033 3.35957401699616 0
623 14.7880417557786 3.35957401699616 0
624 14.4008197263208 3.20685205750705 0
625 14.8960888892693 3.59657397124648 0
626 14.0029680510766 3.59657397124648 0
627 14.1417493526176 2.79623839049963 0
628 15.5349524552645 3.89253474813836 0
629 13.0687479931329 3.87859858838281 0
630 14.4988183671272 3.99094572978168 0
631 13.4994163181804 3.20452713510916 0
632 15.301641981359 3.20452713510916 0
633 14.492821479646 3.9429642323988 0
634 13.5848837102588 3.2285178838006 0
635 15.2221714767619 3.2285178838006 0
636 16.0075408355725 3.97653890844028 0
637 12.986494673574 3.97653890844028 0
638 14.1979596807251 2.55259919344703 0
639 14.3303229728572 2.64280282323439 0
640 12.852197466764 3.8708618981127 0
641 15.9008057006765 3.87859858838281 0
642 15.0867360222589 3.98370091387693 0
643 13.9090897495132 3.98370091387693 0
644 13.7746197161906 2.95121087390492 0
645 6.55555555555556 1.33333333333333 0
646 6.66144842434406 0.062618907871288 0
647 7.93216284980611 1.96869054606436 0
648 5.0730553925165 1.96869054606436 0
649 6.5332445868742 1.60106495750959 0
650 6.26551296269795 1.19946752124521 0
651 6.86790911709452 1.19946752124521 0
652 6.58261957734302 1.00856507188381 0
653 6.90738783879254 1.49571746405809 0
654 6.17665925053111 1.49571746405809 0
655 6.45541569047012 0.495297988124542 0
656 7.3689959885024 1.86566843517295 0
657 5.35408745055015 1.84824823547851 0
658 6.50094315314774 1.9886821622271 0
659 5.84559432425398 1.00565891888645 0
660 7.32012918926495 1.00565891888645 0
661 6.5059412257918 1.9287052904985 0
662 5.91056926862663 1.03564735475075 0
663 7.25015617224825 1.03564735475075 0
664 7.73831514932821 1.97067363555034 0
665 5.26657257808007 1.97067363555034 0
666 6.55169872016716 0.190748991808784 0
667 6.64137470591308 0.303503529042984 0
668 5.17850840280709 1.83857737264087 0
669 7.67120451020344 1.84824823547851 0
670 6.9834578261398 1.97962614234616 0
671 6.01993781680251 1.97962614234616 0
672 6.12304945949646 0.689013592381154 0
673 18.9311073333333 2.02666666666667 0
674 16.8937213371274 2.07749524368515 0
675 19.9498003314363 0.0951807399643578 0
676 19.9498003314363 3.90732401635049 0
677 19.3603718879085 2.01595740169962 0
678 18.7164750560458 2.43361873541457 0
679 18.7164750560458 1.63042386288581 0
680 18.4103937137891 2.03965739712465 0
681 19.1914641431054 1.53301890926339 0
682 19.1914641431054 2.50732369361196 0
683 17.5874525809816 2.28682293894546 0
684 19.7846209631818 0.861637674015118 0
685 19.7566904776239 3.55081477701638 0
686 19.981853669303 2.00045271351092 0
687 18.4057341653485 3.02279688658519 0
688 18.4057341653485 1.0567503999039 0
689 19.8856904117626 2.00285178838006 0
690 18.4538157941187 2.93163204155772 0
691 18.4538157941187 1.14551617006222 0
692 19.9529798961497 0.353344673745898 0
693 19.9529798961497 3.64900143541007 0
694 17.0991572977777 2.20446630323712 0
695 17.2799410447522 2.06785985883828 0
696 19.7411848060726 3.78638154883593 0
697 19.7566904776239 0.461325364145336 0
698 19.9673337994432 1.35846828141462 0
699 19.9673337994432 2.64316162719768 0
700 17.8980443641948 2.70070533337823 0
701 15.8088662222222 2.82666666666667 0
702 16.747087840761 2.11506658840792 0
703 16.3086703971886 3.94489536107327 0
704 14.3708404287171 2.42003805051881 0
705 15.6111887639866 2.97659637620537 0
706 15.7035605918992 2.59106283739156 0
707 16.1118493107808 2.91234078640307 0
708 16.0486562157893 2.64479644025493 0
709 15.9366058069129 3.11246273674225 0
710 15.4413366439644 2.72274082300282 0
711 16.3124172889332 2.26671292996157 0
712 15.9972170120371 3.58226855912804 0
713 14.6434416454521 2.49712112929375 0
714 15.324994766424 3.19366201084717 0
715 15.551100925648 2.24995969724016 0
716 16.5505029745947 3.03637829191267 0
717 15.3692781998536 3.16007496267916 0
718 15.5746913487129 2.30273934436132 0
719 16.4826291181001 3.01718569295952 0
720 16.1759331890448 3.84270858824103 0
721 14.5006492410074 2.52444588357536 0
722 16.5853354362764 2.13398093024913 0
723 16.5692326479433 2.24996197626407 0
724 14.5310328345355 2.39763347118226 0
725 16.2139243732713 3.73291689444217 0
726 15.6582058242654 3.44552930887046 0
727 15.0051565852257 2.93165197055724 0
728 15.9550609074954 2.20654126090405 0
729 17.708874 3.36 0
730 16.8363201497545 2.14011415155644 0
731 19.8923991440634 3.96994292422178 0
732 16.3979027061821 3.96994292422178 0
733 17.8927156679834 3.6170223592092 0
734 17.2488188361207 3.2314888203954 0
735 17.985087495896 3.2314888203954 0
736 17.48586732652 3.04822246900846 0
737 18.2669377558364 3.51588876549577 0
738 17.3738169176436 3.51588876549577 0
739 16.9256747888292 2.55548606859956 0
740 19.1228431710293 3.87104169776603 0
741 16.6464186725948 3.85431830605937 0
742 18.1588784482435 3.98913487573801 0
743 16.582758944289 3.04543256213099 0
744 18.3849846074675 3.04543256213099 0
745 18.1176944895949 3.93155707887856 0
746 16.685819871951 3.07422146056072 0
747 18.3231076384541 3.07422146056072 0
748 19.6570357222808 3.97184669012833 0
749 16.6359895602823 3.97184669012833 0
750 16.8032131239088 2.26311903213643 0
751 17.0017269472668 2.37136338788126 0
752 16.4241944702053 3.84503427773524 0
753 19.4784763801384 3.85431830605937 0
754 18.7414831417808 3.98044109665232 0
755 17.5638368690351 3.98044109665232 0
756 16.6721937065325 2.74145304868591 0
757 3.88888888888888 0.666666666666666 0
758 6.53621060860148 0.031309453935644 0
759 4.94781757677393 1.93738109212871 0
760 0.182638481291257 0.031309453935644 0
761 3.33111467185503 0.800532478754794 0
762 3.66577920207534 0.398935042490412 0
763 4.6697727927363 0.800532478754794 0
764 4.5654894335754 0.504282535941906 0
765 4.15952910676349 0.99143492811619 0
766 2.94164812632778 0.504282535941906 0
767 5.35150228498581 0.134331564827048 0
768 4.20952691244547 1.50470201187546 0
769 0.88521862637537 0.151751764521492 0
770 2.52357882869355 0.994341081113548 0
771 3.34276486481075 0.011317837772904 0
772 5.80032297316236 0.994341081113548 0
773 2.6485306447948 0.96435264524925 0
774 3.39274559125125 0.071294709501502 0
775 5.62539043062062 0.96435264524925 0
776 4.62088206864356 1.80925100819122 0
777 0.50131111656334 0.161422627359128 0
778 6.10415260509486 0.029326364449656 0
779 6.03436764782712 0.151751764521492 0
780 0.611391335654567 0.029326364449656 0
781 4.74708039246418 1.69649647095702 0
782 3.34537887789324 1.31098640761885 0
783 1.73951219566442 0.668639734727316 0
784 4.42088933619741 0.020373857653838 0
785 16.7088851111111 0.693333333333333 0
786 16.7893564906753 2.01487633581386 0
787 13.4918633576739 0.0325618320930698 0
788 19.8454354849841 0.0325618320930698 0
789 16.6919302920592 0.414892444190029 0
790 17.3866915810777 0.832553777904986 0
791 16.0480334601965 0.832553777904986 0
792 16.7294519273161 1.03109232524084 0
793 15.8866810493848 0.524453837379582 0
794 17.5105223566324 0.524453837379582 0
795 17.1396806982248 1.56489009235048 0
796 14.7689475902636 0.13970482742013 0
797 19.2508512625522 0.157821835102352 0
798 16.6673833989245 0.0117705512838202 0
799 18.3680080394388 1.03411472435809 0
800 15.09126389497 1.03411472435809 0
801 16.6711815942651 0.0741464978815621 0
802 18.216166762447 1.00292675105922 0
803 15.2393069766212 1.00292675105922 0
804 13.9221432021789 0.0304994190276422 0
805 19.4149044716192 0.0304994190276422 0
806 17.0014027496122 1.88162104851886 0
807 16.7741018296806 1.7643563297953 0
808 19.6434302579071 0.167879532453493 0
809 14.1017022411005 0.157821835102352 0
810 15.5973791073803 0.0211888119599915 0
811 17.7385346836854 0.0211888119599915 0
812 17.8301315053487 1.3634258639236 0
813 10.3333333333333 0.666666666666666 0
814 13.1924407906229 0.031309453935644 0
815 10.9686905460644 1.93738109212871 0
816 6.83886866331271 0.031309453935644 0
817 9.73093717893676 0.800532478754794 0
818 10.1994675212452 0.398935042490412 0
819 11.069595299818 0.800532478754794 0
820 11.0640619215948 0.504282535941906 0
821 10.4957174640581 0.99143492811619 0
822 9.44022061434715 0.504282535941906 0
823 11.9733917633768 0.134331564827048 0
824 10.3746262418203 1.50470201187546 0
825 7.50130137153487 0.151751764521492 0
826 8.85879846832237 0.994341081113548 0
827 10.0056589188864 0.011317837772904 0
828 12.1355426127912 0.994341081113548 0
829 8.99374642971171 0.96435264524925 0
830 10.0356473547508 0.071294709501502 0
831 11.9706062155375 0.96435264524925 0
832 10.6844650659132 1.80925100819122 0
833 7.11417024077696 0.161422627359128 0
834 12.761043816945 0.029326364449656 0
835 12.6504503929866 0.151751764521492 0
836 7.26828254750468 0.029326364449656 0
837 10.8482482354785 1.69649647095702 0
838 9.57505007535363 1.31098640761885 0
839 8.18329895075531 0.668639734727316 0
840 11.0807647169795 0.020373857653838 0
841 8.55555555555555 1.33333333333333 0
842 10.8851986689026 1.96869054606436 0
843 8.02609121161304 1.96869054606436 0
844 6.75537678615099 0.062618907871288 0
845 8.06471424456576 1.19946752124521 0
846 8.66711039896233 1.19946752124521 0
847 8.93484202313858 1.60106495750959 0
848 9.15096403487968 1.4957174640581 0
849 8.42023544661826 1.4957174640581 0
850 8.09546718516873 1.00856507188381 0
851 10.0164087356149 1.63903357670251 0
852 7.96085306504225 1.63903357670251 0
853 7.09662999947756 0.303503529042984 0
854 7.35408270258366 1.00565891888645 0
855 8.82861756759462 1.00565891888645 0
856 9.48396639648839 1.9886821622271 0
857 7.46404030075276 1.03564735475075 0
858 8.80362720437438 1.03564735475075 0
859 9.39899916153954 1.9287052904985 0
860 7.9363744617684 1.83857737264087 0
861 6.83782220788034 0.190748991808784 0
862 10.6062614273807 1.83857737264087 0
863 10.4435768634212 1.84824823547851 0
864 7.03596660224455 0.190748991808784 0
865 8.12645980376791 1.84824823547851 0
866 7.58480096332922 1.33136026527268 0
867 7.15656984806819 0.689013592381154 0
868 9.52071978827673 1.33136026527268 0
869 14.8088773333333 1.49333333333333 0
870 16.7001241816817 2.05244768053663 0
871 14.3238767696379 2.35741914264752 0
872 13.4026310486804 0.0701331768158426 0
873 14.4104033880624 1.37553141869578 0
874 14.9110639348566 1.31127582889348 0
875 15.105164677081 1.79319275241074 0
876 15.2922408165854 1.63623136837112 0
877 14.6849212447605 1.71417575111901 0
878 14.4494699386541 1.12959288050987 0
879 16.0013846430313 1.72608797014293 0
880 14.2929812634883 1.94534724167068 0
881 13.669207941777 0.339923952528142 0
882 13.833499717105 1.20497984862008 0
883 15.0590079252758 1.04769612968557 0
884 15.5341243576192 2.22732402169435 0
885 13.9227653045239 1.23136967218066 0
886 15.0361162227703 1.08848040246102 0
887 15.4677504727058 2.16014992535832 0
888 14.2585179903458 2.2016006288571 0
889 13.4620868309414 0.224206571858596 0
890 16.4775013924248 1.91681268585845 0
891 16.3416075303571 1.94645844722109 0
892 13.6267676312795 0.20307116979308 0
893 14.4158165278659 2.19361760025077 0
894 14.0022081271303 1.59437250110261 0
895 13.6917480626106 0.823556493632771 0
896 15.6111795164286 1.38787449310821 0
897 1.66666666666666 1.33333333333333 0
898 4.84345273032178 1.96869054606436 0
899 0.07827363483911 1.96869054606436 0
900 0.07827363483911 0.062618907871288 0
901 0.99733760622603 1.19946752124521 0
902 2.00133119688699 1.19946752124521 0
903 2.00133119688699 1.60106495750959 0
904 2.47858732029048 1.4957174640581 0
905 1.26070633985476 1.4957174640581 0
906 1.26070633985476 1.00856507188381 0
907 3.76175502968864 1.63903357670251 0
908 0.33582891206762 1.63903357670251 0
909 0.37937941130373 0.303503529042984 0
910 0.02829459443226 1.00565891888645 0
911 2.48585270278387 1.00565891888645 0
912 2.48585270278387 1.9886821622271 0
913 0.178236773753755 1.03564735475075 0
914 2.41088161312312 1.03564735475075 0
915 2.41088161312312 1.9287052904985 0
916 0.07331591112414 1.83857737264087 0
917 0.07331591112414 0.190748991808784 0
918 4.52312752047804 1.83857737264087 0
919 4.24124117739254 1.84824823547851 0
920 0.40355656839782 0.190748991808784 0
921 0.37937941130373 1.84824823547851 0
922 0.050934644134595 1.33136026527268 0
923 0.050934644134595 0.689013592381154 0
924 3.27746601904711 1.33136026527268 0
