1 0 0 0
2 20 0 0
3 20 4 0
4 12.6666 4 0
5 11 2 0
6 0 2 0
7 20 14 0
8 15 14 0
9 5 2 0
10 6.66666666666667 0 0
11 13.3333333333333 0 0
12 0.666666666666611 0 0
13 1.33333333333325 0 0
14 1.9999999999999 0 0
15 2.66666666666657 0 0
16 3.33333333333324 0 0
17 3.99999999999991 0 0
18 4.66666666666659 0 0
19 5.33333333333326 0 0
20 5.99999999999996 0 0
21 7.33333333333319 0 0
22 7.99999999999975 0 0
23 8.66666666666638 0 0
24 9.33333333333305 0 0
25 9.99999999999973 0 0
26 10.6666666666664 0 0
27 11.3333333333331 0 0
28 11.9999999999998 0 0
29 12.6666666666665 0 0
30 13.9999999999998 0 0
31 14.6666666666663 0 0
32 15.3333333333329 0 0
33 15.9999999999995 0 0
34 16.6666666666662 0 0
35 17.3333333333329 0 0
36 17.9999999999996 0 0
37 18.6666666666663 0 0
38 19.3333333333331 0 0
39 19.9999999999998 0.399999999999967 0
40 19.9999999999995 0.799999999999948 0
41 19.9999999999994 1.19999999999994 0
42 19.9999999999994 1.59999999999994 0
43 19.9999999999995 1.99999999999994 0
44 19.9999999999995 2.39999999999995 0
45 19.9999999999996 2.79999999999995 0
46 19.9999999999996 3.19999999999996 0
47 19.9999999999998 3.59999999999998 0
48 16.3333 4 0
49 19.6333299999998 3.99999999999995 0
50 19.2666599999995 3.9999999999999 0
51 18.8999899999995 3.99999999999989 0
52 18.5333199999995 3.99999999999989 0
53 18.1666499999995 3.9999999999999 0
54 17.7999799999996 3.9999999999999 0
55 17.4333099999996 3.99999999999991 0
56 17.0666399999996 3.99999999999991 0
57 16.6999699999998 3.99999999999995 0
58 15.9666299999998 3.99999999999995 0
59 15.5999599999996 3.9999999999999 0
60 15.2332899999996 3.99999999999989 0
61 14.8666199999996 3.99999999999989 0
62 14.4999499999996 3.9999999999999 0
63 14.1332799999997 3.9999999999999 0
64 13.7666099999997 3.99999999999991 0
65 13.3999399999997 3.99999999999991 0
66 13.0332699999998 3.99999999999995 0
67 12.4999399999999 3.79999999999997 0
68 12.3332799999997 3.59999999999993 0
69 12.1666199999997 3.39999999999992 0
70 11.9999599999997 3.19999999999992 0
71 11.8332999999997 2.99999999999992 0
72 11.6666399999997 2.79999999999993 0
73 11.4999799999997 2.59999999999993 0
74 11.3333199999997 2.39999999999993 0
75 11.1666599999999 2.19999999999996 0
76 8 2 0
77 10.6999999999999 1.99999999999998 0
78 10.3999999999998 1.99999999999995 0
79 10.0999999999997 1.99999999999994 0
80 9.79999999999974 1.99999999999994 0
81 9.49999999999976 1.99999999999995 0
82 9.19999999999978 1.99999999999995 0
83 8.89999999999979 1.99999999999995 0
84 8.59999999999979 1.99999999999995 0
85 8.29999999999988 1.99999999999998 0
86 7.69999999999994 1.99999999999998 0
87 7.39999999999984 1.99999999999995 0
88 7.09999999999982 1.99999999999994 0
89 6.79999999999982 1.99999999999994 0
90 6.49999999999984 1.99999999999995 0
91 6.19999999999985 1.99999999999995 0
92 5.89999999999986 1.99999999999995 0
93 5.59999999999986 1.99999999999995 0
94 5.29999999999992 1.99999999999998 0
95 4.49999999999998 1.99999999999998 0
96 3.99999999999994 1.99999999999995 0
97 3.49999999999993 1.99999999999994 0
98 2.99999999999994 1.99999999999994 0
99 2.49999999999994 1.99999999999995 0
100 1.99999999999994 1.99999999999995 0
101 1.49999999999994 1.99999999999995 0
102 0.999999999999942 1.99999999999995 0
103 0.499999999999964 1.99999999999998 0
104 0 1.79999999999999 0
105 0 1.59999999999998 0
106 0 1.39999999999997 0
107 0 1.19999999999997 0
108 0 0.999999999999976 0
109 0 0.799999999999978 0
110 0 0.599999999999978 0
111 0 0.399999999999977 0
112 0 0.199999999999985 0
113 20 9 0
114 19.9999999999998 4.49999999999991 0
115 19.9999999999995 4.99999999999983 0
116 19.9999999999994 5.49999999999981 0
117 19.9999999999994 5.99999999999981 0
118 19.9999999999995 6.49999999999983 0
119 19.9999999999995 6.99999999999984 0
120 19.9999999999996 7.49999999999985 0
121 19.9999999999996 7.99999999999986 0
122 19.9999999999998 8.49999999999992 0
123 19.9999999999998 9.49999999999985 0
124 19.9999999999995 9.99999999999971 0
125 19.9999999999994 10.4999999999997 0
126 19.9999999999994 10.9999999999997 0
127 19.9999999999995 11.4999999999997 0
128 19.9999999999995 11.9999999999997 0
129 19.9999999999996 12.4999999999997 0
130 19.9999999999996 12.9999999999997 0
131 19.9999999999998 13.4999999999999 0
132 19.4999999999998 13.9999999999999 0
133 18.9999999999996 13.9999999999996 0
134 18.4999999999995 13.9999999999996 0
135 17.9999999999995 13.9999999999996 0
136 17.4999999999996 13.9999999999996 0
137 16.9999999999996 13.9999999999997 0
138 16.4999999999996 13.9999999999997 0
139 15.9999999999996 13.9999999999997 0
140 15.4999999999998 13.9999999999998 0
141 12.5 11 0
142 10 8 0
143 7.5 5 0
144 14.7499999999998 13.6999999999999 0
145 14.4999999999997 13.3999999999997 0
146 14.2499999999996 13.0999999999997 0
147 13.9999999999996 12.7999999999997 0
148 13.7499999999997 12.4999999999997 0
149 13.4999999999997 12.1999999999997 0
150 13.2499999999997 11.8999999999997 0
151 12.9999999999997 11.5999999999997 0
152 12.7499999999998 11.2999999999998 0
153 12.2499999999999 10.6999999999999 0
154 11.9999999999997 10.3999999999998 0
155 11.7499999999997 10.0999999999997 0
156 11.4999999999997 9.79999999999974 0
157 11.2499999999997 9.49999999999976 0
158 10.9999999999997 9.19999999999978 0
159 10.7499999999997 8.89999999999979 0
160 10.4999999999997 8.59999999999979 0
161 10.2499999999999 8.29999999999988 0
162 9.74999999999991 7.69999999999993 0
163 9.49999999999978 7.39999999999984 0
164 9.24999999999976 7.09999999999982 0
165 8.99999999999976 6.79999999999982 0
166 8.74999999999978 6.49999999999983 0
167 8.49999999999979 6.19999999999985 0
168 8.2499999999998 5.89999999999986 0
169 7.9999999999998 5.59999999999985 0
170 7.74999999999989 5.29999999999992 0
171 7.24999999999994 4.69999999999997 0
172 6.99999999999984 4.39999999999991 0
173 6.74999999999983 4.0999999999999 0
174 6.49999999999983 3.79999999999991 0
175 6.24999999999984 3.49999999999991 0
176 5.99999999999985 3.19999999999992 0
177 5.74999999999986 2.89999999999992 0
178 5.49999999999986 2.59999999999992 0
179 5.24999999999992 2.29999999999995 0
180 14.4904118874557 7.44078415645749 0
181 10.1504936715891 4.54478355033154 0
182 16.4094769571416 10.4741790046846 0
183 11.961501111809 6.99711354135781 0
184 17.4466377689195 6.98299263222841 0
185 16.1490111887454 4.34407841564567 0
186 15.9647223774907 4.68815683129135 0
187 15.7804335662363 5.03223524693709 0
188 15.5961447549819 5.37631366258284 0
189 15.4118559437274 5.7203920782286 0
190 15.227567132473 6.06447049387436 0
191 15.0432783212186 6.40854890952012 0
192 14.8589895099642 6.75262732516587 0
193 14.6747006987099 7.09670574081168 0
194 14.30803069871 7.09670574081169 0
195 14.1256495099642 6.75262732516585 0
196 13.9432683212186 6.40854890952009 0
197 13.760887132473 6.06447049387434 0
198 13.5785059437275 5.7203920782286 0
199 13.3961247549819 5.37631366258287 0
200 13.2137435662364 5.03223524693712 0
201 13.0313623774908 4.68815683129137 0
202 12.8489811887454 4.34407841564568 0
203 15.7823411887452 4.34407841564562 0
204 14.4923195099641 6.75262732516586 0
205 13.2156511887452 4.34407841564562 0
206 15.5980523774906 4.6881568312913 0
207 15.4137635662361 5.03223524693703 0
208 15.2294747549817 5.37631366258279 0
209 15.0451859437273 5.72039207822855 0
210 14.8608971324729 6.06447049387431 0
211 14.6766083212185 6.40854890952006 0
212 14.3099383212184 6.40854890952003 0
213 14.1275571324728 6.06447049387427 0
214 13.9451759437273 5.72039207822853 0
215 13.7627947549817 5.3763136625828 0
216 13.5804135662362 5.03223524693705 0
217 13.3980323774906 4.68815683129131 0
218 13.5823211887451 4.34407841564558 0
219 13.948991188745 4.34407841564558 0
220 14.315661188745 4.34407841564557 0
221 14.682331188745 4.34407841564556 0
222 15.049001188745 4.34407841564555 0
223 15.415671188745 4.34407841564556 0
224 15.2313823774904 4.68815683129124 0
225 14.4942271324727 6.06447049387424 0
226 13.7647023774905 4.68815683129127 0
227 15.047093566236 5.03223524693698 0
228 14.8628047549815 5.37631366258273 0
229 14.6785159437271 5.72039207822849 0
230 14.3118459437271 5.72039207822848 0
231 14.1294647549816 5.37631366258274 0
232 13.947083566236 5.03223524693701 0
233 14.1313723774905 4.68815683129126 0
234 14.4980423774904 4.68815683129125 0
235 14.8647123774904 4.68815683129124 0
236 14.680423566236 5.03223524693698 0
237 14.4961347549816 5.37631366258274 0
238 14.313753566236 5.032235246937 0
239 7.94999999999992 2.29999999999995 0
240 7.89999999999981 2.59999999999991 0
241 7.84999999999979 2.8999999999999 0
242 7.79999999999979 3.1999999999999 0
243 7.7499999999998 3.4999999999999 0
244 7.69999999999982 3.79999999999991 0
245 7.64999999999983 4.09999999999992 0
246 7.59999999999983 4.39999999999992 0
247 7.54999999999991 4.69999999999996 0
248 5.54999999999982 2.29999999999992 0
249 7.64999999999984 2.29999999999992 0
250 7.29999999999983 4.39999999999992 0
251 5.84999999999977 2.2999999999999 0
252 6.14999999999976 2.2999999999999 0
253 6.44999999999975 2.2999999999999 0
254 6.74999999999974 2.29999999999989 0
255 7.04999999999973 2.29999999999989 0
256 7.34999999999974 2.29999999999989 0
257 7.59999999999973 2.59999999999988 0
258 7.54999999999972 2.89999999999987 0
259 7.49999999999973 3.19999999999987 0
260 7.44999999999974 3.49999999999988 0
261 7.39999999999975 3.79999999999989 0
262 7.34999999999976 4.09999999999989 0
263 7.04999999999974 4.09999999999987 0
264 6.79999999999973 3.79999999999987 0
265 6.54999999999973 3.49999999999987 0
266 6.29999999999975 3.19999999999988 0
267 6.04999999999976 2.89999999999989 0
268 5.79999999999976 2.59999999999989 0
269 6.0999999999997 2.59999999999987 0
270 7.29999999999965 2.59999999999985 0
271 7.09999999999967 3.79999999999985 0
272 6.39999999999969 2.59999999999986 0
273 6.69999999999967 2.59999999999986 0
274 6.99999999999965 2.59999999999985 0
275 7.24999999999964 2.89999999999984 0
276 7.19999999999966 3.19999999999985 0
277 7.14999999999967 3.49999999999985 0
278 6.84999999999966 3.49999999999985 0
279 6.59999999999967 3.19999999999985 0
280 6.34999999999968 2.89999999999986 0
281 6.64999999999967 2.89999999999985 0
282 6.94999999999965 2.89999999999985 0
283 6.89999999999966 3.19999999999985 0
284 12.4461501111808 10.5997113541357 0
285 12.3923002223615 10.1994227082713 0
286 12.3384503335423 9.7991340624071 0
287 12.2846004447232 9.39884541654288 0
288 12.2307505559042 8.99855677067868 0
289 12.1769006670851 8.59826812481447 0
290 12.123050778266 8.19797947895026 0
291 12.0692008894469 7.79769083308604 0
292 12.0153510006279 7.39740218722191 0
293 12.2143921893735 7.04148060286769 0
294 12.467283266938 7.08584766437756 0
295 12.7201743445026 7.13021472588751 0
296 12.9730654220673 7.17458178739748 0
297 13.225956499632 7.21894884890746 0
298 13.4788475771967 7.26331591041745 0
299 13.7317386547614 7.30768297192743 0
300 13.984629732326 7.3520500334374 0
301 14.2375208098908 7.39641709494743 0
302 14.29137069871 7.79670574081163 0
303 14.0923295099642 8.15262732516576 0
304 13.8932883212186 8.50854890951999 0
305 13.694247132473 8.86447049387424 0
306 13.4952059437275 9.2203920782285 0
307 13.2961647549819 9.57631366258277 0
308 13.0971235662364 9.93223524693704 0
309 12.8980823774908 10.2881568312913 0
310 12.6990411887454 10.6440784156456 0
311 12.6451912999261 10.2437897697813 0
312 12.2682420781924 7.44176924873177 0
313 14.0384796211451 7.75233867930155 0
314 12.5913414111069 9.84350112391698 0
315 12.5374915222877 9.44321247805274 0
316 12.4836416334687 9.04292383218853 0
317 12.4297917446496 8.64263518632433 0
318 12.3759418558305 8.24234654046012 0
319 12.3220919670114 7.84205789459591 0
320 12.5211331557569 7.48613631024165 0
321 12.7740242333216 7.5305033717516 0
322 13.0269153108862 7.57487043326158 0
323 13.2798063884509 7.61923749477156 0
324 13.5326974660156 7.66360455628154 0
325 13.7855885435803 7.70797161779151 0
326 13.8394384323994 8.10826026365569 0
327 13.6403972436538 8.46418184800993 0
328 13.4413560549082 8.82010343236418 0
329 13.2423148661627 9.17602501671845 0
330 13.0432736774171 9.53194660107271 0
331 12.8442324886716 9.88786818542698 0
332 12.7903825998523 9.48757953956264 0
333 12.5749830445759 7.88642495610578 0
334 13.5865473548346 8.06389320214565 0
335 12.7365327110332 9.08729089369841 0
336 12.6826828222141 8.6870022478342 0
337 12.628832933395 8.28671360196999 0
338 12.8278741221405 7.93079201761573 0
339 13.0807651997052 7.9751590791257 0
340 13.3336562772699 8.01952614063568 0
341 13.387506166089 8.41981478649988 0
342 13.1884649773434 8.77573637085413 0
343 12.9894237885979 9.13165795520839 0
344 12.9355738997787 8.73136930934415 0
345 12.8817240109596 8.33108066347994 0
346 13.1346150885243 8.37544772498991 0
347 10.1961501111807 7.8997113541357 0
348 10.3923002223615 7.79942270827137 0
349 10.5884503335424 7.69913406240713 0
350 10.7846004447233 7.59884541654292 0
351 10.9807505559042 7.49855677067871 0
352 11.1769006670851 7.39826812481451 0
353 11.373050778266 7.2979794789503 0
354 11.5692008894469 7.19769083308608 0
355 11.7653510006279 7.09740218722193 0
356 10.4461501111806 8.19971135413556 0
357 11.8192008894469 7.49769083308602 0
358 12.1961501111806 10.2997113541356 0
359 10.6423002223614 8.09942270827123 0
360 10.8384503335422 7.999134062407 0
361 11.0346004447231 7.89884541654278 0
362 11.230750555904 7.79855677067858 0
363 11.426900667085 7.69826812481438 0
364 11.6230507782659 7.59797947895017 0
365 11.8730507782658 7.89797947895016 0
366 11.926900667085 8.29826812481438 0
367 11.980750555904 8.69855677067858 0
368 12.0346004447231 9.09884541654278 0
369 12.0884503335422 9.49913406240699 0
370 12.1423002223613 9.89942270827123 0
371 11.9461501111805 9.99971135413545 0
372 11.6961501111804 9.69971135413543 0
373 11.4461501111804 9.39971135413544 0
374 11.1961501111805 9.09971135413546 0
375 10.9461501111805 8.79971135413547 0
376 10.6961501111805 8.49971135413547 0
377 10.8923002223612 8.39942270827115 0
378 11.6769006670848 7.9982681248143 0
379 11.8923002223612 9.59942270827112 0
380 11.0884503335421 8.29913406240691 0
381 11.284600444723 8.1988454165427 0
382 11.4807505559039 8.0985567706785 0
383 11.7307505559039 8.3985567706785 0
384 11.784600444723 8.7988454165427 0
385 11.8384503335421 9.19913406240689 0
386 11.6423002223612 9.29942270827111 0
387 11.3923002223612 8.99942270827112 0
388 11.1423002223612 8.69942270827114 0
389 11.3384503335421 8.59913406240691 0
390 11.534600444723 8.4988454165427 0
391 11.5884503335421 8.89913406240689 0
392 15.140947695714 13.6474179004683 0
393 15.2818953914279 13.2948358009366 0
394 15.4228430871421 12.942253701405 0
395 15.5637907828562 12.5896716018735 0
396 15.7047384785704 12.237089502342 0
397 15.8456861742846 11.8845074028105 0
398 15.9866338699988 11.5319253032789 0
399 16.1275815657129 11.1793432037474 0
400 16.2685292614273 10.826761104216 0
401 16.7685292614272 10.826761104216 0
402 17.1275815657128 11.1793432037473 0
403 17.4866338699986 11.5319253032789 0
404 17.8456861742845 11.8845074028104 0
405 18.2047384785703 12.237089502342 0
406 18.5637907828562 12.5896716018735 0
407 18.9228430871421 12.9422537014051 0
408 19.2818953914279 13.2948358009366 0
409 19.6409476957139 13.6474179004683 0
410 15.6409476957137 13.6474179004681 0
411 16.6275815657128 11.1793432037474 0
412 19.1409476957137 13.6474179004681 0
413 15.7818953914277 13.2948358009364 0
414 15.9228430871418 12.9422537014049 0
415 16.063790782856 12.5896716018733 0
416 16.2047384785701 12.2370895023418 0
417 16.3456861742843 11.8845074028103 0
418 16.4866338699985 11.5319253032788 0
419 16.9866338699984 11.5319253032787 0
420 17.3456861742842 11.8845074028102 0
421 17.7047384785701 12.2370895023418 0
422 18.063790782856 12.5896716018734 0
423 18.4228430871418 12.9422537014049 0
424 18.7818953914277 13.2948358009365 0
425 18.6409476957135 13.6474179004679 0
426 18.1409476957135 13.6474179004679 0
427 17.6409476957135 13.6474179004679 0
428 17.1409476957135 13.647417900468 0
429 16.6409476957135 13.647417900468 0
430 16.1409476957135 13.647417900468 0
431 16.2818953914275 13.2948358009363 0
432 16.8456861742841 11.8845074028101 0
433 18.2818953914275 13.2948358009363 0
434 16.4228430871417 12.9422537014047 0
435 16.5637907828558 12.5896716018732 0
436 16.70473847857 12.2370895023417 0
437 17.2047384785699 12.2370895023417 0
438 17.5637907828558 12.5896716018732 0
439 17.9228430871417 12.9422537014048 0
440 17.7818953914275 13.2948358009363 0
441 17.2818953914275 13.2948358009363 0
442 16.7818953914275 13.2948358009363 0
443 16.9228430871416 12.9422537014047 0
444 17.0637907828558 12.5896716018732 0
445 17.4228430871416 12.9422537014047 0
446 7.7650493671588 4.9544783550331 0
447 8.0300987343176 4.90895671006619 0
448 8.29514810147649 4.86343506509933 0
449 8.56019746863539 4.81791342013249 0
450 8.82524683579432 4.77239177516565 0
451 9.09029620295326 4.72687013019881 0
452 9.35534557011218 4.68134848523197 0
453 9.62039493727109 4.63582684026513 0
454 9.8854443044301 4.59030519529833 0
455 10.1354443044301 4.89030519529831 0
456 10.120394937271 5.23582684026508 0
457 10.1053455701121 5.58134848523191 0
458 10.0902962029532 5.92687013019875 0
459 10.0752468357943 6.27239177516561 0
460 10.0601974686354 6.61791342013247 0
461 10.0451481014765 6.96343506509932 0
462 10.0300987343176 7.30895671006617 0
463 10.0150493671588 7.65447835503308 0
464 8.01504936715867 5.25447835503301 0
465 9.87039493727105 4.93582684026508 0
466 9.76504936715867 7.354478355033 0
467 8.28009873431748 5.2089567100661 0
468 8.54514810147636 5.16343506509924 0
469 8.81019746863528 5.1179134201324 0
470 9.07524683579421 5.07239177516556 0
471 9.34029620295314 5.02687013019872 0
472 9.60534557011205 4.98134848523188 0
473 9.85534557011202 5.28134848523186 0
474 9.84029620295309 5.62687013019869 0
475 9.82524683579418 5.97239177516554 0
476 9.81019746863528 6.31791342013239 0
477 9.79514810147639 6.66343506509924 0
478 9.78009873431749 7.0089567100661 0
479 9.51504936715856 7.05447835503291 0
480 9.26504936715854 6.75447835503291 0
481 9.01504936715855 6.45447835503291 0
482 8.76504936715856 6.15447835503293 0
483 8.51504936715857 5.85447835503294 0
484 8.26504936715858 5.55447835503294 0
485 8.53009873431739 5.50895671006604 0
486 9.59029620295302 5.32687013019865 0
487 9.53009873431738 6.70895671006602 0
488 8.79514810147628 5.46343506509918 0
489 9.06019746863519 5.41791342013233 0
490 9.32524683579411 5.37239177516549 0
491 9.57524683579409 5.67239177516548 0
492 9.56019746863518 6.01791342013232 0
493 9.54514810147628 6.36343506509917 0
494 9.28009873431737 6.40895671006601 0
495 9.03009873431737 6.10895671006602 0
496 8.78009873431738 5.80895671006603 0
497 9.04514810147627 5.76343506509917 0
498 9.31019746863518 5.71791342013232 0
499 9.29514810147627 6.06343506509916 0
500 12.0320110006279 6.69740218722197 0
501 12.1025208894469 6.39769083308611 0
502 12.1730307782659 6.09797947895031 0
503 12.243540667085 5.79826812481453 0
504 12.3140505559042 5.49855677067876 0
505 12.3845604447233 5.19884541654299 0
506 12.4550703335424 4.89913406240722 0
507 12.5255802223615 4.59942270827144 0
508 12.5960901111807 4.29971135413571 0
509 14.0551396211451 7.05233867930162 0
510 12.2849020781924 6.74176924873184 0
511 12.7784712999261 4.64378976978137 0
512 13.8022485435803 7.00797161779159 0
513 13.5493574660156 6.96360455628161 0
514 13.2964663884509 6.91923749477163 0
515 13.0435753108862 6.87487043326165 0
516 12.7906842333215 6.83050337175167 0
517 12.5377931557569 6.78613631024172 0
518 12.3554119670113 6.44205789459598 0
519 12.4259218558304 6.14234654046019 0
520 12.4964317446495 5.84263518632442 0
521 12.5669416334687 5.54292383218865 0
522 12.6374515222878 5.24321247805288 0
523 12.7079614111069 4.9435011239171 0
524 12.9608524886716 4.98786818542706 0
525 13.1432336774171 5.33194660107281 0
526 13.3256148661627 5.67602501671855 0
527 13.5079960549082 6.02010343236428 0
528 13.6903772436538 6.36418184801003 0
529 13.8727584323993 6.70826026365578 0
530 13.6198673548346 6.66389320214576 0
531 12.6083030445758 6.48642495610587 0
532 12.8903425998523 5.28757953956279 0
533 13.3669762772699 6.61952614063579 0
534 13.1140851997052 6.57515907912581 0
535 12.8611941221405 6.53079201761583 0
536 12.6788129333949 6.18671360197008 0
537 12.7493228222141 5.88700224783432 0
538 12.8198327110332 5.58729089369856 0
539 13.0727237885979 5.63165795520852 0
540 13.2551049773434 5.97573637085426 0
541 13.437486166089 6.3198147865 0
542 13.1845950885243 6.27544772499003 0
543 12.9317040109596 6.23108066348005 0
544 13.0022138997788 5.93136930934429 0
545 10.9150493671588 2.25447835503311 0
546 10.8300987343176 2.50895671006622 0
547 10.7451481014764 2.76343506509937 0
548 10.6601974686353 3.01791342013252 0
549 10.5752468357943 3.27239177516568 0
550 10.4902962029532 3.52687013019885 0
551 10.4053455701121 3.78134848523201 0
552 10.3203949372711 4.03582684026516 0
553 10.2354443044301 4.29030519529835 0
554 9.9354443044301 4.29030519529836 0
555 9.72039493727106 4.03582684026515 0
556 9.50534557011212 3.78134848523199 0
557 9.29029620295322 3.52687013019884 0
558 9.07524683579432 3.27239177516569 0
559 8.86019746863543 3.01791342013254 0
560 8.64514810147653 2.76343506509939 0
561 8.43009873431762 2.50895671006624 0
562 8.21504936715879 2.25447835503311 0
563 10.6150493671587 2.25447835503308 0
564 10.020394937271 4.03582684026516 0
565 8.51504936715866 2.25447835503308 0
566 10.5300987343175 2.5089567100662 0
567 10.4451481014763 2.76343506509934 0
568 10.3601974686352 3.0179134201325 0
569 10.2752468357942 3.27239177516566 0
570 10.1902962029531 3.52687013019882 0
571 10.105345570112 3.78134848523197 0
572 9.80534557011201 3.78134848523196 0
573 9.59029620295308 3.5268701301988 0
574 9.37524683579417 3.27239177516565 0
575 9.16019746863528 3.0179134201325 0
576 8.94514810147639 2.76343506509936 0
577 8.73009873431749 2.50895671006621 0
578 8.81504936715857 2.25447835503306 0
579 9.11504936715856 2.25447835503306 0
580 9.41504936715855 2.25447835503305 0
581 9.71504936715852 2.25447835503305 0
582 10.0150493671585 2.25447835503305 0
583 10.3150493671585 2.25447835503305 0
584 10.2300987343173 2.50895671006617 0
585 9.89029620295301 3.52687013019878 0
586 9.03009873431739 2.50895671006618 0
587 10.1451481014762 2.76343506509932 0
588 10.0601974686352 3.01791342013247 0
589 9.97524683579408 3.27239177516563 0
590 9.67524683579408 3.27239177516562 0
591 9.46019746863517 3.01791342013248 0
592 9.24514810147629 2.76343506509933 0
593 9.33009873431737 2.50895671006618 0
594 9.63009873431734 2.50895671006617 0
595 9.93009873431732 2.50895671006617 0
596 9.84514810147623 2.76343506509932 0
597 9.76019746863516 3.01791342013247 0
598 9.54514810147626 2.76343506509932 0
599 16.7685292614272 10.326761104216 0
600 17.1275815657128 10.1793432037474 0
601 17.4866338699986 10.0319253032789 0
602 17.8456861742845 9.88450740281047 0
603 18.2047384785703 9.73708950234204 0
604 18.5637907828562 9.5896716018736 0
605 18.9228430871421 9.44225370140515 0
606 19.2818953914279 9.2948358009367 0
607 19.6409476957139 9.14741790046833 0
608 19.6409476957137 13.1474179004682 0
609 17.1275815657128 10.6793432037474 0
610 19.6409476957137 9.64741790046816 0
611 19.2818953914276 12.7948358009365 0
612 18.9228430871418 12.442253701405 0
613 18.5637907828559 12.0896716018734 0
614 18.2047384785701 11.7370895023418 0
615 17.8456861742842 11.3845074028103 0
616 17.4866338699984 11.0319253032787 0
617 17.4866338699984 10.5319253032788 0
618 17.8456861742842 10.3845074028103 0
619 18.2047384785701 10.2370895023419 0
620 18.5637907828559 10.0896716018734 0
621 18.9228430871418 9.94225370140498 0
622 19.2818953914277 9.79483580093653 0
623 19.6409476957134 10.147417900468 0
624 19.6409476957134 10.647417900468 0
625 19.6409476957134 11.147417900468 0
626 19.6409476957134 11.647417900468 0
627 19.6409476957135 12.147417900468 0
628 19.6409476957135 12.6474179004681 0
629 19.2818953914275 12.2948358009364 0
630 17.845686174284 10.8845074028102 0
631 19.2818953914274 10.2948358009364 0
632 18.9228430871416 11.9422537014048 0
633 18.5637907828557 11.5896716018733 0
634 18.2047384785698 11.2370895023417 0
635 18.2047384785698 10.7370895023417 0
636 18.5637907828557 10.5896716018733 0
637 18.9228430871416 10.4422537014048 0
638 19.2818953914274 10.7948358009363 0
639 19.2818953914274 11.2948358009364 0
640 19.2818953914274 11.7948358009364 0
641 18.9228430871416 11.4422537014048 0
642 18.5637907828557 11.0896716018733 0
643 18.9228430871415 10.9422537014048 0
644 8.16504936715869 2.55447835503305 0
645 9.67039493727106 4.33582684026514 0
646 7.81504936715869 4.65447835503305 0
647 8.38009873431752 2.80895671006618 0
648 8.59514810147643 3.06343506509933 0
649 8.81019746863532 3.31791342013248 0
650 9.02524683579421 3.57239177516563 0
651 9.24029620295312 3.82687013019878 0
652 9.45534557011204 4.08134848523194 0
653 9.40534557011207 4.38134848523193 0
654 9.14029620295315 4.42687013019878 0
655 8.87524683579423 4.47239177516562 0
656 8.6101974686353 4.51791342013245 0
657 8.34514810147638 4.56343506509929 0
658 8.0800987343175 4.60895671006615 0
659 7.8650493671586 4.35447835503302 0
660 7.9150493671586 4.05447835503302 0
661 7.96504936715859 3.75447835503301 0
662 8.01504936715858 3.45447835503301 0
663 8.06504936715857 3.154478355033 0
664 8.11504936715859 2.85447835503301 0
665 8.33009873431742 3.10895671006613 0
666 9.19029620295305 4.12687013019874 0
667 8.13009873431741 4.30895671006612 0
668 8.54514810147632 3.36343506509928 0
669 8.76019746863522 3.61791342013243 0
670 8.97524683579412 3.87239177516558 0
671 8.92524683579413 4.17239177516558 0
672 8.66019746863521 4.21791342013242 0
673 8.3951481014763 4.26343506509926 0
674 8.18009873431741 4.00895671006612 0
675 8.2300987343174 3.70895671006612 0
676 8.2800987343174 3.40895671006612 0
677 8.49514810147631 3.66343506509927 0
678 8.71019746863521 3.91791342013242 0
679 8.4451481014763 3.96343506509927 0
680 19.7446637768917 8.79829926322276 0
681 19.4893275537834 8.59659852644548 0
682 19.2339913306753 8.3948977896683 0
683 18.9786551075673 8.19319705289115 0
684 18.7233188844592 7.991496316114 0
685 18.4679826613512 7.78979557933686 0
686 18.2126464382432 7.58809484255971 0
687 17.9573102151351 7.38639410578255 0
688 17.7019739920273 7.18469336900547 0
689 17.7019739920273 6.68469336900552 0
690 17.9573102151351 6.3863941057826 0
691 18.2126464382431 6.08809484255974 0
692 18.4679826613512 5.7897955793369 0
693 18.7233188844592 5.49149631611407 0
694 18.9786551075673 5.19319705289124 0
695 19.2339913306754 4.8948977896684 0
696 19.4893275537835 4.59659852644556 0
697 19.7446637768917 4.29829926322277 0
698 19.7446637768914 8.29829926322267 0
699 17.9573102151351 6.88639410578256 0
700 19.7446637768914 4.79829926322267 0
701 19.4893275537831 8.0965985264454 0
702 19.2339913306751 7.89489778966824 0
703 18.978655107567 7.69319705289109 0
704 18.723318884459 7.49149631611394 0
705 18.467982661351 7.2897955793368 0
706 18.2126464382429 7.08809484255965 0
707 18.2126464382429 6.58809484255965 0
708 18.4679826613509 6.28979557933679 0
709 18.723318884459 5.99149631611396 0
710 18.9786551075671 5.69319705289112 0
711 19.2339913306751 5.39489778966829 0
712 19.4893275537832 5.09659852644545 0
713 19.7446637768912 5.29829926322259 0
714 19.7446637768912 5.79829926322258 0
715 19.7446637768912 6.29829926322258 0
716 19.7446637768912 6.79829926322259 0
717 19.7446637768912 7.2982992632226 0
718 19.7446637768913 7.7982992632226 0
719 19.489327553783 7.59659852644535 0
720 18.4679826613507 6.78979557933673 0
721 19.4893275537829 5.59659852644537 0
722 19.2339913306749 7.39489778966818 0
723 18.9786551075668 7.19319705289103 0
724 18.7233188844588 6.99149631611389 0
725 18.7233188844588 6.49149631611388 0
726 18.9786551075668 6.19319705289104 0
727 19.2339913306749 5.89489778966821 0
728 19.4893275537829 6.09659852644535 0
729 19.4893275537829 6.59659852644535 0
730 19.4893275537829 7.09659852644535 0
731 19.2339913306749 6.89489778966818 0
732 18.9786551075668 6.69319705289103 0
733 19.2339913306749 6.39489778966819 0
734 12.4149893671588 4.0544783550331 0
735 12.1633787343175 4.1089567100662 0
736 11.9117681014764 4.16343506509935 0
737 11.6601574686353 4.2179134201325 0
738 11.4085468357943 4.27239177516566 0
739 11.1569362029532 4.32687013019882 0
740 10.9053255701121 4.38134848523198 0
741 10.653714937271 4.43582684026514 0
742 10.4021043044301 4.49030519529834 0
743 12.2483293671586 3.85447835503306 0
744 10.487054937271 4.23582684026514 0
745 11.0817093671586 2.45447835503306 0
746 11.9967187343174 3.90895671006616 0
747 11.7451081014763 3.96343506509931 0
748 11.4934974686352 4.01791342013247 0
749 11.2418868357941 4.07239177516563 0
750 10.9902762029531 4.12687013019879 0
751 10.738665570112 4.18134848523195 0
752 10.572005570112 3.98134848523195 0
753 10.6569562029531 3.7268701301988 0
754 10.7419068357941 3.47239177516564 0
755 10.8268574686352 3.21791342013247 0
756 10.9118081014763 2.96343506509932 0
757 10.9967587343174 2.70895671006617 0
758 11.2483693671585 2.65447835503303 0
759 11.4150293671585 2.85447835503303 0
760 11.5816893671585 3.05447835503303 0
761 11.7483493671585 3.25447835503302 0
762 11.9150093671584 3.45447835503302 0
763 12.0816693671585 3.65447835503302 0
764 11.8300587343172 3.70895671006613 0
765 10.823616202953 3.92687013019876 0
766 11.1634187343173 2.90895671006614 0
767 11.5784481014762 3.76343506509928 0
768 11.3268374686351 3.81791342013244 0
769 11.075226835794 3.8723917751656 0
770 10.908566835794 3.6723917751656 0
771 10.9935174686351 3.41791342013244 0
772 11.0784681014762 3.16343506509929 0
773 11.3300787343173 3.10895671006614 0
774 11.4967387343173 3.30895671006614 0
775 11.6633987343172 3.50895671006613 0
776 11.4117881014762 3.56343506509928 0
777 11.1601774686351 3.61791342013244 0
778 11.2451281014762 3.36343506509929 0
779 14.6823183944241 7.74412364128009 0
780 14.8742249013925 8.04746312610268 0
781 15.066131408361 8.35080261092537 0
782 15.2580379153296 8.65414209574808 0
783 15.4499444222983 8.9574815805708 0
784 15.6418509292669 9.26082106539353 0
785 15.8337574362355 9.56416055021625 0
786 16.0256639432041 9.86750003503896 0
787 16.2175704501728 10.1708395198617 0
788 16.0185292614273 10.526761104216 0
789 15.6275815657129 10.5793432037474 0
790 15.2366338699987 10.6319253032789 0
791 14.8456861742846 10.6845074028104 0
792 14.4547384785704 10.737089502342 0
793 14.0637907828563 10.7896716018736 0
794 13.6728430871422 10.8422537014052 0
795 13.281895391428 10.8948358009367 0
796 12.890947695714 10.9474179004683 0
797 14.4832772056784 8.1000452256342 0
798 15.8266227544585 10.2234216193932 0
799 13.0899888844594 10.591496316114 0
800 14.6751837126467 8.4033847104568 0
801 14.8670902196153 8.70672419527949 0
802 15.0589967265839 9.0100636801022 0
803 15.2509032335525 9.31340316492492 0
804 15.4428097405212 9.61674264974765 0
805 15.6347162474898 9.92008213457036 0
806 15.4356750587441 10.2760037189245 0
807 15.0447273630299 10.3285858184561 0
808 14.6537796673158 10.3811679179876 0
809 14.2628319716017 10.4337500175192 0
810 13.8718842758875 10.4863321170508 0
811 13.4809365801734 10.5389142165823 0
812 13.2890300732048 10.2355747317596 0
813 13.4880712619504 9.87965314740536 0
814 13.6871124506959 9.52373156305109 0
815 13.8861536394414 9.16780997869682 0
816 14.085194828187 8.81188839434256 0
817 14.2842360169326 8.45596680998833 0
818 14.476142523901 8.75930629481093 0
819 15.2437685517754 9.97266423410177 0
820 13.6799777689188 10.182992632228 0
821 14.6680490308696 9.06264577963363 0
822 14.8599555378382 9.36598526445634 0
823 15.0518620448068 9.66932474927906 0
824 14.8528208560612 10.0252463336333 0
825 14.4618731603471 10.0778284331648 0
826 14.0709254646329 10.1304105326964 0
827 13.8790189576644 9.82707104787371 0
828 14.0780601464099 9.47114946351943 0
829 14.2771013351554 9.11522787916517 0
830 14.469007842124 9.41856736398788 0
831 14.6609143490926 9.72190684881059 0
832 14.2699666533785 9.77448894834215 0
833 17.3353039920273 6.68469336900552 0
834 17.2239702151351 6.3863941057826 0
835 17.1126364382432 6.08809484255974 0
836 17.0013026613512 5.7897955793369 0
837 16.8899688844593 5.49149631611407 0
838 16.7786351075674 5.19319705289124 0
839 16.6673013306755 4.8948977896684 0
840 16.5559675537835 4.59659852644556 0
841 16.4446337768917 4.29829926322277 0
842 19.3779937768915 4.29829926322271 0
843 17.5906402151351 6.38639410578261 0
844 16.8113037768914 4.29829926322271 0
845 19.1226575537832 4.59659852644551 0
846 18.8673213306752 4.89489778966835 0
847 18.6119851075671 5.19319705289118 0
848 18.356648884459 5.49149631611401 0
849 18.1013126613509 5.78979557933684 0
850 17.8459764382429 6.0880948425597 0
851 17.4793064382429 6.08809484255969 0
852 17.3679726613509 5.78979557933684 0
853 17.256638884459 5.49149631611401 0
854 17.1453051075671 5.19319705289118 0
855 17.0339713306752 4.89489778966835 0
856 16.9226375537833 4.59659852644551 0
857 17.1779737768913 4.29829926322267 0
858 17.5446437768913 4.29829926322267 0
859 17.9113137768912 4.29829926322266 0
860 18.2779837768912 4.29829926322265 0
861 18.6446537768912 4.29829926322265 0
862 19.0113237768912 4.29829926322266 0
863 18.755987553783 4.59659852644545 0
864 17.7346426613508 5.78979557933679 0
865 17.2893075537831 4.59659852644546 0
866 18.5006513306749 4.89489778966829 0
867 18.2453151075669 5.19319705289112 0
868 17.9899788844588 5.49149631611395 0
869 17.6233088844588 5.49149631611395 0
870 17.5119751075669 5.19319705289112 0
871 17.400641330675 4.89489778966829 0
872 17.655977553783 4.59659852644545 0
873 18.022647553783 4.59659852644544 0
874 18.389317553783 4.59659852644544 0
875 18.1339813306749 4.89489778966828 0
876 17.8786451075669 5.19319705289111 0
877 17.7673113306749 4.89489778966828 0
878 10.331594415611 4.7900165494341 0
879 10.5126951596328 5.03524954853665 0
880 10.6937959036548 5.28048254763926 0
881 10.8748966476767 5.52571554674189 0
882 11.0559973916988 5.77094854584452 0
883 11.2370981357208 6.01618154494716 0
884 11.4181988797428 6.2614145440498 0
885 11.5992996237648 6.50664754315243 0
886 11.7804003677868 6.75188054225511 0
887 10.3165450484519 5.13553819440084 0
888 11.5842502566058 6.85216918811922 0
889 10.2111994783395 7.55418970916876 0
890 10.4976457924738 5.38077119350339 0
891 10.6787465364957 5.62600419260601 0
892 10.8598472805177 5.87123719170863 0
893 11.0409480245397 6.11647019081127 0
894 11.2220487685617 6.36170318991391 0
895 11.4031495125837 6.60693618901655 0
896 11.3881001454248 6.95245783398338 0
897 11.1919500342439 7.05274647984759 0
898 10.995799923063 7.15303512571179 0
899 10.7996498118821 7.253323771576 0
900 10.6034997007012 7.35361241744021 0
901 10.4073495895203 7.45390106330444 0
902 10.2262488454983 7.20866806420186 0
903 10.2412982126573 6.86314641923501 0
904 10.2563475798161 6.51762477426815 0
905 10.271396946975 6.17210312930129 0
906 10.2864463141339 5.82658148433445 0
907 10.3014956812929 5.48105983936762 0
908 10.4825964253147 5.72629283847017 0
909 11.2069994014027 6.70722483488069 0
910 10.4223989566791 7.10837941833755 0
911 10.6636971693367 5.97152583757278 0
912 10.8447979133587 6.21675883667542 0
913 11.0258986573807 6.46199183577806 0
914 11.0108492902218 6.8075134807449 0
915 10.8146991790409 6.9078021266091 0
916 10.61854906786 7.00809077247332 0
917 10.437448323838 6.7628577733707 0
918 10.4524976909969 6.41733612840385 0
919 10.4675470581558 6.071814483437 0
920 10.6486478021778 6.31704748253962 0
921 10.8297485461998 6.56228048164226 0
922 10.6335984350189 6.66256912750647 0
923 13.1409476957138 11.2474179004682 0
924 15.8775815657129 10.8793432037474 0
925 14.8909476957138 13.3474179004682 0
926 13.5318953914278 11.1948358009365 0
927 13.922843087142 11.142253701405 0
928 14.3137907828561 11.0896716018734 0
929 14.7047384785702 11.0370895023418 0
930 15.0956861742844 10.9845074028103 0
931 15.4866338699986 10.9319253032788 0
932 15.7366338699986 11.2319253032788 0
933 15.5956861742844 11.5845074028103 0
934 15.4547384785703 11.9370895023419 0
935 15.3137907828561 12.2896716018734 0
936 15.1728430871419 12.6422537014049 0
937 15.0318953914278 12.9948358009365 0
938 14.6409476957136 13.047417900468 0
939 14.3909476957136 12.747417900468 0
940 14.1409476957136 12.447417900468 0
941 13.8909476957136 12.147417900468 0
942 13.6409476957137 11.847417900468 0
943 13.3909476957137 11.547417900468 0
944 13.7818953914277 11.4948358009364 0
945 15.3456861742843 11.2845074028102 0
946 14.7818953914276 12.6948358009363 0
947 14.1728430871418 11.4422537014048 0
948 14.5637907828559 11.3896716018733 0
949 14.9547384785701 11.3370895023417 0
950 15.2047384785701 11.6370895023417 0
951 15.0637907828559 11.9896716018732 0
952 14.9228430871417 12.3422537014048 0
953 14.5318953914276 12.3948358009363 0
954 14.2818953914276 12.0948358009363 0
955 14.0318953914276 11.7948358009364 0
956 14.4228430871418 11.7422537014048 0
957 14.8137907828559 11.6896716018732 0
958 14.6728430871417 12.0422537014048 0
959 14.7860344756019 7.39500500403451 0
960 15.081657063748 7.3492258516115 0
961 15.3772796518944 7.30344669918857 0
962 15.6729022400408 7.25766754676566 0
963 15.9685248281871 7.21188839434277 0
964 16.2641474163336 7.16610924191987 0
965 16.55977000448 7.12033008949698 0
966 16.8553925926263 7.07455093707407 0
967 17.1510151807729 7.02877178465123 0
968 17.3429216877415 7.33211126947392 0
969 17.2392056065634 7.68122990671942 0
970 17.1354895253856 8.03034854396501 0
971 17.0317734442078 8.37946718121063 0
972 16.9280573630301 8.72858581845626 0
973 16.8243412818523 9.0777044557019 0
974 16.7206252006746 9.42682309294752 0
975 16.6169091194968 9.77594173019315 0
976 16.5131930383192 10.1250603674388 0
977 14.9779409825702 7.69834448885708 0
978 17.0472990995948 7.37789042189671 0
979 16.3212865313504 9.82172088261601 0
980 15.2735635707164 7.65256533643407 0
981 15.5691861588628 7.60678618401115 0
982 15.8648087470091 7.56100703158825 0
983 16.1604313351556 7.51522787916536 0
984 16.4560539233019 7.46944872674246 0
985 16.7516765114483 7.42366957431956 0
986 16.9435830184168 7.72700905914222 0
987 16.839866937239 8.07612769638781 0
988 16.7361508560613 8.42524633363343 0
989 16.6324347748835 8.77436497087907 0
990 16.5287186937058 9.12348360812469 0
991 16.425002612528 9.47260224537032 0
992 16.1293800243816 9.51838139779323 0
993 15.937473517413 9.21504191297052 0
994 15.7455670104444 8.91170242814779 0
995 15.5536605034758 8.60836294332507 0
996 15.3617539965072 8.30502345850236 0
997 15.1698474895386 8.00168397367967 0
998 15.4654700776848 7.95590482125668 0
999 16.6479604302703 7.77278821156506 0
1000 16.2330961055593 9.16926276054754 0
1001 15.7610926658312 7.91012566883376 0
1002 16.0567152539776 7.86434651641086 0
1003 16.352337842124 7.81856736398797 0
1004 16.5442443490925 8.12190684881066 0
1005 16.4405282679148 8.47102548605628 0
1006 16.336812186737 8.8201441233019 0
1007 16.0411895985906 8.86592327572482 0
1008 15.849283091622 8.56258379090209 0
1009 15.6573765846534 8.25924430607937 0
1010 15.9529991727998 8.21346515365646 0
1011 16.2486217609462 8.16768600123356 0
1012 16.1449056797684 8.51680463847918 0
1013 16.2603449656371 4.64237767886843 0
1014 17.0396814038807 6.73047252142832 0
1015 14.9703232868561 7.05092658838868 0
1016 16.3716787425289 4.94067694209122 0
1017 16.4830125194208 5.23897620531405 0
1018 16.5943462963127 5.53727546853689 0
1019 16.7056800732046 5.83557473175972 0
1020 16.8170138500966 6.13387399498256 0
1021 16.9283476269885 6.43217325820541 0
1022 16.7440588157342 6.77625167385116 0
1023 16.4484362275878 6.82203082627406 0
1024 16.1528136394414 6.86780997869696 0
1025 15.857191051295 6.91358913111986 0
1026 15.5615684631486 6.95936828354276 0
1027 15.2659458750023 7.00514743596568 0
1028 15.1546120981103 6.70684817274287 0
1029 15.3389009093648 6.36276975709711 0
1030 15.5231897206192 6.01869134145136 0
1031 15.7074785318736 5.6746129258056 0
1032 15.891767343128 5.33053451015985 0
1033 16.0760561543824 4.98645609451411 0
1034 16.1873899312743 5.28475535773689 0
1035 16.632725038842 6.47795241062825 0
1036 15.4502346862565 6.66106902031988 0
1037 16.2987237081662 5.58305462095973 0
1038 16.4100574850581 5.88135388418257 0
1039 16.52139126195 6.1796531474054 0
1040 16.3371024506956 6.52373156305115 0
1041 16.0414798625492 6.56951071547405 0
1042 15.7458572744029 6.61528986789696 0
1043 15.6345234975109 6.31699060467412 0
1044 15.8188123087654 5.97291218902837 0
1045 16.0031011200198 5.62883377338263 0
1046 16.1144348969117 5.92713303660546 0
1047 16.2257686738037 6.2254322998283 0
1048 15.9301460856573 6.27121145225121 0
1049 16.8722453426048 9.97764246697026 0
1050 17.5982579108492 7.53381200625096 0
1051 19.3856114726056 8.94571716369107 0
1052 16.9759614237824 9.62852382972456 0
1053 17.0796775049601 9.27940519247894 0
1054 17.1833935861379 8.93028655523331 0
1055 17.2871096673157 8.58116791798768 0
1056 17.3908257484934 8.23204928074206 0
1057 17.4945418296712 7.88293064349647 0
1058 17.8535941339571 7.73551274302803 0
1059 18.1089303570652 7.93721347980519 0
1060 18.3642665801732 8.13891421658233 0
1061 18.6196028032812 8.34061495335948 0
1062 18.8749390263893 8.54231569013663 0
1063 19.1302752494973 8.7440164269138 0
1064 19.0265591683196 9.09313506415943 0
1065 18.6675068640338 9.24055296462788 0
1066 18.3084545597479 9.38797086509632 0
1067 17.949402255462 9.53538876556476 0
1068 17.5903499511762 9.68280666603321 0
1069 17.2312976468904 9.83022456650168 0
1070 17.335013728068 9.48110592925599 0
1071 17.7498780527791 8.08463138027354 0
1072 18.7712229452113 8.89143432738217 0
1073 17.4387298092458 9.13198729201037 0
1074 17.5424458904235 8.78286865476475 0
1075 17.6461619716013 8.43375001751914 0
1076 18.0052142758872 8.2863321170507 0
1077 18.2605504989952 8.48803285382785 0
1078 18.5158867221033 8.689733590605 0
1079 18.4121706409255 9.03885222785062 0
1080 18.0531183366396 9.18627012831907 0
1081 17.6940660323538 9.33368802878752 0
1082 17.7977821135316 8.9845693915419 0
1083 17.9014981947094 8.63545075429629 0
1084 18.1568344178174 8.83715149107345 0
1085 12.3444794783395 4.3541897091688 0
1086 11.8509102566058 6.45216918811926 0
1087 10.5832050484519 4.73553819440088 0
1088 12.2739695895203 4.65390106330453 0
1089 12.2034597007012 4.95361241744031 0
1090 12.132949811882 5.25332377157607 0
1091 12.0624399230629 5.55303512571185 0
1092 11.9919300342438 5.85274647984762 0
1093 11.9214201454247 6.15245783398341 0
1094 11.6698095125837 6.20693618901658 0
1095 11.4887087685617 5.96170318991395 0
1096 11.3076080245397 5.71647019081132 0
1097 11.1265072805177 5.47123719170868 0
1098 10.9454065364957 5.22600419260605 0
1099 10.7643057924738 4.98077119350344 0
1100 10.8348156812929 4.68105983936768 0
1101 11.0864263141339 4.62658148433452 0
1102 11.338036946975 4.57210312930136 0
1103 11.5896475798161 4.5176247742682 0
1104 11.8412582126572 4.46314641923505 0
1105 12.0928688454983 4.4086680642019 0
1106 12.0223589566791 4.70837941833763 0
1107 11.7403194014026 5.90722483488074 0
1108 11.0159164253147 4.92629283847024 0
1109 11.9518490678599 5.0080907724734 0
1110 11.8813391790408 5.30780212660917 0
1111 11.8108292902217 5.60751348074495 0
1112 11.5592186573807 5.66199183577811 0
1113 11.3781179133587 5.41675883667548 0
1114 11.1970171693367 5.17152583757285 0
1115 11.2675270581558 4.87181448343708 0
1116 11.5191376909969 4.81733612840392 0
1117 11.7707483238379 4.76285777337077 0
1118 11.7002384350188 5.06256912750655 0
1119 11.6297285461997 5.36228048164232 0
1120 11.4486278021778 5.1170474825397 0
1121 14.2999766666667 2.4 0
1122 16.793322 2.08 0
1123 11.3299976666665 2.03999999999998 0
1124 11.659995333333 2.07999999999994 0
1125 11.9899929999996 2.11999999999994 0
1126 12.3199906666663 2.15999999999994 0
1127 12.649988333333 2.19999999999994 0
1128 12.9799859999997 2.23999999999995 0
1129 13.3099836666664 2.27999999999995 0
1130 13.6399813333331 2.31999999999995 0
1131 13.9699789999998 2.35999999999997 0
1132 14.1366389999998 2.55999999999996 0
1133 13.973301333333 2.71999999999992 0
1134 13.8099636666663 2.87999999999991 0
1135 13.6466259999996 3.03999999999991 0
1136 13.483288333333 3.19999999999992 0
1137 13.3199506666663 3.35999999999992 0
1138 13.1566129999997 3.51999999999993 0
1139 12.993275333333 3.67999999999993 0
1140 12.8299376666665 3.83999999999996 0
1141 11.4966576666663 2.23999999999993 0
1142 13.806641333333 2.51999999999993 0
1143 12.6632776666663 3.63999999999993 0
1144 11.8266553333328 2.2799999999999 0
1145 12.1566529999995 2.31999999999989 0
1146 12.4866506666662 2.35999999999989 0
1147 12.8166483333329 2.3999999999999 0
1148 13.1466459999995 2.4399999999999 0
1149 13.4766436666662 2.4799999999999 0
1150 13.6433036666662 2.67999999999989 0
1151 13.4799659999995 2.83999999999988 0
1152 13.3166283333328 2.99999999999988 0
1153 13.1532906666662 3.15999999999989 0
1154 12.9899529999995 3.31999999999989 0
1155 12.8266153333329 3.4799999999999 0
1156 12.4966176666662 3.43999999999989 0
1157 12.3299576666662 3.23999999999988 0
1158 12.1632976666662 3.03999999999989 0
1159 11.9966376666662 2.83999999999989 0
1160 11.8299776666662 2.6399999999999 0
1161 11.6633176666662 2.4399999999999 0
1162 11.9933153333327 2.47999999999987 0
1163 13.3133059999994 2.63999999999987 0
1164 12.6599553333327 3.27999999999986 0
1165 12.3233129999994 2.51999999999986 0
1166 12.653310666666 2.55999999999986 0
1167 12.9833083333327 2.59999999999986 0
1168 13.1499683333327 2.79999999999986 0
1169 12.986630666666 2.95999999999986 0
1170 12.8232929999994 3.11999999999986 0
1171 12.4932953333327 3.07999999999986 0
1172 12.3266353333327 2.87999999999986 0
1173 12.1599753333327 2.67999999999987 0
1174 12.4899729999994 2.71999999999986 0
1175 12.819970666666 2.75999999999986 0
1176 12.6566329999994 2.91999999999986 0
1177 13.4299976666665 0.239999999999981 0
1178 13.5266619999997 0.479999999999969 0
1179 13.6233263333329 0.719999999999965 0
1180 13.7199906666663 0.959999999999965 0
1181 13.8166549999996 1.19999999999997 0
1182 13.913319333333 1.43999999999997 0
1183 14.0099836666664 1.67999999999997 0
1184 14.1066479999997 1.91999999999997 0
1185 14.2033123333332 2.15999999999999 0
1186 11.2333333333332 1.79999999999999 0
1187 11.4666666666664 1.59999999999998 0
1188 11.6999999999996 1.39999999999997 0
1189 11.933333333333 1.19999999999997 0
1190 12.1666666666663 0.999999999999976 0
1191 12.3999999999997 0.799999999999978 0
1192 12.6333333333331 0.599999999999978 0
1193 12.8666666666664 0.399999999999977 0
1194 13.0999999999999 0.199999999999985 0
1195 13.196664333333 0.439999999999962 0
1196 13.8733146666663 2.11999999999996 0
1197 11.5633309999996 1.83999999999996 0
1198 13.2933286666662 0.679999999999948 0
1199 13.3899929999995 0.919999999999944 0
1200 13.4866573333328 1.15999999999994 0
1201 13.5833216666662 1.39999999999994 0
1202 13.6799859999995 1.63999999999995 0
1203 13.7766503333329 1.87999999999995 0
1204 13.5433169999995 2.07999999999994 0
1205 13.2133193333329 2.03999999999994 0
1206 12.8833216666662 1.99999999999993 0
1207 12.5533239999995 1.95999999999993 0
1208 12.2233263333328 1.91999999999993 0
1209 11.8933286666662 1.87999999999994 0
1210 11.7966643333328 1.63999999999995 0
1211 12.0299976666661 1.43999999999995 0
1212 12.2633309999995 1.23999999999995 0
1213 12.4966643333328 1.03999999999995 0
1214 12.7299976666662 0.839999999999953 0
1215 12.9633309999996 0.639999999999953 0
1216 13.0599953333327 0.879999999999935 0
1217 13.4466526666661 1.83999999999993 0
1218 12.1266619999993 1.67999999999992 0
1219 13.156659666666 1.11999999999993 0
1220 13.2533239999994 1.35999999999993 0
1221 13.3499883333327 1.59999999999993 0
1222 13.1166549999994 1.79999999999993 0
1223 12.7866573333327 1.75999999999992 0
1224 12.456659666666 1.71999999999992 0
1225 12.3599953333327 1.47999999999992 0
1226 12.593328666666 1.27999999999993 0
1227 12.8266619999994 1.07999999999993 0
1228 12.9233263333327 1.31999999999993 0
1229 13.019990666666 1.55999999999993 0
1230 12.6899929999993 1.51999999999992 0
1231 14.5033089999998 2.55999999999996 0
1232 14.7066413333329 2.71999999999992 0
1233 14.9099736666662 2.87999999999991 0
1234 15.1133059999996 3.03999999999991 0
1235 15.3166383333329 3.19999999999992 0
1236 15.5199706666663 3.35999999999992 0
1237 15.7233029999997 3.51999999999993 0
1238 15.926635333333 3.67999999999993 0
1239 16.1299676666665 3.83999999999996 0
1240 13.1966076666663 3.83999999999991 0
1241 14.339971333333 2.71999999999991 0
1242 15.7632976666663 3.83999999999991 0
1243 13.3599453333328 3.67999999999988 0
1244 13.5232829999995 3.51999999999987 0
1245 13.6866206666661 3.35999999999987 0
1246 13.8499583333328 3.19999999999986 0
1247 14.0132959999994 3.03999999999986 0
1248 14.1766336666661 2.87999999999987 0
1249 14.5433036666661 2.87999999999987 0
1250 14.7466359999994 3.03999999999986 0
1251 14.9499683333327 3.19999999999986 0
1252 15.1533006666661 3.35999999999987 0
1253 15.3566329999995 3.51999999999987 0
1254 15.5599653333328 3.67999999999988 0
1255 15.3966276666661 3.83999999999986 0
1256 15.0299576666661 3.83999999999985 0
1257 14.6632876666661 3.83999999999985 0
1258 14.2966176666661 3.83999999999986 0
1259 13.9299476666661 3.83999999999987 0
1260 13.5632776666661 3.83999999999987 0
1261 13.7266153333327 3.67999999999984 0
1262 14.3799659999993 3.03999999999983 0
1263 15.1932953333326 3.67999999999983 0
1264 13.8899529999993 3.51999999999983 0
1265 14.053290666666 3.35999999999983 0
1266 14.2166283333326 3.19999999999982 0
1267 14.5832983333326 3.19999999999982 0
1268 14.7866306666659 3.35999999999983 0
1269 14.9899629999993 3.51999999999983 0
1270 14.8266253333326 3.67999999999982 0
1271 14.4599553333326 3.67999999999983 0
1272 14.0932853333327 3.67999999999983 0
1273 14.2566229999993 3.51999999999983 0
1274 14.4199606666659 3.35999999999982 0
1275 14.6232929999993 3.51999999999982 0
1276 5.1666666666666 1.79999999999999 0
1277 5.33333333333318 1.59999999999998 0
1278 5.49999999999984 1.39999999999997 0
1279 5.6666666666665 1.19999999999997 0
1280 5.83333333333318 0.999999999999976 0
1281 5.99999999999986 0.799999999999978 0
1282 6.16666666666654 0.599999999999978 0
1283 6.33333333333321 0.399999999999977 0
1284 6.49999999999993 0.199999999999985 0
1285 6.79999999999991 0.199999999999984 0
1286 6.93333333333315 0.399999999999974 0
1287 7.06666666666646 0.599999999999971 0
1288 7.1999999999998 0.799999999999971 0
1289 7.33333333333314 0.999999999999972 0
1290 7.46666666666649 1.19999999999997 0
1291 7.59999999999983 1.39999999999998 0
1292 7.73333333333317 1.59999999999998 0
1293 7.86666666666658 1.79999999999999 0
1294 5.4666666666665 1.79999999999996 0
1295 6.63333333333316 0.399999999999966 0
1296 7.5666666666665 1.79999999999996 0
1297 5.63333333333309 1.59999999999995 0
1298 5.79999999999974 1.39999999999995 0
1299 5.96666666666642 1.19999999999995 0
1300 6.13333333333309 0.999999999999954 0
1301 6.29999999999976 0.799999999999955 0
1302 6.46666666666644 0.599999999999955 0
1303 6.76666666666641 0.599999999999954 0
1304 6.89999999999973 0.799999999999951 0
1305 7.03333333333306 0.999999999999951 0
1306 7.16666666666641 1.19999999999995 0
1307 7.29999999999975 1.39999999999995 0
1308 7.43333333333309 1.59999999999995 0
1309 7.26666666666641 1.79999999999994 0
1310 6.9666666666664 1.79999999999994 0
1311 6.66666666666641 1.79999999999994 0
1312 6.36666666666642 1.79999999999994 0
1313 6.06666666666643 1.79999999999995 0
1314 5.76666666666643 1.79999999999995 0
1315 5.93333333333303 1.59999999999993 0
1316 6.59999999999968 0.799999999999941 0
1317 7.13333333333301 1.59999999999993 0
1318 6.09999999999968 1.39999999999993 0
1319 6.26666666666634 1.19999999999994 0
1320 6.43333333333301 0.999999999999939 0
1321 6.733333333333 0.999999999999936 0
1322 6.86666666666634 1.19999999999993 0
1323 6.99999999999967 1.39999999999993 0
1324 6.83333333333301 1.59999999999993 0
1325 6.53333333333301 1.59999999999993 0
1326 6.23333333333302 1.59999999999993 0
1327 6.39999999999967 1.39999999999993 0
1328 6.56666666666634 1.19999999999993 0
1329 6.69999999999967 1.39999999999993 0
1330 19.6793321999998 3.80799999999997 0
1331 19.3586643999995 3.61599999999992 0
1332 19.0379965999995 3.42399999999992 0
1333 18.7173287999995 3.23199999999992 0
1334 18.3966609999995 3.03999999999992 0
1335 18.0759931999996 2.84799999999993 0
1336 17.7553253999996 2.65599999999993 0
1337 17.4346575999996 2.46399999999993 0
1338 17.1139897999998 2.27199999999996 0
1339 17.1139897999998 1.87199999999999 0
1340 17.4346575999995 1.66399999999998 0
1341 17.7553253999995 1.45599999999997 0
1342 18.0759931999995 1.24799999999997 0
1343 18.3966609999995 1.03999999999997 0
1344 18.7173287999996 0.831999999999977 0
1345 19.0379965999996 0.623999999999977 0
1346 19.3586643999996 0.415999999999976 0
1347 19.6793321999998 0.207999999999985 0
1348 19.6793321999995 3.40799999999995 0
1349 17.4346575999995 2.06399999999995 0
1350 19.6793321999995 0.607999999999947 0
1351 19.3586643999993 3.21599999999991 0
1352 19.0379965999992 3.0239999999999 0
1353 18.7173287999992 2.83199999999991 0
1354 18.3966609999993 2.63999999999991 0
1355 18.0759931999993 2.44799999999992 0
1356 17.7553253999993 2.25599999999992 0
1357 17.7553253999993 1.85599999999993 0
1358 18.0759931999992 1.64799999999993 0
1359 18.3966609999993 1.43999999999993 0
1360 18.7173287999993 1.23199999999993 0
1361 19.0379965999993 1.02399999999993 0
1362 19.3586643999993 0.815999999999934 0
1363 19.6793321999993 1.00799999999993 0
1364 19.6793321999992 1.40799999999992 0
1365 19.6793321999992 1.80799999999992 0
1366 19.6793321999993 2.20799999999992 0
1367 19.6793321999993 2.60799999999992 0
1368 19.6793321999993 3.00799999999993 0
1369 19.3586643999991 2.81599999999989 0
1370 18.0759931999991 2.04799999999991 0
1371 19.3586643999991 1.21599999999991 0
1372 19.0379965999991 2.62399999999989 0
1373 18.7173287999991 2.4319999999999 0
1374 18.3966609999991 2.2399999999999 0
1375 18.3966609999991 1.83999999999991 0
1376 18.7173287999991 1.63199999999991 0
1377 19.0379965999991 1.42399999999991 0
1378 19.358664399999 1.6159999999999 0
1379 19.358664399999 2.0159999999999 0
1380 19.3586643999991 2.41599999999989 0
1381 19.037996599999 2.22399999999989 0
1382 18.717328799999 2.0319999999999 0
1383 19.037996599999 1.8239999999999 0
1384 14.5493111999998 2.36799999999998 0
1385 14.7986457333329 2.33599999999994 0
1386 15.0479802666662 2.30399999999994 0
1387 15.2973147999996 2.27199999999994 0
1388 15.5466493333329 2.23999999999994 0
1389 15.7959838666663 2.20799999999995 0
1390 16.0453183999996 2.17599999999995 0
1391 16.294652933333 2.14399999999995 0
1392 16.5439874666665 2.11199999999997 0
1393 16.7473197999998 2.27199999999996 0
1394 16.7013175999996 2.46399999999992 0
1395 16.6553153999995 2.65599999999991 0
1396 16.6093131999995 2.84799999999991 0
1397 16.5633109999996 3.03999999999992 0
1398 16.5173087999996 3.23199999999993 0
1399 16.4713065999996 3.42399999999993 0
1400 16.4253043999996 3.61599999999993 0
1401 16.3793021999998 3.80799999999996 0
1402 14.7526435333329 2.52799999999992 0
1403 16.4979852666662 2.30399999999993 0
1404 16.1759698666662 3.64799999999992 0
1405 15.001978066666 2.4959999999999 0
1406 15.2513125999994 2.46399999999989 0
1407 15.5006471333327 2.43199999999989 0
1408 15.7499816666661 2.3999999999999 0
1409 15.9993161999994 2.3679999999999 0
1410 16.2486507333328 2.3359999999999 0
1411 16.451983066666 2.49599999999989 0
1412 16.405980866666 2.68799999999988 0
1413 16.359978666666 2.87999999999988 0
1414 16.313976466666 3.07199999999989 0
1415 16.2679742666661 3.26399999999989 0
1416 16.2219720666661 3.4559999999999 0
1417 15.9726375333328 3.48799999999989 0
1418 15.7693051999994 3.32799999999989 0
1419 15.5659728666661 3.16799999999989 0
1420 15.3626405333327 3.00799999999988 0
1421 15.1593081999994 2.84799999999988 0
1422 14.9559758666661 2.68799999999989 0
1423 15.2053103999992 2.65599999999986 0
1424 16.2026485333326 2.52799999999987 0
1425 16.0186397333326 3.29599999999987 0
1426 15.4546449333325 2.62399999999986 0
1427 15.7039794666659 2.59199999999986 0
1428 15.9533139999992 2.55999999999987 0
1429 16.1566463333325 2.71999999999986 0
1430 16.1106441333325 2.91199999999986 0
1431 16.0646419333326 3.10399999999986 0
1432 15.8153073999993 3.13599999999986 0
1433 15.6119750666659 2.97599999999986 0
1434 15.4086427333325 2.81599999999985 0
1435 15.6579772666659 2.78399999999986 0
1436 15.9073117999992 2.75199999999986 0
1437 15.8613095999992 2.94399999999986 0
1438 16.7459721999995 3.80799999999991 0
1439 17.0679875999995 2.46399999999991 0
1440 19.3126621999995 3.80799999999991 0
1441 16.7919743999994 3.61599999999988 0
1442 16.8379765999994 3.42399999999988 0
1443 16.8839787999993 3.23199999999987 0
1444 16.9299809999993 3.03999999999987 0
1445 16.9759831999993 2.84799999999987 0
1446 17.0219853999993 2.65599999999987 0
1447 17.3886553999994 2.65599999999988 0
1448 17.7093231999994 2.84799999999988 0
1449 18.0299909999993 3.03999999999988 0
1450 18.3506587999993 3.23199999999987 0
1451 18.6713265999993 3.42399999999987 0
1452 18.9919943999993 3.61599999999987 0
1453 18.9459921999993 3.80799999999986 0
1454 18.5793221999993 3.80799999999985 0
1455 18.2126521999993 3.80799999999986 0
1456 17.8459821999993 3.80799999999987 0
1457 17.4793121999994 3.80799999999987 0
1458 17.1126421999994 3.80799999999987 0
1459 17.1586443999992 3.61599999999984 0
1460 17.3426531999992 2.84799999999984 0
1461 18.6253243999991 3.61599999999983 0
1462 17.2046465999992 3.42399999999984 0
1463 17.2506487999991 3.23199999999983 0
1464 17.2966509999991 3.03999999999983 0
1465 17.6633209999992 3.03999999999984 0
1466 17.9839887999991 3.23199999999984 0
1467 18.3046565999991 3.42399999999983 0
1468 18.2586543999991 3.61599999999982 0
1469 17.8919843999991 3.61599999999983 0
1470 17.5253143999992 3.61599999999984 0
1471 17.5713165999991 3.42399999999983 0
1472 17.6173187999991 3.23199999999983 0
1473 17.9379865999991 3.42399999999982 0
1474 4.49999999999998 1.79999999999999 0
1475 3.99999999999994 1.59999999999998 0
1476 3.49999999999993 1.39999999999997 0
1477 2.99999999999994 1.19999999999997 0
1478 2.49999999999994 0.999999999999976 0
1479 1.99999999999994 0.799999999999978 0
1480 1.49999999999994 0.599999999999978 0
1481 0.999999999999942 0.399999999999977 0
1482 0.499999999999964 0.199999999999985 0
1483 1.16666666666657 0.199999999999984 0
1484 5.83333333333322 0.199999999999984 0
1485 4.66666666666657 1.59999999999998 0
1486 1.83333333333319 0.199999999999982 0
1487 2.49999999999985 0.199999999999982 0
1488 3.16666666666651 0.199999999999982 0
1489 3.83333333333318 0.199999999999982 0
1490 4.49999999999985 0.199999999999982 0
1491 5.16666666666653 0.199999999999982 0
1492 5.66666666666651 0.399999999999976 0
1493 5.49999999999984 0.599999999999976 0
1494 5.33333333333316 0.799999999999975 0
1495 5.16666666666649 0.999999999999972 0
1496 4.99999999999982 1.19999999999997 0
1497 4.83333333333316 1.39999999999997 0
1498 4.16666666666653 1.39999999999997 0
1499 3.66666666666652 1.19999999999997 0
1500 3.16666666666653 0.999999999999972 0
1501 2.66666666666654 0.799999999999975 0
1502 2.16666666666654 0.599999999999976 0
1503 1.66666666666654 0.399999999999976 0
1504 2.33333333333316 0.399999999999972 0
1505 4.99999999999981 0.399999999999972 0
1506 4.33333333333313 1.19999999999996 0
1507 2.99999999999981 0.399999999999971 0
1508 3.66666666666647 0.399999999999971 0
1509 4.33333333333314 0.399999999999971 0
1510 4.83333333333314 0.59999999999997 0
1511 4.66666666666646 0.799999999999967 0
1512 4.49999999999979 0.999999999999963 0
1513 3.83333333333313 0.999999999999963 0
1514 3.33333333333315 0.799999999999967 0
1515 2.83333333333315 0.59999999999997 0
1516 3.49999999999981 0.599999999999969 0
1517 4.16666666666647 0.599999999999969 0
1518 3.9999999999998 0.799999999999966 0
1519 16.4473231333332 1.87199999999999 0
1520 16.1013242666663 1.66399999999998 0
1521 15.7553253999996 1.45599999999997 0
1522 15.4093265333329 1.24799999999997 0
1523 15.0633276666663 1.03999999999997 0
1524 14.7173287999997 0.831999999999977 0
1525 14.371329933333 0.623999999999977 0
1526 14.0253310666663 0.415999999999976 0
1527 13.6793321999998 0.207999999999985 0
1528 19.0126655333329 0.207999999999983 0
1529 16.7679909333329 1.66399999999999 0
1530 14.3459988666662 0.207999999999983 0
1531 18.6919977333327 0.415999999999975 0
1532 18.3713299333327 0.623999999999975 0
1533 18.0506621333327 0.831999999999974 0
1534 17.7299943333326 1.03999999999997 0
1535 17.4093265333326 1.24799999999997 0
1536 17.0886587333327 1.45599999999997 0
1537 16.421992066666 1.45599999999997 0
1538 16.0759931999993 1.24799999999997 0
1539 15.7299943333327 1.03999999999997 0
1540 15.3839954666661 0.831999999999974 0
1541 15.0379965999994 0.623999999999975 0
1542 14.6919977333328 0.415999999999975 0
1543 15.0126655333327 0.207999999999982 0
1544 15.6793321999993 0.207999999999981 0
1545 16.345998866666 0.207999999999981 0
1546 17.0126655333327 0.207999999999981 0
1547 17.6793321999994 0.207999999999981 0
1548 18.3459988666661 0.207999999999982 0
1549 18.0253310666659 0.415999999999971 0
1550 16.7426598666658 1.24799999999996 0
1551 15.3586643999992 0.415999999999971 0
1552 17.7046632666659 0.623999999999969 0
1553 17.3839954666658 0.831999999999966 0
1554 17.0633276666658 1.03999999999996 0
1555 16.3966609999991 1.03999999999996 0
1556 16.0506621333325 0.831999999999966 0
1557 15.7046632666659 0.623999999999969 0
1558 16.0253310666658 0.415999999999971 0
1559 16.6919977333325 0.41599999999997 0
1560 17.3586643999992 0.415999999999971 0
1561 17.0379965999992 0.623999999999968 0
1562 16.7173287999991 0.831999999999965 0
1563 16.3713299333325 0.623999999999968 0
1564 10.5666666666666 1.79999999999999 0
1565 10.1333333333331 1.59999999999998 0
1566 9.69999999999975 1.39999999999997 0
1567 9.26666666666642 1.19999999999997 0
1568 8.83333333333311 0.999999999999976 0
1569 8.39999999999979 0.799999999999978 0
1570 7.96666666666647 0.599999999999978 0
1571 7.53333333333313 0.399999999999977 0
1572 7.09999999999989 0.199999999999985 0
1573 7.76666666666639 0.199999999999984 0
1574 12.433333333333 0.199999999999984 0
1575 10.7999999999997 1.59999999999998 0
1576 8.43333333333294 0.199999999999982 0
1577 9.09999999999958 0.199999999999982 0
1578 9.76666666666625 0.199999999999982 0
1579 10.4333333333329 0.199999999999982 0
1580 11.0999999999996 0.199999999999982 0
1581 11.7666666666663 0.199999999999982 0
1582 12.1999999999996 0.399999999999976 0
1583 11.9666666666663 0.599999999999976 0
1584 11.7333333333329 0.799999999999975 0
1585 11.4999999999996 0.999999999999972 0
1586 11.2666666666662 1.19999999999997 0
1587 11.0333333333329 1.39999999999997 0
1588 10.3666666666663 1.39999999999997 0
1589 9.93333333333292 1.19999999999997 0
1590 9.4999999999996 0.999999999999972 0
1591 9.06666666666629 0.799999999999975 0
1592 8.63333333333297 0.599999999999976 0
1593 8.19999999999964 0.399999999999976 0
1594 8.86666666666618 0.399999999999972 0
1595 11.5333333333329 0.399999999999972 0
1596 10.5999999999995 1.19999999999996 0
1597 9.53333333333282 0.399999999999971 0
1598 10.1999999999995 0.399999999999971 0
1599 10.8666666666662 0.399999999999971 0
1600 11.2999999999995 0.59999999999997 0
1601 11.0666666666661 0.799999999999967 0
1602 10.8333333333328 0.999999999999963 0
1603 10.1666666666661 0.999999999999963 0
1604 9.73333333333282 0.799999999999967 0
1605 9.29999999999951 0.59999999999997 0
1606 9.96666666666614 0.599999999999969 0
1607 10.6333333333328 0.599999999999969 0
1608 10.3999999999995 0.799999999999966 0
1609 7.23333333333311 0.399999999999966 0
1610 10.2666666666665 1.79999999999997 0
1611 8.16666666666644 1.79999999999996 0
1612 7.66666666666637 0.599999999999956 0
1613 8.0999999999997 0.799999999999956 0
1614 8.53333333333302 0.999999999999955 0
1615 8.96666666666633 1.19999999999995 0
1616 9.39999999999965 1.39999999999995 0
1617 9.833333333333 1.59999999999995 0
1618 9.96666666666632 1.79999999999994 0
1619 9.6666666666663 1.79999999999994 0
1620 9.36666666666631 1.79999999999994 0
1621 9.06666666666633 1.79999999999994 0
1622 8.76666666666635 1.79999999999995 0
1623 8.46666666666636 1.79999999999995 0
1624 8.03333333333304 1.59999999999995 0
1625 7.8999999999997 1.39999999999995 0
1626 7.76666666666635 1.19999999999995 0
1627 7.633333333333 0.99999999999995 0
1628 7.49999999999967 0.79999999999995 0
1629 7.36666666666635 0.599999999999953 0
1630 7.7999999999996 0.799999999999941 0
1631 9.53333333333289 1.59999999999993 0
1632 8.33333333333295 1.59999999999994 0
1633 8.23333333333293 0.999999999999939 0
1634 8.66666666666624 1.19999999999993 0
1635 9.09999999999956 1.39999999999993 0
1636 9.23333333333288 1.59999999999993 0
1637 8.9333333333329 1.59999999999993 0
1638 8.63333333333293 1.59999999999993 0
1639 8.1999999999996 1.39999999999994 0
1640 8.06666666666625 1.19999999999993 0
1641 7.93333333333291 0.999999999999936 0
1642 8.36666666666624 1.19999999999993 0
1643 8.79999999999955 1.39999999999993 0
1644 8.49999999999958 1.39999999999993 0
1645 13.775996533333 0.447999999999961 0
1646 16.1979885999996 1.90399999999996 0
1647 14.4526468666663 2.12799999999996 0
1648 14.1219953999995 0.65599999999995 0
1649 14.4679942666661 0.86399999999995 0
1650 14.8139931333328 1.07199999999995 0
1651 15.1599919999994 1.27999999999995 0
1652 15.5059908666661 1.48799999999994 0
1653 15.8519897333328 1.69599999999995 0
1654 15.9486540666661 1.93599999999994 0
1655 15.6993195333328 1.96799999999994 0
1656 15.4499849999994 1.99999999999994 0
1657 15.2006504666661 2.03199999999993 0
1658 14.9513159333327 2.06399999999993 0
1659 14.7019813999994 2.09599999999993 0
1660 14.3559825333328 1.88799999999995 0
1661 14.2593181999995 1.64799999999995 0
1662 14.1626538666661 1.40799999999994 0
1663 14.0659895333328 1.16799999999994 0
1664 13.9693251999994 0.927999999999945 0
1665 13.8726608666661 0.687999999999948 0
1666 14.2186597333326 0.895999999999934 0
1667 15.6026551999993 1.72799999999993 0
1668 14.605317066666 1.85599999999992 0
1669 14.5646585999993 1.10399999999993 0
1670 14.9106574666659 1.31199999999993 0
1671 15.2566563333326 1.51999999999993 0
1672 15.3533206666659 1.75999999999993 0
1673 15.1039861333326 1.79199999999992 0
1674 14.8546515999993 1.82399999999992 0
1675 14.5086527333326 1.61599999999992 0
1676 14.4119883999993 1.37599999999993 0
1677 14.3153240666659 1.13599999999993 0
1678 14.6613229333326 1.34399999999993 0
1679 15.0073217999993 1.55199999999993 0
1680 14.7579872666659 1.58399999999992 0
1681 0.49999999999996 0.399999999999967 0
1682 3.99999999999996 1.79999999999997 0
1683 0.49999999999996 1.79999999999997 0
1684 0.99999999999994 0.599999999999958 0
1685 1.49999999999994 0.799999999999958 0
1686 1.99999999999994 0.999999999999956 0
1687 2.49999999999993 1.19999999999995 0
1688 2.99999999999992 1.39999999999995 0
1689 3.49999999999992 1.59999999999995 0
1690 3.49999999999993 1.79999999999994 0
1691 2.99999999999992 1.79999999999994 0
1692 2.49999999999993 1.79999999999994 0
1693 1.99999999999994 1.79999999999994 0
1694 1.49999999999994 1.79999999999995 0
1695 0.99999999999994 1.79999999999995 0
1696 0.499999999999956 1.59999999999995 0
1697 0.499999999999955 1.39999999999995 0
1698 0.499999999999955 1.19999999999995 0
1699 0.499999999999955 0.999999999999955 0
1700 0.499999999999955 0.799999999999956 0
1701 0.499999999999956 0.599999999999957 0
1702 0.999999999999931 0.799999999999944 0
1703 2.9999999999999 1.59999999999993 0
1704 0.999999999999931 1.59999999999993 0
1705 1.49999999999992 0.999999999999941 0
1706 1.99999999999992 1.19999999999994 0
1707 2.49999999999991 1.39999999999993 0
1708 2.49999999999991 1.59999999999993 0
1709 1.99999999999992 1.59999999999993 0
1710 1.49999999999992 1.59999999999993 0
1711 0.999999999999929 1.39999999999994 0
1712 0.999999999999928 1.19999999999994 0
1713 0.999999999999929 0.999999999999941 0
1714 1.49999999999992 1.19999999999994 0
1715 1.99999999999991 1.39999999999993 0
1716 1.49999999999992 1.39999999999993 0
