0.0011065990548050977
0.0005269268571299959
0.0002522959814831027
9.516242443619732e-5
0.0005689509815627949
0.000589277408361899
0.0007293814779318966
0.00040624998888479785
0.0005872082295763012
0.0007106110850082989
0.0005823863747728975
0.0010253657096968016
0.0003861447746398017
0.0004812799464252032
0.0007332250879156996
-9.657944991497969e-6
0.0008578018920886027
0.0002552473818499962
0.0005894066752710064
0.0005995767026258994
0.0007038332355372018
-0.0003375133242328049
0.0003321852365439984
0.0005444404820314983
0.00046608772912440366
0.0004635498266015031
0.0004010937418813046
0.0005421937577665958
0.0008021975144496957
0.00045961875715949674
0.0010411804231975977
0.0004536586634217993
0.0006046825181929005
0.0005845527257717018
0.0005355906488163989
0.00030560695962050105
0.0004246857143532026
0.0006992500732462964
0.00036374416165019935
0.0008693685100683024
0.0007017028029615013
0.0006588802498379009
0.000585638247555996
0.00034752505345739954
0.0004453725914332976
0.0006347515077827007
0.0008335155193271993
0.0011613479498600032
0.0007353103857297982
0.0005353089981859002
0.0010629890477454954
0.0006560735849124033
0.0006168183145211989
0.0005680303585240964
0.0004807510247328006
0.0005079968441556032
0.000672197442089302
0.0008963914364398043
0.0004141381543314032
0.001086879362250201
0.0007656050941997963
0.0007971186636550956
