0.0159626543918788
0.015138127644660902
0.0152659621408111
0.016088987491230604
0.016730048690037094
0.017354793992290694
0.015650704264724896
0.015422402132576098
0.0172387777781058
0.01533480764366
0.012976294264361699
0.013712797503524499
0.0170430917701416
0.0145735739620119
0.01641027712933
0.0161612101077779
0.015151872188356098
0.016349917533535104
0.015252282344171003
0.015064596350219
0.0168437382833184
0.015311386650573897
0.015790305975715603
0.015870703841938297
0.015603360275875298
0.017622651514047197
0.016620537148171903
0.016368987899625702
0.015889359944846394
0.015228262855215398
0.015021892529216797
0.0159823563227963
0.0166399498412199
0.0162480672476651
0.0151837106901778
0.0160335973486636
0.015373170353621304
0.014503280464691001
0.0167373618418905
0.014769089385222804
0.015823869210937203
0.014778986368595502
0.0149004879138568
0.0135837885153633
0.0133913525931511
0.0162083942651014
0.014726104832570398
0.0157256640473444
0.015237479513590994
0.016436202696359002
0.0160571026242073
0.015440761751895196
0.015376339041159003
0.014507209906005097
0.014284958816334202
0.015326035701072903
0.015349877890043398
0.0156884033576501
0.014906427721846499
0.015688993609804795
0.015773035769701002
0.0165958972502675
0.016267904851904998
0.015592468043142294
0.0143397014904776
0.015258783538581504
0.0164495379062033
0.014667673464494504
0.0158054388314253
0.015564130246200396
0.014837144717185898
0.0142824852844574
0.015102524840143204
0.013033084156545902
0.0148571229164208
0.0151354556948926
0.015273231000620502
0.0167495468723936
0.015150006724589299
0.014950190062018205
0.016573016529839002
0.014316175672299203
0.014710243965814794
0.0172553067568404
0.015638698979078096
0.0154484992158452
0.015396122889090098
0.015018371159958896
0.015759756941608097
0.016965092456038097
0.0163544385112505
0.016242327723128003
0.016457169850252598
0.014839498887500198
0.014395574650186496
0.014388563986989795
0.015805955099968405
0.016816173835107397
0.0166213789812917
0.0147030744711115
0.015561090313970398
0.0164571035017956
0.015850996213326196
0.0159735398947176
0.015589541047750899
0.0160383637797376
0.0156933078352395
0.0151517040217089
0.014849655496828498
0.015152679247816304
0.0153610934980637
0.014852743473540396
0.014191867710943697
0.015469855416771601
0.016224405418285202
0.015414711777386403
0.015835775523365604
0.014709375002703202
0.015731113172476004
0.015815788677274296
0.015102787713884895
0.0148311523266587
0.015911599772183094
0.014418927994843601
0.016866375303108
0.016471196100412998
0.016227633174181202
0.015052825368663897
0.014869284762367097
0.0144737195591376
0.014489235972128298
0.016073812322533403
0.014490663027782902
0.0160089748939932
0.016559662462047098
0.016301689466642906
0.014662983923567803
0.0160542245847137
0.015513036227914098
0.015037595895229398
0.015160118061343299
0.014125873083902701
0.017627524627631896
0.015388794492976796
0.0160111850928416
0.0161522182750381
0.015713851848303498
0.0146498475452888
0.01634321559094
0.015049205666651702
0.0159042613609122
0.0157266232326349
0.015748073199288302
0.015850985146635695
0.015937021235798696
0.014048678357579697
0.0166521956954349
0.014881992322720902
0.015616936175997402
0.014571159391699798
0.015916260357776102
0.0139927709080961
0.0159760012585876
0.015906472240391503
0.015192457932051102
0.0144824333298052
0.015949992281110298
0.016614517697089298
0.0164371735082142
0.015158256642417697
0.0160622867826173
0.015056502374416698
0.013926892685126
0.016133354166868195
0.015678968241348304
0.016340962887621505
0.014510638413108998
0.0162026646916466
0.0166358406336529
0.015038608124871101
0.015928181441768795
0.017515942392798994
0.014743255250257
0.0151230710446449
0.016227111292793597
0.0155329826249083
0.016051191668903494
0.014395396832778101
0.015556105902048797
0.014379982468364
0.015755145994836704
0.016437046501179206
0.014654236335289596
0.014757621288670204
0.014814541227229298
0.0156437844811241
0.015377204698598199
0.015426180528956605
0.0148208430807941
0.0167656585948033
0.017189811216463798
0.0152260677959557
0.014719535526569502
0.015265473349613798
0.0167885064549982
0.014201854507139802
0.014913815374644701
0.013878348133531698
0.015267539468771005
0.0147459995510646
0.015410591664984194
0.014870663323583104
0.016652166558289695
0.016010564644047202
0.0148551217600668
0.014528469415914298
0.015707820828802205
0.015248328347520795
0.015558893497527697
0.015766781748652398
0.0159322517192481
0.015470463462936901
0.016566728588188598
0.012976304133372099
0.015651755616621604
0.014644024550479605
0.0151018555303353
0.0142831075013259
0.015204485350875603
0.015464315225552298
0.015552831767419097
0.0171560006864303
0.016001276868367297
0.016252650612513103
0.0139428564841401
0.015013935347318194
0.014963128840218096
0.0169004796559607
0.0146560242072191
0.0167077048177586
0.0156636352986598
0.0153896232725204
0.0161252297337368
0.014662992181736396
0.015372046547753003
0.0137940683339903
0.0144656617613634
0.0151069677885756
0.016537387781709503
0.0164866350721269
0.016523212999572504
0.016684342054461905
0.014859490359202705
0.0160054369181383
0.015102228741968197
0.0165956010083287
0.014796283004024698
0.016198368595981505
0.016330102515202095
0.016677749987604296
0.0147296221567942
0.013218548218663598
0.015943907729016202
0.0155381058994526
0.013928522460059801
0.015510389616535697
0.014343387050979504
0.0158773380732044
0.016008816437333602
0.015813144436255103
0.014626788254783106
0.014902487345207105
0.015203942005344001
0.013680368118578201
0.015379640337324196
0.015500997002299198
0.014716223522783796
0.015241376744967297
0.015289551370435799
0.015867965123005
0.015169528635696504
0.015738066106338204
0.015383003240254198
0.0142351396804523
0.015025819999638798
0.016550366053298696
0.015031805969741602
0.014355428462947295
0.016662636648815794
0.0150559807547119
0.015769394265562196
0.015173740573890204
0.0159281775878991
0.015374518497773701
0.015099776369505498
0.016609161848669195
0.015597653685633102
0.0160144136564234
0.0158126914843357
0.016394144921725896
0.015336511940983497
0.016728427360565498
0.014869443200955103
0.015574379999890399
0.015813271793080605
0.0157284669016335
0.0161573494255048
0.0143688565711338
0.016506972890513796
0.015163782790113399
0.0154458323586079
0.014245134983853602
0.0143903134884125
0.015769001589307302
0.0147184991104293
0.015529547842247603
0.014563208321867097
0.013705483868027099
0.014917947850947001
0.016649785403873005
0.015458942897175795
0.015318817017692894
0.015711786428786095
0.015199511088528198
0.0163427136691233
0.015114976647520699
0.0159553640698666
0.015433504535199004
0.015437085466687601
0.015978073621188
0.015511003478679994
0.015178804408001095
0.015134324221216897
0.016502169783706902
0.0153217307434865
0.014997308845363398
0.014840012182306697
0.014875235165901196
0.015304317748250397
0.015039463941632698
0.014444259051691
0.015253444020381403
0.015299825532686696
0.016167283127944403
0.014880524173042801
0.017388042019504397
0.015430837458138405
0.015748999518837202
0.015359555575477503
0.0147820813600378
0.016043211386002697
0.015286976819191299
0.015239883661255699
0.0157146247302129
0.014516326624173896
0.014530059893546096
0.014827201330439098
0.016037128676575904
0.014756350068144998
0.0156428753274354
0.0163378351205853
0.0164953568649287
0.015144665030118
0.0156272691436269
0.015795187152579097
0.014566501031507799
0.013700165196821705
0.014727423625099295
0.0155584103181209
0.0154873487215271
0.0160324414305053
0.0161337641112584
0.015499735624767405
0.015624425256366599
0.015353682116009598
0.013158155844422405
0.015684632521842302
0.015480379699997701
0.015733895909284
0.015148680554805498
0.016455589588159604
0.013517304221357197
0.016495891777475
0.015365375993395096
0.016105733049266095
0.0159937592045076
0.016471684206235696
0.017567015174968205
0.017137219919358702
0.013933028600875301
0.016442346500629194
0.016499986623914296
0.013600937043623598
0.014141595877117101
0.014663367941897099
0.013870112860852601
0.015511952748942404
0.016839022301116002
0.0158765584896522
0.015388324890795703
0.016412832696989996
0.0168264874997109
0.015829252171539597
0.015399038281275701
0.0146562959901066
0.015178862957569102
0.016299328803012
0.016334773401066698
0.0153109052314028
0.016779973325676996
0.0158687123587313
0.014698599539590303
0.013551797679412898
0.015766363973742606
0.014426048775989402
0.014958998483901496
0.015062902156786004
0.0160324404132534
0.015934304587546
0.014313155255468099
0.015541147980320996
0.014062183117080296
0.015363858312254695
0.015883355279129596
0.014380980920692399
0.0151944730204122
0.015291642524560604
0.0151312784857386
0.0142839746635883
0.014644274597409301
0.015445755130387102
0.0148735828505542
0.0153451874718252
0.016486651525196905
0.0159104733909498
0.015865653404769905
0.015426445514007098
0.015900562030794298
0.017097640965753995
0.0134783159531199
0.014959199893891599
0.015222674121839301
0.0148636936990124
0.015457215839232
0.014437866437163
0.014581173498682702
0.015683685795321506
0.015270974363425997
0.0166043999892867
0.016379554329514705
0.014706823158117797
0.0161409639216665
0.0158103495490872
0.014443648752720403
0.0167171483248168
0.014539839505002601
0.0154411974280819
0.0162324480471331
0.014744645278467604
0.016026356659635102
0.0155430148841431
0.015480162319068604
0.016101963133581004
0.015333468647307301
0.014065589501359395
0.0167854999627865
0.015559855758180398
0.015451236147342298
0.014369765982955501
0.0141823681598688
0.0154918339773042
0.015202465446869998
0.015863636081426005
0.015009546627582103
0.014021637812173297
0.013115077104754597
0.016637660009112
0.015277713768933096
0.016382394326849403
0.016645964911939398
0.0143508317385097
0.014820131119567398
0.016803579054167697
0.016181962145904803
0.015589438613933797
0.016664093826820305
0.016902757221451403
0.015161735928923996
0.014821316550972699
0.013770406911578999
0.015832041704427
0.014456363154447198
0.0155426618076627
0.015435146690497302
0.0157488117783064
0.016001539936641794
0.0157840537437186
0.0154854896507454
0.015968778176124306
0.0152264767633013
0.0164954771448214
0.014853171776663801
0.0151200814243099
0.015341382173620799
0.014924614827279803
0.014004536061659204
0.015246239292371198
0.017787875514885504
0.0156847955165266
0.015911725031862695
0.016245038690715398
0.015995791788317795
0.014820826158172602
0.014540122114994898
0.014744957699898899
0.0159439694670788
0.015543583217093995
0.014618836444752002
0.013903291502139398
0.0158207877302148
0.014701979014674897
0.015383935539050701
0.015503461708298596
0.014891427201992803
0.0156958666561074
0.0149692946811609
0.015443551352093
0.014166023909301599
0.015567134989632095
0.0162507333937863
0.015906540440918
0.014878964815685
0.0140335162806998
0.0159477550926463
0.013960603213433197
0.014653992942992605
0.014134562724638602
0.0158437464455847
0.016370901626413102
0.015488466598075505
0.0162234391502974
0.016466644783102398
0.015342086701724399
0.017165981654631103
0.015334042950461806
0.0158902186634772
0.0152850200833917
0.016717618567878005
0.015700835199171703
0.0163523014766506
0.0144818774956312
0.016079184939444803
0.0159910094142394
0.016107445420272398
0.016601871235568
0.015859089314379106
0.0158491659302175
0.014815338126867902
0.014898939105428596
0.014009966737755904
0.016353363840309096
0.014050074294524102
0.0151679766973664
0.015633467295442197
0.014289951131019905
0.016091964299335203
0.0152657750854863
0.0153141843360464
0.0170364767808771
0.015622073382729203
0.015117432110292504
0.015438912941677402
0.015586939629353896
0.014134647701945904
0.0156682922671288
0.0148090484788155
0.013795182705346402
0.015211463712232504
0.015604810581573002
0.015045571944031902
0.016392356150827597
0.014210445367235605
0.015751776440075096
0.0141663438748489
0.014070011410759996
0.015201611435597097
0.0149903954645412
0.015154382416777495
0.014222546641519403
0.015180059587358297
0.0155090868703208
0.0159002171870189
0.014415681997764697
0.014804722713740302
0.016726834379738806
0.016026799597522
0.015712114453531503
0.016190355389889305
0.015869426916876095
0.014765699999842806
0.0160200668274666
0.016177906498658003
0.0155895404767823
0.016920176984744198
0.015119450575331206
0.0146354564572335
0.014144089734482397
0.0164093131588412
0.015806357604988296
0.0155463830450535
0.015318668709937304
0.0168304183070248
0.015888242571875703
0.015212809332505996
0.016559050342917804
0.016188730772295296
0.0153118687405141
0.015639911477259398
0.0158833262661435
0.014717674698393503
0.016692884814956795
0.016627564287670003
0.013812979327397099
0.0162484758116258
0.0151759901346483
0.014671249625588502
0.016441109291810502
0.016502341139450302
0.015440505989349998
0.016232281556277102
0.014494337256901899
0.0159306394753777
0.016489212799359304
0.015085905846296502
0.014374028812323698
0.015814395158418197
0.0161698249590601
0.0155052839450152
0.014978187141327301
0.014911359204024296
0.015613437272217902
0.016044787999016603
0.016860508463467302
0.015466191016528102
0.015214644528885497
0.014968115616481197
0.014710879467758398
0.015142145894463499
0.016433491667033395
0.0162524796548551
0.014077156375582198
0.014274217658518197
0.015563412108969402
0.015641044799678504
0.0148898310023785
0.0138898809768793
0.015665481548371503
0.014791084704416202
0.0156320571505612
0.016148361062342402
0.0149993095485886
0.015470986531894299
0.015081050116128994
0.014989064433389598
0.0141912657413883
0.016975741061128
0.013767029275151
0.014334364646060901
0.015031531368271303
0.015620332813346197
0.0151555770421642
0.0146319485271953
0.017057803234335103
0.0164739459862134
0.0153761297628294
0.0151773276702514
0.016737864796263206
0.015282940764795
0.016272125566419104
0.014692657473092001
0.016102342221645805
0.016037121468698602
0.015533094925399296
0.014706026084799699
0.015575960416323004
0.015386232730029897
0.016625811962523405
0.015495466878959398
0.016024039115901605
0.0161072371110823
0.0163646817472657
0.0167644532753495
0.0154597882308318
0.014627460665216002
0.014496304084480702
0.0161263501076412
0.015021606653206503
0.0139150634217683
0.016423006203749306
0.0148893541654899
0.014061090327048102
0.015718623279197097
0.015419371929216504
0.012906426750151502
0.0150019402888244
0.015897178985709998
0.014314449417749196
0.015317713517169096
0.0160543235658044
0.0146228788699925
0.016778616724608904
0.014962492807261397
0.014631491844341704
0.013220051290803995
0.015177941470206902
0.015078445926443605
0.016549812079854703
0.015908375078017498
0.015717767629686803
0.015705652655806597
0.016772394560934302
0.0160626604470974
0.0150292103878965
0.0158592642215453
0.015993194724550998
0.015506440813225997
0.0170776361264994
0.0152369419366871
0.016275401433143002
0.014940597925193103
0.015493055847577097
0.015000564829349299
0.016241079334187697
0.015067152747314301
0.014961597365277898
0.015237264623909098
0.0161676410961598
0.0156938439010383
0.015223385372372396
0.016450587045923795
0.0150013903452242
0.0158344998444837
0.017095067769716803
0.016613602677308804
0.016949536896528797
0.0154397357757117
0.0171320638963256
0.014595422999689696
0.0144270487146601
0.01526342465062
0.014453283501317103
0.0159802945028824
0.015047836231021003
0.0150366952132251
0.015455013789913298
0.0151462901656777
0.015510724342582001
0.016474217731576
0.0154261079391744
0.015298288890503102
0.0153310473824151
0.015613188363322698
0.0155288778894827
0.0146404016479812
0.014960711229870395
0.0156832721474229
0.015337799942262705
0.016357056517025598
0.016638289201920994
0.016239930012593502
0.014547505394757396
0.014936547086656697
0.015739484117574705
0.014021547607238102
0.014900436268713298
0.015941313297984303
0.0156627876663595
0.0161440907549949
0.015039797711907103
0.0163404041830061
0.014597615195460802
0.0159135546277359
0.014936648792870204
0.0161353169705096
0.0152572802855995
0.015545627483450696
0.015178170009104
0.0157028418545302
0.0158998852352584
0.0159112782851642
0.015851123208170698
0.014782417928886703
0.015569604016974298
0.015418710965487303
0.013052633059406897
0.014617987575658603
0.014169955864149798
0.015882690990852495
0.015928145478272003
0.0158428812253358
0.0158384867402364
0.015383739751058799
0.013729951484245398
0.0161032102860117
0.0162850298868282
0.016406443230924002
0.0158059257769173
0.017065343380517198
0.015139152643763497
0.015317268365099002
0.015128475886100903
0.0145457614855663
0.016284664289773702
0.016061713898510896
0.014327860376931303
0.016141801855901597
0.014825059278590999
0.015093230731429194
0.0167283760909719
0.016568223350258503
0.0160032407906006
0.0152552052122433
0.0172970777881963
0.015543557150606499
0.015427200153935602
0.0148453104538869
0.0148715225211008
0.016458614281695004
0.0157360516325864
0.013929700617132598
0.014905495731853999
0.014476333008600295
0.014549653272419596
0.0174353335779317
0.015497156498404697
0.0159894309583685
0.014485537995067098
0.013295089243390498
0.0145455759047479
0.016702174868647002
0.015773390727299802
0.015825289667937205
0.015772037135987904
0.0148941322836477
0.01598932114946
0.015669457041066905
0.0159504032593316
0.014828121045751201
0.015973375304947503
0.0167966596979161
0.014884042639736098
0.016018906708221196
0.016316128125191502
0.014883677834711402
0.014738951975381505
0.014527197783944804
0.015677748952734098
0.0155590534194315
0.013708590075319903
0.015465803570831702
0.015085230424803704
0.016958760410498798
0.015600821815917897
0.015656747193593404
0.014448609518002198
0.014874611329742098
0.014720926941587997
0.0163197531422678
0.014932654806052
0.015502219397585504
0.016258382707790398
0.0157985878053759
0.0158694815168896
0.016185052441136
0.016954624980088602
0.015120378172894501
0.016178338932022494
0.014821663567412505
0.014964955998045898
0.015506550893904701
0.014519160208228202
0.014384686832352597
0.017307281635374906
0.0166902878469644
0.0158438185470891
0.016807953504862305
0.0145345964693833
0.0145637122766887
0.015037747079518701
0.015604107189496001
0.015712600708752404
0.015448200798043002
0.015449583153008699
0.015482619452976
0.015556064737696496
0.0154372243276917
0.0163955638943208
0.016046786126466497
0.016619531503882
0.0157197547279461
0.014642551992011602
0.015075848473761498
0.014857783432493096
0.0131342663140386
0.0162633692407316
0.016074399349629703
0.015476115500243401
0.0154049983333421
0.0157389303382773
0.015391753218240295
0.014985078627569398
0.014930147054412105
0.014047782883181703
0.0152005219131406
0.016902820337144603
0.0156399810693195
