$MeshFormat
2.2 0 8
$EndMeshFormat
$Entities
9 10 2 0
1 0 
2 0 
3 0 
4 0 
5 0 
6 0 
7 0 
8 0 
9 0 
1 0 0 
2 0 0 
3 0 0 
4 0 0 
5 0 0 
6 0 0 
7 0 0 
8 0 0 
9 0 0 
10 0 0 
1 0 0 
2 0 0 
$EndEntities
$Nodes
391
1 0 0 0
2 20 0 0
3 20 3 0
4 16 3 0
5 14 2 0
6 0 2 0
7 20 7 0
8 15 7 0
9 5 2 0
10 10 0 0
11 1.666666666666682 0 0
12 3.333333333333348 0 0
13 5.000000000000016 0 0
14 6.666666666666685 0 0
15 8.333333333333352 0 0
16 11.66666666666672 0 0
17 13.33333333333339 0 0
18 15.00000000000006 0 0
19 16.66666666666672 0 0
20 18.33333333333339 0 0
21 20.00000000000007 0.5000000000000041 0
22 20.00000000000009 1.000000000000005 0
23 20.00000000000009 1.500000000000005 0
24 20.00000000000011 2.000000000000005 0
25 20.0000000000001 2.500000000000006 0
26 19.33333333333339 3.000000000000012 0
27 18.66666666666675 3.000000000000013 0
28 18.00000000000009 3.000000000000015 0
29 17.33333333333342 3.000000000000015 0
30 16.66666666666676 3.000000000000015 0
31 15.66666666666671 2.833333333333342 0
32 15.33333333333339 2.666666666666678 0
33 15.00000000000007 2.500000000000013 0
34 14.66666666666675 2.333333333333346 0
35 14.33333333333342 2.166666666666679 0
36 9.499999999999986 2 0
37 13.25000000000004 2.000000000000008 0
38 12.50000000000004 2.000000000000009 0
39 11.75000000000004 2.00000000000001 0
40 11.00000000000005 2.00000000000001 0
41 10.25000000000005 2.00000000000001 0
42 8.750000000000012 2.000000000000008 0
43 8.000000000000023 2.000000000000009 0
44 7.25000000000003 2.00000000000001 0
45 6.500000000000035 2.00000000000001 0
46 5.750000000000036 2.00000000000001 0
47 4.166666666666677 2.000000000000008 0
48 3.333333333333347 2.000000000000009 0
49 2.500000000000016 2.00000000000001 0
50 1.666666666666684 2.00000000000001 0
51 0.8333333333333498 2.00000000000001 0
52 0 1.666666666666671 0
53 0 1.333333333333339 0
54 0 1.000000000000006 0
55 0 0.666666666666673 0
56 0 0.33333333333334 0
57 20.00000000000007 3.666666666666684 0
58 20.00000000000009 4.333333333333353 0
59 20.00000000000009 5.00000000000002 0
60 20.00000000000011 5.666666666666689 0
61 20.0000000000001 6.333333333333356 0
62 19.16666666666673 7.000000000000023 0
63 18.33333333333341 7.00000000000003 0
64 17.5000000000001 7.000000000000034 0
65 16.66666666666676 7.000000000000035 0
66 15.83333333333341 7.000000000000036 0
67 11.66666666666667 5.333333333333334 0
68 8.333333333333325 3.666666666666663 0
69 14.44444444444449 6.722222222222243 0
70 13.88888888888894 6.44444444444447 0
71 13.3333333333334 6.166666666666694 0
72 12.77777777777786 5.888888888888921 0
73 12.2222222222223 5.611111111111143 0
74 11.11111111111115 5.055555555555573 0
75 10.5555555555556 4.777777777777797 0
76 10.00000000000004 4.500000000000021 0
77 9.444444444444489 4.222222222222244 0
78 8.888888888888937 3.944444444444464 0
79 7.777777777777795 3.388888888888894 0
80 7.222222222222246 3.111111111111121 0
81 6.666666666666697 2.833333333333345 0
82 6.111111111111144 2.555555555555569 0
83 5.555555555555591 2.277777777777793 0
84 14.00617283950617 4.487654320987654 0
85 17.14373897707231 5.069664902998236 0
86 11.71103685138772 3.426297224542838 0
87 8.896283919675756 3.626605092979369 0
88 9.459234506018163 3.586543519292068 0
89 10.02218509236056 3.546481945604767 0
90 10.58513567870296 3.506420371917465 0
91 11.14808626504537 3.466358798230159 0
92 11.70364182060091 3.744136576007938 0
93 11.69624678981408 4.06197592747302 0
94 11.68885175902725 4.379815278938104 0
95 11.68145672824041 4.697654630403189 0
96 11.67406169745357 5.015493981868271 0
97 9.451839475231369 3.904382870757172 0
98 11.14069123425856 3.78419814969526 0
99 11.11850614189805 4.737716204090509 0
100 10.01479006157377 3.86432129706987 0
101 10.57774064791616 3.824259723382566 0
102 11.13329620347173 4.102037501160343 0
103 11.12590117268489 4.419876852625427 0
104 10.56295058634249 4.459938426312731 0
105 10.00739503078693 4.182160648534953 0
106 10.57034561712933 4.14209907484765 0
107 19.52395649617879 3.344944150499717 0
108 19.04791299235752 3.689888300999428 0
109 18.57186948853625 4.034832451499136 0
110 18.09582598471497 4.379776601998842 0
111 17.61978248089369 4.724720752498548 0
112 16.95311581422698 4.724720752498545 0
113 16.76249265138161 4.379776601998843 0
114 16.57186948853624 4.034832451499139 0
115 16.38124632569086 3.689888300999434 0
116 16.19062316284547 3.344944150499726 0
117 18.85728982951219 3.344944150499732 0
118 17.42915931804836 4.379776601998857 0
119 16.85728982951223 3.344944150499741 0
120 18.38124632569092 3.689888300999443 0
121 17.90520282186964 4.03483245149915 0
122 17.23853615520299 4.034832451499154 0
123 17.04791299235762 3.689888300999449 0
124 17.52395649617888 3.344944150499739 0
125 18.19062316284554 3.344944150499736 0
126 17.71457965902427 3.689888300999447 0
127 16.62081128747801 4.972663139329822 0
128 16.09788359788368 4.875661375661397 0
129 15.57495590828932 4.778659611992969 0
130 15.05202821869495 4.68165784832454 0
131 14.5291005291006 4.58465608465611 0
132 14.33847736625519 4.239711934156393 0
133 14.67078189300419 3.99176954732512 0
134 15.00308641975316 3.743827160493846 0
135 15.33539094650213 3.495884773662572 0
136 15.6676954732511 3.247942386831296 0
137 15.85831863609657 3.592886537331022 0
138 16.43018812463269 4.627718988830133 0
139 14.86140505584963 4.336713697824847 0
140 16.04894179894195 3.937830687830728 0
141 16.23956496178733 4.282774838330432 0
142 15.90726043503835 4.530717225161707 0
143 15.38433274544398 4.433715461493279 0
144 15.19370958259862 4.088771310993574 0
145 15.5260141093476 3.840828924162301 0
146 15.71663727219298 4.185773074662006 0
147 14.00514403292186 4.073045267489724 0
148 14.00411522633751 3.658436213991785 0
149 14.00308641975315 3.243827160493844 0
150 14.0020576131688 2.829218106995902 0
151 14.00102880658444 2.41460905349796 0
152 15.33436213991781 3.081275720164639 0
153 14.33744855967089 3.825102880658462 0
154 14.33436213991785 2.58127572016464 0
155 15.00205761316885 3.329218106995915 0
156 14.66975308641988 3.577160493827189 0
157 14.33641975308655 3.410493827160523 0
158 14.3353909465022 2.995884773662582 0
159 14.66769547325118 2.747942386831308 0
160 15.0010288065845 2.914609053497975 0
161 14.66872427983553 3.16255144032925 0
162 16.78644914756032 5.391387419165217 0
163 16.42915931804828 5.713109935332183 0
164 16.07186948853624 6.034832451499145 0
165 15.71457965902419 6.356554967666108 0
166 15.35728982951214 6.678277483833067 0
167 14.83436213991775 6.58127572016463 0
168 14.66872427983546 6.162551440329244 0
169 14.50308641975316 5.743827160493855 0
170 14.33744855967086 5.325102880658466 0
171 14.17181069958855 4.906378600823076 0
172 14.69473838918298 5.00338036449153 0
173 16.26352145796602 5.294385655496806 0
174 15.19165196942989 6.259553203997697 0
175 15.21766607877733 5.100382128159959 0
176 15.74059376837169 5.197383891828384 0
177 15.90623162845399 5.616108171663774 0
178 15.54894179894194 5.937830687830736 0
179 15.0260141093476 5.840828924162311 0
180 14.8603762492653 5.422104644326921 0
181 15.38330393885965 5.519106407995349 0
182 19.52395649617879 6.67827748383306 0
183 19.04791299235752 6.356554967666104 0
184 18.57186948853625 6.034832451499147 0
185 18.09582598471497 5.71310993533219 0
186 17.61978248089369 5.391387419165227 0
187 19.52395649617889 6.011610817166416 0
188 18.09582598471506 5.046443268665538 0
189 19.52395649617887 4.011610817166407 0
190 19.04791299235762 5.689888300999458 0
191 18.57186948853634 5.368165784832501 0
192 18.57186948853634 4.701499118165829 0
193 19.04791299235761 4.35655496766612 0
194 19.52395649617888 4.678277483833077 0
195 19.52395649617889 5.344944150499746 0
196 19.04791299235762 5.02322163433279 0
197 12.05658436213997 5.192386831275739 0
198 12.44650205761322 5.051440329218128 0
199 12.83641975308648 4.910493827160518 0
200 13.22633744855974 4.769547325102906 0
201 13.61625514403298 4.628600823045292 0
202 12.6121399176956 5.470164609053549 0
203 13.78189300411537 5.047325102880714 0
204 14.27880658436224 6.303497942386874 0
205 13.00205761316885 5.329218106995937 0
206 13.39197530864211 5.188271604938326 0
207 13.94753086419767 5.466049382716103 0
208 14.11316872427996 5.884773662551488 0
209 13.7232510288067 6.025720164609101 0
210 13.16769547325116 5.747942386831326 0
211 13.55761316872442 5.606995884773715 0
212 13.62365017481981 4.3107614715802 0
213 13.2411275101334 4.133868622172732 0
214 12.858604845447 3.956975772765264 0
215 12.4760821807606 3.780082923357796 0
216 12.09355951607419 3.603190073950327 0
217 12.0925307094898 3.188581020452376 0
218 12.47402456759186 2.950864816361904 0
219 12.85551842569392 2.713148612271432 0
220 13.23701228379598 2.47543240818096 0
221 13.61850614189803 2.237716204090487 0
222 13.6226213682355 3.89615241808227 0
223 12.47505337417628 3.365473869859866 0
224 13.61953494848246 2.652325257588448 0
225 13.2400987035491 3.719259568674802 0
226 12.85757603886269 3.542366719267334 0
227 12.85654723227834 3.127757665769393 0
228 13.2380410903804 2.890041461678921 0
229 13.62056375506681 3.066934311086389 0
230 13.62159256165116 3.48154336458433 0
231 13.23906989696476 3.304650515176862 0
232 12.06397939292686 4.874547479810675 0
233 12.08616448528738 3.921029425415429 0
234 13.23373247934662 4.451707973637837 0
235 12.07137442371371 4.556708128345594 0
236 12.07876945450055 4.23886877688051 0
237 12.4686871499738 4.097922274822899 0
238 12.85120981466021 4.274815124230368 0
239 12.84381478387338 4.592654475695451 0
240 12.45389708840012 4.733600977753064 0
241 12.46129211918696 4.415761626287981 0
242 11.34253070948979 3.188581020452376 0
243 10.97402456759185 2.950864816361904 0
244 10.6055184256939 2.713148612271432 0
245 10.23701228379595 2.47543240818096 0
246 9.868506141898006 2.237716204090487 0
247 12.86850614189806 2.237716204090495 0
248 11.72402456759188 2.950864816361914 0
249 10.61850614189806 2.237716204090496 0
250 12.487012283796 2.475432408180969 0
251 12.10551842569394 2.713148612271441 0
252 11.35551842569394 2.713148612271442 0
253 10.98701228379601 2.47543240818097 0
254 11.36850614189806 2.237716204090496 0
255 12.11850614189806 2.237716204090496 0
256 11.73701228379601 2.47543240818097 0
257 16.19062316284555 6.6782774838331 0
258 17.26249265138169 5.713109935332211 0
259 18.69062316284553 6.678277483833085 0
260 16.54791299235761 6.35655496766614 0
261 16.90520282186966 6.034832451499177 0
262 17.73853615520298 6.034832451499173 0
263 18.21457965902426 6.35655496766613 0
264 17.85728982951222 6.678277483833094 0
265 17.0239564961789 6.678277483833099 0
266 17.38124632569095 6.356554967666137 0
267 9.305555555555575 2.277777777777786 0
268 9.111111111111137 2.555555555555565 0
269 8.916666666666702 2.833333333333343 0
270 8.722222222222259 3.111111111111121 0
271 8.527777777777812 3.388888888888899 0
272 6.305555555555627 2.277777777777803 0
273 8.555555555555607 2.277777777777795 0
274 7.972222222222282 3.111111111111129 0
275 7.055555555555625 2.277777777777801 0
276 7.805555555555618 2.277777777777799 0
277 8.361111111111169 2.555555555555574 0
278 8.166666666666728 2.833333333333352 0
279 7.416666666666734 2.833333333333355 0
280 6.861111111111183 2.555555555555578 0
281 7.611111111111177 2.555555555555577 0
282 9.674061697453592 2.515493981868274 0
283 10.77958012314744 3.228642594139697 0
284 9.090728364120247 3.348827315201606 0
285 10.04256783935154 2.753210185958748 0
286 10.41107398124949 2.990926390049222 0
287 10.21662953680504 3.268704167827002 0
288 9.653678950462648 3.308765741514305 0
289 9.285172808564701 3.071049537423828 0
290 9.479617253009145 2.793271759646052 0
291 9.848123394907097 3.030987963736527 0
292 0.8333333333333399 0.3333333333333363 0
293 1.666666666666675 0.6666666666666698 0
294 2.500000000000009 1.000000000000003 0
295 3.333333333333343 1.333333333333337 0
296 4.166666666666677 1.66666666666667 0
297 0.8333333333333436 0.6666666666666775 0
298 3.333333333333351 1.666666666666678 0
299 0.8333333333333499 1.66666666666668 0
300 1.66666666666668 1.000000000000011 0
301 2.500000000000016 1.333333333333345 0
302 2.500000000000019 1.666666666666679 0
303 1.666666666666686 1.66666666666668 0
304 0.8333333333333481 1.333333333333346 0
305 0.8333333333333459 1.000000000000012 0
306 1.666666666666683 1.333333333333346 0
307 9.166666666666689 0.3333333333333363 0
308 8.333333333333368 0.6666666666666698 0
309 7.500000000000038 1.000000000000003 0
310 6.666666666666707 1.333333333333337 0
311 5.833333333333373 1.66666666666667 0
312 2.500000000000028 0.3333333333333368 0
313 7.50000000000004 0.3333333333333368 0
314 5.000000000000046 1.333333333333339 0
315 4.166666666666699 0.3333333333333369 0
316 5.833333333333369 0.3333333333333369 0
317 6.666666666666713 0.666666666666671 0
318 5.833333333333381 1.000000000000005 0
319 4.16666666666671 1.000000000000005 0
320 3.33333333333337 0.666666666666671 0
321 5.000000000000042 0.666666666666671 0
322 15.00000000000006 1.666666666666671 0
323 16.00000000000007 1.333333333333339 0
324 17.00000000000007 1.000000000000006 0
325 18.00000000000007 0.666666666666673 0
326 19.00000000000008 0.33333333333334 0
327 19.33333333333339 0.5000000000000041 0
328 18.66666666666675 1.000000000000005 0
329 18.00000000000009 1.500000000000005 0
330 17.33333333333342 2.000000000000005 0
331 16.66666666666676 2.500000000000006 0
332 15.33333333333348 1.833333333333349 0
333 18.33333333333347 0.8333333333333459 0
334 16.33333333333347 2.333333333333348 0
335 16.33333333333348 1.500000000000015 0
336 17.33333333333348 1.166666666666681 0
337 17.66666666666681 1.333333333333347 0
338 17.00000000000014 1.833333333333347 0
339 16.00000000000014 2.166666666666683 0
340 15.66666666666682 2.000000000000017 0
341 16.66666666666681 1.666666666666682 0
342 13.33333333333338 1.666666666666671 0
343 12.66666666666672 1.333333333333339 0
344 12.00000000000006 1.000000000000006 0
345 11.33333333333339 0.666666666666673 0
346 10.66666666666673 0.33333333333334 0
347 12.33333333333345 0.3333333333333408 0
348 17.33333333333346 0.3333333333333408 0
349 14.33333333333344 1.333333333333342 0
350 14.00000000000012 0.3333333333333408 0
351 15.66666666666679 0.3333333333333408 0
352 16.33333333333346 0.6666666666666744 0
353 15.33333333333345 1.000000000000008 0
354 13.66666666666678 1.000000000000008 0
355 13.00000000000012 0.6666666666666744 0
356 14.66666666666679 0.6666666666666745 0
357 17.33333333333351 2.500000000000019 0
358 19.33333333333347 1.000000000000011 0
359 19.33333333333349 2.500000000000016 0
360 18.00000000000017 2.000000000000016 0
361 18.66666666666683 1.500000000000014 0
362 19.33333333333348 1.500000000000013 0
363 19.3333333333335 2.000000000000014 0
364 18.66666666666684 2.500000000000018 0
365 18.00000000000018 2.500000000000019 0
366 18.66666666666684 2.000000000000016 0
367 9.583333333333355 1.666666666666671 0
368 9.666666666666696 1.333333333333339 0
369 9.750000000000039 1.000000000000006 0
370 9.833333333333378 0.666666666666673 0
371 9.91666666666671 0.33333333333334 0
372 10.33333333333342 1.666666666666681 0
373 10.58333333333344 0.6666666666666805 0
374 12.58333333333342 1.666666666666679 0
375 10.41666666666676 1.333333333333348 0
376 10.5000000000001 1.000000000000014 0
377 11.2500000000001 1.000000000000014 0
378 11.91666666666676 1.333333333333347 0
379 11.83333333333342 1.666666666666681 0
380 11.08333333333342 1.666666666666681 0
381 11.16666666666676 1.333333333333347 0
382 6.58333333333341 1.666666666666679 0
383 9.083333333333401 0.6666666666666775 0
384 8.833333333333384 1.666666666666679 0
385 7.416666666666744 1.333333333333346 0
386 8.250000000000076 1.000000000000012 0
387 9.000000000000068 1.000000000000011 0
388 8.916666666666728 1.333333333333345 0
389 8.0833333333334 1.666666666666679 0
390 7.333333333333407 1.66666666666668 0
391 8.166666666666741 1.333333333333346 0
$EndNodes
$Elements
43
1 15 2 0 1 1
2 15 2 0 2 2
3 15 2 0 3 3
4 15 2 0 4 4
5 15 2 0 5 5
6 15 2 0 6 6
7 15 2 0 7 7
8 15 2 0 8 8
9 15 2 0 9 9
10 62 2 0 1 1 10 11 12 13 14 15
11 62 2 0 1 10 2 16 17 18 19 20
12 62 2 0 2 2 3 21 22 23 24 25
13 62 2 0 3 3 4 26 27 28 29 30
14 62 2 0 4 4 5 31 32 33 34 35
15 62 2 0 5 5 36 37 38 39 40 41
16 62 2 0 5 36 9 42 43 44 45 46
17 62 2 0 6 9 6 47 48 49 50 51
18 62 2 0 7 6 1 52 53 54 55 56
19 62 2 0 8 3 7 57 58 59 60 61
20 62 2 0 9 7 8 62 63 64 65 66
21 62 2 0 10 8 67 69 70 71 72 73
22 62 2 0 10 67 68 74 75 76 77 78
23 62 2 0 10 68 9 79 80 81 82 83
24 42 2 0 1 68 86 67 87 88 89 90 91 92 93 94 95 96 74 75 76 77 78 97 98 99 100 101 102 103 104 105 106
25 42 2 0 1 3 85 4 107 108 109 110 111 112 113 114 115 116 30 29 28 27 26 117 118 119 120 121 122 123 124 125 126
26 42 2 0 1 4 85 84 116 115 114 113 112 127 128 129 130 131 132 133 134 135 136 137 138 139 140 141 142 143 144 145 146
27 42 2 0 1 4 84 5 136 135 134 133 132 147 148 149 150 151 35 34 33 32 31 152 153 154 155 156 157 158 159 160 161
28 42 2 0 1 84 85 8 131 130 129 128 127 162 163 164 165 166 167 168 169 170 171 172 173 174 175 176 177 178 179 180 181
29 42 2 0 1 7 85 3 182 183 184 185 186 111 110 109 108 107 57 58 59 60 61 187 188 189 190 191 192 193 194 195 196
30 42 2 0 1 67 84 8 197 198 199 200 201 171 170 169 168 167 69 70 71 72 73 202 203 204 205 206 207 208 209 210 211
31 42 2 0 1 84 86 5 212 213 214 215 216 217 218 219 220 221 151 150 149 148 147 222 223 224 225 226 227 228 229 230 231
32 42 2 0 1 67 86 84 96 95 94 93 92 216 215 214 213 212 201 200 199 198 197 232 233 234 235 236 237 238 239 240 241
33 42 2 0 1 5 86 36 221 220 219 218 217 242 243 244 245 246 41 40 39 38 37 247 248 249 250 251 252 253 254 255 256
34 42 2 0 1 8 85 7 166 165 164 163 162 186 185 184 183 182 62 63 64 65 66 257 258 259 260 261 262 263 264 265 266
35 42 2 0 1 9 36 68 46 45 44 43 42 267 268 269 270 271 79 80 81 82 83 272 273 274 275 276 277 278 279 280 281
36 42 2 0 1 36 86 68 246 245 244 243 242 91 90 89 88 87 271 270 269 268 267 282 283 284 285 286 287 288 289 290 291
37 42 2 0 2 1 9 6 292 293 294 295 296 47 48 49 50 51 52 53 54 55 56 297 298 299 300 301 302 303 304 305 306
38 42 2 0 2 1 10 9 11 12 13 14 15 307 308 309 310 311 296 295 294 293 292 312 313 314 315 316 317 318 319 320 321
39 42 2 0 2 5 2 4 322 323 324 325 326 327 328 329 330 331 31 32 33 34 35 332 333 334 335 336 337 338 339 340 341
40 42 2 0 2 10 2 5 16 17 18 19 20 326 325 324 323 322 342 343 344 345 346 347 348 349 350 351 352 353 354 355 356
41 42 2 0 2 4 2 3 331 330 329 328 327 21 22 23 24 25 26 27 28 29 30 357 358 359 360 361 362 363 364 365 366
42 42 2 0 2 36 10 5 367 368 369 370 371 346 345 344 343 342 37 38 39 40 41 372 373 374 375 376 377 378 379 380 381
43 42 2 0 2 9 10 36 311 310 309 308 307 371 370 369 368 367 42 43 44 45 46 382 383 384 385 386 387 388 389 390 391
$EndElements
