2.9068695923492593e-5
0.0010955592484998
0.0006822590098260056
0.00036657124071640124
0.0005101721935193981
0.0003348053842073956
-2.83425634090978e-5
-5.4823443653206905e-5
0.0007611036055113068
0.0003010799652536089
0.0003709932685954098
-0.00018569844954199888
0.0009825654656569066
0.0004160835907359023
-8.702467074590825e-5
0.00015271784607559513
0.001002299051430594
0.0008360276868597943
9.215600135920043e-5
-0.00017132360873589603
0.00035466055877549085
-0.0002689320652645988
0.00045396622603151304
0.00020182769572529846
0.0005101078190142966
0.00027812478799919826
6.798440982609677e-5
-0.0005115175369082986
0.0005795863193008982
0.00029819592038149434
0.0009325840652352896
-9.500185826419316e-5
0.00023372157526078963
0.00011471507155200178
0.0003050899299621018
0.00018344568277579854
-0.0004652153850941976
0.0002555930992132055
-0.0005833526504846892
-0.00019702410254189562
0.0013515329439195006
-0.00034266354417439304
0.00010709170228750953
4.015920441689802e-5
0.000878414795932092
0.0001609726849916976
0.0002290095351017013
-7.182877146140465e-5
0.0005267020904786007
-1.434743346019618e-5
0.00038993310614900134
-2.0731127492304435e-5
0.0002058267326116997
0.00037359660036630216
0.00015987075358279978
0.00022893256607330048
0.00020028188071580244
0.0006424851097834999
0.0010343686176362
0.0002936149082095052
0.00012856228603039255
0.001183673790404599
-0.00039006317942220925
0.0010770685370725952
0.000177513418570599
0.0008908274037000979
0.00033752172651180246
8.508834899559337e-5
-7.145727629870313e-5
0.0010326706851984946
0.000595415788005399
0.00026157213534519497
0.0007698684969758979
-5.0009874861103865e-5
6.940741615810153e-5
0.0005467137469268024
0.000456298852852699
-2.718696891659822e-5
-8.355727455609807e-5
0.00017265161912680127
0.0002853561393182935
0.0010456764455119005
0.0007684492358313033
-0.0003382712309183966
-0.00012404299552680464
-0.00017747561182510085
0.0005022848221562931
0.00013156757803409191
0.0006286987822258921
-8.508992018349537e-5
0.00026271139139560917
0.0006814580047567048
-5.660033391330366e-5
0.0004119251103816973
-5.502041604260599e-5
-0.0001544545807466019
0.0003280978129042017
0.00040250090229519697
0.00020337672256640071
0.0007057592252586037
0.00032136616920409866
0.0003916682804084026
0.00028393072136989606
-0.0004097036261678927
0.0001488735488000964
0.0004505830118481102
0.0004216195537737055
0.0006819305326956904
0.00044121534385349603
-0.00011913047008679789
0.0006170038852843923
-0.0004117066377236911
7.345612411380209e-5
-2.8441647845073303e-6
0.0007888095828113978
0.0009092582076420941
8.914674374280174e-5
8.881836162294432e-6
-0.0002984884373676
0.0007373641812783993
0.00030330838240420765
0.0003601929491446054
-0.00023738051384669667
0.0006064591778457973
0.00037778465460740207
0.0002128019198990999
-6.845033726739225e-5
0.000509336300327512
0.0004165216947887018
0.00016185679424370047
0.00019336937926020537
0.00019619811607281268
0.00027330136729300514
0.0007332650079030084
0.0002640713576515935
0.000897540949277506
-9.025251088640163e-5
-0.0002820853665918971
0.0007334300260389004
0.00010773715902880066
0.0003157801299972923
0.0001903878866044012
0.00020725160729100078
0.00027444625956490887
0.0008039416005713035
0.0007987441124824995
0.0005328681853952882
0.00014378845743560908
0.0009113521653038997
0.0006080215676997069
-1.4403209554106344e-5
0.0003360787789231101
0.0003269449300891958
0.0006275873227536005
-0.00013048203016789717
-0.00014193264523690297
0.0005900347451341936
0.0003995120543590913
0.0001744634274787049
8.241955467108708e-5
0.0004928571826718076
0.00020693616262650039
0.0006125245182266037
-0.0009502093419485047
-3.861988951260609e-5
0.0002583267167678982
-1.3503351575600009e-5
-0.0002824831853561055
0.00020483783092800634
0.00010084610289499973
-0.00024426362471280383
-0.0004512135638160969
7.02185674707062e-5
0.00037955181384929926
-0.0001875199786699061
0.000632573892526897
0.00027376081262900365
0.0002441721991265078
0.0003886269922748903
0.00021427819834279882
0.00016955342211569246
0.0003506390465045084
-0.00015482773617109258
0.00042558101301670703
0.0003612309947923914
0.0007973363849475973
0.0004450061082434953
-0.00024084467238350005
0.0009064045069338
0.0003092598541065972
0.0001096831843112045
0.0002703005437916933
0.0005201683734238072
0.0003487219837606109
0.0002717177029802065
-0.0005178748943859973
0.00013186152185049038
0.0003901483993230953
0.0004814058898418988
-0.0002658277289099009
0.00018489576426800047
0.0005363009953676945
-0.0003449287136277901
0.0004447379169228022
-0.0006482327179627018
0.0006423292048246959
0.0003485289121049062
0.0008232889056017934
0.00040804376350700444
0.0007202171387966916
0.00035407840287980663
0.0007534005119853027
-0.0001694292703968009
-2.402790354009976e-5
0.00010484317133019339
0.0004421232917690976
0.0004630674365676962
0.00036412079763939453
0.00010876344440380326
0.0005374316023911002
0.00012291825502860898
0.00041753422150569985
0.00020360744581258972
0.00035763502572509764
0.0006729613365514114
-0.000126915826016899
-0.00027319292683788965
0.0004245257406211983
0.00027572505461780084
0.00028916462602519843
-2.735535704019576e-5
0.0009121712194677112
0.00022122251467039666
0.0001614591393527126
0.00025217596398710573
0.0008494517518033984
0.0003188132851228015
6.621515214290385e-5
-8.020072347630913e-5
0.0007534771284237046
0.0001830822422486944
0.000607863787191909
0.00047335412727050885
-0.0002919351725882008
0.0005060033396371011
0.0002819590569689001
0.00021579693825360402
-0.00012222178615220458
0.0002179472191438936
0.00032448454922290315
-0.0002556335260373993
0.00039216735467749453
0.00019008534042599945
0.00019920872163069203
0.00013003538308579976
-0.0001855309043710951
0.0004087414840955039
0.0003886803208675016
0.0002367693109041058
-0.00013093550699079526
0.0007007829298680962
0.00048494280590029304
0.00020720381853391034
0.0003838013940738044
-0.0001528020295643029
0.00021870389952090286
0.00035028209890210216
-0.0003066297158170056
0.0003010608936385023
0.0003885591876961053
0.00021603392776170516
-0.00012665446682479098
0.0003310373903818997
0.0006253612032245948
-8.418282939329225e-5
0.0004457775070794978
0.00039189776810828747
-7.449578952910263e-5
-5.138359207140786e-5
0.00036168641047520933
0.0007637948900454106
-0.00017219878060180382
0.0006065101735783923
0.00029060332350169804
-0.0003025166653368022
2.5931328221595606e-5
0.00023927822291529288
-0.00027621000716619715
0.0006498299626589016
0.0002894510948509982
0.0009514594708632945
0.00046407388059960253
0.00013150369669860662
0.00017660403854909135
-0.00035747475313030463
-3.915138244330041e-5
0.00030694221099930585
0.0002538770042714994
0.0008017353311673969
0.0002985416703773086
0.0007356952387696097
0.0003211463738488074
0.00010958449046960528
-0.0002507460005427009
0.00012173714698769655
-0.00010046252193700311
0.0001563800403117932
0.00019734199229129445
0.0002946299377843964
0.00011353452024930044
0.0006317430285514986
-0.00011324563192000037
0.0007052148951990911
-0.00022140019371459652
0.0003093698897551067
0.00046439809729770243
-0.00019830578434619495
0.0003819423143606032
-6.59654063263071e-5
9.726008517700613e-5
0.0001311114824000953
0.000413810646550411
0.0005225641554232052
0.0007577423785945919
4.944250451478782e-5
0.0002773021820274002
0.00021375157979229564
0.0004065677668467077
0.0005722185788882977
-0.0001951231196010983
0.00017109800709300127
5.091282233880834e-5
0.0006675198031037971
-0.0004982890344826935
0.0003925355541218034
0.00010632236552450547
5.3579093428610114e-5
-3.6817944672001834e-5
0.000666773406284793
-0.000141068702046096
4.1562754860002826e-7
0.00023584986174220168
0.00017093305862579677
0.0002720618919544032
0.0006480027232585034
0.0007081599450557974
9.976103334179143e-5
1.0945771462600451e-5
0.0002056840179467112
0.0006237885886396094
0.00032332774454130186
0.00019840554523969933
0.0005719771574527049
0.0003436323281568038
0.0005953373885511093
-0.00041972337584469943
0.0005672621402978972
0.00010426933795340543
0.00035597757908210903
0.00048705170732570024
0.0005720591395095981
-4.120659576979657e-5
-5.6700267904302715e-5
0.0004930213505560943
0.0011169610903907085
0.00020476483428089054
0.000735490232777497
0.0005313132271172055
0.0003947911668218951
-5.152178323498957e-5
0.0004171193715121063
0.0001909895132680972
-8.404075641170461e-5
0.0005438024748571912
-0.00019248055341329617
-0.0003180543991194995
-0.0003251234096733058
-0.00014193488650100783
0.0004712873652610028
0.000640224614927104
0.0003609457342950012
9.073735184159104e-5
-2.1899874758923854e-6
0.0001668827543906959
5.179739472219169e-5
0.00017294944649279276
-0.0006394128087931911
-1.778951822480057e-5
0.0006532025791618906
8.935980362000107e-5
0.00025025799419080286
-0.00013722099075559602
0.000536738374140408
-0.00031722863724309436
0.00021337719399180943
0.00030196925865098867
0.0002730380049955905
0.00024021203261320734
0.000321041276407405
-9.643659332581045e-5
