0 0
20 0
20 4
12.6666 4
11 2
0 2
20 14
15 14
5 2
6.66666666666667 0
13.3333333333333 0
1.33333333333334 0
2.66666666666667 0
4.00000000000001 0
5.33333333333334 0
8.00000000000001 0
9.33333333333334 0
10.6666666666667 0
12 0
14.6666666666667 0
16 0
17.3333333333333 0
18.6666666666667 0
20 0.800000000000003
20 1.6
20 2.4
20 3.2
16.3333 4
19.26666 4
18.53332 4.00000000000001
17.79998 4.00000000000001
17.06664 4
15.59996 4
14.86662 4.00000000000001
14.13328 4.00000000000001
13.39994 4
12.33328 3.6
11.99996 3.2
11.66664 2.8
11.33332 2.4
8 2
10.4 2
9.80000000000001 2
9.20000000000001 2
8.60000000000001 2
7.40000000000001 2
6.80000000000001 2
6.20000000000001 2
5.60000000000001 2
4 2
3 2
2 2
1 2
0 1.6
0 1.2
0 0.800000000000001
0 0.400000000000001
20 9
20 5.00000000000001
20 6.00000000000001
20 7.00000000000001
20 8.00000000000001
20 10
20 11
20 12
20 13
19 14
18 14
17 14
16 14
12.5 11
10 8
7.5 5
14.5 13.4
14 12.8
13.5 12.2
13 11.6
12 10.4
11.5 9.80000000000001
11 9.20000000000001
10.5 8.60000000000001
9.50000000000001 7.40000000000001
9.00000000000001 6.80000000000001
8.50000000000001 6.20000000000001
8.00000000000001 5.60000000000001
7 4.4
6.50000000000001 3.8
6.00000000000001 3.2
5.50000000000001 2.6
14.4904118874557 7.44078415645749
10.1504936715891 4.54478355033154
16.4094769571416 10.4741790046846
11.961501111809 6.99711354135781
17.4466377689195 6.98299263222841
15.9647223774911 4.6881568312915
15.5961447549823 5.376313662583
15.2275671324734 6.0644704938745
14.8589895099646 6.752627325166
14.1256495099646 6.752627325166
13.7608871324734 6.0644704938745
13.3961247549823 5.37631366258301
13.0313623774911 4.6881568312915
15.2313823774912 4.68815683129151
14.4942271324734 6.06447049387451
13.7647023774912 4.68815683129151
14.8628047549823 5.37631366258301
14.1294647549823 5.37631366258301
14.4980423774912 4.68815683129151
7.90000000000001 2.6
7.80000000000001 3.20000000000001
7.70000000000001 3.80000000000001
7.60000000000001 4.4
6.10000000000002 2.60000000000001
7.30000000000002 2.60000000000001
7.10000000000002 3.80000000000001
6.70000000000002 2.60000000000001
7.20000000000002 3.20000000000001
6.60000000000002 3.20000000000001
12.3923002223618 10.1994227082716
12.2846004447236 9.39884541654313
12.1769006670854 8.59826812481469
12.0692008894472 7.79769083308626
12.4672832669383 7.08584766437775
12.9730654220677 7.17458178739769
13.478847577197 7.26331591041763
13.9846297323264 7.35205003343756
14.0923295099646 8.15262732516601
13.6942471324734 8.86447049387451
13.2961647549823 9.57631366258301
12.8980823774911 10.2881568312915
12.790382599853 9.48757953956308
12.5749830445765 7.8864249561062
13.5865473548352 8.06389320214608
12.6826828222147 8.68700224783464
13.0807651997059 7.97515907912614
13.1884649773441 8.77573637085458
10.3923002223618 7.79942270827157
10.7846004447236 7.59884541654313
11.1769006670854 7.39826812481469
11.5692008894472 7.19769083308625
10.8923002223618 8.39942270827158
11.6769006670854 7.9982681248147
11.8923002223618 9.59942270827158
11.2846004447236 8.19884541654314
11.7846004447236 8.79884541654314
11.3923002223618 8.99942270827158
15.2818953914283 13.2948358009369
15.5637907828567 12.5896716018738
15.845686174285 11.8845074028108
16.1275815657133 11.1793432037477
17.1275815657133 11.1793432037477
17.845686174285 11.8845074028108
18.5637907828567 12.5896716018738
19.2818953914283 13.2948358009369
16.2818953914284 13.2948358009369
16.845686174285 11.8845074028108
18.2818953914284 13.2948358009369
16.5637907828567 12.5896716018739
17.5637907828567 12.5896716018739
17.2818953914284 13.2948358009369
8.03009873431783 4.90895671006631
8.56019746863565 4.81791342013262
9.09029620295348 4.72687013019893
9.6203949372713 4.63582684026524
10.1203949372713 5.23582684026524
10.0902962029535 5.92687013019894
10.0601974686357 6.61791342013263
10.0300987343178 7.30895671006632
8.53009873431784 5.50895671006632
9.59029620295349 5.32687013019894
9.53009873431784 6.70895671006632
9.06019746863567 5.41791342013263
9.56019746863567 6.01791342013263
9.03009873431785 6.10895671006632
12.1025208894472 6.39769083308625
12.2435406670854 5.79826812481469
12.3845604447236 5.19884541654313
12.5255802223618 4.59942270827157
13.6198673548352 6.66389320214607
12.6083030445765 6.4864249561062
12.890342599853 5.28757953956307
13.1140851997059 6.57515907912614
12.7493228222148 5.88700224783463
13.2551049773441 5.97573637085457
10.8300987343178 2.50895671006631
10.6601974686357 3.01791342013262
10.4902962029535 3.52687013019893
10.3203949372713 4.03582684026524
9.7203949372713 4.03582684026524
9.29029620295348 3.52687013019893
8.86019746863566 3.01791342013262
8.43009873431783 2.50895671006631
10.2300987343178 2.50895671006632
9.89029620295349 3.52687013019893
9.03009873431784 2.50895671006632
10.0601974686357 3.01791342013263
9.46019746863567 3.01791342013263
9.63009873431785 2.50895671006632
17.1275815657133 10.1793432037477
17.845686174285 9.88450740281075
18.5637907828567 9.58967160187384
19.2818953914283 9.29483580093692
19.2818953914284 12.2948358009369
17.845686174285 10.8845074028108
19.2818953914284 10.2948358009369
18.5637907828567 11.5896716018739
18.5637907828567 10.5896716018739
19.2818953914284 11.2948358009369
8.33009873431784 3.10895671006632
9.19029620295349 4.12687013019893
8.13009873431784 4.30895671006632
8.76019746863567 3.61791342013263
8.66019746863567 4.21791342013263
8.23009873431784 3.70895671006632
19.4893275537839 8.59659852644569
18.9786551075678 8.19319705289138
18.4679826613517 7.78979557933706
17.9573102151356 7.38639410578274
17.9573102151356 6.38639410578274
18.4679826613517 5.78979557933705
18.9786551075678 5.19319705289137
19.4893275537839 4.59659852644569
19.4893275537839 7.5965985264457
18.4679826613517 6.78979557933706
19.4893275537839 5.5965985264457
18.9786551075678 7.19319705289138
18.9786551075678 6.19319705289138
19.4893275537839 6.5965985264457
12.1633787343178 4.10895671006631
11.6601574686357 4.21791342013262
11.1569362029535 4.32687013019893
10.6537149372713 4.43582684026524
11.8300587343178 3.70895671006632
10.8236162029535 3.92687013019894
11.1634187343178 2.90895671006632
11.3268374686357 3.81791342013263
10.9935174686357 3.41791342013263
11.4967387343178 3.30895671006632
14.8742249013929 8.04746312610292
15.2580379153301 8.65414209574834
15.6418509292673 9.26082106539375
16.0256639432044 9.86750003503916
15.6275815657133 10.5793432037477
14.845686174285 10.6845074028108
14.0637907828567 10.7896716018739
13.2818953914283 10.8948358009369
14.4761425239018 8.75930629481143
15.2437685517761 9.97266423410226
13.6799777689195 10.1829926322284
14.859955537839 9.36598526445685
14.4618731603478 10.0778284331653
14.0780601464106 9.47114946351994
17.2239702151356 6.38639410578274
17.0013026613517 5.78979557933705
16.7786351075678 5.19319705289137
16.5559675537839 4.59659852644569
18.7559875537839 4.59659852644569
17.7346426613517 5.78979557933706
17.2893075537839 4.59659852644569
18.2453151075678 5.19319705289138
17.5119751075678 5.19319705289138
18.0226475537839 4.59659852644569
10.5126951596331 5.0352495485368
10.8748966476771 5.52571554674206
11.237098135721 6.01618154494731
11.599299623765 6.50664754315256
10.4825964253153 5.7262928384705
11.2069994014032 6.70722483488101
10.4223989566796 7.10837941833788
10.8447979133593 6.21675883667576
10.8146991790414 6.90780212660945
10.4524976909975 6.4173361284042
13.7818953914284 11.494835800937
15.345686174285 11.2845074028108
14.7818953914284 12.6948358009369
14.5637907828567 11.3896716018739
15.0637907828567 11.9896716018739
14.2818953914284 12.094835800937
15.0816570637485 7.34922585161169
15.6729022400412 7.25766754676587
16.264147416334 7.16610924192006
16.8553925926267 7.07455093707424
17.2392056065639 7.68122990671965
17.0317734442083 8.37946718121089
16.8243412818528 9.07770445570212
16.6169091194972 9.77594173019335
15.4654700776857 7.95590482125711
16.6479604302712 7.77278821156548
16.23309610556 9.16926276054794
16.0567152539784 7.8643465164113
16.4405282679156 8.47102548605671
15.8492830916228 8.56258379090253
16.1873899312751 5.28475535773719
16.6327250388428 6.47795241062856
15.4502346862573 6.66106902032019
16.4100574850589 5.88135388418288
16.0414798625501 6.56951071547438
15.8188123087662 5.97291218902869
17.3350137280689 9.48110592925644
17.74987805278 8.08463138027398
18.7712229452122 8.89143432738262
17.5424458904245 8.78286865476522
18.2605504989961 8.4880328538283
18.0531183366406 9.18627012831953
12.0223589566796 4.70837941833788
11.7403194014032 5.907224834881
11.0159164253153 4.9262928384705
11.8813391790414 5.30780212660944
11.3781179133593 5.41675883667575
11.5191376909975 4.81733612840419
14.2999766666667 2.4
16.793322 2.08
11.6599953333333 2.08
12.3199906666667 2.16
12.979986 2.24
13.6399813333334 2.32
13.9733013333333 2.72
13.646626 3.04
13.3199506666667 3.36000000000001
12.9932753333333 3.68000000000001
11.9933153333333 2.48000000000001
13.313306 2.64000000000001
12.6599553333334 3.28000000000001
12.6533106666667 2.56000000000001
12.9866306666667 2.96000000000001
12.3266353333333 2.88000000000001
13.526662 0.480000000000001
13.7199906666667 0.960000000000002
13.9133193333333 1.44
14.106648 1.92
11.4666666666667 1.6
11.9333333333333 1.2
12.4 0.800000000000001
12.8666666666667 0.400000000000001
13.0599953333334 0.880000000000003
13.4466526666667 1.84
12.126662 1.68
13.253324 1.36
12.7866573333334 1.76
12.5933286666667 1.28
14.7066413333334 2.72
15.113306 3.04
15.5199706666667 3.36000000000001
15.9266353333333 3.68000000000001
13.7266153333334 3.68000000000001
14.379966 3.04000000000001
15.1932953333334 3.68000000000001
14.0532906666667 3.36000000000001
14.7866306666667 3.36000000000001
14.4599553333334 3.68000000000001
5.33333333333334 1.6
5.66666666666667 1.2
6.00000000000001 0.800000000000001
6.33333333333334 0.400000000000001
6.93333333333334 0.400000000000001
7.20000000000001 0.800000000000001
7.46666666666668 1.2
7.73333333333334 1.6
5.93333333333335 1.6
6.60000000000002 0.800000000000002
7.13333333333335 1.6
6.26666666666668 1.2
6.86666666666668 1.2
6.53333333333335 1.6
19.3586644 3.616
18.7173288 3.232
18.0759932 2.848
17.4346576 2.464
17.4346576 1.664
18.0759932 1.248
18.7173288 0.832000000000001
19.3586644 0.416000000000001
19.3586644 2.816
18.0759932 2.048
19.3586644 1.216
18.7173288000001 2.432
18.7173288 1.632
19.3586644 2.016
14.7986457333334 2.336
15.2973148 2.272
15.7959838666667 2.208
16.2946529333333 2.144
16.7013176 2.464
16.6093132 2.848
16.5173088 3.232
16.4253044 3.616
15.2053104 2.65600000000001
16.2026485333334 2.52800000000001
16.0186397333334 3.29600000000001
15.7039794666667 2.59200000000001
16.1106441333334 2.91200000000001
15.6119750666667 2.97600000000001
17.1586444 3.61600000000001
17.3426532 2.84800000000001
18.6253244 3.61600000000001
17.2506488 3.23200000000001
17.9839888 3.23200000000001
17.8919844 3.61600000000001
4 1.6
3 1.2
2 0.800000000000001
1 0.400000000000001
2.33333333333334 0.400000000000001
5.00000000000001 0.400000000000001
4.33333333333334 1.2
3.66666666666668 0.400000000000001
4.66666666666668 0.800000000000001
3.33333333333334 0.800000000000001
16.1013242666667 1.664
15.4093265333333 1.248
14.7173288 0.832000000000001
14.0253310666667 0.416000000000001
18.0253310666667 0.416000000000001
16.7426598666667 1.248
15.3586644 0.416000000000001
17.3839954666667 0.832000000000001
16.0506621333334 0.832000000000001
16.6919977333334 0.416000000000001
10.1333333333333 1.6
9.26666666666667 1.2
8.40000000000001 0.800000000000001
7.53333333333334 0.400000000000001
8.86666666666669 0.400000000000001
11.5333333333334 0.400000000000001
10.6 1.2
10.2 0.400000000000001
11.0666666666667 0.800000000000001
9.73333333333336 0.800000000000001
7.80000000000002 0.800000000000002
9.53333333333335 1.6
8.33333333333335 1.6
8.66666666666669 1.2
8.93333333333335 1.6
8.06666666666669 1.2
14.2186597333334 0.896000000000003
15.6026552 1.728
14.6053170666667 1.856
14.9106574666667 1.312
15.1039861333334 1.792
14.4119884 1.376
1 0.800000000000002
3 1.6
1 1.6
2 1.2
2 1.6
1 1.2
