1.1809969223206679e-6
-3.7086484372499118e-6
-5.546917756220349e-6
-6.30358302707891e-6
-5.054783617907538e-7
-2.8122668880893598e-6
-9.674369751688783e-7
-3.7732151231088806e-6
-1.4947898745992089e-6
-1.7157317959114182e-6
-4.014892703570888e-6
-3.1017591647052034e-7
-2.756681061040489e-6
-5.438641420191237e-6
-2.88417144403072e-6
-7.141666246299888e-6
1.4721691154913341e-6
-5.781215518960159e-6
-2.205197336299994e-6
-9.055924786293551e-7
-1.6626615512802673e-6
-1.0328663045330866e-5
-3.946257491969918e-6
-3.103219766860052e-6
-3.550107489279364e-6
-3.2610597848602846e-6
-4.464689348730039e-6
-3.875423314409973e-6
-9.5549446180003e-7
-2.5032964740996644e-6
8.621262825598414e-7
-5.700576836241075e-6
-2.513466722749852e-6
-4.0696313507501e-6
-3.7767297395904093e-6
-3.6499747185711473e-6
-3.4924978172604093e-6
-1.2405759795396792e-6
-4.007560559741302e-6
3.51671857050026e-7
-1.4039798604485038e-6
-1.6154647465189964e-6
-3.2825086666906506e-6
-4.407680887190055e-6
-3.2353053057397607e-6
-8.132148387306887e-7
-6.416763179001306e-7
2.1826752816204303e-6
-2.3289442300702262e-6
-3.15024878907999e-6
2.4432992309312423e-6
-3.412630291290894e-6
-3.4227322854504805e-6
-2.3021969071893716e-6
-2.4371171194886854e-6
-2.9979085569495356e-6
-2.3487823799205054e-6
2.6306470258044556e-7
-2.9259506079907377e-6
1.5972682503202773e-6
5.0250211999954e-7
-2.4845104079802838e-6
