-4.6797766221993303e-7
-3.1213001789980044e-7
5.405478189501878e-7
-1.11491808574022e-6
-6.921704747038515e-8
-5.481487273979735e-8
6.344919282206055e-7
-5.17884172330195e-7
-1.8919346717102131e-6
1.0160908488600698e-6
1.3728560257202788e-6
-1.2170030038935464e-7
4.7663612906968106e-7
-2.8145998263798266e-6
-5.928825424000514e-7
3.294796137700076e-7
5.954402400830394e-9
-2.8308121552906088e-6
5.757834086001987e-7
1.628976413719889e-6
-1.0280500001907597e-6
-1.6433425666963208e-7
1.0594749878019977e-7
-1.528061374570129e-6
-5.389290484505982e-7
2.7338659182047503e-7
3.135665783207675e-7
-3.254723288095493e-7
-3.002427191997267e-7
-6.796208063602691e-7
6.766254082198053e-7
1.0098865548067298e-7
-1.5087968467499338e-6
-1.899203767898039e-7
6.515552463193588e-7
1.8933163952695661e-6
-2.3824322340978976e-7
-1.2252940756202896e-6
2.4625881609938172e-8
-2.973232126196601e-7
1.5447917824599339e-6
-8.800758339398002e-7
1.1169687547706378e-6
-1.151113598279671e-6
1.657890529600109e-7
9.46010066130154e-7
2.54063487815058e-6
3.29881007469536e-7
3.941958076495236e-7
1.6794290868902412e-6
6.556069344397855e-7
-1.6362865938104876e-6
-3.082900754403095e-7
1.9774452335898085e-6
-3.8151656624012265e-7
6.678859632005749e-7
-7.350647914300054e-7
-1.0221602987983691e-7
3.0410091419845464e-8
-1.294663054120064e-6
-9.399188396694291e-7
-1.1382545856593318e-6
6.256237077804927e-7
-4.884140724449593e-6
2.4863838643997965e-6
9.684028785036242e-8
7.860725762592544e-7
-2.8921644349196723e-6
1.2443127001297502e-6
1.5615999997397462e-6
-1.0376810940029846e-8
-4.66251312240297e-7
