3.8602205933819904e-5
3.609247722831041e-5
3.6429201385620134e-5
3.8901528145260204e-5
4.070872287173944e-5
4.086282814004007e-5
3.775888598511051e-5
3.704023862557016e-5
4.092028014267973e-5
3.6751825193410796e-5
2.6676990931499833e-5
3.0307613447170048e-5
4.0535019075849804e-5
3.413036372797943e-5
3.9616758462239325e-5
3.9244014653830143e-5
3.596425999841026e-5
3.983153632871987e-5
3.6379262793150534e-5
3.5646694055259734e-5
4.048562010909931e-5
3.6464582996510383e-5
3.818839231119024e-5
3.8510558597400386e-5
3.7505437512470007e-5
4.126012140969002e-5
4.019709205069048e-5
3.9668989132390226e-5
3.850344960331948e-5
3.624499598181997e-5
3.56996328510599e-5
3.865507679770997e-5
4.011289411253935e-5
3.922101161147988e-5
3.6042247608490154e-5
3.885390115380017e-5
3.6761539460599194e-5
3.381632948165972e-5
4.0450293146259905e-5
3.474122904282943e-5
3.826141864581023e-5
3.487062243774999e-5
3.5205628669520046e-5
2.95332025653898e-5
2.8678136261920013e-5
3.93798981910597e-5
3.462373940362005e-5
3.7995343248700165e-5
3.632912509661003e-5
4.0052969041969554e-5
3.875020944816947e-5
3.7020248813890086e-5
3.69303707765398e-5
3.380875734272995e-5
3.275822598714992e-5
3.655233662006995e-5
3.663591925054995e-5
3.7852462636290066e-5
3.526520258997044e-5
3.783262981592924e-5
3.814159202311998e-5
4.009372318418067e-5
3.956561778156037e-5
3.744066282555022e-5
3.307136501936019e-5
3.651031827861962e-5
3.956666536916991e-5
3.4341829153400685e-5
3.818549789408061e-5
3.741860450582994e-5
3.510457869974025e-5
3.271706233180967e-5
3.585717887114037e-5
2.7053600647859548e-5
3.5189437841600356e-5
3.596111360408029e-5
3.649837470520983e-5
4.0395780064500335e-5
3.607246243285053e-5
3.549944409771046e-5
4.0005419573860106e-5
3.2911625114990205e-5
3.462239634789005e-5
4.095789651120934e-5
3.765948439810041e-5
3.698328587164058e-5
3.6839698132259784e-5
3.559737919914003e-5
3.803398754055002e-5
4.076739884243969e-5
3.9975164024720275e-5
3.970461373951038e-5
3.989729834041021e-5
3.5131416216649565e-5
3.322286651612997e-5
3.327151540772049e-5
3.813401410302994e-5
4.0571682453439777e-5
3.997657113434007e-5
3.4547919099510264e-5
3.735982323685005e-5
3.9535596153440246e-5
3.832908599695015e-5
3.853109440105952e-5
3.7510934609469825e-5
3.879524226698024e-5
3.7883566316330476e-5
3.6075979374280455e-5
3.526613455634951e-5
3.6014482536430095e-5
3.670178254258031e-5
3.515323935452969e-5
3.2257993851529665e-5
3.7024714818949776e-5
3.9246482477119614e-5
3.68635534699303e-5
3.830580687374987e-5
3.4533390166970566e-5
3.796093986572959e-5
3.8254642943429985e-5
3.590262000716018e-5
3.501873061540015e-5
3.8359352576319665e-5
3.3360738741190256e-5
4.0351869842030104e-5
4.001932569670016e-5
3.940226621569967e-5
3.574106076778983e-5
3.5064806043490215e-5
3.362565043262943e-5
3.359242283600995e-5
3.876315841412018e-5
3.3758444560980094e-5
3.869139698188008e-5
4.020834295377987e-5
3.932331895295082e-5
3.436537663524964e-5
3.8886626803799965e-5
3.726852343684944e-5
3.5719172950309484e-5
3.598806520912004e-5
3.208986051731009e-5
4.1250436082580257e-5
3.669214330007976e-5
3.862827969075989e-5
3.92288312095904e-5
3.7769984535820054e-5
3.4333082848100015e-5
3.985300408587949e-5
3.5661523019039736e-5
3.842308789107039e-5
3.80662528815098e-5
3.806865696782003e-5
3.8315182107570046e-5
3.854708193334021e-5
3.1704508101020046e-5
4.019305713856992e-5
3.512184613727043e-5
3.75264497862399e-5
3.396506140311995e-5
3.8283716601369457e-5
3.143910618747057e-5
3.855912521153956e-5
3.8409439650320155e-5
3.611930189584972e-5
3.3637749040619884e-5
3.864962795805012e-5
4.0441508842649875e-5
3.98553129701603e-5
3.6055105557050195e-5
3.882050593783e-5
3.578876883029991e-5
3.112247878801072e-5
3.8920580704890004e-5
3.7773477160250174e-5
3.951698179575046e-5
3.385600783412015e-5
3.930573496165046e-5
4.002497978897006e-5
3.562258045998988e-5
3.840310625273947e-5
4.1165035365040015e-5
3.478028993857043e-5
3.604319176075e-5
3.908152041667053e-5
3.731900848466009e-5
3.8910982678180654e-5
3.3429655487250166e-5
3.736070968267998e-5
3.310724512281017e-5
3.816765941058037e-5
3.997493061480995e-5
3.4279806976359774e-5
3.485553417750028e-5
3.5008397864439746e-5
3.785013772664939e-5
3.6805620670520185e-5
3.693759193197036e-5
3.490184675809024e-5
4.0369986372900193e-5
4.088369617958991e-5
3.621624998322026e-5
3.4562356677630274e-5
3.631940961784999e-5
4.0419786099130106e-5
3.241200528937994e-5
3.530710845776972e-5
3.0911581882719745e-5
3.645448718612998e-5
3.473746308213944e-5
3.6973390895290136e-5
3.50755537945396e-5
4.024616658080977e-5
3.8749686802549976e-5
3.4982134697749724e-5
3.390323327085061e-5
3.795712075023005e-5
3.625268755911952e-5
3.7571631522259966e-5
3.800234645045045e-5
3.8440912014330204e-5
3.710047965246009e-5
4.011461494273991e-5
2.676878598351952e-5
3.782771344883976e-5
3.4367367445550107e-5
3.597047607050048e-5
3.277963767004972e-5
3.617190596230061e-5
3.733887405089984e-5
3.748808143642056e-5
4.07708046474102e-5
3.8927208005379646e-5
3.907430734215005e-5
3.117959499691035e-5
3.565229757509971e-5
3.55028932368601e-5
4.068826299243999e-5
3.444880162113001e-5
4.027953802028007e-5
3.772050504602994e-5
3.6932851695660115e-5
3.920899308232015e-5
3.445501129027001e-5
3.668372702659e-5
3.052600957371022e-5
3.3482510669169754e-5
3.597726832405956e-5
4.01218328084799e-5
3.981967068063946e-5
4.0079149370680044e-5
4.0333643042860315e-5
3.506501893334006e-5
3.873713654202991e-5
3.5902600767549406e-5
4.008305004764984e-5
3.484861196300076e-5
3.943169712712982e-5
3.9196321068440086e-5
4.015114563031986e-5
3.469636661904054e-5
2.7828252462019747e-5
3.8563560326980266e-5
3.7356199779349855e-5
3.117738482241034e-5
3.738634704181926e-5
3.3011810483420286e-5
3.8446290734930194e-5
3.859250500220981e-5
3.819612363659044e-5
3.425812165191999e-5
3.518210829998956e-5
3.6204654382749994e-5
3.0007059051130602e-5
3.6803343795959766e-5
3.7293722686109615e-5
3.4642617832350044e-5
3.619042907855065e-5
3.654274589218968e-5
3.8418188656569666e-5
3.5999474675270544e-5
3.79421097194705e-5
3.6762576598359416e-5
3.2549370238449914e-5
3.548952711369003e-5
4.0217223588680066e-5
3.563082691987983e-5
3.30464017707895e-5
4.023205078881962e-5
3.567844743089955e-5
3.800042749595948e-5
3.602504289124987e-5
3.843480127887003e-5
3.679339022991026e-5
3.592195734314005e-5
3.99726378172505e-5
3.761655018627054e-5
3.890927911988015e-5
3.81559127074502e-5
4.0187182592769585e-5
3.6608323358890485e-5
4.025994556294994e-5
3.5033333343609946e-5
3.75122196380499e-5
3.8222545758359594e-5
3.799680553008035e-5
3.903394464894062e-5
3.3205196402030616e-5
4.001688079281057e-5
3.5992659431229555e-5
3.693598293694981e-5
3.2626712732049604e-5
3.321557027032018e-5
3.8013397435250444e-5
3.460873248439019e-5
3.731346970748013e-5
3.4068034369129883e-5
3.021243136073961e-5
3.523788874018e-5
4.041111300638004e-5
3.707881634877966e-5
3.658181994378989e-5
3.792313295068999e-5
3.615498587346017e-5
3.991679566449011e-5
3.583567045836039e-5
3.8574021743600397e-5
3.697976114240033e-5
3.7002728486899665e-5
3.8241682089539854e-5
3.7391952599960185e-5
3.6050485236169966e-5
3.5955573327590105e-5
4.0023973987869665e-5
3.6600447226010045e-5
3.561382390893011e-5
3.5058879691609625e-5
3.5116458698069945e-5
3.657371911449953e-5
3.56530801667301e-5
3.3464574769530124e-5
3.64264188911995e-5
3.661932284582028e-5
3.886158520924072e-5
3.509858072345013e-5
4.123096328320034e-5
3.689590083255038e-5
3.795881612090029e-5
3.681035901000919e-5
3.4817814308779615e-5
3.8527071806120083e-5
3.6310320927510596e-5
3.6209342376529625e-5
3.7768844550390215e-5
3.3794587296110366e-5
3.375505045096969e-5
3.4919457391060366e-5
3.878409891432035e-5
3.482565393075985e-5
3.772094236639996e-5
3.9511836963169664e-5
4.0004374443259987e-5
3.595947269306038e-5
3.7724787169690806e-5
3.8182896014470405e-5
3.397718824029068e-5
3.0111875074739433e-5
3.460358674386033e-5
3.73855486777196e-5
3.726936056029032e-5
3.877291715437964e-5
3.912984459420073e-5
3.713202548327049e-5
3.75954065045302e-5
3.6847245569709974e-5
2.7660230426710362e-5
3.790849544665041e-5
3.720062315464012e-5
3.8068816179189814e-5
3.6135501010550394e-5
3.978774759022009e-5
2.926318346289057e-5
3.958447220776991e-5
3.6598017678620386e-5
3.905601346090078e-5
3.8614074289650135e-5
3.988032320596975e-5
4.1289075413290105e-5
4.0862832593540135e-5
3.1084753459410114e-5
3.982509931127996e-5
3.9891989374199986e-5
2.9636666324560183e-5
3.230658062958018e-5
3.4451033842909824e-5
3.0840398442260816e-5
3.7234581845279995e-5
4.042082631833949e-5
3.817936290936071e-5
3.687506735040955e-5
3.947267890002954e-5
4.04073136446902e-5
3.825987072214078e-5
3.683707823898003e-5
3.43944692824099e-5
3.633402590874982e-5
3.96122258975104e-5
3.976599631092068e-5
3.65774625123395e-5
4.0185445057319864e-5
3.842586669895037e-5
3.4591972021889676e-5
2.9394029600080494e-5
3.812597964718018e-5
3.341269015108995e-5
3.538551516554019e-5
3.5750178234000667e-5
3.864071383940029e-5
3.8610632189800195e-5
3.288823810134074e-5
3.731765937016983e-5
3.174224951459949e-5
3.673626740804004e-5
3.840654035276031e-5
3.324734248706055e-5
3.625461860202062e-5
3.651129930162984e-5
3.6121122369639665e-5
3.2854051509260095e-5
3.438745143388971e-5
3.703032422392068e-5
3.516697282860987e-5
3.672443408241077e-5
4.0019994423300294e-5
3.84017301403106e-5
3.828801024219081e-5
3.6989786624979856e-5
3.833978005979028e-5
4.0905201676330084e-5
2.9068224582039746e-5
3.54405277835498e-5
3.625477569524967e-5
3.509490554633003e-5
3.709229626970047e-5
3.351863725740024e-5
3.4063655498440225e-5
3.784167810564048e-5
3.64252260852899e-5
4.011957274457044e-5
3.937239945208965e-5
3.4592781629069584e-5
3.8804722532119994e-5
3.821055451116995e-5
3.340486853424009e-5
4.054560040337059e-5
3.392239088162007e-5
3.695844339722011e-5
3.904920051425991e-5
3.47612309822198e-5
3.8646060538359735e-5
3.752871519614037e-5
3.710953126857992e-5
3.8884734820620465e-5
3.664851894919028e-5
3.1707433990369426e-5
4.032983761232973e-5
3.739593657257987e-5
3.692524664578988e-5
3.327590307789993e-5
3.22304102016004e-5
3.717707472795061e-5
3.604858022219007e-5
3.8342244541729985e-5
3.558976699415042e-5
3.1575987642670604e-5
2.7449885028190193e-5
4.026510083252055e-5
3.633763881791003e-5
3.989457215725946e-5
4.044688149869996e-5
3.3122392122900135e-5
3.501141962592921e-5
4.0837772623760274e-5
3.922880430849013e-5
3.743533218512982e-5
4.02454549054505e-5
4.0453706047320626e-5
3.596140493677957e-5
3.5025644671709405e-5
3.043241658570988e-5
3.837446442161042e-5
3.357339518060033e-5
3.7288134971550334e-5
3.6933800500779657e-5
3.804565552959025e-5
3.872111997100993e-5
3.819896840243954e-5
3.720615911549999e-5
3.844690206756922e-5
3.61774823292799e-5
4.009220062959999e-5
3.5159551647480185e-5
3.5975751222079924e-5
3.654665380754037e-5
3.5530846163739534e-5
3.1435012974929954e-5
3.634386000321999e-5
4.1494938484380045e-5
3.785075629096982e-5
3.842860141685996e-5
3.9310698434489796e-5
3.875625629437031e-5
3.4950316025570034e-5
3.387602853850962e-5
3.479692478733972e-5
3.870851256829958e-5
3.741639552192009e-5
3.420261563609039e-5
3.103745288132991e-5
3.834530860584006e-5
3.45982181665502e-5
3.678297409880939e-5
3.72765733756596e-5
3.51769156037296e-5
3.789649321307969e-5
3.553206702646989e-5
3.6929910293269363e-5
3.22059042463501e-5
3.750835691865035e-5
3.923123224178985e-5
3.839062842649933e-5
3.517418059820025e-5
3.15335392330196e-5
3.852974507136987e-5
3.127376192112001e-5
3.4438673401479894e-5
3.2099816542970235e-5
3.828642698193007e-5
3.961160238309929e-5
3.7184435862399993e-5
3.945865242855045e-5
3.978049209881016e-5
3.6672764491939985e-5
4.079116354144003e-5
3.661806988098943e-5
3.836488174839038e-5
3.6370297700549954e-5
4.022750921013965e-5
3.7859091941669885e-5
3.972088556585939e-5
3.352141166850994e-5
3.8895879580129814e-5
3.8500213572979954e-5
3.901686596820969e-5
4.019963191289992e-5
3.83388555942497e-5
3.826758879929993e-5
3.50154935768697e-5
3.52568375019003e-5
3.1543912006399416e-5
3.959855941405941e-5
3.1743527139370224e-5
3.615166568342928e-5
3.7699808874580576e-5
3.281704850221015e-5
3.874159707344029e-5
3.6449901623859804e-5
3.6590932425020414e-5
4.038342015118008e-5
3.765985463608044e-5
3.592745729049957e-5
3.684867298233037e-5
3.752421699786991e-5
3.203697809788051e-5
3.78446585394699e-5
3.494327073397946e-5
3.0573415059490135e-5
3.62537696725505e-5
3.7580140885299686e-5
3.568414687064002e-5
3.927611585337939e-5
3.250546408396955e-5
3.8011185558120206e-5
3.2268943016279875e-5
3.177366816036961e-5
3.623435089016979e-5
3.5586083508390084e-5
3.608599401489984e-5
3.26821674967899e-5
3.598622876416994e-5
3.7314651413990554e-5
3.8536718001689826e-5
3.3387356406199865e-5
3.5020061184599244e-5
4.01188172768803e-5
3.8743885865799924e-5
3.792720298739956e-5
3.897929403959017e-5
3.8348440920130816e-5
3.4854935357639394e-5
3.875219460515965e-5
3.932371024180023e-5
3.7620001342330255e-5
4.0660796641819874e-5
3.594979468099068e-5
3.4180184883690796e-5
3.217031218701993e-5
4.0096966979980345e-5
3.8197004293459916e-5
3.734144561144941e-5
3.664598911485e-5
4.059838026198963e-5
3.840441081891938e-5
3.629509003828021e-5
4.013967905706992e-5
3.927019496870968e-5
3.6429325639639534e-5
3.762879958785041e-5
3.852379481771029e-5
3.4641622679170564e-5
4.026435223674924e-5
4.020184838160988e-5
3.061396997557e-5
3.9242376238590726e-5
3.598867364935053e-5
3.449783878523016e-5
3.975619776265017e-5
4.017758042992956e-5
3.7062419310250616e-5
3.9395789792799965e-5
3.390895261550994e-5
3.858686429563003e-5
4.0022319094559604e-5
3.5924641290260156e-5
3.321479308119029e-5
3.83641352711692e-5
3.9269799736789575e-5
3.725848189506994e-5
3.5474041333790306e-5
3.5381065715820066e-5
3.7694534542230367e-5
3.883922643038978e-5
4.073800730343066e-5
3.704971746839019e-5
3.632355853991007e-5
3.544422731032934e-5
3.463107196570014e-5
3.6015779803660365e-5
3.9741152162100016e-5
3.9478090807330314e-5
3.1815219210330585e-5
3.274887516891041e-5
3.7442881060630213e-5
3.770775379087921e-5
3.530810295324007e-5
3.0982845462060316e-5
3.7891888450369664e-5
3.489950132509051e-5
3.762299670557936e-5
3.868560398067027e-5
3.5476448557490194e-5
3.705101512045932e-5
3.574395461147014e-5
3.5480381748359546e-5
3.235900456846023e-5
4.06184043089796e-5
3.0421996747920406e-5
3.300668555059061e-5
3.5574158266720064e-5
3.7425425399449826e-5
3.60776619663496e-5
3.425848715105963e-5
4.0604793889069575e-5
3.979982677115943e-5
3.671334742318035e-5
3.606028372611994e-5
4.062505621480004e-5
3.64242771846799e-5
3.923194140534932e-5
3.4572143247440026e-5
3.911277559605006e-5
3.874274773616945e-5
3.729702263711998e-5
3.448816265002024e-5
3.737973031254019e-5
3.69300046393602e-5
4.024008376019017e-5
3.7241471152030074e-5
3.893161623436982e-5
3.902413115901022e-5
3.964529923345013e-5
4.057023934733988e-5
3.700050860733998e-5
3.4363755478389844e-5
3.3769197918869995e-5
3.910245185786976e-5
3.551604681607985e-5
3.107700313424982e-5
3.9678262966940346e-5
3.5110143790759336e-5
3.180349572113033e-5
3.798427884855061e-5
3.695435003316962e-5
2.6421781355990756e-5
3.548822609972073e-5
3.852736191542992e-5
3.296189718639004e-5
3.6518504038930526e-5
3.8846544253989465e-5
3.4312698014659845e-5
4.045924305472008e-5
3.540222549211058e-5
3.427322922233949e-5
2.7821201960430073e-5
3.6018050868999625e-5
3.582669373373981e-5
4.0177736376200215e-5
3.839682065504956e-5
3.800366231553054e-5
3.786874759620015e-5
4.04031272771806e-5
3.894556786847043e-5
3.557546521998009e-5
3.8427932897920104e-5
3.879930787639013e-5
3.728230488023957e-5
4.061177416454006e-5
3.628198269084969e-5
3.961499897483026e-5
3.530376465498992e-5
3.718574806660987e-5
3.5375538339859486e-5
3.932773558108001e-5
3.5647557497469826e-5
3.543246385446976e-5
3.6260485515499964e-5
3.875343620965942e-5
3.785094141089962e-5
3.6096771340189855e-5
3.9715886482349395e-5
3.57008770523002e-5
3.825894519552016e-5
4.056519802418928e-5
4.016332364209941e-5
4.0610135142450134e-5
3.702204679187967e-5
4.073396316220997e-5
3.422340180417056e-5
3.346827220263981e-5
3.649607913995979e-5
3.3622526115090375e-5
3.870721388406044e-5
3.564063261323001e-5
3.573072833557012e-5
3.704885501517978e-5
3.6056429285049804e-5
3.730873448219013e-5
3.951532375704933e-5
3.696638210305952e-5
3.616628063621025e-5
3.654815696874959e-5
3.781366774421001e-5
3.726378081990011e-5
3.4359631172650035e-5
3.543696398352041e-5
3.7751810715939624e-5
3.671902322855986e-5
3.9503804598529924e-5
4.0264526108629677e-5
3.9716285217520145e-5
3.404186001247037e-5
3.522850243888997e-5
3.804937072224984e-5
3.1644692079729406e-5
3.525633308104018e-5
3.8556411720189546e-5
3.78129306329196e-5
3.8860060302579706e-5
3.560109598690041e-5
3.9158357842589836e-5
3.4183160772850024e-5
3.865433369231938e-5
3.530355993774936e-5
3.8884333018690195e-5
3.6288962529149905e-5
3.741661266125004e-5
3.6083012295169345e-5
3.785103265347995e-5
3.8419909422739845e-5
3.85055333924e-5
3.830829584103995e-5
3.4848822389590105e-5
3.742193372545041e-5
3.694861290519987e-5
2.7239361071929383e-5
3.429580602746021e-5
3.232325718561992e-5
3.846361143727047e-5
3.8565583738390044e-5
3.8325151793059536e-5
3.8247827914139956e-5
3.686552123753975e-5
3.0361262476250386e-5
3.916657668963982e-5
3.960722798648005e-5
3.980970280724038e-5
3.818968061080046e-5
4.070170249491009e-5
3.592905914356036e-5
3.654865670876979e-5
3.6074802364780174e-5
3.3880712886440005e-5
3.973223658584966e-5
3.894631412187932e-5
3.303050244218061e-5
3.910799175816954e-5
3.4982122560760394e-5
3.584885473296995e-5
4.044449849525955e-5
4.0139811813219746e-5
3.875428947241067e-5
3.637775270877008e-5
4.078191922114033e-5
3.741036729652987e-5
3.6952458107819726e-5
3.510753873389987e-5
3.509149652844001e-5
4.0010809923400094e-5
3.795158108337981e-5
3.123545177912031e-5
3.514097440134034e-5
3.3722896527769476e-5
3.3945540143230125e-5
4.1146412580390576e-5
3.714362946806004e-5
3.86850025796805e-5
3.370863455472942e-5
2.818971373204967e-5
3.3996094429970466e-5
4.0617170279750106e-5
3.812645408172045e-5
3.833282725964997e-5
3.80508486849708e-5
3.521599894277996e-5
3.876586421887058e-5
3.784359254583019e-5
3.8506516063089614e-5
3.499120949021061e-5
3.8637361136480315e-5
4.0708208313410335e-5
3.52391926334095e-5
3.870329965582984e-5
3.94155304312702e-5
3.522274879748984e-5
3.4737506106239345e-5
3.391038550337993e-5
3.787932880063016e-5
3.758009765609041e-5
3.016759407103043e-5
3.709897320460995e-5
3.575912364986965e-5
4.042389543156954e-5
3.744697123372019e-5
3.774097293073996e-5
3.344677790182056e-5
3.514113000119973e-5
3.462835962394963e-5
3.991914480031e-5
3.535488841244043e-5
3.7111513024369776e-5
3.9637343324669394e-5
3.8169019399649645e-5
3.84562812305797e-5
3.923910017891979e-5
4.0590664073930464e-5
3.588873311151982e-5
3.922673025763979e-5
3.505261221704945e-5
3.540742936386943e-5
3.7253480516270115e-5
3.386405162606951e-5
3.32470232314204e-5
4.116655845890025e-5
4.0225547322950486e-5
3.831925610770035e-5
4.0219971483629845e-5
3.393007233049982e-5
3.40371335359e-5
3.559848507961056e-5
3.765953202402965e-5
3.799266960703013e-5
3.708223048943995e-5
3.693895087239062e-5
3.716601637783045e-5
3.745749525060037e-5
3.684838028533005e-5
3.9500398296400674e-5
3.8830381004969876e-5
4.0312707033299776e-5
3.800721674201025e-5
3.4390088596219365e-5
3.590920485616999e-5
3.5066981567520236e-5
2.7526022919579368e-5
3.9483002835910205e-5
3.886200527724974e-5
3.7146900588629767e-5
3.681502511519025e-5
3.811558961641995e-5
3.6917644642539896e-5
3.550212855250954e-5
3.535633609661002e-5
3.1736430639210146e-5
3.617653889084055e-5
4.0661363770839835e-5
3.7811278675519734e-5
