1 0 0 0
2 0 2 0
3 0 1.77777777777775 0
4 0 1.55555555555552 0
5 0 1.3333333333333 0
6 0 1.11111111111108 0
7 0 0.888888888888861 0
8 0 0.666666666666642 0
9 0 0.444444444444421 0
10 0 0.222222222222201 0
11 0.55555555555549 1.11111111111104 0
12 0.55555555555549 1.33333333333326 0
13 0.55555555555549 0.888888888888826 0
14 0.555555555555492 1.55555555555548 0
15 0.555555555555492 0.66666666666661 0
16 0.555555555555493 0.444444444444393 0
17 0.555555555555493 1.7777777777777 0
18 0.555555555555502 1.99999999999995 0
19 0.555555555555502 0.222222222222201 0
20 0.740740740740568 0 0
21 1.11111111111103 1.33333333333325 0
22 1.11111111111103 1.11111111111103 0
23 1.11111111111103 0.888888888888821 0
24 1.11111111111103 1.55555555555547 0
25 1.11111111111104 0.666666666666605 0
26 1.11111111111104 1.77777777777769 0
27 1.11111111111105 1.99999999999994 0
28 1.11111111111105 0.444444444444421 0
29 1.29629629629605 0.222222222222198 0
30 1.48148148148133 0 0
31 1.66666666666657 1.33333333333325 0
32 1.66666666666657 1.11111111111103 0
33 1.66666666666657 1.55555555555547 0
34 1.66666666666658 0.888888888888818 0
35 1.66666666666658 1.77777777777769 0
36 1.66666666666661 1.99999999999994 0
37 1.66666666666661 0.666666666666642 0
38 1.8518518518516 0.444444444444414 0
39 2.0370370370368 0.222222222222197 0
40 2.22222222222206 0 0
41 2.22222222222211 1.33333333333324 0
42 2.22222222222211 1.55555555555546 0
43 2.22222222222212 1.11111111111103 0
44 2.22222222222212 1.77777777777768 0
45 2.22222222222215 1.99999999999993 0
46 2.22222222222215 0.888888888888861 0
47 2.40740740740714 0.666666666666631 0
48 2.59259259259234 0.444444444444413 0
49 2.77777777777752 0.222222222222197 0
50 2.77777777777765 1.33333333333324 0
51 2.77777777777765 1.77777777777767 0
52 2.77777777777766 1.55555555555546 0
53 2.7777777777777 1.99999999999992 0
54 2.7777777777777 1.11111111111108 0
55 2.96296296296268 0.888888888888846 0
56 2.96296296296281 0 0
57 3.14814814814788 0.666666666666629 0
58 3.33333333333306 0.444444444444411 0
59 3.3333333333332 1.55555555555546 0
60 3.3333333333332 1.77777777777768 0
61 3.33333333333325 1.99999999999992 0
62 3.33333333333325 1.3333333333333 0
63 3.51851851851821 1.11111111111106 0
64 3.51851851851827 0.222222222222196 0
65 3.70370370370341 0.888888888888845 0
66 3.70370370370356 0 0
67 3.8888888888886 0.666666666666627 0
68 3.88888888888876 1.77777777777768 0
69 3.88888888888881 1.99999999999992 0
70 3.88888888888881 1.55555555555552 0
71 4.07407407407377 1.33333333333328 0
72 4.0740740740738 0.444444444444411 0
73 4.25925925925896 1.11111111111106 0
74 4.25925925925901 0.222222222222197 0
75 4.44444444444414 0.888888888888845 0
76 4.44444444444432 0 0
77 4.44444444444437 1.99999999999992 0
78 4.44444444444437 1.77777777777775 0
79 4.62962962962932 1.5555555555555 0
80 4.62962962962935 0.666666666666629 0
81 4.81481481481451 1.33333333333328 0
82 4.81481481481455 0.444444444444413 0
83 4.99999999999969 1.11111111111106 0
84 4.99999999999977 0.222222222222197 0
85 5 2 0
86 5.18518518518489 0.888888888888846 0
87 5.18518518518495 1.77777777777775 0
88 5.18518518518508 0 0
89 5.27777777777763 2.33333333333325 0
90 5.33333333333318 1.99999999999995 0
91 5.3703703703701 0.666666666666631 0
92 5.37037037037014 1.55555555555552 0
93 5.51851851851812 1.7777777777777 0
94 5.55555555555531 1.3333333333333 0
95 5.55555555555531 0.444444444444414 0
96 5.55555555555539 2.66666666666658 0
97 5.61111111111079 2.33333333333319 0
98 5.6666666666665 1.99999999999994 0
99 5.70370370370328 1.55555555555547 0
100 5.74074074074051 1.11111111111108 0
101 5.74074074074052 0.222222222222198 0
102 5.83333333333315 2.9999999999999 0
103 5.85185185185144 1.77777777777769 0
104 5.88888888888844 1.33333333333325 0
105 5.88888888888854 2.66666666666651 0
106 5.92592592592571 0.888888888888861 0
107 5.92592592592584 0 0
108 5.94444444444408 2.33333333333317 0
109 5.99999999999981 1.99999999999994 0
110 6.0370370370366 1.55555555555547 0
111 6.07407407407362 1.11111111111103 0
112 6.1111111111109 3.33333333333322 0
113 6.11111111111092 0.666666666666642 0
114 6.16666666666629 2.99999999999983 0
115 6.18518518518475 1.77777777777769 0
116 6.22222222222176 1.33333333333324 0
117 6.22222222222183 2.66666666666649 0
118 6.2592592592588 0.888888888888808 0
119 6.27777777777736 2.33333333333315 0
120 6.29629629629613 0.444444444444421 0
121 6.33333333333312 1.99999999999993 0
122 6.37037037036991 1.55555555555546 0
123 6.38888888888865 3.66666666666654 0
124 6.40740740740694 1.11111111111102 0
125 6.444444444444 0.666666666666587 0
126 6.44444444444404 3.33333333333314 0
127 6.48148148148134 0.222222222222201 0
128 6.49999999999956 2.9999999999998 0
129 6.51851851851807 1.77777777777768 0
130 6.55555555555507 1.33333333333324 0
131 6.55555555555511 2.66666666666647 0
132 6.59259259259214 0.888888888888805 0
133 6.61111111111065 2.33333333333313 0
134 6.6296296296292 0.444444444444367 0
135 6.66666666666641 3.99999999999986 0
136 6.66666666666642 1.99999999999992 0
137 6.66666666666667 0 0
138 6.70370370370324 1.55555555555545 0
139 6.72222222222179 3.66666666666646 0
140 6.74074074074026 1.11111111111102 0
141 6.77777777777732 3.33333333333312 0
142 6.77777777777733 0.666666666666586 0
143 6.81481481481451 0.222222222222171 0
144 6.83333333333285 2.99999999999978 0
145 6.8518518518514 1.77777777777767 0
146 6.8888888888884 2.66666666666645 0
147 6.88888888888842 1.33333333333323 0
148 6.92592592592545 0.888888888888798 0
149 6.94444444444394 2.33333333333312 0
150 6.94444444444421 4.33333333333321 0
151 6.96296296296268 0.4444444444444 0
152 6.99999999999958 3.9999999999998 0
153 6.99999999999974 1.99999999999992 0
154 7.03703703703659 1.55555555555546 0
155 7.05555555555511 3.66666666666645 0
156 7.07407407407361 1.11111111111102 0
157 7.11111111111063 3.33333333333311 0
158 7.1111111111108 0.666666666666618 0
159 7.14814814814795 0.222222222222201 0
160 7.16666666666616 2.99999999999977 0
161 7.18518518518475 1.77777777777768 0
162 7.22222222222172 2.66666666666645 0
163 7.22222222222177 1.33333333333323 0
164 7.22222222222199 4.66666666666654 0
165 7.25925925925897 0.888888888888841 0
166 7.27777777777726 2.33333333333311 0
167 7.27777777777736 4.33333333333313 0
168 7.29629629629578 0.444444444444367 0
169 7.33333333333288 3.99999999999978 0
170 7.33333333333309 1.99999999999992 0
171 7.37037037036994 1.55555555555546 0
172 7.3888888888884 3.66666666666644 0
173 7.40740740740697 0 0
174 7.40740740740715 1.11111111111107 0
175 7.44444444444393 3.3333333333331 0
176 7.44444444444393 0.666666666666591 0
177 7.49999999999946 2.99999999999976 0
178 7.5 5 0
179 7.51851851851811 1.77777777777768 0
180 7.55555555555503 2.66666666666644 0
181 7.55555555555532 1.3333333333333 0
182 7.55555555555538 4.66666666666658 0
183 7.59259259259206 0.888888888888806 0
184 7.61111111111058 2.33333333333311 0
185 7.6111111111109 4.33333333333323 0
186 7.62962962962939 0.444444444444421 0
187 7.66666666666643 3.99999999999988 0
188 7.66666666666643 1.99999999999992 0
189 7.7037037037035 1.55555555555552 0
190 7.72222222222195 3.66666666666653 0
191 7.74074074074023 1.11111111111103 0
192 7.77777777777722 0.666666666666582 0
193 7.77777777777747 3.33333333333319 0
194 7.77777777777757 5.33333333333318 0
195 7.79449929684287 4.94942039448109 0
196 7.83333333333301 2.99999999999984 0
197 7.85005485239824 4.61608706114768 0
198 7.85185185185168 1.77777777777775 0
199 7.88888888888823 0.222222222222198 0
200 7.88888888888841 1.33333333333325 0
201 7.8888888888886 2.66666666666652 0
202 7.90561040795378 4.28275372781434 0
203 7.92592592592537 0.888888888888805 0
204 7.94444444444414 2.33333333333318 0
205 7.96116596350932 3.94942039448101 0
206 8 2 0
207 8.01672151906487 3.61608706114767 0
208 8.03703703703659 1.55555555555548 0
209 8.05555555555532 5.66666666666649 0
210 8.07227707462043 5.28275372781427 0
211 8.07227707462043 3.28275372781435 0
212 8.07407407407349 1.11111111111102 0
213 8.08899859368612 4.89884078896238 0
214 8.11111111111085 0.666666666666642 0
215 8.12783263017602 2.94942039448104 0
216 8.14455414924145 4.56550745562896 0
217 8.14814814814775 0 0
218 8.1833881857316 2.61608706114771 0
219 8.18518518518477 1.77777777777771 0
220 8.200109704797 4.23217412229562 0
221 8.22222222222167 1.33333333333324 0
222 8.23894374128747 2.28275372781454 0
223 8.25566526035253 3.89884078896229 0
224 8.25925925925867 0.888888888888799 0
225 8.31122081590809 3.56550745562896 0
226 8.33333333333307 5.99999999999981 0
227 8.33333333333312 1.99999999999995 0
228 8.35005485239818 5.61608706114758 0
229 8.36677637146364 5.23217412229553 0
230 8.36677637146368 3.23217412229565 0
231 8.37037037036966 0.444444444444414 0
232 8.37037037036986 1.55555555555547 0
233 8.38349789052932 4.84826118344365 0
234 8.40740740740681 1.11111111111102 0
235 8.42233192701925 2.89884078896232 0
236 8.43905344608465 4.51492785011023 0
237 8.47788748257512 2.56550745562915 0
238 8.4946090016402 4.1815945167769 0
239 8.51851851851804 1.7777777777777 0
240 8.55016455719574 3.84826118344357 0
241 8.55555555555494 1.33333333333324 0
242 8.57227707462055 2.28275372781448 0
243 8.5925925925923 0.888888888888861 0
244 8.60572011275133 3.51492785011025 0
245 8.61111111111081 6.33333333333312 0
246 8.62783263017595 5.9494203944809 0
247 8.62962962962898 0.222222222222197 0
248 8.6445541492414 5.56550745562885 0
249 8.66127566830683 5.18159451677679 0
250 8.66127566830691 3.18159451677693 0
251 8.66666666666641 1.99999999999994 0
252 8.67799718737258 4.79768157792494 0
253 8.70370370370313 1.55555555555546 0
254 8.71683122386276 2.84826118344375 0
255 8.73355274292789 4.46434824459153 0
256 8.74074074074011 1.11111111111101 0
257 8.78910829848344 4.13101491125819 0
258 8.81122081590819 2.56550745562909 0
259 8.84466385403899 3.79768157792487 0
260 8.85185185185111 0.666666666666631 0
261 8.85185185185132 1.77777777777769 0
262 8.88888888888826 1.33333333333324 0
263 8.88888888888844 0 0
264 8.88888888888855 6.66666666666642 0
265 8.90021940959456 3.46434824459154 0
266 8.90561040795371 6.28275372781421 0
267 8.90561040795381 2.28275372781446 0
268 8.92233192701916 5.89884078896216 0
269 8.9390534460846 5.51492785011011 0
270 8.95577496515006 5.13101491125806 0
271 8.95577496515041 3.13101491125836 0
272 8.97249648421585 4.74710197240625 0
273 8.99999999999971 1.99999999999994 0
274 9.02805203977113 4.41376863907282 0
275 9.03703703703641 1.55555555555545 0
276 9.05016455719583 2.84826118344369 0
277 9.07407407407374 1.11111111111108 0
278 9.0836075953267 4.08043530573949 0
279 9.11111111111041 0.444444444444413 0
280 9.13916315088223 3.74710197240616 0
281 9.14455414924146 2.56550745562906 0
282 9.16666666666631 6.99999999999974 0
283 9.18338818573148 6.61608706114754 0
284 9.1851851851846 1.77777777777768 0
285 9.19471870643804 3.41376863907296 0
286 9.20010970479693 6.23217412229548 0
287 9.21683122386236 5.84826118344342 0
288 9.22222222222155 1.33333333333323 0
289 9.23355274292783 5.46434824459139 0
290 9.23894374128708 2.28275372781444 0
291 9.2502742619933 5.08043530573935 0
292 9.26699578105912 4.69652236688755 0
293 9.28910829848346 3.13101491125828 0
294 9.32255133661439 4.36318903355412 0
295 9.33333333333254 0.888888888888846 0
296 9.33333333333301 1.99999999999993 0
297 9.37037037036968 0.222222222222197 0
298 9.37037037036974 1.55555555555545 0
299 9.37810689216995 4.02985570022079 0
300 9.38349789052908 2.84826118344366 0
301 9.4336624477257 3.69652236688757 0
302 9.44444444444412 7.3333333333331 0
303 9.46116596350929 6.94942039448089 0
304 9.47788748257472 2.56550745562904 0
305 9.47788748257474 6.56550745562882 0
306 9.49460900164016 6.18159451677676 0
307 9.5113305207056 5.79768157792471 0
308 9.51851851851788 1.77777777777767 0
309 9.52805203977108 5.41376863907268 0
310 9.52805203977111 3.41376863907289 0
311 9.54477355883655 5.02985570022064 0
312 9.5555555555552 1.3333333333333 0
313 9.56149507790239 4.64594276136885 0
314 9.57227707462034 2.28275372781443 0
315 9.59259259259185 0.666666666666629 0
316 9.61705063345764 4.31260942803542 0
317 9.62244163181673 3.13101491125826 0
318 9.62962962962921 0 0
319 9.66666666666631 1.99999999999992 0
320 9.67260618901341 3.9792760947022 0
321 9.70370370370305 1.55555555555545 0
322 9.71683122386235 2.84826118344364 0
323 9.72222222222188 7.66666666666643 0
324 9.73894374128709 7.28275372781424 0
325 9.75566526035253 6.89884078896216 0
326 9.76699578105881 3.69652236688751 0
327 9.77238677941795 6.5149278501101 0
328 9.78910829848339 6.13101491125804 0
329 9.80582981754884 5.74710197240599 0
330 9.81122081590799 2.56550745562903 0
331 9.81481481481399 1.11111111111106 0
332 9.82255133661433 5.36318903355397 0
333 9.83927285567981 4.97927609470193 0
334 9.85185185185111 0.444444444444411 0
335 9.85185185185121 1.77777777777767 0
336 9.85599437474567 4.59536315585015 0
337 9.86138537310442 3.41376863907288 0
338 9.90561040795361 2.28275372781441 0
339 9.91154993030108 4.26202982251682 0
340 9.95577496515003 3.13101491125825 0
341 9.99999999999961 1.99999999999992 0
342 10 8 0
343 10.0059395223465 3.97927609470213 0
344 10.0167215190652 7.6160870611478 0
345 10.0334430381306 7.23217412229572 0
346 10.0370370370367 1.55555555555552 0
347 10.0501645571957 2.84826118344363 0
348 10.050164557196 6.84826118344364 0
349 10.0668860762615 6.46434824459156 0
350 10.0740740740733 0.888888888888845 0
351 10.0836075953269 6.08043530573948 0
352 10.1003291143921 3.69652236688749 0
353 10.1003291143923 5.69652236688742 0
354 10.1111111111104 0.222222222222196 0
355 10.1170506334578 5.3126094280354 0
356 10.1337721525232 4.92869648918332 0
357 10.1445541492413 2.56550745562902 0
358 10.1504936715891 4.54478355033154 0
359 10.1851851851845 1.77777777777767 0
360 10.1947187064377 3.41376863907286 0
361 10.2179445679783 7.88856817126168 0
362 10.2346660870435 7.50465523240949 0
363 10.2389437412869 2.2827537278144 0
364 10.2448832636345 4.26202982251685 0
365 10.251387606109 7.1207422935574 0
366 10.2681091251744 6.73682935470533 0
367 10.2777777777775 8.33333333333311 0
368 10.2848306442398 6.35291641585326 0
369 10.2891082984833 3.13101491125824 0
370 10.2962962962955 1.33333333333328 0
371 10.3015521633052 5.9690034770012 0
372 10.3182736823707 5.58509053814917 0
373 10.3333333333326 0.666666666666627 0
374 10.333333333333 1.99999999999992 0
375 10.3349952014362 5.20117759929712 0
376 10.3392728556801 3.97927609470221 0
377 10.351716720502 4.81726466044533 0
378 10.37037037037 0 0
379 10.383497890529 2.84826118344362 0
380 10.4300610414123 4.48425204473905 0
381 10.4336624477258 3.69652236688758 0
382 10.4358891359571 7.77713634252368 0
383 10.4526106550223 7.39322340367147 0
384 10.4693321740877 7.0093104648194 0
385 10.4778874825746 2.56550745562902 0
386 10.4860536931531 6.62539752596732 0
387 10.4957223457558 8.22190150459478 0
388 10.5027752122186 6.24148458711526 0
389 10.5185185185182 1.77777777777775 0
390 10.519496731284 5.85757164826322 0
391 10.5244506334577 4.20149831692435 0
392 10.5280520397714 3.41376863907295 0
393 10.5362182503495 5.47365870941116 0
394 10.5529397694153 5.08974577055938 0
395 10.5555555555548 1.11111111111106 0
396 10.5555555555552 8.66666666666642 0
397 10.5722770746202 2.2827537278144 0
398 10.5925925925919 0.444444444444411 0
399 10.6188402255033 3.91874458910972 0
400 10.622441631817 3.13101491125833 0
401 10.6312840903252 4.75673315485284 0
402 10.6538337039359 7.66570451378562 0
403 10.6666666666663 1.99999999999992 0
404 10.6705552230011 7.28179157493343 0
405 10.6872767420665 6.89787863608136 0
406 10.7039982611319 6.5139656972293 0
407 10.7096284112357 4.42372053914664 0
408 10.7132298175489 3.63599086129509 0
409 10.7136669137346 8.11046967585677 0
410 10.7168312238626 2.8482611834437 0
411 10.7207197801973 6.13005275837725 0
412 10.7374412992628 5.74613981952519 0
413 10.7541628183286 5.36222688067338 0
414 10.7735001235335 8.55523483792808 0
415 10.777777777777 1.5555555555555 0
416 10.804018003281 4.14096681133193 0
417 10.8076194095945 3.35323713348046 0
418 10.8112208159083 2.5655074556291 0
419 10.814814814814 0.888888888888845 0
420 10.8325071392384 5.02921426496686 0
421 10.833333333333 8.99999999999971 0
422 10.8518518518512 0.222222222222197 0
423 10.8717782719147 7.55427268504762 0
424 10.8884997909798 7.17035974619544 0
425 10.8984075953266 3.8582130835173 0
426 10.9020090016401 3.07048340566584 0
427 10.9052213100453 6.78644680734337 0
428 10.9056104079539 2.28275372781447 0
429 10.9108514601486 4.69620164926043 0
430 10.9219428291107 6.40253386849131 0
431 10.9316114817134 7.99903784711873 0
432 10.9386643481762 6.01862092963925 0
433 10.9553858672419 5.63470799078743 0
434 10.9891957810591 4.36318903355422 0
435 10.9914446915123 8.44380300919006 0
436 10.9927971873722 3.57545935570267 0
437 10.9963985936858 2.78772967785124 0
438 11 2 0
439 11.0337301881517 5.30169537508086 0
440 11.0370370370362 1.33333333333328 0
441 11.0512779013113 8.88856817126137 0
442 11.0740740740733 0.666666666666629 0
443 11.0835853731044 4.08043530573952 0
444 11.0871867794178 3.29270562788805 0
445 11.0897228398935 7.44284085630963 0
446 11.0907881857314 2.50497595003662 0
447 11.1064443589587 7.05892791745745 0
448 11.1111111111107 9.33333333333301 0
449 11.1111111111108 0 0
450 11.1120745090619 4.96868275937446 0
451 11.1231658780241 6.67501497860539 0
452 11.1398873970896 6.29110203975332 0
453 11.1495560496921 7.88760601838073 0
454 11.1566089161553 5.90718910090148 0
455 11.17797496515 3.79768157792488 0
456 11.1815763714635 3.00995190007344 0
457 11.1851777777775 2.22222222222215 0
458 11.190418829972 4.63567014366803 0
459 11.2093892594911 8.33237118045203 0
460 11.234953237065 5.57417648519489 0
461 11.2592592592588 1.77777777777775 0
462 11.2687631508825 4.30265752796181 0
463 11.26922246929 8.77713634252335 0
464 11.2723645571956 3.51492785011025 0
465 11.2759659635091 2.72719817225882 0
466 11.2962962962955 1.11111111111106 0
467 11.3076674078723 7.33140902757164 0
468 11.3132975579751 5.24116386948847 0
469 11.3243889269375 6.94749608871946 0
470 11.329055679089 9.22190150459465 0
471 11.3333333333327 0.444444444444413 0
472 11.3411104460029 6.5635831498674 0
473 11.3578319650687 6.17967021101553 0
474 11.3631527429277 4.0199038001471 0
475 11.3666640740735 2.04444444444436 0
476 11.3667541492412 3.23217412229565 0
477 11.367500617671 7.77617418964274 0
478 11.3703555555552 2.44444444444437 0
479 11.3888888888884 9.6666666666663 0
480 11.3916418788852 4.90815125378206 0
481 11.4273338274699 8.22093935171403 0
482 11.4361762859783 5.84665759530893 0
483 11.4575423349733 3.73715007233247 0
484 11.4611437412869 2.94942039448103 0
485 11.4699861997954 4.57513863807564 0
486 11.4871670372688 8.66570451378532 0
487 11.5145206068884 5.5136449796025 0
488 11.518518518518 1.55555555555552 0
489 11.5256119758511 7.21997719883365 0
490 11.5423334949163 6.83606425998147 0
491 11.5470002470678 9.11046967585665 0
492 11.5483305207058 4.2421260223694 0
493 11.551841851851 2.2666666666665 0
494 11.551931927019 3.45439634451786 0
495 11.555533333333 2.66666666666658 0
496 11.5555555555548 0.888888888888846 0
497 11.559055013982 6.45215132112959 0
498 11.5854451856498 7.66474236090476 0
499 11.592592592592 0.222222222222197 0
500 11.5928649277985 5.18063236389607 0
501 11.6068334568667 9.55523483792795 0
502 11.6259233333323 1.82222222222211 0
503 11.6373993348917 6.11913870542298 0
504 11.6427201127511 3.95937229455469 0
505 11.6452783954487 8.10950752297605 0
506 11.6463215190646 3.17164261670324 0
507 11.6666666666662 9.99999999999961 0
508 11.6712092487087 4.84761974818967 0
509 11.7051116052476 8.55427268504735 0
510 11.7157436558018 5.78612608971655 0
511 11.7333281481477 2.08888888888881 0
512 11.7370196296288 2.48888888888872 0
513 11.7371097047967 3.67661856674008 0
514 11.7407111111107 2.88888888888879 0
515 11.7435565438299 7.10854537009565 0
516 11.7495535696188 4.51460713248325 0
517 11.7602780628954 6.72463243124364 0
518 11.7649448150466 8.99903784711864 0
519 11.7777777777772 1.3333333333333 0
520 11.7940879767119 5.45311347401011 0
521 11.8033897536286 7.55331053216677 0
522 11.8148148148141 0.666666666666631 0
523 11.8247780248456 9.44380300918998 0
524 11.8278978905292 4.181594516777 0
525 11.8314992968423 3.39386483892545 0
526 11.838622383805 6.39161981553702 0
527 11.8518518518516 0 0
528 11.8632229634275 7.99807569423807 0
529 11.872432297622 5.1201008583037 0
530 11.8846112346445 9.88856817126129 0
531 11.8851825925916 1.59999999999989 0
532 11.9169667047151 6.05860719983059 0
533 11.9185059259251 2.31111111111094 0
534 11.9221974074066 2.71111111111093 0
535 11.9222874825745 3.8988407889623 0
536 11.9230561732265 8.44284085630937 0
537 11.9258888888884 3.111111111111 0
538 11.944444444444 10.333333333333 0
539 11.9507766185321 4.7870882425973 0
540 11.961501111809 6.99711354135781 0
541 11.9828893830254 8.88760601838066 0
542 11.9925874074064 1.86666666666655 0
543 11.9953110256252 5.72559458412415 0
544 12.0166770746201 3.61608706114767 0
545 12.0213343216077 7.44187870342895 0
546 12.0291209394423 4.45407562689089 0
547 12.0370370370365 1.11111111111108 0
548 12.0398454327186 6.66410092565118 0
549 12.0427225928243 9.33237118045196 0
550 12.0736553465353 5.39258196841773 0
551 12.0740740740734 0.444444444444414 0
552 12.0811675314066 7.88664386550028 0
553 12.0999922222217 2.13333333333324 0
554 12.1025558026233 9.77713634252331 0
555 12.1036837037028 2.53333333333315 0
556 12.1073751851843 2.93333333333314 0
557 12.1074652603527 4.12106301118463 0
558 12.1110666666662 3.33333333333321 0
559 12.1181897536287 6.33108830994476 0
560 12.1410007412056 8.3314090275716 0
561 12.1444418518508 1.37777777777766 0
562 12.1519996674454 5.05956935271132 0
563 12.1623890124223 10.2219015045946 0
564 12.1965340745388 5.99807569423832 0
565 12.2008339510045 8.77617418964293 0
566 12.2018548523979 3.83830928336989 0
567 12.2222222222218 10.6666666666663 0
568 12.2303439883556 4.72655673700491 0
569 12.2424911979914 7.04641027636859 0
570 12.2518466666657 1.64444444444433 0
571 12.2606671608035 9.22093935171424 0
572 12.2748783954489 5.66506307853191 0
573 12.2851699999991 2.35555555555537 0
574 12.2888614814806 2.75555555555536 0
575 12.2925529629621 3.15555555555536 0
576 12.296244444444 3.55555555555545 0
577 12.2962962962958 0.888888888888861 0
578 12.3023244077901 7.49117543843972 0
579 12.3086883092657 4.3935441212985 0
580 12.3205003706025 9.66570451378557 0
581 12.3208355189011 6.71339766066199 0
582 12.3333333333328 0.222222222222198 0
583 12.3532227163591 5.33205046282551 0
584 12.3592514814805 1.91111111111099 0
585 12.3621576175891 7.93594060051105 0
586 12.3803335804015 10.1104696758569 0
587 12.3870326301761 4.06053150559222 0
588 12.3991798398112 6.38038504495558 0
589 12.4037011111101 1.15555555555545 0
590 12.4219908273881 8.38070576258238 0
591 12.4315670372693 4.9990378471191 0
592 12.4401667902005 10.5552348379283 0
593 12.4666562962958 2.17777777777769 0
594 12.4703477777769 2.57777777777759 0
595 12.4740392592584 2.97777777777758 0
596 12.4775241607213 6.04737242924916 0
597 12.4777307407399 3.37777777777759 0
598 12.4814222222218 3.77777777777767 0
599 12.4818240371871 8.82547092465372 0
600 12.5 11 0
601 12.5099113581794 4.6660252314127 0
602 12.5111059259249 1.42222222222212 0
603 12.5234812841744 7.09570701137968 0
604 12.5416572469861 9.27023608672505 0
605 12.5555555555552 0.666666666666642 0
606 12.5558684816315 5.71435981354278 0
607 12.5833144939731 7.54047217345077 0
608 12.5882556790896 4.33301261570629 0
609 12.5925925925923 0 0
610 12.6014904567851 9.71500124879643 0
611 12.601825605084 6.76269439567306 0
612 12.6185107407398 1.68888888888878 0
613 12.6342128025417 5.3813471978364 0
614 12.643147703772 7.98523733552211 0
615 12.6518340740732 2.39999999999981 0
616 12.6555255555546 2.7999999999998 0
617 12.6592170370362 3.1999999999998 0
618 12.6613236665841 10.1597664108678 0
619 12.6629085185177 3.59999999999981 0
620 12.6629603703694 0.933333333333233 0
621 12.6666 4 0
622 12.6801699259942 6.42968177996666 0
623 12.702980913571 8.43000249759343 0
624 12.7125571234519 5.04833458213002 0
625 12.7211568763836 10.6045315729395 0
626 12.7259155555546 1.95555555555545 0
627 12.7585142469043 6.09666916426025 0
628 12.76281412337 8.87476765966477 0
629 12.7703651851842 1.1999999999999 0
630 12.7777777777775 11.333333333333 0
631 12.7909014443621 4.71532196642364 0
632 12.8044713703573 7.14500374639073 0
633 12.8148148148145 0.444444444444421 0
634 12.822647333169 9.31953282173614 0
635 12.8333203703699 2.22222222222214 0
636 12.8368585678145 5.76365654855387 0
637 12.8370118518509 2.62222222222203 0
638 12.8407033333324 3.02222222222202 0
639 12.844394814814 3.42222222222203 0
640 12.848086296296 3.82222222222214 0
641 12.864304580156 7.58976890846181 0
642 12.8692457652725 4.38230935071737 0
643 12.877769999999 1.46666666666656 0
644 12.8824805429681 9.7642979838075 0
645 12.8828156912669 6.81199113068412 0
646 12.9152028887247 5.43064393284749 0
647 12.9222196296287 0.711111111111016 0
648 12.9241377899549 8.03453407053315 0
649 12.9343863285709 10.9415754449647 0
650 12.9423137527676 10.2090631458792 0
651 12.9611600121771 6.47897851497773 0
652 12.9839709997539 8.47929923260448 0
653 12.9851748148139 1.73333333333323 0
654 12.9935472096349 5.09763131714111 0
655 13.0184981481473 2.44444444444425 0
656 13.0221896296287 2.84444444444424 0
657 13.0258811111102 3.24444444444424 0
658 13.0295725925922 3.64444444444435 0
659 13.0296244444436 0.977777777777684 0
660 13.0395043330872 6.14596589927133 0
661 13.043804209553 8.92406439467585 0
662 13.0555555555552 11.6666666666663 0
663 13.0718915305453 4.76461870143485 0
664 13.0740111111108 3.99999999999991 0
665 13.0740740740738 0.222222222222201 0
666 13.0854614565403 7.19430048140183 0
667 13.0925796296288 1.9999999999999 0
668 13.103637419352 9.3688295567472 0
669 13.1178486539975 5.81295328356495 0
670 13.1370292592583 1.24444444444434 0
671 13.1452946663389 7.63906564347288 0
672 13.1555432049545 10.5461070179042 0
673 13.1634706291515 9.81359471881886 0
674 13.1638057774499 6.86128786569522 0
675 13.181478888888 0.4888888888888 0
676 13.1961929749077 5.47994066785858 0
677 13.199984444444 2.2666666666666 0
678 13.203675925925 2.66666666666647 0
679 13.2051278761379 8.08383080554422 0
680 13.2073674074065 3.06666666666646 0
681 13.2110588888885 3.46666666666656 0
682 13.2121641063484 11.2749087782977 0
683 13.2421500983601 6.52827524998883 0
684 13.2444340740732 1.51111111111101 0
685 13.2554974074067 3.82222222222204 0
686 13.2649610859369 8.52859596761556 0
687 13.2745372958181 5.14692805215233 0
688 13.2766568763832 4.38230935071725 0
689 13.2888837037029 0.755555555555469 0
690 13.3204944192703 6.19526263428243 0
691 13.3247942957359 8.97336112968692 0
692 13.3333333333329 11.9999999999996 0
693 13.3333333333333 0 0
694 13.3518388888881 1.77777777777768 0
695 13.3664515427233 7.24359721641293 0
696 13.3687726571422 10.8831508899296 0
697 13.3767000813384 10.1506385908438 0
698 13.3846275055354 9.41812629175855 0
699 13.3851622222214 2.4888888888887 0
700 13.3888537037028 2.88888888888868 0
701 13.3925451851847 3.28888888888877 0
702 13.3962885185177 1.02222222222213 0
703 13.3988387401805 5.86225001857605 0
704 13.4262847525219 7.68836237848396 0
705 13.4369837037029 3.64444444444424 0
706 13.4407381481476 0.266666666666605 0
707 13.444795863633 6.91058460070633 0
708 13.459243703703 2.04444444444435 0
709 13.4771830610909 5.52923740286981 0
710 13.479302641656 4.76461870143473 0
711 13.4814222222218 3.99999999999989 0
712 13.4861179623209 8.13312754055532 0
713 13.489941884126 11.608242111631 0
714 13.5036933333325 1.2888888888888 0
715 13.5231401845432 6.57757198499993 0
716 13.5459511721199 8.57789270262664 0
717 13.5481429629624 0.53333333333328 0
718 13.5666485185182 2.31111111111105 0
719 13.5703399999992 2.71111111111092 0
720 13.574031481481 3.11111111111098 0
721 13.5899295335258 10.4876824628691 0
722 13.5978569577223 9.75517016378349 0
723 13.6014845054533 6.24455936929353 0
724 13.6057843819193 9.02265786469824 0
725 13.6110981481474 1.55555555555546 0
726 13.6111111111106 12.3333333333329 0
727 13.6184699999991 3.46666666666644 0
728 13.6465504349196 11.2164842232626 0
729 13.6474416289063 7.29289395142404 0
730 13.6555477777772 0.799999999999942 0
731 13.6629085185178 3.82222222222203 0
732 13.6798288263637 5.91154675358728 0
733 13.6819484069288 5.1469280521522 0
734 13.6840679874943 4.38230935071722 0
735 13.7072748387049 7.73765911349505 0
736 13.7177765185182 0.231111111111088 0
737 13.7185029629622 1.82222222222214 0
738 13.725785949816 6.95988133571743 0
739 13.7518262962955 2.53333333333314 0
740 13.7555177777772 2.93333333333319 0
741 13.762952592592 1.06666666666661 0
742 13.7671080485039 8.1824242755664 0
743 13.7677196619037 11.9415754449642 0
744 13.7999562962953 3.28888888888864 0
745 13.8031589857134 10.8247263348945 0
746 13.8041302707262 6.62686872001104 0
747 13.8110864099096 10.0922140358087 0
748 13.8190138341061 9.35970173672316 0
749 13.8251813333324 0.497777777777687 0
750 13.8259077777771 2.08888888888881 0
751 13.8269412583032 8.62718943763793 0
752 13.844394814814 3.64444444444422 0
753 13.8703574074069 1.33333333333328 0
754 13.8824745916366 6.29385610430477 0
755 13.8845941722016 5.52923740286967 0
756 13.8867137527671 4.76461870143469 0
757 13.8888333333329 3.99999999999988 0
758 13.8888888888884 12.6666666666662 0
759 13.9243282126973 11.5498175565959 0
760 13.9284317150894 7.34219068643514 0
761 13.9325861481472 0.764444444444351 0
762 13.9333125925923 2.3555555555555 0
763 13.9370040740736 2.75555555555543 0
764 13.9777622222218 1.59999999999996 0
765 13.9814425925915 3.11111111111085 0
766 13.9882649248879 7.78695584850614 0
767 14.006776035999 7.00917807072854 0
768 14.024315862097 10.429257907834 0
769 14.0258811111102 3.46666666666643 0
770 14.0322432862935 9.6967456087484 0
771 14.0399909629619 1.03111111111101 0
772 14.04017071049 8.96423330966283 0
773 14.0454974396814 12.2749087782975 0
774 14.0480981346872 8.23172101057769 0
775 14.0703196296288 3.82222222222201 0
776 14.0740740740733 0 0
777 14.0809367634908 11.1580596682275 0
778 14.0851203569095 6.67616545502229 0
779 14.0851670370366 1.86666666666663 0
780 14.0872399374745 5.91154675358715 0
781 14.0893595180398 5.14692805215216 0
782 14.0914790986053 4.38230935071718 0
783 14.1022197037033 0.462222222222198 0
784 14.1184903703698 2.57777777777764 0
785 14.1473957777767 1.29777777777767 0
786 14.1629288888878 2.93333333333307 0
787 14.1666666666661 12.9999999999995 0
788 14.1925718518515 2.1333333333333 0
789 14.2021059904749 11.8831508899291 0
790 14.2073674074064 3.28888888888863 0
791 14.2094218012724 7.39148742144625 0
792 14.2096245185176 0.728888888888798 0
793 14.2375453142847 10.7663017798594 0
794 14.2454727384808 10.0337894807736 0
795 14.251805925925 3.64444444444421 0
796 14.2534001626774 9.30127718168807 0
797 14.2548005925916 1.56444444444433 0
798 14.261327586874 8.56876488260255 0
799 14.2692550110712 7.83625258351739 0
800 14.2877661221823 7.05847480573978 0
801 14.2898857027474 6.29385610430465 0
802 14.2920052833126 5.52923740286963 0
803 14.2941248638781 4.76461870143466 0
804 14.2962444444439 3.99999999999986 0
805 14.2999766666667 2.4 0
806 14.3170293333323 0.995555555555462 0
807 14.3232752174591 12.6082421116307 0
808 14.3444151851841 2.75555555555529 0
809 14.3587145412685 11.4913930015608 0
810 14.3622054074064 1.831111111111 0
811 14.3888537037026 3.11111111111085 0
812 14.4244341481471 1.26222222222212 0
813 14.4332922222212 3.46666666666641 0
814 14.4444444444439 13.3333333333329 0
815 14.4585172592582 0.231111111111084 0
816 14.4587021906682 10.3708333527989 0
817 14.4666296148647 9.6383210537133 0
818 14.4696102222212 2.09777777777767 0
819 14.4745570390613 8.9058087546278 0
820 14.4777307407398 3.82222222222199 0
821 14.4798837682526 12.2164842232624 0
822 14.4824844632579 8.17329645554225 0
823 14.4866628888884 0.693333333333307 0
824 14.4904118874557 7.44078415645749 0
825 14.4925314680202 6.67616545502216 0
826 14.4946510485855 5.91154675358713 0
827 14.4967706291509 5.14692805215212 0
828 14.4988902097163 4.38230935071715 0
829 14.515323092062 11.0996351131924 0
830 14.5259014814809 2.57777777777764 0
831 14.5318389629619 1.52888888888878 0
832 14.5703399999989 2.93333333333306 0
833 14.5770150370364 2.36444444444436 0
834 14.5940677037027 0.959999999999907 0
835 14.6010529952369 12.9415754449641 0
836 14.6147785185174 3.28888888888862 0
837 14.6364923190461 11.824726334894 0
838 14.6392437777768 1.79555555555544 0
839 14.659217037036 3.64444444444419 0
840 14.6719316428559 10.7078772248243 0
841 14.6798590670521 9.97536492573856 0
842 14.6877864912486 9.24285262665302 0
843 14.6951772332936 7.05847480573986 0
844 14.6957139154452 8.51034032756748 0
845 14.6972968138584 6.29385610430463 0
846 14.6994163944237 5.52923740286962 0
847 14.7014725185175 1.22666666666657 0
848 14.7015359749891 4.76461870143463 0
849 14.7036413396424 7.77782802848234 0
850 14.703655555555 3.99999999999984 0
851 14.7222222222217 13.6666666666662 0
852 14.7466485925916 2.06222222222211 0
853 14.7518262962957 2.75555555555543 0
854 14.7576615460304 12.5498175565957 0
855 14.7931008698397 11.4329684465257 0
856 14.7962648148137 3.11111111111083 0
857 14.8029398518506 2.542222222222 0
858 14.8088773333322 1.49333333333322 0
859 14.8148148148142 0 0
860 14.8188814298399 7.38991843154287 0
861 14.8407033333323 3.46666666666641 0
862 14.8429604444433 0.462222222222191 0
863 14.8540534074068 2.32888888888881 0
864 14.8711060740736 0.924444444444416 0
865 14.8788307730146 13.2749087782974 0
866 14.8851418518509 3.82222222222198 0
867 14.8930885192395 10.3124087977638 0
868 14.8999425791318 6.67616545502233 0
869 14.901015943436 9.57989649867827 0
870 14.9020621596966 5.91154675358711 0
871 14.9041817402619 5.14692805215211 0
872 14.9063013208273 4.38230935071712 0
873 14.9089433676325 8.84738419959269 0
874 14.9142700968239 12.1580596682273 0
875 14.9162821481471 1.75999999999989 0
876 14.9168707918297 8.1148719005076 0
877 14.9497094206333 11.0412105581573 0
878 14.9777511111105 2.93333333333319 0
879 14.9785108888879 1.19111111111102 0
880 15 14 0
881 15.0221896296285 3.28888888888862 0
882 15.0236467756778 7.00760908082524 0
883 15.0236869629619 2.02666666666655 0
884 15.0288646666655 2.71999999999978 0
885 15.0321108820266 7.72696230356773 0
886 15.0354393238081 12.883150889929 0
887 15.0666281481472 3.6444444444442 0
888 15.0708786476174 11.766301779859 0
889 15.079978222221 2.50666666666644 0
890 15.0859157037026 1.45777777777768 0
891 15.10470792497 6.2938561043048 0
892 15.1063179714272 10.6494526697893 0
893 15.1068275055348 5.5292374028696 0
894 15.1089470861002 4.76461870143462 0
895 15.1110666666661 3.99999999999983 0
896 15.1142453956234 9.91694037070354 0
897 15.1221728198199 9.18442807161794 0
898 15.130100244017 8.4519157725328 0
899 15.1310917777771 2.29333333333324 0
900 15.1473509722248 7.33905270662854 0
901 15.1566085507929 13.6082421116311 0
902 15.1920478746016 12.4913930015606 0
903 15.1933205185175 1.72444444444434 0
904 15.1992579999989 0.231111111111084 0
905 15.2036759259253 3.11111111111098 0
906 15.2274036296284 0.693333333333297 0
907 15.227487198411 11.3745438914907 0
908 15.228412121516 6.62529973010773 0
909 15.245340334214 8.06400617559299 0
910 15.2481144444434 3.46666666666641 0
911 15.2547894814803 2.89777777777756 0
912 15.2555492592587 1.15555555555552 0
913 15.2925529629621 3.82222222222199 0
914 15.3007253333323 1.991111111111 0
915 15.3059030370359 2.68444444444423 0
916 15.3094732708082 5.91154675358728 0
917 15.311592851373 5.14692805215209 0
918 15.3132171015864 13.2164842232628 0
919 15.3137124319384 4.38230935071711 0
920 15.3274748478108 10.2539842427288 0
921 15.3354022720073 9.5214719436432 0
922 15.3433296962044 8.78895964455805 0
923 15.3486564253951 12.0996351131923 0
924 15.3521163180626 6.95674335591089 0
925 15.3570165925913 2.47111111111088 0
926 15.3605804244115 7.67609657865338 0
927 15.362954074073 1.42222222222213 0
928 15.3840957492046 10.9827860031223 0
929 15.4081301481475 2.25777777777769 0
930 15.4296007407402 3.28888888888877 0
931 15.4331774673542 6.24299037939022 0
932 15.4585697864013 8.40105004761821 0
933 15.4698256523799 12.8247263348944 0
934 15.4703588888879 1.68888888888879 0
935 15.4740392592583 3.64444444444419 0
936 15.4758205146096 7.28818698171417 0
937 15.4807142962952 3.07555555555535 0
938 15.5052649761887 11.7078772248239 0
939 15.5142386166464 5.52923740286976 0
940 15.5163581972113 4.7646187014346 0
941 15.5184777777772 3.99999999999985 0
942 15.5318278518507 2.86222222222201 0
943 15.5407042999985 10.5910281147543 0
944 15.5486317241947 9.85851581566847 0
945 15.5555555555548 0 0
946 15.5555555555552 13.9999999999997 0
947 15.5565591483918 9.12600351658332 0
948 15.5568816639008 6.57443400519338 0
949 15.5738098765989 8.01314045067864 0
950 15.5777637037027 1.95555555555545 0
951 15.5829414074062 2.64888888888867 0
952 15.5837011851841 0.46222222222219 0
953 15.6118468148135 0.924444444444401 0
954 15.6264342031734 12.432968446526 0
955 15.6340549629617 2.43555555555534 0
956 15.6379428131925 5.86068102867272 0
957 15.6399924444438 1.38666666666663 0
958 15.6555255555551 3.46666666666656 0
959 15.6618735269823 11.3161193364556 0
960 15.6717992385887 8.73809391964348 0
961 15.6805858604474 6.90587763099652 0
962 15.6851685185179 2.22222222222215 0
963 15.6890499667963 7.62523085373903 0
964 15.6999640740732 3.82222222222199 0
965 15.7066391111101 3.25333333333315 0
966 15.712164106348 13.6082421116308 0
967 15.7190039624846 5.14692805215225 0
968 15.7211235430495 4.3823093507171 0
969 15.7473972592583 1.65333333333324 0
970 15.7577526666656 3.0399999999998 0
971 15.7616470097391 6.19212465447587 0
972 15.7618611763821 10.1955596876938 0
973 15.7697886005792 9.46304738860858 0
974 15.783042753967 12.0412105581577 0
975 15.7870393287862 8.35018432270387 0
976 15.8042900569945 7.23732125679984 0
977 15.8088662222211 2.82666666666645 0
978 15.8184820777759 10.9243614480873 0
979 15.8427081590307 5.47837167795523 0
980 15.8548020740731 1.91999999999991 0
981 15.8599797777766 2.61333333333313 0
982 15.8687726571415 13.2164842232624 0
983 15.8814503703699 3.64444444444435 0
984 15.8850286907761 9.07513779166876 0
985 15.8853512062856 6.52356828027902 0
986 15.9022794189837 7.9622747257643 0
987 15.9110933333322 2.39999999999979 0
988 15.9237693083229 4.76461870143477 0
989 15.9258888888883 3.99999999999984 0
990 15.932563925925 3.43111111111094 0
991 15.9396513047606 11.6494526697893 0
992 15.9399987407396 0.231111111111083 0
993 15.9622068888884 2.1866666666666 0
994 15.9664123555773 5.80981530375838 0
995 15.9681443703692 0.693333333333294 0
996 15.9750906285698 10.5326035597192 0
997 15.9830180527665 9.80009126063386 0
998 15.9836774814805 3.21777777777759 0
999 15.9962899999987 1.1555555555555 0
1000 16.0002687809736 8.68722819472915 0
1001 16.0090554028323 6.85501190608219 0
1002 16.0175195091812 7.57436512882471 0
1003 16.0244356296291 1.61777777777775 0
1004 16.0253812079349 12.824726334894 0
1005 16.034791037036 3.00444444444424 0
1006 16.047473504869 5.09606232723776 0
1007 16.0859045925915 2.7911111111109 0
1008 16.0901165521239 6.14125892956152 0
1009 16.0962598555541 11.257694781421 0
1010 16.0982581429636 9.41218166369405 0
1011 16.1073751851848 3.82222222222214 0
1012 16.1111111111106 13.9999999999996 0
1013 16.115508871171 8.29931859778953 0
1014 16.1285346541612 4.38230935071725 0
1015 16.1318404444435 1.88444444444436 0
1016 16.1327595993794 7.18645553188553 0
1017 16.1370181481471 2.57777777777758 0
1018 16.15848874074 3.60888888888873 0
1019 16.1711777014156 5.42750595304091 0
1020 16.1819897587284 12.4329684465256 0
1021 16.1881317037026 2.36444444444425 0
1022 16.1962475049539 10.1371351326591 0
1023 16.2096022962954 3.39555555555539 0
1024 16.2134982331611 9.02427206675443 0
1025 16.2138207486705 6.47270255536469 0
1026 16.2307489613686 7.91140900084998 0
1027 16.2392452592588 2.15111111111105 0
1028 16.2522388507074 4.71375297652027 0
1029 16.2528684063477 10.8659368930527 0
1030 16.2607158518509 3.18222222222204 0
1031 16.2677196619035 13.6082421116308 0
1032 16.2948818979622 5.75894957884405 0
1033 16.2962962962956 0 0
1034 16.311487595151 9.74922553571934 0
1035 16.3118294074064 2.9688888888887 0
1036 16.3244419259247 0.462222222222188 0
1037 16.3287383233585 8.63636246981482 0
1038 16.3333 4 0
1039 16.3375249452172 6.80414618116787 0
1040 16.3385983095219 12.0412105581572 0
1041 16.3459890515661 7.5234994039104 0
1042 16.3525875555543 0.924444444444398 0
1043 16.3629429629619 2.75555555555536 0
1044 16.3759430472539 5.04519660232342 0
1045 16.3807331851839 1.38666666666661 0
1046 16.3844135555552 3.78666666666659 0
1047 16.4088788148142 1.84888888888886 0
1048 16.4094769571416 10.4741790046846 0
1049 16.4140565185175 2.54222222222204 0
1050 16.4185860945088 6.0903932046472 0
1051 16.424328212697 13.2164842232624 0
1052 16.4267276853485 9.36131593877973 0
1053 16.4355271111107 3.57333333333324 0
1054 16.443978413556 8.24845287287522 0
1055 16.4570041965462 4.33144362580303 0
1056 16.4612291417644 7.13558980697122 0
1057 16.4651700740731 2.3288888888887 0
1058 16.4866406666661 3.3599999999999 0
1059 16.4952068603155 11.6494526697889 0
1060 16.4996472438005 5.37664022812657 0
1061 16.5162836296293 2.1155555555555 0
1062 16.5247170473387 10.0862694077448 0
1063 16.5377542222216 3.14666666666655 0
1064 16.5419677755459 8.97340634184011 0
1065 16.5422902910554 6.42183683045037 0
1066 16.5592185037535 7.86054327593567 0
1067 16.5807083930928 4.66288725160617 0
1068 16.5809367634904 12.824726334894 0
1069 16.5888677777771 2.9333333333332 0
1070 16.6233514403471 5.70808385392971 0
1071 16.6399571375362 9.69835981080518 0
1072 16.6399813333326 2.71999999999986 0
1073 16.651815411109 11.2576947814205 0
1074 16.6572078657434 8.58549674490051 0
1075 16.6659944876021 6.75328045625354 0
1076 16.6666666666661 13.9999999999996 0
1077 16.6744585939511 7.47263367899609 0
1078 16.6807394814804 0.231111111111083 0
1079 16.6910948888883 2.50666666666654 0
1080 16.7044125896393 4.99433087740931 0
1081 16.7088851111099 0.693333333333292 0
1082 16.7370307407395 1.15555555555551 0
1083 16.7375453142839 12.4329684465256 0
1084 16.7407111111107 3.99999999999991 0
1085 16.7422084444438 2.2933333333332 0
1086 16.7470556368937 6.03952747973287 0
1087 16.7551972277337 9.31045021386556 0
1088 16.7651763703691 1.61777777777772 0
1089 16.7724479559409 8.19758714796091 0
1090 16.7896986841493 7.0847240820569 0
1091 16.7918246666658 3.7866666666665 0
1092 16.793322 2.08 0
1093 16.8084239619029 10.8659368930524 0
1094 16.8084239619029 10.310381337497 0
1095 16.823275217459 13.6082421116307 0
1096 16.8281167861858 5.32577450321245 0
1097 16.8429382222213 3.57333333333315 0
1098 16.8644153076568 4.33144362580292 0
1099 16.8704373179312 8.92254061692596 0
1100 16.8707598334403 6.37097110553605 0
1101 16.8876880461385 7.80967755102136 0
1102 16.8940517777767 3.3599999999998 0
1103 16.8941538650775 12.0412105581572 0
1104 16.9236640521 9.92247174055725 0
1105 16.9451653333322 3.14666666666646 0
1106 16.9518209827324 5.65721812901558 0
1107 16.9798837682525 13.2164842232623 0
1108 16.9856774081286 8.53463101998635 0
1109 16.9881195042033 4.66288725160604 0
1110 16.994464029987 6.70241473133922 0
1111 16.9962788888878 2.93333333333312 0
1112 17.002928136336 7.42176795408179 0
1113 17.0370370370364 0 0
1114 17.0389041422975 9.53456214361766 0
1115 17.0473924444434 2.71999999999979 0
1116 17.050762415871 11.6494526697889 0
1117 17.0651826666655 0.462222222222188 0
1118 17.075525179279 5.98866175481872 0
1119 17.093328296295 0.924444444444398 0
1120 17.0985059999989 2.50666666666646 0
1121 17.1009174983261 8.14672142304675 0
1122 17.1118237007498 4.99433087740917 0
1123 17.1181682265342 7.03385835714259 0
1124 17.1214739259246 1.38666666666661 0
1125 17.1364923190459 12.8247263348939 0
1126 17.1481222222217 3.99999999999989 0
1127 17.1496195555548 1.84888888888886 0
1128 17.1496195555551 2.29333333333326 0
1129 17.154144232495 9.14665254667807 0
1130 17.1992293758256 6.3201053806219 0
1131 17.1992357777768 3.78666666666647 0
1132 17.2073709666642 10.7021392258649 0
1133 17.207370966665 11.2576947814209 0
1134 17.207370966665 10.1465836703099 0
1135 17.2161575885237 7.75881182610721 0
1136 17.2222222222216 13.9999999999995 0
1137 17.2355278972963 5.32577450321229 0
1138 17.2503493333323 3.57333333333312 0
1139 17.2693843226926 8.75874294973849 0
1140 17.2718264187679 4.3314436258029 0
1141 17.2931008698395 12.4329684465256 0
1142 17.3014628888877 3.35999999999977 0
1143 17.322611056862 9.75867407337005 0
1144 17.3229335723722 6.65154900642505 0
1145 17.3313976787212 7.37090222916762 0
1146 17.3525764444432 3.14666666666643 0
1147 17.3592320938428 5.65721812901541 0
1148 17.3788307730146 13.6082421116307 0
1149 17.3846244128901 8.37083335279891 0
1150 17.3955306153143 4.66288725160602 0
1151 17.4036899999988 2.93333333333311 0
1152 17.4214802222212 0.231111111111083 0
1153 17.4378511470596 9.37076447643046 0
1154 17.4466377689195 6.98299263222841 0
1155 17.4496258518507 0.693333333333294 0
1156 17.449709420633 12.0412105581572 0
1157 17.4548035555544 2.71999999999978 0
1158 17.4777714814802 1.1555555555555 0
1159 17.4829362903894 5.98866175481856 0
1160 17.4998645030877 7.98292375585938 0
1161 17.5059171111099 2.06222222222212 0
1162 17.5059171111104 1.61777777777775 0
1163 17.5059171111106 2.50666666666659 0
1164 17.5192348118608 4.99433087740914 0
1165 17.535439323808 13.2164842232623 0
1166 17.553091237257 8.98285487949087 0
1167 17.5555333333328 3.99999999999988 0
1168 17.6063179714263 10.5383415586777 0
1169 17.6063179714263 11.0938971142333 0
1170 17.606317971427 11.6494526697892 0
1171 17.606317971427 9.98278600312264 0
1172 17.606640486936 6.32010538062171 0
1173 17.6066468888878 3.78666666666645 0
1174 17.6151045932853 7.59501415891983 0
1175 17.6429390084073 5.32577450321227 0
1176 17.6577604444433 3.5733333333331 0
1177 17.6683313274546 8.5949452825513 0
1178 17.6792375298789 4.33144362580288 0
1179 17.6920478746015 12.824726334894 0
1180 17.7088739999987 3.35999999999975 0
1181 17.721558061624 9.59487640618284 0
1182 17.7303446834832 6.65154900642505 0
1183 17.7303446834835 7.20710456198063 0
1184 17.7599875555543 3.14666666666643 0
1185 17.7666432049539 5.65721812901541 0
1186 17.7777777777771 13.9999999999994 0
1187 17.7777777777772 0 0
1188 17.7835714176522 8.20703568561177 0
1189 17.8029417264254 4.662887251606 0
1190 17.8059234074064 0.46222222222219 0
1191 17.8111011111098 2.9333333333331 0
1192 17.8340690370358 0.924444444444401 0
1193 17.8367981518215 9.20696680924327 0
1194 17.848656425395 12.4329684465256 0
1195 17.8622146666654 1.831111111111 0
1196 17.8622146666655 2.27555555555544 0
1197 17.8622146666659 1.38666666666663 0
1198 17.8622146666661 2.71999999999991 0
1199 17.8903474015005 5.98866175481855 0
1200 17.8988115078498 7.81912608867221 0
1201 17.9266459229718 4.99433087740912 0
1202 17.9343863285701 13.6082421116307 0
1203 17.952038242019 8.81905721230368 0
1204 17.9629444444438 3.99999999999986 0
1205 18.0052649761883 10.3745438914905 0
1206 18.0052649761884 11.4856550026017 0
1207 18.0052649761884 10.9300994470461 0
1208 18.005264976189 12.0412105581576 0
1209 18.005264976189 9.8189883359355 0
1210 18.0140515980473 6.87566093617726 0
1211 18.0140515980477 6.3201053806219 0
1212 18.014051598048 7.431216491733 0
1213 18.0140579999988 3.78666666666643 0
1214 18.0503501195184 5.32577450321226 0
1215 18.0651715555543 3.57333333333308 0
1216 18.0672783322166 8.43114761536414 0
1217 18.0866486409899 4.33144362580287 0
1218 18.0909948793636 13.2164842232624 0
1219 18.1162851111098 3.35999999999975 0
1220 18.120505066386 9.43107873899568 0
1221 18.162220962962 0.231111111111084 0
1222 18.1673986666653 3.14666666666642 0
1223 18.1740543160649 5.65721812901539 0
1224 18.1825184224142 8.04323801842459 0
1225 18.1903665925915 0.693333333333297 0
1226 18.2103528375364 4.66288725160598 0
1227 18.2185122222209 1.59999999999988 0
1228 18.218512222221 2.48888888888876 0
1229 18.218512222221 2.04444444444432 0
1230 18.2185122222215 1.15555555555552 0
1231 18.2185122222216 2.93333333333323 0
1232 18.2357451565836 9.0431691420561 0
1233 18.2476034301571 12.824726334894 0
1234 18.2977585126117 6.54421731037408 0
1235 18.2977585126117 7.09977286592963 0
1236 18.2977585126122 5.98866175481872 0
1237 18.2977585126124 7.65532842148536 0
1238 18.3333333333326 13.9999999999994 0
1239 18.334057034083 4.99433087740913 0
1240 18.3509852467811 8.65525954511654 0
1241 18.3703555555549 3.99999999999984 0
1242 18.4042119809504 10.2107462243034 0
1243 18.4042119809504 10.766301779859 0
1244 18.4042119809504 11.3218573354145 0
1245 18.4042119809505 11.8774128909701 0
1246 18.4042119809512 12.432968446526 0
1247 18.4042119809512 9.65519066874836 0
1248 18.4214691111098 3.78666666666641 0
1249 18.4577612306295 5.32577450321226 0
1250 18.4662253369787 8.26734994817698 0
1251 18.4725826666653 3.57333333333308 0
1252 18.4899418841257 13.6082421116308 0
1253 18.494059752101 4.33144362580286 0
1254 18.518518518518 0 0
1255 18.5194520711481 9.26728107180852 0
1256 18.5236962222208 3.35999999999973 0
1257 18.5466641481472 0.462222222222191 0
1258 18.5748097777764 1.36888888888876 0
1259 18.5748097777765 1.8133333333332 0
1260 18.5748097777765 2.25777777777764 0
1261 18.5748097777765 2.70222222222208 0
1262 18.5748097777771 3.14666666666655 0
1263 18.5748097777771 0.924444444444416 0
1264 18.5814654271761 6.2127736845709 0
1265 18.5814654271762 7.32388479568201 0
1266 18.5814654271762 6.76832924012646 0
1267 18.5814654271767 5.65721812901558 0
1268 18.5814654271768 7.87944035123773 0
1269 18.6177639486475 4.662887251606 0
1270 18.6346921613457 8.87937147486897 0
1271 18.6465504349192 13.2164842232624 0
1272 18.7414681451941 4.99433087740913 0
1273 18.7499322515432 8.49146187792938 0
1274 18.7777666666659 3.99999999999983 0
1275 18.8031589857125 10.0469485571163 0
1276 18.8031589857125 11.1580596682274 0
1277 18.8031589857125 10.6025041126718 0
1278 18.8031589857126 11.713615223783 0
1279 18.8031589857127 12.2691707793386 0
1280 18.8031589857133 12.8247263348945 0
1281 18.8031589857133 9.49139300156122 0
1282 18.8288802222209 3.78666666666641 0
1283 18.8651723417406 6.43688561432328 0
1284 18.8651723417406 5.88133005876774 0
1285 18.8651723417406 6.99244116987883 0
1286 18.8651723417407 7.54799672543438 0
1287 18.8651723417413 8.1035522809901 0
1288 18.8651723417413 5.32577450321245 0
1289 18.8799937777764 3.57333333333307 0
1290 18.8888888888882 13.9999999999995 0
1291 18.9014708632121 4.33144362580286 0
1292 18.9029617037028 0.231111111111084 0
1293 18.9183990759102 9.10348340462138 0
1294 18.931107333332 2.02666666666652 0
1295 18.931107333332 2.47111111111096 0
1296 18.931107333332 1.58222222222209 0
1297 18.931107333332 1.13777777777765 0
1298 18.931107333332 2.9155555555554 0
1299 18.9311073333326 3.35999999999988 0
1300 18.9311073333327 0.693333333333307 0
1301 19.0251750597587 4.66288725160599 0
1302 19.0336391661077 8.71557380768181 0
1303 19.0454974396813 13.6082421116308 0
1304 19.1488792563051 6.66099754407565 0
1305 19.1488792563051 7.21655309963121 0
1306 19.1488792563051 6.10544198852013 0
1307 19.1488792563052 7.77210865518677 0
1308 19.1488792563052 5.54988643296459 0
1309 19.1488792563057 8.32766421074248 0
1310 19.1488792563059 4.99433087740931 0
1311 19.1851777777771 3.99999999999985 0
1312 19.2021059904746 10.9942620010402 0
1313 19.2021059904746 9.88315088992913 0
1314 19.2021059904746 10.4387064454847 0
1315 19.2021059904746 11.5498175565958 0
1316 19.2021059904747 12.1053731121514 0
1317 19.2021059904748 12.6609286677071 0
1318 19.2021059904754 13.2164842232629 0
1319 19.2021059904754 9.32759533437409 0
1320 19.236291333332 3.7866666666664 0
1321 19.2592592592589 0 0
1322 19.2874048888875 1.79555555555541 0
1323 19.2874048888876 2.23999999999985 0
1324 19.2874048888876 0.906666666666538 0
1325 19.2874048888876 2.68444444444429 0
1326 19.2874048888876 1.35111111111098 0
1327 19.2874048888877 3.12888888888874 0
1328 19.2874048888882 3.57333333333322 0
1329 19.2874048888884 0.462222222222198 0
1330 19.3088819743233 4.33144362580287 0
1331 19.3173460806723 8.93968573743423 0
1332 19.4325861708696 6.3295539182725 0
1333 19.4325861708696 6.88510947382805 0
1334 19.4325861708697 5.77399836271698 0
1335 19.4325861708697 7.44066502938362 0
1336 19.4325861708697 5.21844280716144 0
1337 19.4325861708697 7.99622058493919 0
1338 19.4325861708703 8.5517761404949 0
1339 19.4325861708705 4.66288725160617 0
1340 19.4444444444438 13.9999999999994 0
1341 19.5925888888882 3.99999999999984 0
1342 19.6010529952367 10.8304643338531 0
1343 19.6010529952367 9.71935322274201 0
1344 19.6010529952367 11.3860198894087 0
1345 19.6010529952367 10.2749087782976 0
1346 19.6010529952368 11.9415754449643 0
1347 19.6010529952369 12.4971310005199 0
1348 19.601052995237 13.0526865560755 0
1349 19.6010529952375 13.6082421116313 0
1350 19.6010529952375 9.16379766718695 0
1351 19.6437024444431 1.56444444444429 0
1352 19.6437024444431 2.00888888888873 0
1353 19.6437024444432 2.45333333333317 0
1354 19.6437024444432 1.11999999999987 0
1355 19.6437024444432 2.89777777777762 0
1356 19.6437024444432 0.675555555555425 0
1357 19.6437024444432 3.34222222222207 0
1358 19.6437024444437 3.78666666666655 0
1359 19.643702444444 0.231111111111088 0
1360 19.7162930854341 5.99811029246935 0
1361 19.7162930854341 6.5536658480249 0
1362 19.7162930854342 7.10922140358046 0
1363 19.7162930854342 5.44255473691383 0
1364 19.7162930854342 7.66477695913602 0
1365 19.7162930854342 4.88699918135829 0
1366 19.7162930854343 8.22033251469159 0
1367 19.7162930854348 8.77588807024729 0
1368 19.7162930854351 4.33144362580303 0
1369 19.9999999999992 1.33333333333323 0
1370 19.9999999999992 5.66666666666638 0
1371 19.9999999999992 10.6666666666662 0
1372 19.9999999999992 0.444444444444342 0
1373 19.9999999999992 4.55555555555527 0
1374 19.9999999999992 9.55555555555507 0
1375 19.9999999999992 1.77777777777768 0
1376 19.9999999999992 6.22222222222195 0
1377 19.9999999999992 11.2222222222218 0
1378 19.9999999999993 0.8888888888888 0
1379 19.9999999999993 5.11111111111085 0
1380 19.9999999999993 10.1111111111107 0
1381 19.9999999999993 2.22222222222213 0
1382 19.9999999999993 6.77777777777753 0
1383 19.9999999999993 11.7777777777774 0
1384 19.9999999999994 2.66666666666659 0
1385 19.9999999999994 7.33333333333311 0
1386 19.9999999999994 12.333333333333 0
1387 19.9999999999995 3.11111111111105 0
1388 19.9999999999995 7.8888888888887 0
1389 19.9999999999995 12.8888888888886 0
1390 19.9999999999995 3.55555555555551 0
1391 19.9999999999995 8.44444444444429 0
1392 19.9999999999995 13.4444444444442 0
1393 20 0 0
1394 20 4 0
1395 20 14 0
1396 20 9 0
