0.015099455059438195
0.014259156435191302
0.014389849721709098
0.015230205246858301
0.0158851243697634
0.0165343514080364
0.014781025156511599
0.014547596643371498
0.0164112105688518
0.014459912541988099
0.012080289063068697
0.012817787197328998
0.0162117067333822
0.013690943095257098
0.0155602807751642
0.015302800475825704
0.0142748961734908
0.015495236715781499
0.0143753484116515
0.014187733595160401
0.0160049329003238
0.014436649445581796
0.014920895695021398
0.015005527471767206
0.014734239783261702
0.0168067288930547
0.015775806818848402
0.015516215690885404
0.015026069160279598
0.014351369300963195
0.0141397634853528
0.015119180656497602
0.015796074392437097
0.015393315612468199
0.014307152037820299
0.015170879509436602
0.0145013505379889
0.013620045043120102
0.0158946126371972
0.013889682769776701
0.014958720133643001
0.013896180451949097
0.014019852652870098
0.012689367798672295
0.012494149886468402
0.015351463386797
0.013845285130837298
0.014857749122644703
0.014361622110245602
0.015583778098193696
0.0151980832495986
0.014570967475987504
0.014499628753628702
0.013624531095248603
0.013399411239703798
0.014453493703163504
0.014478023136396297
0.014818453383004603
0.0140258474819328
0.014820538462281
0.0149077491779274
0.0157512545887373
0.015412814291453102
0.014722657499565903
0.0134536410933533
0.0143822292627728
0.0156019145517255
0.013789702123976101
0.014940236296319999
0.014692520638579606
0.013952802032653297
0.013398699651480203
0.014222196304136
0.012134975316887897
0.0139741969268437
0.0142558053667496
0.014396974162759403
0.015907851596109003
0.014272276197208
0.014068668263983002
0.0157279309205852
0.0134308829438202
0.013830547350803003
0.016427754143850795
0.014769491497459201
0.014575920394268499
0.014522927856605805
0.014137051767269003
0.014891281408936703
0.016128384290473002
0.015498460718859498
0.0153847910217405
0.0156081078013523
0.013957862115612604
0.0135113066115371
0.013503675844231601
0.014940051083943202
0.015975498166085796
0.015778368953724198
0.013823427439884801
0.014690855481247399
0.015609993777377797
0.014986459133363099
0.0151124753492961
0.0147185719065858
0.015180410923925296
0.0148251587583096
0.014274045484364395
0.013964646179924003
0.014275623637177999
0.014489140723431299
0.013971908635012402
0.013306258734281103
0.0145979567808742
0.015367962522063405
0.014542530157563002
0.014969792644954696
0.013829907204927397
0.0148648850759096
0.014952277759790002
0.014223169205654106
0.013949634775258499
0.015049298186138399
0.013534798791636701
0.0160311147433998
0.015620790359936701
0.015371119146734696
0.014172151525391204
0.013991333710152098
0.013590758371143305
0.0136080600565208
0.015215190878936101
0.0136076884689788
0.015148093570101905
0.015712409973139198
0.0154485448233612
0.013784426589966405
0.015193115420332005
0.014639760502916599
0.014156290380231695
0.014283414967237201
0.013237246611723902
0.016813120297887604
0.0145193832404448
0.0151511285565381
0.0152927894569354
0.014849699612120904
0.013766861605789799
0.0154877519467616
0.014168964165446399
0.015039896740276705
0.014857185393375702
0.014879896542156601
0.014984818665330898
0.0150759487445776
0.013158591882716404
0.015809415541552296
0.014001183258718297
0.0147481946746809
0.013692066702810396
0.015054772887833606
0.0131026047267997
0.0151148667487946
0.015044361209142404
0.0143147517180994
0.013600180649314099
0.015088750919681995
0.015766239687902195
0.015586605150263902
0.0142803661092918
0.015203196919000898
0.0141762029715096
0.013037275301568799
0.015276592476477203
0.014809495239877603
0.015488375025312397
0.013626014660069796
0.015345834184999803
0.0157942235505769
0.014159107490314203
0.015066448011575598
0.0166972393234162
0.013860160955751204
0.0142423765514927
0.015373061790640498
0.014660714531200096
0.015189283832236194
0.013508303018898403
0.014684769411307905
0.013497053640320798
0.014885106764045399
0.015585655199611304
0.013776166420136099
0.0138750089841145
0.013932940053709299
0.014772106675342699
0.014502317780792404
0.014553082632960498
0.0139415514901218
0.015924886539062197
0.0163613153644378
0.014350369617775104
0.013840611048228701
0.014390068880425703
0.015947980638694702
0.0133148893542109
0.0140325215850758
0.012987226811157201
0.014391454305963398
0.013865828819400995
0.014538163472587198
0.013991311844257899
0.015808374421312006
0.015151369221351803
0.013976224418546603
0.013645514879580503
0.0148404040059893
0.014373248689044202
0.014684705443648798
0.014900909099550101
0.015069392545977701
0.014598364066235998
0.0157198554214589
0.012078412478635198
0.014780504480032396
0.0137637203819036
0.0142207130887739
0.0133973053420317
0.014327737681220795
0.014588124091315997
0.014679776931046398
0.0163284192371161
0.015135255195162602
0.015400869814512497
0.013053226601491004
0.0141328196049951
0.014081238074672403
0.016062512215338602
0.013772576461616101
0.015865010072672305
0.0147957192482117
0.014513268616973399
0.0152640991045567
0.013779191785842505
0.014501198781925996
0.012903410402357297
0.0135834615745059
0.014226193336656298
0.015689022664875797
0.0156381761408093
0.015675346269847
0.015841889171532002
0.013979075759114896
0.015143392341610204
0.014222854170864302
0.0157513178480752
0.0139163001689869
0.015339356505840604
0.015480019857651496
0.0158350984014868
0.013848254547332704
0.012319587926428302
0.015082959330124802
0.014666084968715395
0.013038264770957
0.014637091786990804
0.013459723233189197
0.015011619152508801
0.015149078910424399
0.014947262188984102
0.013747610172808199
0.014022359878404903
0.014325564357900798
0.012787630788350296
0.0145045983888639
0.014627388815748904
0.013834516881033897
0.014367264384279398
0.014412237378708802
0.015002612143924905
0.014292924030328204
0.014873719468894903
0.014512447893948899
0.013348880145639203
0.014149366408907196
0.015702632415167
0.014151437374554598
0.013473107293744097
0.015820113422313105
0.014176179026302
0.014905851267395298
0.014296683502747196
0.0150667690647446
0.014502259159126098
0.014218994780043896
0.015765109474107704
0.014726195873199802
0.015149829114566506
0.014947391098651203
0.015538717868650201
0.014464366338268003
0.015886687613315097
0.0139904794938141
0.014703657337529201
0.014948249283388802
0.0148605851977901
0.015300769454177202
0.013482799555791201
0.015658134288551104
0.014287672254914001
0.014577684842328402
0.013358127643041694
0.013506904784962297
0.0149032985877453
0.013838190896611799
0.014658033998471903
0.013680571314929599
0.012810300938288305
0.0140387499404711
0.015804125421432204
0.014586845699049902
0.0144451195914286
0.0148441302225895
0.0143217028210526
0.015487315717896598
0.014237375231629101
0.015092237802803603
0.014560054389223899
0.014563902957631499
0.0151202605309841
0.014636981441738799
0.014301570866715803
0.014257676463205901
0.0156538611766939
0.0144453337428875
0.014117050626611297
0.013959225500330297
0.013996023809797004
0.0144297660471151
0.014158742840580198
0.013560638072593903
0.014377125039097202
0.014423878442642403
0.015312054643251097
0.0140016788543188
0.016563128265794105
0.014558647036955995
0.0148835057402519
0.014482815748264197
0.013901462669408497
0.015185679682571798
0.014413901234285598
0.0143645159270204
0.014849789526330301
0.0136338400500116
0.013651078265325196
0.013948464548009597
0.015176686411313804
0.013874395264260604
0.014773414049191795
0.015485635302138798
0.0156462965686488
0.014268428535004402
0.014756677662583102
0.0149293835623494
0.013685807981767897
0.012807577885328401
0.013848381957808104
0.014689517947210497
0.014614016917490397
0.015172047094976202
0.0152740244594134
0.014628615444925601
0.0147552998242821
0.014475549151228596
0.012259714560935296
0.014813901701519902
0.0146056797845397
0.014864573225950098
0.014267755689774501
0.015606873121108401
0.012621971927816805
0.015650112053710197
0.014495603029472705
0.0152459381242597
0.015133101712074298
0.015623116283984599
0.0167477859672825
0.016306848941756602
0.013044446690265894
0.015592201042475495
0.0156519966155218
0.012707359798336995
0.013251348530657299
0.0137796468794108
0.0129805255691171
0.014640916753525406
0.0160006974693433
0.0150154911261563
0.014512892604532202
0.015563843252174296
0.015987871066899098
0.014963919638098705
0.014527831394675894
0.013776101284535998
0.0142989374664994
0.0154441425349717
0.015480475545289994
0.014433743813624202
0.0159415649842227
0.015005766247441599
0.013815876443779504
0.012658023181740197
0.014899194506538906
0.013541174929982698
0.0140792600554377
0.014183077533478798
0.015173186367585495
0.0150725832943997
0.0134285744808008
0.014670069743799606
0.0131741402478458
0.014488487634114401
0.015021010135259902
0.013495449979979805
0.014318052926759098
0.014416515466281997
0.014249088856091496
0.013395905686967698
0.0137606009696759
0.0145730201771406
0.013992721454761298
0.014471113729981
0.0156361921043065
0.015047087893621101
0.0150010768883286
0.014553183070385702
0.015037156801022397
0.016264713809844504
0.012581557439941805
0.014077543352857103
0.014344758419895999
0.013983953443833602
0.014583398981838601
0.013553336555452801
0.013701998426738603
0.014815651983808097
0.014395892807699706
0.0157593131864954
0.0155300713105095
0.013824825051963703
0.015285323943843701
0.0149437287214612
0.013562586463709003
0.015873142257303997
0.013658339222180599
0.014568474650103698
0.015378536110098803
0.0138613829219928
0.015166729922855199
0.014668462109063606
0.014608382442818098
0.015243563309328398
0.014459352811717896
0.013178970222741601
0.015945182890112396
0.014688774044809498
0.0145815171968793
0.013483101982243305
0.013296750864200499
0.0146186009712303
0.014327967976869097
0.014998490922453499
0.014128097405393704
0.013132407646959096
0.0122174847915055
0.0157937337032997
0.014403758374662803
0.015528588401592998
0.015799921263842
0.013464159249470899
0.013938598381851505
0.015959722163253302
0.015324508029211502
0.014720843508968698
0.015820352152690897
0.0160668876724767
0.014285713799289196
0.013940026535071905
0.012881074516048294
0.0149641474307185
0.0135714603695328
0.014673038731529302
0.014561815155506301
0.014881514815852197
0.015138695565871399
0.014917217061370898
0.0146110602148804
0.015108329006014602
0.0143510841283251
0.0156458644854826
0.013971301722668805
0.014241476245643897
0.014470430450725998
0.0140400025685153
0.013116839216675204
0.0143683747287311
0.016979615138017205
0.014816502796198706
0.015051545121183695
0.0153894799853877
0.015136322116897298
0.013940888048441902
0.0136586782928928
0.013862674895290902
0.0150779292981617
0.014671099813592603
0.013740446593793199
0.0130131220354062
0.014952225706070701
0.013820450301168602
0.014511853343914603
0.014628788752147598
0.014014919165448697
0.014827979174360004
0.014088269312167799
0.014571942549298604
0.0132794142943288
0.014693999092128401
0.015396772007190702
0.0150437948696093
0.0139971965058171
0.013147230222943299
0.015085679490746004
0.013071284761920099
0.013773027374823298
0.013246858303433098
0.014977884047717
0.015518830188020395
0.014615263464548597
0.015365494014075401
0.015618049470898704
0.014468790594628501
0.0163391147656158
0.014460007865866
0.015025121933300203
0.014411166043836701
0.015875635828061396
0.014832234728694396
0.015498937562139097
0.013601663338752797
0.015218848444421597
0.015131208966190503
0.015247889027819803
0.015755296973746398
0.014996840493196002
0.014984962766060303
0.013934562657014898
0.014018249749033297
0.0131201194567745
0.015500719062450201
0.013160427881046599
0.014288306006332699
0.0147636179985772
0.013404229540004794
0.015234443402605602
0.014389431795479801
0.014437168243014602
0.0162090514762053
0.014751446980403204
0.014239550510722003
0.0145691867805295
0.0147162216895209
0.013248082330412699
0.0147995474552087
0.013928463416043806
0.0129026924140093
0.014334886423052702
0.014734697660665604
0.014164739673713504
0.015544177325836406
0.013323487274415506
0.014885747107616497
0.013278256718203402
0.013182220166998403
0.014323561099587899
0.014110274948309395
0.0142752583247919
0.013332629262172602
0.014304932876169997
0.014634871578668801
0.015037699359350197
0.013531337711089803
0.013921460921896202
0.015887174933589203
0.0151660006740219
0.014845072066736603
0.015335457482030801
0.015006977438292095
0.013883720110304303
0.0151587074993655
0.015319717565481603
0.014717724533483897
0.016083064302420395
0.014240319069280902
0.013759295255060401
0.013256638254628
0.0155556449165083
0.014940049305266198
0.014675366027972203
0.0144413664336027
0.0159896231340848
0.015023101997094501
0.014336007030533206
0.0157119084194782
0.015331354849887
0.014437745266520502
0.0147718832100091
0.0150179824180579
0.013836645200543306
0.01584980176097
0.015782104216972896
0.012921840351204902
0.015393707225941501
0.014298887047906599
0.013788094050293201
0.0155915402158577
0.0156521388906321
0.014566406036142794
0.015375469953596899
0.013606705789111002
0.015065280347177704
0.015639590279960702
0.014204810181994897
0.0134889023806044
0.0149477950207203
0.015311094186060803
0.014632511694182601
0.014098547068401801
0.014028106863659899
0.014741374376482201
0.015183055164459405
0.0160197733161734
0.014593668903465903
0.014335289719048502
0.014088176827933403
0.013829076279143496
0.014264451006293796
0.015583915384593298
0.0153964815413688
0.013188610074442803
0.013387833786495704
0.0146919826270537
0.014771655456210502
0.014006954451298098
0.012997899979087103
0.014795182417567998
0.013910212284547398
0.014764002011755602
0.015294096713650798
0.014120497094188403
0.014598667312339296
0.014203080334787094
0.014110062304202496
0.0133040333791688
0.016140868567206
0.012874564052328799
0.013449580228032595
0.014152634260442096
0.014754420322198099
0.014278882892787302
0.013753181569118998
0.0162273062675473
0.0156257519484417
0.014502691614255707
0.014299179337333504
0.015893887963100706
0.014408977766008399
0.015418965141292804
0.013810392804464104
0.015240426894090803
0.0151775416651527
0.014661948134458203
0.013827272957879902
0.014707627251368496
0.014510057350476606
0.0157802919207111
0.014622044429556398
0.0151598263548164
0.015248170433060405
0.015512094920153298
0.0159218399031176
0.014589284098973802
0.013745999205754901
0.013611904169098896
0.015266760667491996
0.014142008923629601
0.013024831555638203
0.015573414273311
0.014011182501012298
0.013171830312032305
0.014849642830949195
0.0145485306263353
0.0120085161135281
0.014119784470037103
0.015034607211712
0.013428673404627799
0.014443637928051804
0.015194196444075103
0.013741874158790496
0.015937433542834903
0.014083977762755398
0.013749003519873501
0.012322935872062804
0.0143005115145734
0.014197488747258
0.0157010335595835
0.0150444128666615
0.014848531664264898
0.014839566657056297
0.015931942159799095
0.015201070411476295
0.014149186472998898
0.0149929306124372
0.015129168492498006
0.014632805447761896
0.0162490631076299
0.014360731286168202
0.015420381984423102
0.014061160980074296
0.014621259512599502
0.014121087239350398
0.0153860235390689
0.014188593254896902
0.014082033926812398
0.014360814884252997
0.015313607679914798
0.0148244449069109
0.0143492548634035
0.015602077572930105
0.0141181930732064
0.014970838980868297
0.016265734289538
0.0157690908289086
0.0161147802751958
0.014566357705707404
0.0163026854995652
0.013712942643185302
0.013542106391234501
0.014386262161389496
0.013567626493352303
0.015117289825782101
0.0141686214727356
0.014155132376385
0.014581654899791997
0.0142683349425912
0.0146378566184883
0.0156280842410923
0.014552117856936497
0.014428838900191698
0.014459031386775498
0.014739692842154095
0.014657129212927694
0.013759879217469101
0.014079510693240795
0.0148166375049259
0.014460756094260702
0.015505614279536097
0.015793313870325197
0.0153814421736901
0.0136634227722493
0.014058918904203598
0.014869137681745803
0.013131107008364902
0.014022384487843903
0.015080547484078097
0.014793384725659199
0.015288202879381999
0.014160381592097898
0.015490233920981006
0.013717501866699004
0.0150495271503273
0.014058900493396996
0.015278462636705
0.0143818359774854
0.014672422342437
0.0143011591923725
0.014835234927349998
0.015035407081183304
0.015046072570779404
0.014987668293785804
0.0139021000075941
0.014699234721326095
0.0145444981122363
0.012153578270505304
0.013737385992349103
0.013281345041766701
0.0150197851929387
0.015065696869306602
0.014978572695266604
0.0149736389214154
0.014510599981783903
0.012836698292525199
0.015241748358533903
0.015429138239365703
0.015554986649927598
0.014940592804336301
0.016233335743121295
0.014262261622973296
0.0144442523562597
0.014248066256975195
0.013664739536523897
0.015429365742497099
0.015198874240264601
0.013441589857401105
0.015283272718817999
0.013944749350681504
0.0142142886625201
0.015884754381517402
0.015721141527522804
0.015140644996525301
0.014379796576085797
0.016476585325826805
0.0146712023502122
0.0145539717534892
0.013963696429962001
0.013993250710181301
0.015608045963744398
0.014870235227859602
0.013038577437965798
0.014026960798560806
0.013591024202717905
0.0136681922133024
0.0166136939639338
0.014626608432320005
0.0151273613294831
0.0136020469202702
0.012397913037980199
0.013662485980211699
0.0158560443824824
0.014905586100001401
0.014959932166568803
0.014906220401145698
0.0140133432138516
0.015128201665217798
0.014798817849301205
0.015090482841071805
0.013947174787193505
0.015111070342609598
0.015953280934951096
0.014001457073969804
0.015158954702697097
0.0154634414680382
0.014002226060556795
0.013856918756765202
0.013644578869699803
0.014808215674580204
0.0146851695377953
0.012815305809791996
0.014593388451642
0.014206424843770306
0.0161266674274348
0.014733537344756902
0.014786824805986802
0.0135662329738356
0.013995523803265297
0.013840521899110697
0.0154644710362154
0.014053297785992597
0.014631387809251703
0.015402445355659398
0.0149319493398253
0.015004222423858501
0.015328038658175995
0.0161194914149733
0.014243115719666001
0.0153206429350096
0.013939389703545406
0.014085468937251003
0.014633886426439598
0.013635408188356103
0.013499179497819702
0.016480492228758997
0.015847456549610506
0.014980374584379896
0.0159706038804409
0.01365183175773
0.013681720776503502
0.014157142547102201
0.0147322524286577
0.014841245079170999
0.014573966231797901
0.0145783188900847
0.014610993504048306
0.014682734957008697
0.0145664064734317
0.015545045837903497
0.015186470804080601
0.0157725421144237
0.014852520642714397
0.013761573597683
0.0141940828287377
0.013980205139760005
0.012235432447584897
0.015408982008399102
0.015214132793910401
0.014603818098163003
0.014531790284032196
0.014869407274446904
0.014515221687643097
0.014105108313187703
0.014049314290695801
0.013157633072672002
0.014322589038485302
0.016064787706760203
0.014768760818785899
