-1.9037448295497472e-6
-1.9037448295497472e-6
-1.9037448295497472e-6
-1.9037448295497472e-6
-1.9037448295497472e-6
-1.9037448295497472e-6
-1.9037448295497472e-6
-1.9037448295497472e-6
-1.9037448295497472e-6
-1.9037448295497472e-6
-1.9037448295497472e-6
-1.9037448295497472e-6
-1.9037448295497472e-6
-1.9037448295497472e-6
-1.9037448295497472e-6
-1.9037448295497472e-6
-1.9037448295497472e-6
-1.9037448295497472e-6
-1.9037448295497472e-6
-1.9037448295497472e-6
-1.9037448295497472e-6
-1.9037448295497472e-6
-1.9037448295497472e-6
-1.9037448295497472e-6
-1.9037448295497472e-6
-1.9037448295497472e-6
-1.9037448295497472e-6
-1.9037448295497472e-6
-1.9037448295497472e-6
-1.9037448295497472e-6
-1.9037448295497472e-6
-1.9037448295497472e-6
-1.9037448295497472e-6
-1.9037448295497472e-6
-1.9037448295497472e-6
-1.9037448295497472e-6
-1.9037448295497472e-6
-1.9037448295497472e-6
-1.9037448295497472e-6
-1.9037448295497472e-6
-1.9037448295497472e-6
-1.9037448295497472e-6
-1.9037448295497472e-6
-1.9037448295497472e-6
-1.9037448295497472e-6
-1.9037448295497472e-6
-1.9037448295497472e-6
-1.9037448295497472e-6
-1.9037448295497472e-6
-1.9037448295497472e-6
-1.9037448295497472e-6
-1.9037448295497472e-6
-1.9037448295497472e-6
-1.9037448295497472e-6
-1.9037448295497472e-6
-1.9037448295497472e-6
-1.9037448295497472e-6
-1.9037448295497472e-6
-1.9037448295497472e-6
-1.9037448295497472e-6
-1.9037448295497472e-6
-1.9037448295497472e-6
