-9.252957809601989e-7
4.336329981429951e-6
2.497581411201044e-7
5.991427777995648e-7
1.0453391496101708e-6
-7.685507206695377e-7
1.910437013013383e-8
-1.4259128086795483e-6
1.8031037803201491e-6
-7.02374415260075e-7
1.2946218910800736e-6
-6.82741067140058e-7
1.9168489075000947e-6
-2.1435003666990526e-7
1.2430158409949127e-7
-1.1481124381294144e-6
2.4494943250798554e-6
1.0744858010801328e-6
-7.166564652402382e-7
-3.346373921670094e-6
-9.264234452901685e-7
-1.7644201390698208e-6
7.244187085198028e-7
9.432170261797906e-7
3.1771803930998044e-6
1.5576454052501978e-6
-2.7351021463992153e-7
-2.280115466220256e-6
1.4966453498197266e-6
1.2652566098603907e-6
2.6063929634200997e-6
-1.8822514832204582e-6
-7.388536153989794e-8
6.343868554949117e-8
-7.906235767306952e-7
-6.718897232705842e-7
-1.7624055377802109e-6
1.2438546656036442e-7
-3.115769970059648e-6
-2.20885260989942e-7
4.449297670450041e-6
-1.7445789163798159e-6
3.632009089298699e-7
-1.8066477533605282e-6
3.0130165609900533e-6
-1.1218346920999211e-6
-1.065393703089841e-6
-1.7953653699397804e-6
5.5960393999243685e-8
-1.5324297988903238e-6
2.8842179817991503e-7
-1.4595795318102234e-6
-7.776388653802854e-7
3.045546338098157e-7
-7.100216356005495e-7
9.717135939198498e-7
8.928419573100282e-7
3.208367877196791e-7
3.277250864309675e-6
-9.964000120604374e-7
5.204261216496323e-7
3.7893150726395555e-6
-2.19134214950005e-6
5.56589928752977e-6
3.685015947897316e-7
3.6243754164598865e-6
6.656000469291989e-7
-1.5403706163001976e-6
-1.1984988016596962e-6
-1.3912583889021807e-7
6.933912178701263e-7
1.2818561688004645e-6
2.2648448353397924e-6
-6.383119574206869e-7
-1.0312901461998966e-6
8.060204704394766e-7
5.55096693739994e-7
-1.0096086988601455e-6
-2.7629417046898253e-6
-1.099857112590169e-6
-2.7296465654035734e-7
3.6979668501498433e-6
3.0177644748299176e-6
-1.5642517081299392e-6
-1.6857986173002965e-6
-1.2757898327098866e-6
-4.4625588503047903e-7
-1.2387002346599466e-6
1.1698313101028701e-7
-8.271147306200891e-7
2.8517152209951713e-8
2.865317171450027e-6
-9.505581092302678e-7
-1.30237662120114e-7
-1.2152203694801994e-6
-8.784331859204575e-7
-2.2076213053012078e-7
1.158843217370295e-6
-8.809489390202221e-7
1.4320286309101385e-6
9.498100876402862e-7
-3.5839035469973496e-7
7.733563355798861e-7
-1.6956345481001708e-6
-1.5322315420011196e-7
4.121334325601217e-7
1.5567347463598877e-6
1.7860228742503856e-6
-6.487282305962794e-8
-2.1446347660894483e-6
2.210607256795949e-7
-1.8980001808294872e-6
2.8392711506983886e-7
-2.694207647210324e-6
3.426307101719872e-6
1.5600185934994126e-6
-1.567825844850032e-6
-4.0349836360163704e-8
-7.692201505204999e-7
2.7282204684026673e-7
1.502629461700225e-7
2.6371553366998784e-7
-1.6138501608498404e-6
2.2109871612198406e-6
-6.026140464401517e-7
-3.349719437939491e-8
-8.150283182300697e-7
-1.2060029631602229e-6
1.1137803042002292e-6
-6.40544564040231e-7
-2.9377341873026985e-7
-1.4361472698998928e-7
-3.5567836136930764e-7
2.374723018069326e-6
1.1129092894798104e-6
3.946436901499685e-6
-8.241428829398184e-7
-1.462885123399739e-6
1.8077172593104762e-6
-4.87064088369564e-7
-5.713361088399704e-7
-5.133839042197746e-7
-4.683477464401467e-7
-7.2482212599978e-8
9.128848741900286e-7
1.9515393692194627e-6
8.651412615199097e-7
7.436980778699129e-7
3.7709920557901094e-6
2.0243173934897385e-6
-1.3816376662600244e-6
2.547748216095297e-7
1.4973050724400097e-6
2.151715598600057e-6
-5.321833137297838e-7
-1.261410809329927e-6
2.8541283973301454e-6
1.5416143512693783e-6
-9.304711023104886e-7
-1.0624108344025468e-7
6.457238458006456e-7
-7.273570785601424e-7
2.475845577970537e-6
-3.7203070132893826e-6
-1.250591650199702e-6
5.283074056604622e-7
-5.385282449595075e-7
-2.9545501866396276e-6
-2.1081296372399763e-6
5.329669555496214e-7
-2.1672205528901547e-6
-1.7256446684099647e-6
-4.5034199902972e-7
7.916322521499264e-7
-8.702983586399149e-7
-8.014399677600675e-7
-4.4804114660013106e-7
-1.9762801711101577e-6
-5.0155508856016e-7
-1.6007091643930466e-7
6.984528092002229e-8
1.261731173559863e-6
-6.616309784395272e-7
3.053113382239618e-6
-9.540843731031812e-8
2.6227183105402563e-6
2.068271439540151e-6
-1.1224525421895878e-6
1.5808655759105839e-6
4.890954083298926e-7
7.832605266903589e-7
-4.048624003402321e-7
9.533314452095376e-7
1.1220304849202459e-6
-2.2364673633954585e-7
-2.833100023360083e-6
-6.568486619028258e-8
2.9456445461029795e-7
1.0979787581043288e-7
-1.6554936056404485e-6
-3.5009900432002306e-7
5.58426040199976e-7
-1.281293352340361e-6
6.215247641506647e-7
-2.2911013724292995e-6
2.3458314434799885e-6
5.190072283698527e-7
2.6682742428202344e-6
1.1359381118496853e-6
2.61437468886995e-6
1.2612380294900125e-6
1.3137881029693516e-6
-1.6653839385802338e-6
-2.441834096702025e-7
-4.920362156298277e-7
3.3678510827968994e-7
-5.995059226999999e-7
1.151636030679963e-6
-7.440328010106106e-7
1.735133852169904e-6
6.73307456539908e-7
1.05347274443994e-6
-3.1550829111999523e-7
-3.699258306700051e-7
8.642785670398209e-7
-2.0511076319401286e-6
-9.344530481000812e-7
-4.193832077803786e-7
-3.7024125006980546e-7
7.029706494895982e-7
-1.7413714920987838e-7
3.133671120170503e-6
-1.5505681754002937e-6
-2.039565353099959e-7
-3.096740339098361e-7
2.5168368458601195e-6
1.9045141984395247e-6
-3.5484928593947085e-7
-1.5940087654594398e-6
1.9616548716204496e-6
-2.4495349291043383e-7
2.539086960300259e-6
1.457910227759332e-6
-1.0191021519098675e-6
1.5543569200898028e-6
7.821395064102829e-7
-8.04398861097011e-8
-1.439533465040152e-6
-1.962282592079395e-6
1.4162186543972832e-7
-1.967834596709739e-6
8.180051029194751e-7
-1.519699688780178e-6
-2.7240284710197682e-8
-7.707801749400403e-7
-8.350907576594457e-7
1.6371276175897523e-6
1.9484130816399547e-6
7.069478963495773e-7
-9.53960774490066e-7
2.7388025609200242e-6
6.96034811689672e-7
-3.2903892319196756e-6
1.814971022301784e-7
-7.697555853601948e-7
2.3811542140036307e-7
5.625019045595384e-7
-6.838791929003607e-7
-4.2389223089012856e-7
2.549185656150303e-6
-1.343001068929671e-6
-2.4123087670599105e-6
1.192381328301087e-7
1.5670876585298019e-6
-8.00473059500012e-7
7.784934869204882e-7
2.0955590558039555e-7
-6.785307737093224e-7
-7.519387645506942e-7
-8.784488743302302e-7
4.834276901339966e-6
-7.299651115406924e-7
1.3118510176299975e-6
-5.909698619892961e-7
-1.6280027556299717e-6
-1.0842098803701822e-6
7.783157531500787e-7
-1.237106516130404e-6
1.492597276309647e-6
-4.0006996029993275e-7
3.2214998453702556e-6
5.572420247396473e-7
-5.289950721198283e-7
-8.333010630698703e-7
-1.3972902507203636e-6
-3.624981260797258e-7
-2.480313892501418e-7
-5.066041798102924e-7
2.1828280612600642e-6
-2.589157837096581e-7
7.797983363998229e-7
9.3624802703033e-7
-7.98565924569998e-7
-1.0600319940096484e-6
3.2275183370518434e-8
-2.593576451290734e-6
5.244612927904346e-7
4.980041849698968e-7
-1.1915278090900497e-6
4.484406054047069e-8
1.2739770891504604e-6
-6.132294312300932e-7
1.6040074020898937e-6
-1.6781559782404892e-6
1.0654006647797462e-6
3.6086365230204864e-8
-1.3176998598296227e-6
3.209612276702106e-7
7.335853039001222e-8
-1.0614609663398694e-6
-4.2214112400996984e-7
9.097567003702248e-7
7.368604096006509e-7
3.4621125992598603e-6
-7.998597171396046e-7
-8.428907147944864e-8
9.124366299696415e-7
-1.7451113123196499e-6
1.4028363536904703e-6
-9.124671371202667e-7
-3.7552844125033485e-7
-1.1554261824895523e-6
1.346952216469896e-6
-2.192947295219516e-6
-3.541050563968945e-8
-1.741656208999881e-6
5.974836417600715e-7
-3.4979918644983954e-7
3.770374961504716e-7
-9.974668801404282e-7
-2.2391749111925346e-7
-1.5270342146799995e-6
1.3169432411305054e-6
-1.0152584709504156e-6
-1.186194480870019e-6
1.1216519440497216e-6
2.0873747308067236e-7
-9.991331337017711e-8
-2.8970986936001364e-7
2.1550255623796824e-6
8.83377723080378e-7
-1.366390484119906e-6
1.024526010630529e-6
1.064156116004078e-8
8.233078404402613e-7
-1.6338557043303267e-6
1.806732603260204e-6
-2.778575238704048e-7
2.904302403598444e-7
1.0963383437982005e-7
4.261781199202744e-7
-2.0570861186596998e-6
-1.045023071630409e-6
-1.2289294857008998e-7
4.274572136499927e-6
5.444966806695747e-7
1.0030232607200276e-6
7.912845132098528e-7
6.006175589101659e-7
-1.9646798327804804e-6
5.43667113439561e-7
3.267643644199944e-7
-2.1626526523800538e-6
2.7648684269099624e-6
-2.2942785623701265e-6
-2.460634734690291e-6
-4.556086317570457e-6
-2.766643461259502e-6
4.878196179104038e-7
3.018311392669927e-6
-1.2327465483998046e-7
-4.684527464202115e-7
-4.1564736289953497e-7
4.3457273045995753e-7
-1.2765031437104307e-6
-9.993791365995111e-7
-2.5532620643205217e-6
-6.620383908896577e-7
1.782183518097072e-7
-1.4367003307001747e-7
-1.170483923630325e-6
-1.4170936737199075e-6
1.3328129948300335e-6
-4.1502859448021984e-7
5.851615073795141e-7
-4.490648385004764e-8
-7.44733192397859e-8
3.17762486896217e-8
-9.889554611003729e-7
-2.6099905551697777e-6
