9.035090980799923e-5
0.00014222842026830051
0.0001551852369058998
9.174520899380215e-5
0.00014598907731280114
0.00016154399361520064
0.00010708878810750111
7.380807172490192e-5
6.110213967030001e-5
0.00011169749694819875
0.00012675308648490285
0.00017241089455509798
7.517455371879728e-5
0.00018554140367249908
0.00013336476897410007
5.5093069831702035e-5
0.00018614792399750113
0.00012289941237609778
6.776844018870076e-5
8.496126845509988e-5
0.0001673094169829005
0.0001204990005977992
0.00017587074036960054
0.00010828849887009953
0.0001206900471606015
0.00013424879824719751
8.74917141854975e-5
8.945540315670117e-5
0.00011088019930120124
5.480323988039937e-5
0.00013105774698199749
0.0001748263251497989
9.393776530380177e-5
7.175087744270073e-5
0.00010108341460729822
8.042423985419808e-5
0.0001373418190343985
0.00012030155270039908
0.00012592328745680142
0.0001102334760454994
0.00014188599472930025
0.00014471270731879898
0.0001538182504651972
0.00011410877059269894
8.915668292610104e-5
0.00012110097979440085
0.00017016478427559975
6.532966144880137e-5
0.00014223880626370103
0.0001387567867738998
0.00011522363599699922
0.00012973553393130083
0.00011776826511250213
6.868492611609989e-5
0.00012273991032800066
9.255600133250066e-5
0.00013954080035389824
0.00011911791654420009
7.810102243520009e-5
0.00013880425427489906
0.00012854365315359897
0.0001514311350182991
0.00014406671610510055
5.894594531569847e-5
0.00013280121406989906
0.0001372303950023003
0.00010441036051690028
0.0001594219406224999
0.000124159710735601
0.00011139443259430143
0.0001019092483575991
0.00014707622812249951
0.00017129261403139862
7.73575485625011e-5
8.849008889789955e-5
0.0001603159985819995
8.517468364659803e-5
0.00014496639814080142
0.0001709148891765981
9.079800052839981e-5
9.205356077750249e-5
0.00010207568854160229
8.200246059819963e-5
0.00017041780538139956
0.00011482034223929752
8.682481090990096e-5
0.00014615894130929827
0.0002778606312647987
0.0001706166452737981
0.00015097154214250078
9.296689375179815e-5
9.77161644184002e-5
0.0001584803756456976
0.00010766939643859844
8.907685594820164e-5
0.00017474210836360138
8.058132652620162e-5
0.00015387728302470108
8.940300376979876e-5
0.00010166111305580025
0.00014194841746039896
0.00011622488767040057
0.00010822025822559977
0.00017388915472020192
0.00017103531586469892
0.0001364881765870997
0.0001526848980246999
6.685617970170199e-5
7.751817113029955e-5
0.00011423556141009969
0.00014049056099619747
0.00012488039416960056
0.00010308091944660064
0.00014154391342139847
0.00015159793801830176
7.019240271469857e-5
0.0001606965398554018
8.930792928640158e-5
8.545783826190145e-5
4.292145092129815e-5
0.0001417548426206998
0.00012667740796330068
4.4190504857301305e-5
0.00010045588780080092
0.00018142144365679985
0.0001566217969731984
0.00017272174604649956
7.896189589930158e-5
0.000177544432086299
0.0001385705784027018
0.00011200252864580068
0.00014932545586790122
0.00011475218123829789
2.359692283850079e-5
0.0001357338466090978
0.000166135894556399
0.0001333529829441009
0.00014220355973900214
0.00013999290609580106
0.00013191011598719798
0.00016910476263630111
0.00017226250200829893
0.00010780837743459837
9.920714013540027e-5
8.867194172039808e-5
9.768024171580292e-5
0.00013422344151390111
0.00011241268570939822
0.00013779883773339802
0.00012458846871760132
8.48642122752985e-5
0.00011751159136169989
0.00012119329960239705
9.175335337219953e-5
0.0001369672096654985
0.00012785288428459815
0.0001261607996844022
7.172842393770099e-5
0.00018012393435959742
9.034343775399939e-5
9.23286581786982e-5
0.00012368698090620134
0.00014688435326149982
9.207266563890024e-5
0.00015154953117599984
0.00014349946787900122
0.00016225252626300007
0.00019681501118000086
0.000116956642962001
9.76136743621979e-5
0.0001058169765337999
0.00013942785348959943
0.00018312393307870142
0.00010301728646330138
0.00010784864162829977
8.228772732319853e-5
0.0001288589941564021
0.0001332337819496994
9.97698770147e-5
0.00011652646467470024
0.0001999967198945997
0.00013138721191690086
7.544066486490225e-5
0.00014920188733959922
0.00014226460752610193
0.0001543519007920005
0.00014380463629979842
7.696098628779888e-5
0.0001440837814068001
4.85730262002014e-5
0.0001451674631901996
7.239121196650142e-5
0.00013810154018540147
0.00018098975853189994
0.0002078770606708004
4.662938349980078e-5
0.00010397100288159905
9.395619801650171e-5
0.00017574285969389897
0.00011803791778330214
0.00010142349330439712
0.00013718446186660252
0.00013724486337890127
0.00012508400518449966
0.00015986791422670232
0.00011793225566769996
8.035150595089857e-5
8.815122520619903e-5
0.00014177017231650074
0.0001155172945538005
3.759603868479927e-5
0.00015466374900580115
0.00010978224172160031
0.00011459788820229744
0.00012760366204299725
0.00013005397104060012
0.00013385561221690087
0.0001345692750434023
0.00013103989747050016
9.596740229660117e-5
0.00014023595554399707
0.0001496914140394004
0.00016079332367200175
9.693830098420064e-5
0.0001084090870538991
0.00011786738137870012
0.0001741511172331997
8.756158494969968e-5
0.00016193684513390177
0.0001591471171796012
0.0001919262879440005
0.00014521412464759895
0.00010642058364560003
0.00013006450350339788
0.000134143109490302
0.00013222554666660058
0.00010104257635809924
8.124696957019853e-5
0.0001250440252462022
0.00012079542635340043
4.425695820560113e-5
0.00010957727716209842
9.330997894359955e-5
9.341493644560162e-5
0.00011233189277869843
0.00012080758492730159
0.00011806667953440098
0.00011018699175580071
0.00010688558455240055
5.830346110259968e-5
0.00010238836314669861
0.00016185119564859907
8.571822959430042e-5
0.00013708276258769803
0.0001066352087122982
0.00011292882619520078
8.738727662250048e-5
5.4162939621498624e-5
9.033955645250044e-5
8.48338837661014e-5
0.00010691646389390103
0.00011831110968799768
0.00016292104360440124
9.225868862679926e-5
0.0001603628470412989
0.00012508356739190235
0.00010517254962989775
0.00017559405914020082
0.00011094311192010042
9.787641643799888e-5
0.00012136800575609716
0.00012695520263170113
0.0001502857561613974
7.930620941579841e-5
5.935561339830142e-5
0.00011141389217070308
6.199795244180017e-5
8.679505703549847e-5
0.00016255646494890003
0.00010850669509500019
0.00013950284332800086
0.0001822346659811
9.624952502880132e-5
0.00016080531089220085
0.00010013509864150241
3.67096062966997e-5
0.00017735379836250273
0.00019024461814329957
0.00011536004203279923
6.316900325589736e-5
9.189226950980303e-5
0.00018985177105359727
0.00016205267506410118
3.4143046750798045e-5
0.00016512434949460253
0.00013311462795470227
0.0001222900359564988
0.00018271667600519917
0.0001284750667810003
9.455266170879661e-5
7.029003959660093e-5
0.00017347829701929926
0.00011133806742509925
0.00011182342870229983
0.000109807537612399
0.00012133971519880105
0.0001097212998782994
0.00014574832853480116
9.624169175409883e-5
0.0001326745358690984
0.00018135944541869745
0.00016834943403210012
0.00015472353830990257
0.00014649316079520108
1.3732243322701204e-5
0.0001355152737070979
6.158210068000006e-5
0.00014928229018430078
0.00017745680276280013
7.248331835400107e-5
9.960696640439956e-5
0.00018911584830319864
0.00012995814912369896
0.00014491989100279962
0.0001133543570464024
0.00013455894711759953
0.00015645926432139926
0.00024446779022919973
0.00012507749833750095
0.00011951193889109951
0.0002138977202518974
0.00011409274196470115
8.444585491700074e-5
0.00010118109565140226
0.00010729549585830264
0.00011168861416720188
0.00010371595486059759
0.0001239351299185988
0.00014816111541589988
0.00015074335354979887
0.00010478133766519959
8.417880959149873e-5
0.0001025631309209997
0.00011905026651230083
0.0001668776968123016
0.00012480174522160048
0.00010408563526649942
0.0001514220228270996
8.412555813819972e-5
8.965236966860038e-5
0.00013386748574800017
0.0001130765936126002
0.0001654518722795026
0.00013731068464700041
0.0001270606574206995
7.03054753872015e-5
0.00010942260682969898
9.10435821353979e-5
0.0001291145045516015
7.549577795420287e-5
0.0001153209634927009
0.0001335482556143984
9.795476804280029e-5
0.00017249811867580192
8.716323743790041e-5
9.648779799030158e-5
0.00012481132256629904
0.00015368269732169912
0.0001523952714582999
0.0001770547653682994
0.000144166107832501
0.00021887524623890112
0.00013836161715589934
8.82280280409993e-5
0.00012831468148749928
0.0001255544582005018
0.00015170333003899916
0.00013844092097619817
0.00014653642625079774
0.00016815337875859815
0.0001192376363403011
7.684662113760163e-5
5.370529525969975e-5
0.0001283638872460989
0.00020332193039430263
0.00014159217258859907
0.00013315446148489882
0.00015453278420870034
0.00019390021960330114
0.00015231723079109707
0.00012641107546940145
8.860374439529847e-5
0.00018452344042649976
0.0001931931829203988
8.590147022909805e-5
0.00017346828396539934
9.16099243070019e-5
0.00012662137589960001
0.000122005668772001
9.326078649459987e-5
0.00011813865292350026
0.00011961945162460019
9.435860948179761e-5
0.00018689111057939786
0.00011305689585859938
0.00014854118688229986
6.97034028066014e-5
0.00018555761331390253
8.287283109960006e-5
9.135515577679901e-5
0.00015829870539869895
9.421828049049896e-5
0.00010539694990439885
0.00014935980364180063
0.00011174071304750205
0.00012154738210200244
0.00017227232994180067
0.00010567680193819887
0.00012287598346279877
6.944988343060218e-5
0.00014978700228060124
0.00014414222360700085
9.793616699350222e-5
8.092443208990163e-5
8.284167200939968e-5
0.00015604711786709746
0.00010678914532030043
0.00012673473909460137
0.00019475834128760208
0.00019263890043139803
0.00011457946709999764
0.00012721552424639973
0.00014807432729150097
0.0001250323457676998
0.00019681857775899828
0.00014226262652470081
0.0001597507503774999
0.00015851382260100022
0.0001213189712287975
0.0001733557058726
4.511577016829901e-5
0.00015668578263890176
0.00015309960196289996
7.734020308599807e-5
0.00018644917019509932
0.00012856549014590019
8.35779313387991e-5
8.157610947250038e-5
7.340484442639947e-5
0.00013339079126140074
2.444495717770015e-5
0.00015145715539409757
0.00011597087927039951
0.00011928200230900202
0.00012285010228809887
0.00010196153104510136
0.000137964672013699
0.0001396492206882996
0.00013782564136240183
0.0001585652154454005
8.913524004250037e-5
0.00020440243109360115
0.0001430318031216994
8.113386314809873e-5
0.00020131486979799856
4.508238670229703e-5
0.00013800682737769715
0.00016547170460009739
0.00012135323669959855
0.0001318752370810007
0.00014014938636129973
7.820019448709706e-5
0.00010887571707589999
0.00013524115532759923
0.0001461692328891019
0.0001323900053506015
0.00012003452438759735
0.00011479563675529866
0.0001246821025752999
5.145080162879956e-5
0.00017434972853319977
7.728946932070158e-5
0.00012637084082000108
0.00014055745220310084
0.00010482076534919921
0.00015800711022069883
9.61124309373021e-5
7.605536618819977e-5
0.0001434742372961005
7.108192708170022e-5
0.00015211539001909816
0.00010353353081760108
0.0001863795071905018
0.00016880357239339866
0.00010923418334640028
9.648127805160153e-5
8.408440387900132e-5
0.00011152089260360251
6.848211031980009e-5
0.00015451272975420052
0.0001232791581263007
0.00015856132874749948
0.00011077487563010066
0.000128298935951697
0.00011324655628979982
0.00014889053127120286
0.0001553756155396012
0.00012143339059639963
0.0001102031365693007
0.00012196136962179874
0.00016889944044560026
0.000109274635345602
9.492095647040122e-5
0.00013854867669019916
0.00011061927813130201
0.00014019219535870223
9.811193964620255e-5
9.452983092890152e-5
0.00010513242242440185
0.00018954185187389921
0.00010728702298480261
9.834111135489931e-5
0.00010494047871079798
0.00010148879825440035
6.715450003300094e-5
0.0001342806623596017
0.0001225565601907022
9.568143962379941e-5
0.00010531003509160058
0.00011918872349839932
0.00015644105878200032
0.0001400830252677003
5.8889101533201454e-5
0.00014265210211360235
0.00010137683180960061
0.0001358502130742005
8.516749213240138e-5
9.806685501860188e-5
0.00014277368052700162
0.00012047339984330024
8.99599251951988e-5
0.0001641278318685012
7.881116158460141e-5
7.496100595849944e-5
7.064042437089982e-5
0.00010736954706199939
0.00011548015501080047
8.985595886720071e-5
0.00012132505447380246
8.534435627759879e-5
0.00017809151160650197
0.00010909084829180057
3.6395684781601045e-5
6.96200925320023e-5
0.0001359471025748002
9.794848467109887e-5
0.00011969556763560124
0.00010698260219970182
0.00015056692725989862
0.000164431835326901
0.00016581218752429946
0.00013721450354660034
6.250867784660108e-5
0.00016128230982270092
0.00016654857287149924
0.00011426598787070072
0.00024003745817170047
0.00013648615849460102
0.00013078259936830094
0.0001842757557593
0.00015405973417369906
0.0001268742501300997
0.0001491361568739004
0.00013087073394969784
0.00015754294265230007
0.00011227445870919811
0.000140859676239901
0.00015027309864320063
0.0001770065345846998
0.00013354644025469903
9.982415741029843e-5
0.00014760999022329913
0.0001421663087382008
0.0001201424605835992
0.00017547205377939704
0.0001473749194450015
0.00017353078262359947
7.311425513659847e-5
0.00016459644752330263
0.0001096406895424
7.884896725050133e-5
0.000141402569771399
0.00012839752834609836
0.00014852495958190062
0.0001506623236192002
0.00010086566602380068
0.0001637753257231027
9.33771450662979e-5
8.308051658450014e-5
0.00016931266051480043
0.00011338421957889783
8.818089367259793e-5
0.0001703534616013004
0.00013479459759190016
0.00011795099876089898
9.916720038029986e-5
0.0001394624768582993
9.785972063349954e-5
5.0546364225100004e-5
0.00011152832442129848
0.00014481495273249712
0.00013032732369469904
9.592656893819829e-5
0.00015203403647600158
0.0001327796236420993
9.668859613129813e-5
0.00014079808488240073
0.00012896769006360068
0.00017633653695050058
0.00017049726533210213
0.00013332515798479896
0.0001598817061253012
0.0001312210985350004
0.00012641329258939946
0.0001084217741301012
0.00012418165578840026
0.00014473447896060088
0.00014807499099970048
0.00013557544200649974
0.0001233620953772982
8.551397719959788e-5
0.00016280028670490054
0.0001242874270754972
0.00010052298471810092
8.69851130219021e-5
0.00016417865436179832
7.361229695170002e-5
0.00016880911800620096
0.00012628516923120225
0.0001549001488012
0.0001667933152019012
0.00011644696857599987
0.00011020638066170166
0.00019815762687210026
0.00011827635550390111
0.0001717938007930013
0.0001165848896581001
0.00010320142930689974
0.00010351974763590094
0.00013396028307159982
7.541236274639929e-5
0.00015096959063300164
5.908664011770176e-5
7.696942250640104e-5
0.00016012538046259947
0.0001248737063156008
0.00010828250573519799
0.00014685866516450305
0.00021682847090180243
0.00014934331975910084
0.0002109487273297024
0.00011139264994090153
0.00015382340961630006
9.741113278780023e-5
0.00017629228323460047
0.000109674945170498
0.00013490099516630036
0.00015970143976000092
0.00016285152728329894
8.814462897010003e-5
0.0001134999191464009
0.00014527349501559927
0.00015720506566909917
0.00014145092792250055
9.437204828510043e-5
6.752828137560063e-5
0.00011098827781649834
8.76065623055984e-5
9.756329561960014e-5
0.00012345267048910133
0.00017733569869229915
0.0001401271708331986
0.00013856719180710061
0.00012123293131209925
0.0002108772074792993
0.00012361775074659978
0.0001043739133315992
0.00015675294627950226
0.00012563802757200107
0.00014416435576089862
7.734513872919777e-5
0.00011806737106849832
0.0001345722708651978
0.0002133755254250004
0.00010995881817759887
0.00016069028567879812
0.00014703220634220207
0.00012176759452450087
