0.0009527545548831985
0.0008339022842127029
0.000916537101649198
0.0008201116768594002
0.000914973597109299
0.0009226175507967005
0.0007183330199229988
0.0009161229500092988
0.000800738200979801
0.0009031607849527973
0.0009437472076425993
0.0008402738465106002
0.0008687593490803967
0.0008793841115330991
0.0007312836121184975
0.0009081896682513989
0.0007824816963402995
0.0007722905099925015
0.0007709430110313005
0.0010342134390189002
0.000823304943922
0.0008177978787541999
0.0010628364212635008
0.001125102587871199
0.0008788824384784004
0.0008333293497070002
0.0008718027368875975
0.0007660488068160012
0.0008218956242569027
0.0008532169864166987
0.0008245936776797025
0.0008492612292470003
0.0008957328888047032
0.000844088200668499
0.0009032304233385982
0.0007630877439648992
0.0008576015641342007
0.000971529414627699
0.0008450952243919015
0.0008523024484894982
0.0008327584138570002
0.0007002324553343001
0.0008685319225452993
0.0009977490550317006
0.0008479606891293005
0.0008384133170392001
0.0007476837983385019
0.0008740865816548003
0.0008923370481444988
0.0007459512272243
0.0009263909071397999
0.000709063200944101
0.0009374946761028999
0.0010574643930286003
0.0009286560375250004
0.0008911276594421001
0.0008393538934395005
0.0008006326674675004
0.0009224040304899005
0.0007969082709662033
0.0009195543560925994
0.0007594952853488997
0.0008807513865355006
0.001016390651976
0.0007493332217012975
0.0008290243237411982
0.0007725061720764009
0.0008959514162446974
0.0009851933041479
0.0007556235806714003
0.0008715590598832
0.0007983291356611008
0.0007380574725530976
0.0008445942834225985
0.0007963786434815011
0.0009703488636311
0.0007791959485210984
0.0008827840851638007
0.001004070209225199
0.0008424832051997996
0.0008037992014853015
0.0008869442886049982
0.0008617380736473008
0.0007632462333291984
0.000926614513623001
0.000985502000814098
0.0008059354650751006
0.0008825130546253994
0.0008879405210258998
0.0008652559751450989
0.0009462167534470024
0.0007849744595976003
0.0008003354362146019
0.0007284217685850011
0.0008209013758483999
0.0007938947326927986
0.0007847848881304999
0.0008901928774956019
0.0008099679066917997
0.0010877677967561991
0.0008385253152850998
0.0008867703554700998
0.000850680951750702
0.0008993262268933017
0.0010056771155357996
0.0009774863445332002
0.0007970076979714989
0.0008546344675791004
0.0009425060686558996
0.0008825233565472983
0.0008634746240606984
0.0011056964114261013
0.0009494931839234
0.0009530810805814006
0.0009024288984219031
0.0008354180036488981
0.0009040613233675006
0.0008303741368130002
0.0007909188228347012
0.0006844352768778997
0.0009031564881543004
0.0008128001029249973
0.001121067850156001
0.0007490608283683003
0.0009023188749844001
0.0008993002394182999
0.0009072382721438017
0.0007488971065022984
0.00086752392512
0.0008562567495490996
0.0008948571820307991
0.0008611013992492998
0.0008870210506789974
0.0009411686415148994
0.0007843723543734006
0.0008845601614525002
0.0008147102278483996
0.0008689806577101
0.0007335852045197988
0.0009548137213923023
0.0008296267663669976
0.0008575190593229018
0.0008597344604009995
0.0008724368628975979
0.0009448928930129996
0.0008617001523310991
0.0008305986744846991
0.0008439292328711011
0.0009139092261494994
0.000766872077975201
0.0008655236840850004
0.0007231189669580015
0.0009407773381897022
0.0007927721695735988
0.0008985798657836011
0.0008574174066429997
0.0008230721008028012
0.0009858433189879022
0.0008808294173251983
0.0009317625374062992
0.0009184023591095013
0.0007869215863392995
0.0009383658589979978
0.0010150263735197
0.0010262624629440997
0.0008057523428364986
0.0009238100762900998
0.0009652285823009005
0.0008943886859058975
0.0008272109030120003
0.0009022628558243012
0.0009526679626877012
0.0007751949151782005
0.0007566144783372024
0.0009265213714769981
0.0008027760708104979
0.0008810056151548999
0.0008658584922250009
0.0007340126759327013
0.0009593381853453993
0.0008445244394970006
0.0010034538361336984
0.0010010019439899986
0.0009790374407680005
0.0008961266166302023
0.000836162526198201
0.0007812640403720011
0.0006952763531106014
0.0008394015127252998
0.0007994537247973006
0.0008559277594930997
0.000942797413994001
0.0009143877767406015
0.0008257098519963979
0.0009302230026617987
0.0008146134329405988
0.0008004122051629009
0.0008703079139176992
0.0008238047661357009
0.0008775602504632017
0.0008880875808619029
0.0009057251848097018
0.0009230981916301985
0.0007904699114692007
0.0009061929459144996
0.0008524835181878999
0.000964629757001699
0.0008100576035196989
0.000772605868118597
0.0008018369818418997
0.0008022993229409997
0.0008580077532444989
0.0008145120086874014
0.000868300144744899
0.0009466084359010009
0.0009603372116405995
0.0008211428606147986
0.0009113674630467986
0.0008185759332270011
0.000663788874519497
0.0007959188776986009
0.0008974782228019021
0.0009199075673807025
0.0007079454465825016
0.0009243698456671001
0.0008730987790522005
0.0008570251385341988
0.0008507046391344995
0.0009353546585273015
0.0008089703709233016
0.0008819287592424993
0.0009362623071589998
0.0008332409081480002
0.0008317631179315978
0.0007839660721467023
0.0007012289073855989
0.0008443291215067018
0.0008618230551525989
0.0009904683079061012
0.0007806923472567021
0.0008687931162632001
0.0009038807185939995
0.0007413013292297023
0.0008669583609233998
0.0007600533205636001
0.0008078770962941031
0.0009258647652587021
0.0007538184303791003
0.0007879975981899996
0.0010019363852157986
0.0008443627363891003
0.0007330671020121977
0.0008209323457624013
0.0008341427209384994
0.0009012255102351999
0.0008311749328168
0.0008129518580747008
0.0008956826120287975
0.0007156750068801031
0.000833574737805598
0.0008981997938477017
0.0007084970220751011
0.000956913747466398
0.0007947697851742978
0.0010154651046767015
0.0008155180072852014
0.000946197642462298
0.0008006854580351018
0.0008906576750959995
0.0008149941901411002
0.0009093936712183982
0.0008905275916627001
0.0008895345999854025
0.000725216469360402
0.0008484514829552002
0.0008674550977097011
0.0009489148604195988
0.0009807160297446993
0.0007553210912099005
0.0008713072058955003
0.0010499718048666007
0.0007789872476928993
0.0008719126165382014
0.0009017379887808
0.000958466860103601
0.0008145918128143019
0.0008040806351658006
0.0008930294108457013
0.0008549438199473985
0.0007946051326834999
0.0008158950362005014
0.0008442962306955994
0.0008243069438947995
0.0009324177697280014
0.0009569591435003022
0.0009040420762702998
0.0007384609665782998
0.0009418127847295003
0.0009928112352369026
0.0009176577207252005
0.0007893909198962018
0.0009402672727248998
0.0008229769980559985
0.0007310894829255996
0.000911760876233899
0.000841751195785799
0.0007418683523211997
0.000860136770067299
0.0007901561544855981
0.0009306221829985008
0.0008263455794711994
0.0010633825538922982
0.0008563332685155023
0.0009195376065995013
0.0010161666448635018
0.0009360357079852
0.0007903988402370998
0.0008286061135687021
0.0007694704965421004
0.0008528668209241003
0.0010018476842468989
0.001010208919970501
0.0009436611289816987
0.0008670115751329005
0.0009190382443316977
0.0008574630092667984
0.0008518481651944021
0.000837226395495199
0.0009147561034007004
0.0011170273974013024
0.0007225346293666009
0.0009349160578054974
0.001055987803934899
0.001045949713914203
0.0009757856569270994
0.0008795496585485979
0.000715706290919698
0.0009453168057278992
0.0008530308083646992
0.0009413566857426024
0.0007719722804971005
0.0010606888066137
0.0008803313182520998
0.0008619341718575993
0.0009097044906457991
0.0007660464190869
0.0008039770679676012
0.0008106431982672982
0.0008090130285159994
0.0010245490626389978
0.0008733017975104014
0.0008465580970655993
0.0008382539914462972
0.0009585229491779999
0.0008254087688144007
0.0008366606513363975
0.0008142095399926996
0.0008174166465905013
0.0007550666363954003
0.0008728736048245998
0.0009786983388310987
0.0009718543021087975
0.0008700346521786986
0.0008214792023621999
0.0008713525109046993
0.0009088584892266993
0.0007970309842574019
0.0006770285939045988
0.0008174830073561998
0.0009690671730452974
0.0011055310050944976
0.0008386644691720027
0.0010425721206152004
0.0009626351775506997
0.0008172856406284991
0.0008592239582073009
0.0010494537187449998
0.0009713016853202007
0.000718421932921303
0.0008564097106348
0.0009643402109407
0.0009050860823064007
0.0008640322105250009
0.0008663818588616999
0.0010549084620481985
0.000894571652514501
0.0009419149577490002
0.0009021358623833992
0.000905433627300601
0.0008224674859155026
0.0007816766040768981
0.0008180764302674996
0.0007353401581538001
0.0008618253066919983
0.0008737494166108986
0.0008061602211658012
0.0009410055088187978
0.0008211197468435995
0.0007349178363733992
0.0008904765044715976
0.0008864740046686005
0.0008042879838223993
0.0008232646072738985
0.000902788734642699
0.0007660229884760006
0.0007517502988245023
0.0009280637026236986
0.0010529633331974979
0.0007311121262091012
0.0009737394345457999
0.0008304437612660018
0.0009091484938842029
0.0008928084859806014
0.0009245323583692011
0.0009343230101629997
0.0008034942727359017
0.0008891470955990008
0.0008136855427329018
0.000934925009768401
0.0008196369022283011
0.0008342157036178022
0.0008405069584778019
0.0007794878815370991
0.0008445135063797002
0.0008778112974835023
0.001022240501358098
0.0009221708939546013
0.0009094730799447982
0.0008495671169519992
0.0008552390147191016
0.0007788978827178994
0.0008680247090719004
0.0010608369994473989
0.0008417433818107001
0.0008096507921435021
0.0007546795920654013
0.0007537290109993003
0.0009653971868619007
0.0008216966610911994
0.0009760025903038025
0.0007934862356582979
0.0009342556607772994
0.0008258790174824997
0.0008688704261301979
0.0009254387874132013
0.0008877920273968019
0.000901159800961001
0.0007867031266154019
0.0009298755000532004
0.0007940828089427997
0.0008866816338390995
0.0009496835057030001
0.0008019510250704999
0.0008358072510287022
0.0008651396522363977
0.0008990784049190022
0.0008218374657850969
0.0007833032385754987
0.0009961183045889
0.0009494889893720028
0.0008570781297645991
0.0007835442864651994
0.0009989611883373002
0.0008897706103900976
0.0009186052582060983
0.0008401935787239988
0.0009979665826458026
0.0009812242579770002
0.000911378821763599
0.0009336763078122978
0.0009445776271746996
0.0009568367882087994
0.0010572270505279993
0.0007695480230131002
0.0008287677766797008
0.0009026704296304991
0.0009532154198640015
0.0008857033342616998
0.0008004575387955022
0.0009009535488990993
0.0008205462742413017
0.0007781400291757001
0.0008097474366321016
0.0008484621549753012
0.0010501496085254004
0.0008312952526756019
0.0008166523033150998
0.0007921527267867982
0.000864154287812998
0.0008089509772344003
0.0008543463858547984
0.0009239297048558026
0.0007794028663324001
0.0008724321342968994
0.0009114133803259997
0.0010652640158725982
0.0008235063364242998
0.0008457075471306995
0.0007440182356760992
0.0007969462637887996
0.0007551333166561022
0.0009527820996918998
0.0008705364877535995
0.0009087415963696006
0.0008738098017397992
0.0009605285869227001
0.0009163834262048004
0.0008059070924108999
0.0008973305798304979
0.000815974499632801
0.0010299049266692013
0.0007059847094887002
0.0008475068480988009
0.0009679563660309996
0.0007904681110784025
0.0009270683761053028
0.0008162119029156006
0.0007912259898814993
0.001015194092558
0.001068927741896302
0.0008628784981269018
0.0008976649525364033
0.0008122821758206993
0.0008781249017070988
0.0007382241916863985
0.0007871802406927003
0.0007361812232048008
0.0009517060012905025
0.000864868311695001
0.0009442210661156011
0.0007082342029922015
0.0007205696974991009
0.0009004272517262012
0.000896762823987797
0.0010785554129674017
0.0008283649107156989
0.0008730690843089979
0.0010726881949901998
0.0007921080525725988
0.0009203720105644027
0.0007985234697404017
0.0010179815791005985
0.0011358519274285023
0.0008840389268793998
0.0008005238491342985
0.0008120466754076988
0.0009614452459925996
0.0008442017127089016
0.0007924758512006976
0.001064284998722801
0.0008369060335979978
0.0009038713990652987
0.0008208849735905008
0.0007661392016060989
0.0009109463116176997
0.0008141993809063011
0.0008942108596701991
0.0008728722224170017
0.0009593126800722974
0.0009023501386086
0.0008468126345501995
0.0009401921628197987
0.0007727476335163998
0.000863877622840601
0.0008806071884375002
0.0009244808778383004
0.0008847594154539999
0.0007992056674725988
0.0008147428882924017
0.0009520385788883007
0.0008200421755727993
0.0010432046651627988
0.0008285684480131006
0.0007905793407585009
0.0008109238161744005
0.0009421509876588983
0.0008362076288277974
0.0008171603204897016
0.0008222658987728018
0.0008921801713094001
0.0007238781590999978
0.0008136540517874984
0.0008002281808810983
0.0009045204869941002
0.0008373369661081979
0.000815458116232199
0.0008366292652397002
0.0007919220492394984
0.0008784969538774001
0.0008518049122192006
0.0008948434117458
0.0010118284994014015
0.0011095429536701028
0.0008540556514174992
0.0009002295365778019
0.0008570825451585003
0.0009590134106328002
0.000779506510818602
0.0008872263298796007
0.0009954160168584997
0.0007366830489206021
0.0008833435419620984
0.0008359100398480021
0.0008431545258128989
0.0009828023010860013
0.0009040026188926985
0.0009586144239257001
0.0008025985659891981
0.0008307295129761014
0.0008531255951500019
0.0008841438122503993
0.0009402144198207008
0.0010984597750637003
0.0009288241254343001
0.0009423489797934989
0.0008905312879811007
0.0009998635123773005
0.0009228853329194993
0.0008773769007193004
0.0009629963022637009
0.0009145318019436986
0.0008393989015355978
0.0009054890117709997
0.001034860038229602
0.0007873878208549991
0.0008331832792232013
0.0007622970749945994
0.0008507719530240002
0.0009463357401160027
0.0009558007361739999
0.0007977461431183976
0.0010542225651161002
0.0007972038590271027
0.0008708852088930991
0.000919606630213201
0.0008703578702187013
0.0007684217383491995
0.0007778186602718992
0.0008557276248987999
0.0008742551408127998
0.0009299713564721
0.0007787057599734984
0.0010308307558023026
0.0008642118911602985
0.000876006825267301
0.0009387544032041992
0.0009127105930692991
0.0007489316124595982
0.0007430168507768994
0.000774640996253597
0.0006908435170077977
0.0008886444406673022
0.0008362105605894017
0.0008132335683485002
0.0007859489414661011
0.0008721667110514995
0.000777074617177801
0.0009381137210411998
0.0007357436252187002
0.0008967756989086001
0.0008431211038142997
0.0009259955383209006
0.0008724200201108007
0.0009139918088181993
0.0009829405224829023
0.000848358428214898
0.0009170564174451994
0.0009740139818532993
0.0007852054242043979
0.0010149382580018976
0.0008439318609080003
0.0008904597020704987
0.0008352907288429988
0.0008707173874132022
0.0008631839354500993
0.000861977877952301
0.0008994717282271997
0.0009140900170124013
0.0009009958593396011
0.0008181682660371968
0.0008393230955687017
0.0008130315989067008
0.0008392514854338
0.0008677309101202992
0.0009152140984469981
0.0007823571819001
0.0008517711904022993
0.0011309422931342003
0.0008657560027135018
0.0007996649020694004
0.0009434830366958982
0.000857905803755301
0.0009015466508476982
0.0006924555860008987
0.0009936826080699027
0.0009121711741571989
0.0007972451120691997
0.0008859892509375002
0.0008295571441028007
0.0008187898810162013
0.0008314235281986007
0.0008529260067960988
0.001037376764465501
0.000786420159744998
0.0007372656286516004
0.0009270862113362997
0.0009373500484469999
0.0008334950754406018
0.0008172885743024001
0.0009181850238562002
0.0009029040466181013
0.0008776555537325995
0.0010429903184502008
0.0008107245586400011
0.000885721238363401
0.0008828114421318006
0.0009301515765366974
0.0007992083729184973
0.0011158727735023008
0.0009777285794598974
0.0008198080419494005
0.000818734590219302
0.0008804078347937998
0.0008283494785844003
0.0007794409484092012
0.0008096432013503033
0.0008531542101504024
0.0008219025493355972
0.0009067128438874014
0.0008598045677390975
0.0008923062526724999
0.0008236586843020019
0.0008535134589505999
0.0008129021665867001
0.0010391747715428994
0.0007669451001047004
0.000824624902985599
0.0009404547164180016
0.0008049210394062006
0.0007542791513785972
0.0009118574362565017
0.000784010701616801
0.0007094790948004998
0.0008307705112135001
0.0008846339046403029
0.0007836042397137977
0.0008327859970231992
0.0008973463257658
0.000904104928064
0.0010542563721407973
0.0008104315716569027
0.000867903399591502
0.0009495528167806008
0.0007852999841243997
0.0009321709088001007
0.0009404471480928996
0.0007263658478459979
0.0007214736260059001
0.0008352890017276002
0.0009723107489961018
0.0009903931758153996
0.0008733316192549023
0.0008453845541104982
0.000815627139220499
0.0008467681991994984
0.0008806271709177992
0.0007598713434315008
0.0009834362439308
0.0009595277006315996
0.0009734982474242024
0.0009280096949450985
0.0009970055544168029
0.0007787935436359
0.0007919587085107004
0.0008698571592198993
0.000800309384665198
0.0008643271349987013
0.0008665888422481997
0.0009693765300295004
0.0007933466208269006
0.0008067240232343016
0.0010238213960827997
0.000873295279533802
0.0008612114070504009
0.0008362491334730979
0.0008897311388508973
0.00118214624192
0.0007977625323976022
0.0010131993915679996
0.001026937636301399
0.0007893651597234014
0.000995874430564099
0.0007372472123781983
0.0008628988631308003
0.0009962378097140984
0.0008979581575221003
0.000816562845341498
0.0008806189856374012
0.0007865054836628006
0.0010077422930728011
0.0008425720936191018
0.001046484832222399
0.0010427203872988011
0.000726044307468799
0.0009077980582463986
0.0008678658856035998
0.001105507919841299
0.0007812925854712022
0.0006998944891675983
0.0009591453861033002
0.0008612814167297984
0.0008602575880100986
0.0009736222127473999
0.0007585736041899986
0.0008410612982370017
0.0009075631643274996
0.0008034294318747005
0.0009208644473770004
0.0007853426652306983
0.000921102009604699
0.0007615481176575997
0.000735527550747201
0.0007785524107681019
0.0009245905539673992
0.0007707924797089004
0.0008223104376516993
0.0008701812953462
0.000813133867120102
0.0008990512814447023
0.0008644160733335994
0.0009311372933466025
0.0008290233164049976
0.0009874041218712014
0.000828650080414401
0.0007543589519198972
0.0008524049132783984
0.0009342636486594016
0.0009045931764288979
0.0008206977697621
0.0008811769386023009
0.0010468559132122968
0.0011126563520021011
0.0008235010673728997
0.0009187267940583971
0.0008859839820215994
0.0007963955986355006
0.0009233534236256988
0.0007754545469101995
0.0008303889993853987
0.000803302508483001
0.0008230698149335018
0.0008330209277787985
0.0007820323808784002
0.0008707166710733016
0.0008222035812643011
0.0009758533812042995
0.0008847725242345991
0.000787949518995603
0.0008651087704495998
0.0009524296079630006
0.0008081238208013028
0.0009055706261177007
0.000791008909698597
0.000970171603881801
0.0008288920661484005
0.0007713304686940009
0.0009343067056946999
0.0008254583415960026
0.0010374454515542988
0.0008854673920801991
0.0010114091061723014
0.0007979712073910988
0.0007648778261016009
0.0010767579254914
0.000862503148470601
0.0008899909705123027
0.0009675225553643987
0.0008734655141952007
0.0009150672164698996
0.0007435317931568999
0.0008870817397787015
0.0008310099806392995
0.0007933622108503985
0.0008953927568813996
0.000873750595392301
0.0007290031409891984
0.0009382174557725984
0.000856987143984099
0.0008205605066867981
0.0007271789915958005
0.0009215792581253983
0.0008630978075686996
0.0007652184372894978
0.0008429558957273979
0.0008947361526218979
0.0010742159110645015
0.0008217396918830007
0.0010709823994171017
0.0009537016744249997
0.0009660742048226006
0.0008410534916773009
0.0008021063214662012
0.0007950152671118982
0.0008961006505019999
0.0009089732033146988
0.0007672257405451008
0.0009705283533289998
0.000897575804004902
0.0009434386265712025
0.0008380248030873984
0.0010006695674305982
0.0010041148293718008
0.0011670187451143024
0.0008650607210179996
0.0009487862575401004
0.0009355632339362006
0.0007811609881711
0.000952144907981102
0.0009402751297872998
0.0009071453345695993
0.0008762368374785022
0.001048025741654201
0.0009260143083320016
0.0007833169968568983
0.0009434231332643983
0.0008771994947959008
0.0009722976047598988
0.0007021638941268026
0.0007965657796269003
0.0008501160543230024
0.0008345541378681001
0.0009108815108301999
0.0010091555206798025
0.0009431906254101993
0.0007837383462727977
0.0008607940223797003
0.0008307245750978007
0.0006782775340928998
0.0007822265969886014
0.0007855824981992006
0.0008828424746140998
0.0008650378946152004
0.0009136663286674999
0.0009547030810813997
0.0007837858725222996
0.0009023648970277985
0.000900659421972802
0.0009324032159479002
0.0010174671316468022
0.0007773876849948985
0.0008100283147881998
0.0008229014914880976
0.0010316711634874992
0.0007571549785381007
0.0009300820359002988
0.0007383397376790994
0.0008463816773420993
0.0007874025005532026
0.0009299126434169011
0.0009998752395363984
0.0008393164419648984
0.0008318630556332016
0.0008258022362110998
0.0008616013345851999
0.0008697075983715025
0.0009347012990453991
0.0009148133438682017
0.000816038123563699
0.0007140258138191996
0.0008631592771716975
0.0008478239645133001
0.0010239467077675993
0.0007935984001731997
0.0008238685781494989
0.0010106064859758991
0.0009813263359854003
0.0008844108453630005
0.0009661232262659983
0.0007825703850158974
0.0009265060834630981
0.0008803405355620013
0.0008312971710554007
0.0008156043974129022
0.0009036100396920994
0.0008149080484403
0.0007390350618452987
0.0010165445089720983
0.0007770839423756996
0.0008689048705443
0.0007838137348094992
0.0011085967322227996
0.0009735142860394994
0.0009330020831567996
0.0008104816607179995
0.0007925486588293978
0.0008800621020159001
0.000716984586488098
0.0008766217439496009
0.0008771481964651995
0.0008427173576318024
0.0010425385637845008
0.0011108978290966
0.000721453937171098
0.0008827855639000001
0.0008290756681969998
0.0009351578176403016
0.0008191422941991981
0.0006904104300215971
0.0008844557037825003
0.0008491627700404
0.0007185815700134976
0.0007997053711414001
0.0010023718109366982
0.0009810726174954987
0.0007983106577110974
0.0008407120553618995
0.0008562516834809998
0.0009214144961793985
0.000910185145863298
0.0008223964988819006
0.0008556177591254009
0.0008550088903871988
0.0007674279608160008
0.0009267731162266
0.0008104861427066998
0.0008683730357130978
0.0007950339607101994
0.001001307813787801
0.0007800352413641007
0.0008514515809797014
0.0008394535068576986
0.0008335482861349004
0.0007751707034535996
0.0008286164074310029
0.0007768203136166996
0.00082139727872
0.0009829292708278016
0.0007974722352287016
0.0008246288807810011
0.0009073056437326997
0.000913354279731101
0.0009953091528817001
0.0007009657386788
0.0007848815767168005
0.0009017473246344006
0.0008935726385927018
0.0009067573588051984
0.0008917325865687026
0.0009151222803445991
0.0008557387031221005
0.0009151169467289007
0.0009996165302335012
0.0008276767114780981
0.0007509944661116992
0.0008477645694527983
0.0008152900756043004
0.0010372473037377032
0.0008826137604305978
0.0008522699647890986
0.0007742066578153989
0.0008760580680128999
0.0009420170660638001
0.0009357637486346986
0.0007046620545787981
0.0008385855795480998
0.0007990815399535993
0.0008365575936442986
0.0008701109875511974
0.0009272657113272992
0.0008734800392269995
0.0007907732968107997
0.0007994025967620992
0.0009236773467038023
0.0009844601264807976
0.0008664811902908999
0.0008585846512264989
0.0008631634869052003
0.0010615213936230015
0.0008413252240281992
0.0008373542261397998
0.0008307590071104029
0.0008575800151077
0.0008283024102545
0.0011016307385690975
0.0008865084402524016
0.0008522745333654005
0.0009938045010720008
0.0008878143063765012
0.0009246161095044989
0.000994605007699198
0.0008423678435787972
0.0007353913121994002
0.0008803181002027018
0.0009127207061585992
0.0008017974000862002
0.0007953364830291
0.0008093130836892004
0.0008734711202715989
0.0007047523029210002
0.0009069302903992014
0.0009322106381467014
0.0008087024299903989
0.001133834622847
0.0007746000547431998
0.0009717957606364992
0.0008171701863215995
0.0007764981078450979
0.000870871751994802
0.0010585647101497009
0.0008588262318505978
0.0008837930867217
0.0008204254912277005
0.0009127017110233011
0.0007929699020962008
0.0008582548948756971
0.0008129281682219026
0.0007862341044132005
0.0008975823705446029
0.000864038171015203
0.0007933347639085021
0.000868491844261101
0.0008249621206039975
0.0009284996459184014
0.000853374154650699
0.0009567202675019974
0.0006800283893621008
0.000875282539888899
0.0009348170272917011
0.0007254650050359003
0.0008891918712113991
0.0008513948537843992
0.0009169906978021003
0.000707417592043097
0.0009671895775284003
0.000917245073407999
0.0009440399611247013
0.0007554168122161989
0.0008232452696836992
0.0007953154202045981
0.0007906087682802015
0.0007795334998836993
0.0009275253621770022
0.0008760882574643004
0.0008985324946311005
0.0009211871437463
0.0009808632630367992
0.0008227049371864019
0.0008924302753906994
0.0008145583402300004
0.0008028107237843009
0.0008884246782236982
0.0010407533881944993
0.0007788335330155029
0.0009028292771014988
0.0010197305605334009
0.0009746326750059014
0.0010984226254983978
0.0007840038749729016
0.0009090843478687001
0.0008607030901735015
0.0008138352726523995
0.0008158781613690005
0.0007618713721363017
0.0007441022389190026
0.0008681033220113016
0.0008842760958824997
0.0010243158288048976
0.0008880313236094978
0.0010566095817559004
0.0009303173504724982
0.0009113322488551005
0.000836967152597002
0.0008731777148804007
0.0008057458081185999
0.0008542971992578988
0.0008634626326411016
0.000885664832511502
0.0008371714870147005
0.0007497298143735974
0.0008258183487894026
0.0007849299099139985
0.001114865032251302
0.0009037810454947982
0.0007758538303427008
0.0008502727887520004
0.0008962697663951989
0.0009684704257994989
0.0010024776999815986
0.0010286632855746984
0.0009681870407239994
0.0008590956701527014
0.0009151498304105013
0.0007749002758009986
0.0007488054650907003
0.0009044124758296988
0.0011092965602562989
0.0008616606555792022
0.0009871399080428993
0.000857334635060901
0.0008318624239309971
0.0008120099456579016
0.0010652851307116004
0.0009889662413201002
0.0008809931962896998
0.0008565652891304003
0.0009911823877239018
0.0010618771434653985
0.000802179987538898
0.0008332129760552018
0.0007604082250470996
0.0008430411137622003
0.0008821767551421
0.0008926431140426003
0.0007690794192597994
0.000808581856282499
0.0009207827383126005
0.0008879891543807986
0.0008582520635879998
0.0009798026174822998
0.0008224969283600995
0.0010090632983175973
0.000940526592446398
0.0007747996388009007
0.0009263008621901991
0.0007942356387488012
0.0009139365111546019
0.0008816567116257008
0.0008419573492933
0.0008013781829389992
0.0009710709014754022
0.0008450228567878984
0.0008444560042246002
0.000936381394686301
0.0008687578032709996
0.0009063157600001023
0.0008417974584821013
0.0010369131722149996
0.0010959762359246984
0.0008093553292272994
0.0007914182415533974
0.0007786824168346008
0.0008168698557179978
0.0008957072243198985
0.0011120009156542973
0.0007495518396929968
0.0009266402210186993
0.0009357640696672012
0.0008962794895681983
0.0009481690423431
0.0008940733677714023
0.0008728118177491022
0.0009384947025642999
0.0009666374056376999
0.0007539826114136977
0.0009131672598717971
0.0008555877831355023
0.0008322183685124003
0.0010237823667222992
0.0010185372968561993
0.0008552054584727992
0.0008233017636012988
0.001032438034795101
0.0007863781910537014
0.0008707006828164027
0.0007925339383603978
0.0009671982833262989
0.0009144187780656017
0.0008232646648092014
0.0008122125487761006
0.0009334184338956018
0.0007978052378851026
0.0006940935459642007
0.0009101092037735008
0.0009424030119886996
0.0007604361342096015
0.0009382200670446997
0.0008021093169098999
0.0008337015664504031
0.0007385023015389
0.0011830077690667025
0.0007514785272262972
0.0011037348553481
0.0008158448101180972
0.0010712053536353974
0.0009135516586850009
0.0009320022198485017
0.0008685659720635008
0.0008467814462667991
0.0008870497123570006
0.0010059891010488
0.0007550112914668991
0.0008111281649090009
0.0008738809524377993
0.0009074595344454976
0.0008824414113884974
0.0008048978074268014
0.0008610224823948007
0.0009303147644516979
0.0008988132398758016
0.0008719648831447026
0.0008040235278141024
0.0008530057445498979
0.0007807345699499015
0.000849837611506199
0.0008264718782624997
0.0008121996051673984
0.0009501599866163016
0.0009116049608424021
0.0008723689184043995
0.0007278930057662003
0.0008636433091914024
0.0007760621801915016
0.0011270469704732985
0.0008983941554407023
0.000687722901658399
0.0010043532915417
0.0006794013406048981
0.0007698962241034987
0.0008237533417138967
0.0009875888219356005
0.0009435332763569997
0.0008443735961680028
0.0007243039751634005
0.0009837021056819002
0.000886655629308699
0.000882287042357599
0.0009105298917765001
0.0007471519184935015
0.0009127271670105012
0.0008432332332372998
0.0007706769834981003
0.0008630254690316017
0.0008462661081444986
0.0008251124560402986
0.0007748833029634014
0.0008022925463492016
0.0011082443698547002
0.000838013339928799
0.0007264318848995976
0.0008970703491547986
0.0008926699022760026
0.0009999826939575997
0.000994243514888301
0.0008261835598539005
0.0008403495885621996
0.0009292622023387986
0.0007952602869878006
0.000863965753810602
0.0008413860214589002
0.0007739018593105988
0.0008693830801955009
0.0009793469607820016
0.0008407629772879989
0.0008442958320344987
0.0008896131071247995
0.0009703047349130002
0.0008857799180983991
0.0008332954292091001
0.000870314828838599
0.0007419429544969006
0.0008429679233656028
0.0009253360651159011
0.0008140367685800023
0.0007428764952070004
0.0007828885326321006
0.0008094722650231027
0.0008200524546566022
0.0008201223675468987
0.0008821780485174999
0.0008679994574228994
0.000860346924682398
0.0009229285977090003
0.0007706555506591002
0.0008650426960813001
0.0008417130311377981
0.0010797862584404003
0.001000977132895202
0.0009259481431642021
0.0007994415493477007
0.0008817748849347003
0.0009132701596197002
0.0008899580007749007
0.0008275414081882031
0.0009136538996692006
0.0008711249948688028
0.000793894545969797
0.0007668985817485992
0.0008323267547465998
0.0008733849691248997
0.000810847794983801
0.0007820733199269021
0.0008577656576839975
0.000789714970304202
0.0009842925114526002
0.0008413303229805984
0.0008601259884978008
0.0009510650732025006
0.000756546971376601
0.000977390294430898
0.0008587353705654006
0.0008748692326325004
0.0007383209984394012
0.0007862574941982989
0.0008796911649131996
0.0007369109837724007
0.0010544619224359016
0.0009420253329242012
0.0008139048081690012
0.0008569140367407982
0.000923492748767598
0.0007556174538999004
0.0008294873042215996
0.0008440352173015031
0.0009371810826841014
0.0011497432698863996
0.0008743105950963018
0.0007725503425521016
0.0009789968066786989
0.0007944036985233979
0.000866131618251699
0.0009041378636296012
0.0009743906130662006
0.0008758582149747986
0.0007688146786224009
0.0010601273321465994
0.0008291435092876998
0.0007357710559768027
0.0009322745347988999
0.0007197170962935998
0.0008062491769268987
0.0008406969790813006
0.0008791252327919018
0.0009549543648278008
0.0007229209065643012
0.0008426551104086001
0.0007565980271921
0.0008709195427918995
0.0007908556166139995
0.0009190885500646
0.0008356565884569019
0.0007507750124115982
0.0008597492030540006
0.0010602683615055994
0.0008036897611875989
0.0009651627725068002
0.0007300528824997973
0.0009279737254507016
0.0009601990526968002
0.0008755681853168003
0.0009428934568979017
0.0009128958657479008
0.0011322990780246976
0.0008512904532964015
0.0008106576044198018
0.0009965056861062013
0.0008476276732807021
0.0010234555943897002
0.0009203338636250002
0.0008590031257474998
0.0009207982631260006
0.0008478953810755994
0.0009838141216122996
0.0008221135453392002
0.0010558915140133004
0.0007925379445195974
0.0008982949847229013
0.0008487619940039
0.0008252103790010977
0.0007240620176982987
0.0008901630108963006
0.0009203425734583999
0.0009209876001976015
0.0008704138305558017
0.0007733067797447007
0.0008615593157347001
0.0007746789431335999
0.0008816721735183004
0.0009969321628625002
0.0009121230758170028
0.0009046793023476003
0.0008107776615286985
0.0009229640355329014
0.0009334596428962998
0.0009355507346247988
0.0010144276769811014
0.0008791613623212007
0.0007557910078439985
0.0009326877932200987
0.0008044787257831983
0.0008206092203682999
0.0008104815161075023
0.0009297533307256016
0.000850466917702599
0.0009847456066162004
0.0009114861987510985
0.000804926057703801
0.0007676884909096973
0.0009089779536344995
0.0010484467231272991
0.0008910992616626007
0.0007951997874194976
0.000932576387478401
0.0009115982619804994
0.0009034427452558023
0.000774800179081301
0.0009845143154533012
0.0008712585649487993
0.0009153762503892014
0.0008578893272819972
0.0008358689542221007
0.0007548033959129986
0.0009363554650379975
0.0009042592116100985
0.0007286425003656984
0.0008155333189176009
0.0007269772532786968
0.0009022269465157988
0.0008798085510836988
0.0007428104721141984
0.0008218325200349992
0.0009453032034420009
0.0009448817183168
0.000957664163951398
0.0008400060793874974
0.0008782355451855996
0.0008600268452606981
0.0009796388325082998
0.0008066904375134999
0.0009634672747876015
0.0011699222898737018
0.000854705359194699
0.0008204571083457006
0.000699265202725799
0.0008023047311594977
0.0008268456041582994
0.0008107160296235011
0.0007841332213427976
0.0007690353532411008
0.001011050611134899
0.0009499243274312986
0.0008998033430074985
0.0009539328902201001
0.0007919002141516009
0.001088595324825501
0.0007918790226146
0.0009010231104031007
0.0009300572802216009
0.0008028903322063012
0.0009944833905168003
0.0009486651755335022
0.0007946644180211009
0.000826694477094797
0.0008508122224216985
0.0008792280090931977
0.0008973391405906021
0.0007537145006709031
0.0007744117927529007
0.0007838261033698002
0.0009253241478969013
0.0008468093964511987
0.0008871679182976995
0.0008890054687696013
0.0008331534753898001
0.0007973233226791013
0.0009092319619719014
0.0008195177129201002
0.0008322330137157004
0.0009105023921320982
0.0008844926664350987
0.0008764945762917004
0.0008044653362880017
0.0008956325221743978
0.000826044697690799
0.0009321338500105011
0.0008906296396857978
0.0008222872447810024
0.0009021476557088993
0.0009614024316358001
0.001062242912022001
0.000804774225361498
0.000890426438397797
0.0010062031102731003
0.0008476475443356009
0.0009479778391261011
0.0008921950628568015
0.0008998128730121971
0.0009704209569021995
0.000865954963755803
0.0008688922399644992
0.0007408095197621971
0.000818175371983202
0.0009283808581367001
0.0009071365871410018
0.0008422970927427012
0.0009222421966470981
0.000818727833300302
0.0008205885904602993
0.0008561131766050001
0.0008770410069112028
0.0007470027142514012
0.0006736282905439005
0.0008103911679266003
0.0008701709561803016
0.0008607844868287022
0.0008084603516809001
0.0007835018565798997
0.0008924564923806985
0.0006596046321959981
0.0007723404668123005
0.0009252650139849015
0.0009364484852222993
0.0010442976483676994
0.000994746176953401
0.0008674875303396022
0.0008212558635407007
0.0009603807989276986
0.0008743955524076995
0.0010680314416913993
0.0009015430355315997
0.000804197171346898
0.0006920815512278002
0.001002118953007801
0.0008728381870253023
0.0008454609047533999
0.0010445580305465003
0.0008133083011096012
0.0008394867848688994
0.0008021690439068002
0.0008506233741774998
0.0008919374912224991
0.0008431494561512015
0.0007416777765347007
0.0008659472150344995
0.0009074440079408982
0.0008859016676675997
0.0010384812872907996
0.0009183642541310995
0.0010044709808492008
0.0008885812721667018
0.0008385949301377982
0.0007777444610672993
0.0009516516756223024
0.0007837819882715001
0.0009063426678758008
0.0007846767191214028
0.0008852260473328002
0.001091313372783901
0.0007333522058742027
0.0008180384267103998
0.0009684263895292991
0.0008515473605366988
0.0007827801695391018
0.0008821808837848992
0.0008864803765323004
0.0008893899066728002
0.0008523746220072993
0.0009604179601836009
0.0008304414260171013
0.0007906146911296
0.0008087216442301988
0.0007453908251796003
0.0008446963130370987
0.0008938551952240026
0.0007724672528755978
0.0009572870896809027
0.0007778634494586996
0.0008668449324035002
0.0009169530415591987
0.0009655449497806001
0.000765931914468599
0.0007610092873654994
0.000932459566286601
0.0009533963970593008
0.0008817134554886009
0.0007290060712038006
0.0008221891585432003
0.0009709798185454019
0.0007700286838951999
0.0008426418075319006
0.0009006195621956009
0.0007957894649837996
0.0008589255165228002
0.0008111670236897982
0.0008503097390892
0.0008017215255207016
0.0008030445800134983
0.0007521296171467996
0.0008260870328043006
0.0008270413781688996
0.0008599651816683998
0.0008479826974992985
0.0007693167367597009
0.0008035400480995991
0.000816281270223998
0.0010239587128247005
0.0009271987390119009
0.0009042974116068997
0.0007033941069045022
0.0007775761418813004
0.0006851589983181
0.0007443079600051028
0.0008159264051561012
0.0008820925583560985
0.0009803037643400028
0.001069228268674699
0.0008882141452705994
0.0007199374332288004
0.0007449709710313987
0.0008533235243183973
0.000950431057858997
0.0010274280732581013
0.0009408423497936982
0.0008236603504668989
0.0009420563043641972
0.0009048811730883975
0.0009347511822158025
0.0009593850263423
0.0009339338596001008
0.0008324558324511004
0.0008381187757084997
0.000824791725217499
0.000885881711334198
0.0008349305653225988
0.0008407650993531995
0.000863514425026999
0.0008764818069415016
0.0010282915158511992
0.001016402531354401
0.000932251601497399
0.0008803907088979004
0.0007053455463703028
0.0009152862984928983
0.0007849600808198
0.0008473182198751004
0.0008686346733288997
0.0007871314037676998
0.0008889844006044027
0.0009430851643110992
0.0009947865920492995
0.0009977453304342992
0.000860157969287699
0.0008490579546190022
0.0009575443328693999
0.0009100538438962004
0.0008421824326689011
0.0007634469535467009
0.0010148279232722011
0.0009185199600437004
0.0009477052613671988
0.0008688777139626985
0.0010240829474428004
0.0009814026598536016
0.000847471371005
0.0009894349160441997
0.0009525851837412988
0.0008527829729134996
0.0008466086462186988
0.0007925960097220006
0.0008532436185970972
0.0007602056914647985
0.0007240061871312993
0.0008686983215040987
0.000794197915597001
0.0007845575311768993
0.0008900481596911015
0.0008327756976613011
0.0008862433034112008
0.0009165563617490012
0.0011208288509107003
0.0009371900528311987
0.000941599638616699
0.0008563446403656999
0.0008335227844297986
0.0007950591012935992
0.0007945165950105013
0.0008502741299641001
0.0008441886044518003
0.0010020165704460009
0.0009687192421123994
0.0008746603003996004
0.0009228850612948009
0.0008572895202574003
0.0008334269480150015
0.0007382697490640987
0.0008956237048063018
0.000833870911441801
0.0008036810167210001
0.0009837891132129968
0.0008252828572328993
0.0008449114669407988
0.0009362723771905029
0.0008196680834425991
0.0009501761622127992
0.0008876815094687011
0.0008593965315134983
0.0009057932690317017
0.0009154124412624996
0.0010551715866317993
0.0009471957650183001
0.0009174818551810002
0.0009203962098159012
0.0008419072387023004
0.0011525237513904003
0.0009282446262948996
0.0008436998308492989
0.0008765305665617007
0.0008649535499070972
0.0008772570191263977
0.0008317415977604006
0.0008614029335562989
0.0008093874161708009
0.0008234970508891985
0.0007686397167750991
0.0008922689518215017
0.000787531846066402
0.0008691819768955021
0.0008658869682657
0.0010039603675747015
0.0009327600224425005
0.001037751277678401
0.0007798481668135973
0.0008064884052276997
0.0007138775333579012
0.0008132176388632
0.0007747959199233996
0.0009223113808113012
0.0009144281695415979
0.0010456826353750018
0.0008796851354283021
0.0007358327787940003
0.0008308471856961
0.0008691781921819006
0.0008504625111435994
0.0006682006125062027
0.0007894563550698008
0.0008392268211785021
0.0009458505945795989
0.0009477985591424994
0.0008620822606235992
0.0008491079809393003
0.0008500951409512979
0.0009013111711583012
0.0009111526524919998
0.0008064344531959998
0.0008657463291049002
0.0009324108089493015
0.0008505229018813988
0.0008002877671009975
0.0007095142250553993
0.0008527476918624016
0.0010874522176229015
0.0008083217958778019
0.0007231118009528997
0.0008259471517060996
0.0009477565348525001
0.0008911608553544004
0.0008105503029544013
0.0009282389531804006
0.0009480801640588017
0.0009669596813455979
0.0008597181336332006
0.0008436736996557011
0.000866076507517799
0.0007629441945442988
0.0006822663818353003
0.0007975407768478007
0.0008810291874206018
0.0009369183221855995
0.0008713810382635981
0.0009845127076431003
0.0010248850094238017
0.0009928461041028014
0.0008894741550682997
0.0008866863750358993
0.0009997282430388998
0.0008601398141541983
0.0009722902216206981
0.0008864838172333023
0.0009204245547011006
0.0007923854288781999
0.0007646848346254988
0.0009361161414048018
0.0008246608519920026
0.0008416636818953001
0.0008191082828550994
0.0008912026563206998
0.0009807717107398993
0.0007371243244904992
0.0008037613811189004
0.0008916735343626019
0.0008679452926164989
0.000799174111405402
0.0009519153919958015
0.0007677421278757014
0.0008608282098809018
0.0008305137323008985
0.0007478293483389013
0.0008781826216729995
0.0008223591566383012
0.0008935917398838998
0.0008637991398276028
0.0007147853982815006
0.0007883443919319
0.0008391036590400004
0.0008005896880829005
0.0008773152477674004
0.0008999256037783981
0.000784718508590701
0.0009040501157660009
0.0008612202852367988
0.000817395548653
0.0009810345239067014
0.0007227067369431975
0.0007686186226002027
0.0008060547594111005
0.000780257712256302
0.0007846309112678994
0.0008007425518046021
0.0008323373886212973
0.0009347074276430979
0.0009239040200960981
0.0007633337738632007
0.0008341184558320995
0.001100628516250899
0.0007712768407671967
0.0008894061393971003
0.0007817084980543988
0.0010315231692983977
0.0009899552180142983
0.0007755826905107011
0.0008769238123666999
0.0008296192692104007
0.001045929811807702
0.0008063719812558996
0.0008290738887496013
0.0008598348258750006
0.0009115005544989979
0.0008683223499501985
0.0009664235853228016
0.0008962602539339011
0.0008645728812510974
0.0008312574304469994
0.0008310361083493992
0.0009450231830384972
0.0010234685592941002
0.0009533702279180996
0.0007089367383426998
0.0008072797145096018
0.0007645939597119011
0.0008740905149523977
0.0008261129975436002
0.0009711584084905987
0.0007788241744778983
0.0008618944804463999
0.0009361938450291006
0.0010252932181295006
0.0011524679072148006
0.0010070950385961987
0.0008134708070249991
0.0007924473066734002
0.000730197175932798
0.0009887649288586008
0.0009244298387138007
0.0008102591834511993
0.0008355566475321992
0.0009185713486736975
0.000871008533943101
0.0008376301552594986
0.0009129744510828
0.0009076057301241995
0.0009638454760251026
0.0009815310780100991
0.000908976812837501
0.0010114472666987
0.0008393094513527988
0.0009118940930060992
0.0010310555453427982
0.0009040231937742019
0.001043312989916001
0.0007577031684418006
0.0008855036070883997
0.0009570925353631007
0.0008542878378045016
0.0009443777136459997
0.0008127278824715985
0.0009034084420275999
0.0008091755482661986
0.0008626259741807002
0.0008758460730849023
0.0008661748488828988
0.0006497807771026973
0.000853835735854
0.0007977642355764987
0.0008145976151383016
0.0007832475113742007
0.0008916115890525989
0.0008507684148009002
0.0008897051328969029
0.0007258917740102996
0.0008339443015018995
0.0007380728784116969
0.0006559441460921994
0.0008808391418514
0.0009074264667359028
0.0008347999572471988
0.0009130073562768001
0.0007973946368030026
0.0008906025695278007
0.0008099236535311014
0.0008334468720542013
0.0008299100046092016
0.0007846521004197006
0.0010071531666622016
0.0009198879782691023
