57 72 56 73 74 75 76 77 78 79 80 62 63 64 65 81 82 83 84 85 86
3 71 4 87 88 89 90 91 92 93 94 26 25 24 23 95 96 97 98 99 100
4 71 70 94 93 92 91 101 102 103 104 105 106 107 108 109 110 111 112 113 114
4 70 5 108 107 106 105 115 116 117 118 30 29 28 27 119 120 121 122 123 124
70 71 8 104 103 102 101 125 126 127 128 129 130 131 132 133 134 135 136 137 138
7 71 3 139 140 141 142 90 89 88 87 48 49 50 51 143 144 145 146 147 148
56 70 8 149 150 151 152 132 131 130 129 58 59 60 61 153 154 155 156 157 158
70 72 5 159 160 161 162 163 164 165 166 118 117 116 115 167 168 169 170 171 172
56 72 70 80 79 78 77 162 161 160 159 152 151 150 149 173 174 175 176 177 178
5 72 31 166 165 164 163 179 180 181 182 35 34 33 32 183 184 185 186 187 188
8 71 7 128 127 126 125 142 141 140 139 52 53 54 55 189 190 191 192 193 194
9 31 57 39 38 37 36 195 196 197 198 66 67 68 69 199 200 201 202 203 204
31 72 57 182 181 180 179 76 75 74 73 198 197 196 195 205 206 207 208 209 210
1 9 6 211 212 213 214 40 41 42 43 44 45 46 47 215 216 217 218 219 220
1 10 9 11 12 13 14 221 222 223 224 214 213 212 211 225 226 227 228 229 230
5 2 4 231 232 233 234 235 236 237 238 27 28 29 30 239 240 241 242 243 244
10 2 5 15 16 17 18 234 233 232 231 245 246 247 248 249 250 251 252 253 254
4 2 3 238 237 236 235 19 20 21 22 23 24 25 26 255 256 257 258 259 260
31 10 5 261 262 263 264 248 247 246 245 32 33 34 35 265 266 267 268 269 270
9 10 31 224 223 222 221 264 263 262 261 36 37 38 39 271 272 273 274 275 276
