0 0
20 0
20 3
16 3
14 2
0 2
20 7
15 7
5 2
10 0
2.00000000000001 0
4.00000000000001 0
6.00000000000001 0
8.00000000000001 0
12 0
14 0
16 0
18 0
20 0.600000000000002
20 1.2
20 1.8
20 2.4
19.2 3
18.4 3
17.6 3
16.8 3
15.6 2.8
15.2 2.6
14.8 2.4
14.4 2.2
9.49999999999999 2
13.1 2
12.2 2
11.3 2
10.4 2
8.59999999999999 2
7.7 2
6.8 2
5.9 2
4 2
3 2
2 2
1 2
0 1.6
0 1.2
0 0.800000000000001
0 0.400000000000001
20 3.80000000000001
20 4.60000000000001
20 5.40000000000001
20 6.20000000000001
19 7.00000000000001
18 7.00000000000001
17 7.00000000000001
16 7.00000000000001
11.6666666666667 5.33333333333333
8.33333333333333 3.66666666666666
14.3333333333333 6.66666666666667
13.6666666666667 6.33333333333334
13 6.00000000000001
12.3333333333334 5.66666666666667
11 5
10.3333333333333 4.66666666666667
9.66666666666667 4.33333333333334
9.00000000000001 4
7.66666666666666 3.33333333333333
7 3
6.33333333333334 2.66666666666667
5.66666666666667 2.33333333333334
14.0061728395062 4.48765432098765
17.1437389770723 5.06966490299824
11.7110368513877 3.42629722454284
9.00887403694421 3.6185927782419
9.68441474055509 3.57051888981714
10.359955444166 3.52244500139237
11.0354961477769 3.47437111296761
11.7021628144435 3.80770444630094
11.6932887774993 4.18911166805904
11.6844147405551 4.57051888981714
11.6755407036109 4.95192611157524
9.67554070361089 3.95192611157524
11.0266221108326 3.85577833472571
11.0088740369442 4.61859277824191
10.3510814072218 3.90385222315048
11.0177480738884 4.23718555648381
10.3422073702776 4.28525944490858
19.4287477954145 3.41393298059965
18.857495590829 3.8278659611993
18.2862433862434 4.24179894179895
17.7149911816579 4.65573192239859
16.9149911816579 4.65573192239859
16.6862433862434 4.24179894179895
16.457495590829 3.8278659611993
16.2287477954145 3.41393298059965
18.6287477954145 3.41393298059965
17.4862433862434 4.24179894179895
17.0287477954145 3.41393298059966
18.057495590829 3.8278659611993
17.257495590829 3.8278659611993
17.8287477954145 3.41393298059966
16.5162257495591 4.95326278659612
15.8887125220459 4.83686067019401
15.2611992945326 4.72045855379189
14.6336860670194 4.60405643738978
14.4049382716049 4.19012345679013
14.8037037037037 3.8925925925926
15.2024691358025 3.59506172839507
15.6012345679012 3.29753086419754
15.8299823633157 3.71146384479719
16.2874779541446 4.53932980599648
15.0324514991182 4.30652557319225
16.0587301587302 4.12539682539684
15.6599647266314 4.42292768959437
15.431216931217 4.00899470899472
14.0049382716049 3.99012345679013
14.0037037037037 3.4925925925926
14.0024691358025 2.99506172839506
14.0012345679013 2.49753086419753
15.2012345679013 3.09753086419754
14.4037037037037 3.6925925925926
14.4012345679013 2.69753086419754
14.8024691358025 3.39506172839507
14.4024691358025 3.19506172839507
14.8012345679013 2.89753086419754
16.7149911816579 5.45573192239859
16.2862433862434 5.84179894179895
15.857495590829 6.2278659611993
15.4287477954145 6.61393298059965
14.8012345679013 6.49753086419753
14.6024691358025 5.99506172839507
14.4037037037037 5.4925925925926
14.204938271605 4.99012345679013
14.8324514991182 5.10652557319225
16.0874779541446 5.33932980599648
15.2299823633157 6.11146384479719
15.4599647266314 5.22292768959437
15.6587301587302 5.72539682539684
15.031216931217 5.60899470899472
19.4287477954145 6.61393298059965
18.857495590829 6.2278659611993
18.2862433862434 5.84179894179895
17.7149911816579 5.45573192239859
19.4287477954145 5.81393298059966
18.2862433862434 5.04179894179895
19.4287477954145 4.21393298059966
18.857495590829 5.42786596119931
18.857495590829 4.62786596119931
19.4287477954145 5.01393298059966
12.1345679012346 5.1641975308642
12.6024691358025 4.99506172839507
13.0703703703704 4.82592592592593
13.5382716049383 4.65679012345679
12.8012345679013 5.49753086419754
13.7370370370371 5.15925925925927
14.1345679012346 6.1641975308642
13.2691358024692 5.32839506172841
13.9358024691358 5.66172839506174
13.4679012345679 5.83086419753088
13.5471456418825 4.27538290169869
13.0881184442588 4.06311148240973
12.6290912466351 3.85084006312077
12.1700640490114 3.63856864383181
12.1688294811102 3.14103777963427
12.6266221108326 2.8557783347257
13.0844147405551 2.57051888981714
13.5422073702776 2.28525944490857
13.5459110739813 3.77785203750117
12.6278566787339 3.35330919892324
13.5434419381788 2.78279030910611
13.0868838763576 3.5655806182122
13.0856493084564 3.06804975401467
13.54467650608 3.28032117330364
12.1434419381788 4.78279030910611
12.1611900120672 4.01997586558991
13.0792444073146 4.44451870416784
12.152315975123 4.40138308734801
12.6202172096909 4.23224728487887
12.6113431727467 4.61365450663697
11.2688294811102 3.14103777963427
10.8266221108326 2.8557783347257
10.3844147405551 2.57051888981714
9.94220737027755 2.28525944490857
12.6422073702776 2.28525944490857
11.7266221108326 2.85577833472571
10.8422073702776 2.28525944490857
12.1844147405551 2.57051888981714
11.2844147405551 2.57051888981714
11.7422073702776 2.28525944490857
16.4287477954145 6.61393298059966
17.2862433862434 5.84179894179895
18.4287477954145 6.61393298059966
16.857495590829 6.22786596119931
17.857495590829 6.22786596119931
17.4287477954145 6.61393298059966
9.26666666666666 2.33333333333333
9.03333333333333 2.66666666666667
8.8 3
8.56666666666667 3.33333333333333
6.56666666666668 2.33333333333334
8.36666666666667 2.33333333333334
7.90000000000001 3
7.46666666666668 2.33333333333334
8.13333333333334 2.66666666666667
7.23333333333335 2.66666666666667
9.70887403694423 2.61859277824191
10.5932887774993 3.18911166805904
9.24220737027755 3.28525944490857
10.1510814072218 2.90385222315047
9.91774807388843 3.23718555648381
9.47554070361089 2.95192611157524
1 0.400000000000001
2 0.800000000000001
3 1.2
4 1.6
1 0.800000000000003
3 1.6
1 1.6
2 1.2
2 1.6
1 1.2
9 0.400000000000001
8.00000000000001 0.800000000000001
7.00000000000001 1.2
6.00000000000001 1.6
3.00000000000001 0.400000000000002
7.00000000000001 0.400000000000002
5.00000000000001 1.2
5.00000000000001 0.400000000000002
6.00000000000001 0.800000000000002
4.00000000000001 0.800000000000002
15.2 1.6
16.4 1.2
17.6 0.800000000000001
18.8 0.400000000000001
19.2 0.600000000000002
18.4 1.2
17.6 1.8
16.8 2.4
15.6 1.8
18 1
16.4 2.20000000000001
16.8 1.4
17.2 1.6
16 2
13.2 1.6
12.4 1.2
11.6 0.800000000000001
10.8 0.400000000000001
12.8 0.400000000000001
16.8 0.400000000000001
14.4 1.2
14.8 0.400000000000001
15.6 0.800000000000001
13.6 0.800000000000001
17.6 2.4
19.2 1.2
19.2 2.4
18.4 1.8
19.2 1.8
18.4 2.4
9.6 1.6
9.7 1.2
9.80000000000001 0.800000000000001
9.90000000000001 0.400000000000001
10.5 1.6
10.7 0.800000000000003
12.3 1.6
10.6 1.2
11.5 1.2
11.4 1.6
6.90000000000001 1.6
8.90000000000001 0.800000000000003
8.7 1.6
7.90000000000002 1.2
8.80000000000001 1.2
7.80000000000001 1.6
