3.988868788290176e-5
4.925032739590274e-5
6.706110592449854e-5
3.053392291220078e-5
5.970439055040175e-5
5.903568312589855e-5
6.814723555449709e-5
4.056131625449974e-5
2.4864299866398515e-5
7.272849480809834e-5
7.287344747239702e-5
4.4974321232099657e-5
5.8026469404000997e-5
3.349613606380003e-5
4.623781488470244e-5
6.434359802880152e-5
4.974410634350085e-5
3.115313654390023e-5
6.504088573950143e-5
7.42075654526983e-5
3.223605445850167e-5
5.286241584040105e-5
5.477092308769915e-5
2.4991204061901306e-5
3.948151095320082e-5
5.76529483627998e-5
6.056541028219911e-5
4.14564596839008e-5
4.6508879759602634e-5
3.8110623723598e-5
7.054127705340141e-5
5.072748897130136e-5
2.4311072499800385e-5
5.2241326070800315e-5
7.163003904249801e-5
7.827996432389905e-5
4.6172344171598045e-5
3.0134087636597e-5
5.065749620719942e-5
4.675654910109989e-5
7.856320835750163e-5
3.423432109660174e-5
7.622196401009876e-5
3.0537866834098176e-5
6.719055002370189e-5
7.802454356059876e-5
9.141035686659887e-5
6.633997043429748e-5
6.493166072810141e-5
7.803315375280034e-5
6.590134361919922e-5
2.43775366172011e-5
4.035528652749851e-5
8.499545233699862e-5
4.485377959520184e-5
7.454448095649963e-5
3.649525306860177e-5
5.589179703440264e-5
5.915386373750095e-5
2.4595306041198112e-5
3.327750274069799e-5
3.390921665480037e-5
6.707624978690221e-5
2.6711036164202284e-5
9.306583368509994e-5
5.22265169296994e-5
7.918361050230152e-5
3.3351948879198345e-5
8.252102769220129e-5
7.586713732280273e-5
6.181419648389891e-5
4.119439818130177e-5
