-1.7888673937097727e-6
-3.0731682020704656e-6
-1.910592656140242e-6
-2.3890835490498336e-6
-3.265682105269528e-6
-2.2136660122896307e-6
-2.2259445642399886e-6
-2.0258842136997718e-6
-2.083653371539977e-6
-2.62975340827986e-6
-2.1979698513491935e-6
-2.340240413560568e-6
-1.60336800290959e-6
-2.3720686862004417e-6
-2.9309431154407248e-6
-2.2800363923295916e-6
-2.1433387083396108e-6
-2.425026850729449e-6
-2.300506621499311e-6
-2.010056054910052e-6
-2.3467388026192013e-6
-2.2080685634501274e-6
-2.9023943476699093e-6
-2.226917279369786e-6
-2.421038537129931e-6
-3.0824621756004797e-6
-2.357224607660302e-6
-2.1482823953393113e-6
-2.3743047142098933e-6
-1.969146493259466e-6
-1.9587038293704742e-6
-2.0731749949204695e-6
-1.6453401258101005e-6
-2.216360402900429e-6
-2.1219681610000485e-6
-2.001106869659562e-6
-2.4172034054402783e-6
-2.0629931085300313e-6
-2.3788818365403502e-6
-2.1687044325802846e-6
-2.3762040292198486e-6
-1.5652413042199081e-6
-2.565193084370053e-6
-2.296641293979447e-6
-1.7170357059798774e-6
-2.104346346860214e-6
-2.238323629760036e-6
-2.1872889309796847e-6
-2.162543313509631e-6
-2.0631801612505662e-6
-2.1250810555897143e-6
-3.475741433930056e-6
-2.850626047610008e-6
-1.890312767600065e-6
-1.919831817280386e-6
-1.7089471972603007e-6
-2.2496522159498253e-6
-2.1962613765197023e-6
-2.213994685819863e-6
-2.121401546709839e-6
-2.953415088579811e-6
-2.2830921180203023e-6
-1.78973998941033e-6
-1.983550481319922e-6
-2.21632132335961e-6
-1.8848635664203695e-6
-2.470459963190008e-6
-2.9277982421492543e-6
-2.2703650003896847e-6
-2.46629777205052e-6
-2.1096235259801185e-6
-2.3504965848495513e-6
-1.961230671389952e-6
-2.2583713160098315e-6
-2.2608440585795628e-6
-2.4906381273503975e-6
-2.398989354579842e-6
-2.330186305560429e-6
-2.8750237469100937e-6
-2.292748541100724e-6
-1.721452700079347e-6
-2.2480168661697525e-6
-2.116181246139548e-6
-1.9539848769905763e-6
-2.442577752139602e-6
-1.8603843936993922e-6
-2.1907137677497704e-6
-2.744826757590177e-6
-2.384541552270282e-6
-2.402831513260463e-6
-2.044018863999429e-6
-2.7253437589001145e-6
-2.5634669433899013e-6
-2.1058605953602413e-6
-1.5938455697498896e-6
-2.125989288079798e-6
-2.8940145079901086e-6
-1.7174020565703663e-6
-1.9409652006700112e-6
-2.2726322145795105e-6
-2.6388835677000275e-6
-2.6317874877099245e-6
-2.7019981122602954e-6
-2.078148141210212e-6
-2.410808395330276e-6
-2.2807093110303878e-6
-2.005917974120565e-6
-2.606385339110062e-6
-2.341937121189998e-6
-1.7966794175405462e-6
-1.8748005448801855e-6
-2.2473898642497506e-6
-2.245789067370149e-6
-1.6190491289496192e-6
-2.288372335830166e-6
-1.976399450379779e-6
-2.4092973266200135e-6
-2.44431093626013e-6
-2.274074821369612e-6
-2.664909819419768e-6
