0.004257198928757901
0.004791478497441194
0.004667807147680204
0.004543729696490702
0.004476419519912303
0.0043330033820351
0.004052843809381701
0.004399500278397694
0.004598723234726203
0.004502161649639805
0.004451576553289302
0.004252417148376701
0.0045125048623811045
0.0048412895859654
0.004149160237928294
0.004684701069783699
0.004950627214805305
0.004457491388780203
0.004624559882792104
0.004473404622980799
0.004349885961380993
0.004653231075270298
0.005037924508848005
0.0047499642458357985
0.004809914539056305
0.004408288660695599
0.004656570013150098
0.004831618106403798
0.0037818843730723015
0.0043888720651954
0.0046999762292134
0.0047157048242275
0.004482122312532796
0.004884930999187402
0.004265682640327298
0.004788782050431102
0.004762043622811199
0.004949083330590499
0.0038658094200373985
0.004672926599104704
0.004294742147021996
0.004365468701507599
0.0041775994527481
0.0047207889259028996
0.004499631991670999
0.004394808180897297
0.0047639887598108985
0.004435042754737904
0.0046214337607799055
0.004483519311194305
0.004618614748613997
0.0043749043674445945
0.004792825853911997
0.004321360182274699
0.0046477253048356
0.004294553082752103
0.004740323986848004
0.004584932597319999
0.0044770907815277
0.004563624008823305
0.004352285050921001
0.004664306756535196
0.004576183206115199
0.004299647574605596
0.004345537141791804
0.004346859246657397
0.0036391411853802028
0.004126829354521799
0.004391705716143397
0.0046250742411977006
0.005000810692803503
0.003991705484793301
0.004017930327551704
0.0048074853363392
0.004766697338345498
0.004420971786210599
0.004553823493298401
0.004452390889998797
0.004360062569326098
0.004860085139924496
0.0045504893814860975
0.004472481654318794
0.004784155610843298
0.004943318450570798
0.004784282950589497
0.0042134054875025
0.004663899225216796
0.004349662842672797
0.0045728838818809014
0.0044547500788144
0.0048504849349449985
0.004669234603140303
0.0041195268818075
0.004334560063608203
0.004343472094829999
0.004321454518938499
0.0049131140712520005
0.0042943402923781016
0.0034267849652234034
0.0044962387998032025
0.004491089613167
0.0039524148863824965
0.004532943358216801
0.0049083115167617986
0.004791354645086995
0.0044480189641775
0.0045160573066131
0.004755046422035704
0.0045258255284544024
0.004314574974338306
0.004607433376956099
0.0042856651069298965
0.004214374262576599
0.004507517929606603
0.004849815634779105
0.0044115072568498
0.004640447030930604
0.004753062082191499
0.004514034256547096
0.0043230592786676
0.004313467485174104
0.004625517790311201
0.004625827850764999
0.0048891240696313995
0.004715475164997998
0.0047633222373327025
0.004426798447624204
0.004570142487597899
0.003987610765256604
0.005031431978886301
0.004510681791148302
0.0041635192417642936
0.004471060548644899
0.004646238649620799
0.0046754493902878
0.0038950595498470006
0.004330102699670199
0.004617283287752502
0.0046630677493414985
0.004622446235476495
0.004497329776153004
0.004529478688606703
0.0037040000526626024
0.004253079247749002
0.0050214026804292974
0.004632261323162197
0.0045696876133087955
0.004324208964307304
0.0043897562600985
0.004478431753459397
0.004723853790907902
0.004694504382767098
0.004394724002264802
0.0046053167890081
0.004376614198582901
0.004865483818071503
0.0048235328673807976
0.004535760097508702
0.004997480966539701
0.004899093124389006
0.0046621525549962045
0.004825772913316803
0.004409947698538801
0.004564773609401301
0.004529320665771601
0.004270557011844096
0.0047107080914775
0.0043286628448524
0.004660888684198394
0.003975947386477802
0.004609933468428501
0.0049159969126671005
0.003954303806876398
0.004566028822875802
0.004687340358283297
0.004505553151057405
0.004548677389858501
0.0042315789380097946
0.004072675889221902
0.004703961307027001
0.004482255037007499
0.0046070739202777045
0.0046403721836933975
0.004984589479061198
0.004507801723938595
0.004426677361570097
0.0046551804829903995
0.004511207922547403
0.003912999311170701
0.004383816314664099
0.004585260843167897
