0.001175870614514702
0.001019528760348297
0.0011260951582044015
0.0009922654497057995
0.001132841258174401
0.0011430441852704996
0.0008503405806142977
0.0011317121303616
0.0009638049064543026
0.0011163134064666007
0.0011652039513519
0.001025528724914699
0.0010625087088433002
0.0010802406408969012
0.0008653511910212026
0.0011196577003260016
0.0009437711272658987
0.0009208730221914006
0.0009246035124919998
0.0012833460368984993
0.0010005272918935
0.0009909143652654002
0.001314673803564901
0.0013879834845520016
0.001080472906080602
0.0010126252013949004
0.0010776257732617
0.0009156691910558006
0.0009989542851020008
0.0010500827897267986
0.0010080335108981972
0.0010421124915369027
0.0011034109850714992
0.0010304607603998997
0.0011105465093995993
0.0009153682271474985
0.0010494963452720996
0.0012023270570947972
0.001029433960038701
0.0010469908180466975
0.0010108227528187012
0.0008242188735609994
0.0010645618108436998
0.0012373632993737012
0.0010306748193198018
0.001019738133481999
0.0008821361881770004
0.0010790942495274014
0.0010956945634672012
0.0008877762113061981
0.0011440078561885982
0.0008358823605419986
0.0011557351446957985
0.0013075010848934004
0.0011446493490658988
0.0010951813074764997
0.0010281549487108008
0.0009644132039436995
0.001140039063385799
0.0009634710766724015
0.0011292319291054016
0.0009033893247995008
0.0010748035671151006
0.0012587230203696988
0.0008884495909789007
0.0010050637188670983
0.0009238734289240998
0.0010976461716924978
0.0012185622884637974
0.0008966322434493003
0.001066093630453499
0.0009639226841590999
0.0008738733929077001
0.0010262086372515022
0.0009708327294196996
0.0012025396241971999
0.0009399485721783007
0.0010768676808744979
0.0012427577000607981
0.0010213607995137007
0.0009718407730869988
0.0010866180010567009
0.001054572442948199
0.0009128990395328995
0.0011464549423998993
0.0012176368443994022
0.0009754328429140008
0.0010833829797457992
0.0010883525319265001
0.001056558300611101
0.0011709131886540013
0.0009455490764198986
0.0009681017813325012
0.0008616107567634007
0.0009926884847472998
0.0009622269452690992
0.000942682964960001
0.0010923318199378002
0.0009808011681614985
0.0013434801950468998
0.0010184621780064997
0.0010828872307580978
0.0010386727688821012
0.0010937962502545022
0.001242697224929399
0.0012104150357075995
0.0009675412878105
0.0010462478764426998
0.0011545713962528986
0.001073545932306099
0.0010485653897887026
0.0013637793240129023
0.001172097992268202
0.0011790367763326003
0.001106189289848302
0.001013600390867897
0.001115841960563
0.0010079931269788983
0.0009519127424751986
0.0008073016457244009
0.0011204543492140985
0.0009836130990761999
0.0013828885946499982
0.0008895429750844022
0.0011150701816877023
0.0011028358510748008
0.0011193744824763985
0.0008932233588201006
0.0010640962537438008
0.0010480750514379016
0.0010908902636904
0.001050480413617598
0.0010813646779115997
0.0011689696781789008
0.0009419836890877976
0.0010851258261550013
0.0009875976900636033
0.0010598997366149006
0.0008689765879113
0.0011762182019287998
0.0010041873859890985
0.0010536029497816984
0.0010494419021041014
0.0010648105825793001
0.0011604626762297988
0.0010623764427077007
0.0010126431900392002
0.0010346865479536997
0.0011266624785152002
0.000920208127828899
0.0010634676466718986
0.0008524236267631984
0.0011745468482015006
0.0009600712841037994
0.0011090295585922984
0.001046186225534703
0.0010100428187745994
0.0012223794172648988
0.0010903550651587025
0.0011511319397414996
0.0011344458115192975
0.000944773223905699
0.0011652671021067998
0.0012548540085044017
0.0012674690104721997
0.000979473990173202
0.0011456861350401006
0.0011993917107613015
0.0011003339500963022
0.001008660045629401
0.0011225477009539978
0.0011815882408268003
0.0009305071821819992
0.0009026707023781985
0.0011464847869267006
0.000963967916317001
0.0010890390403898997
0.0010676123386292972
0.0008732500644736997
0.0011940116592773012
0.0010347739715479004
0.0012436973315640976
0.0012427470991202005
0.0012148763383540012
0.0010989777983675016
0.0010257097851441993
0.0009426625428627031
0.0008213726998103008
0.0010252608415704002
0.0009641406498355001
0.0010379861665723994
0.0011627031358188017
0.0011295985862244985
0.0010057510052367997
0.001147116098479499
0.000982129411469499
0.0009701486344978992
0.0010608610916653
0.0009959386532738985
0.0010798878952002003
0.0010946524684352019
0.001116995984845999
0.0011407513507090024
0.000950703290066697
0.0011057351088074978
0.0010423326246562017
0.0011961060840128997
0.0009762834342775979
0.0009287080490845007
0.0009618517708057002
0.0009666794498496001
0.0010407987403001015
0.0009922010645798014
0.0010565926437069995
0.0011729432703523994
0.0011884037542581015
0.0010001968968994975
0.0011218739656845
0.0009909674128261992
0.0007839194168209017
0.0009614364619096004
0.001109501269277901
0.0011398395059654988
0.0008352831225010987
0.0011413768351772983
0.0010679783452366004
0.0010458548215125027
0.0010364962497473006
0.0011604849685652
0.000976906299067798
0.0010786134126736999
0.0011574885979157012
0.0010135631999160996
0.0010090869438980007
0.0009409370806894024
0.0008244620424278995
0.0010399827620952012
0.0010593162604424014
0.0012280936872770022
0.0009320427311612992
0.001061346940302698
0.0011117841921620998
0.0008721792608117999
0.0010487926056745
0.0009086121262391021
0.0009786737923572
0.0011445047760316983
0.0008931120420241981
0.0009400558373614983
0.0012372237663699978
0.0010256419645736994
0.0008626410634910014
0.0009974703638304001
0.0010182542961675
0.001110978323142102
0.0010076244958936997
0.000988293428693502
0.0011096871954247994
0.0008443602694451005
0.0010088416281005992
0.001110535634889099
0.0008350861545131996
0.001183787157410101
0.0009556678771087991
0.0012585738473472018
0.0009886333227739977
0.0011714257278375995
0.0009633520219099988
0.0010922839832752974
0.0009940185217529006
0.001123522149642897
0.001094668537074902
0.001092537077498703
0.0008597289909731028
0.0010362099151576994
0.0010676810422516024
0.001171070767675298
0.0012180804952882998
0.0008975738480526997
0.0010656565589941998
0.0012968056352849998
0.0009383151186483016
0.0010701898122383
0.0011088258733859997
0.001190047795486402
0.000981835222177499
0.000975219361910501
0.0010937569320239975
0.0010447704280483992
0.0009619921134839012
0.0009890432705499004
0.0010300368975583972
0.0010049399525823982
0.0011553376642602017
0.001186019587748801
0.0011038899857338004
0.0008724002873568004
0.0011661078031787973
0.0012298293911680996
0.001134820947830198
0.0009508202181550997
0.0011589914721574016
0.0010004142848939017
0.0008649021109303004
0.001125780417756999
0.0010219747880672002
0.0008764755114665998
0.0010516915615243969
0.0009530682997276017
0.0011484004735855986
0.0010077632816742031
0.0013116806752910028
0.0010477559775690995
0.0011368112093562005
0.001260288474542997
0.0011628343775154995
0.0009533345587168993
0.0010034896217737989
0.000922897449017298
0.0010410255937082016
0.001238525154355602
0.0012517371119152992
0.0011624135614947996
0.0010543992671474996
0.0011272834875534002
0.0010428363429557004
0.0010474509378580014
0.0010182503043452001
0.0011235097507113975
0.0013786344343108999
0.0008550386980297996
0.0011634846535863025
0.0013048599639743988
0.001294333586400298
0.001208028753125201
0.0010764548988847003
0.0008425850073050002
0.0011642380718168005
0.0010488097389804996
0.0011659937012198016
0.0009315935083139999
0.0013117743725058022
0.0010862144086310997
0.0010555236650492024
0.0011217290645446007
0.000916403271964402
0.0009773051274957999
0.0009800766250939001
0.0009831633565264009
0.0012696353323017988
0.0010791963253623006
0.0010359470034714997
0.0010171646209198998
0.0011765263855239017
0.0010047161349268988
0.0010256753455103011
0.0009873903231821003
0.0009911961951583996
0.0008961257265113973
0.001071444681062697
0.0012136182748165997
0.0012049792147518987
0.001075864807193301
0.0009893176776301013
0.0010715422886528013
0.0011185616115663016
0.0009637706135145023
0.0007962483483220997
0.0009852710511112986
0.0012007537157784007
0.001363898142925802
0.0010201928079580022
0.001292479857783399
0.0011921711826814972
0.0009874230580286004
0.0010476647115365
0.0012973493969186019
0.0012053867046891986
0.0008461866497270001
0.0010468374921887014
0.0011955373344607993
0.0011205038052017995
0.0010671758816236006
0.0010728613211045991
0.0013072794570999982
0.0011051054488432008
0.001160796679427898
0.0011155488105721
0.0011184971801522017
0.0009959589581638
0.0009366368778498009
0.0009933097673364005
0.0008711608067955012
0.001050838207682401
0.0010624547578142012
0.0009742822236748008
0.0011596282860030019
0.0009930218491889
0.0008654400141610008
0.001102801844142503
0.0010812291321832986
0.0009709465739076995
0.0010046099531735991
0.0011067358505307996
0.0009238643202656993
0.0008901284915743025
0.0011488926289041981
0.001304875998380299
0.0008672679297059005
0.0012082429649627018
0.0010104641496862972
0.001124833947019
0.0011011985792577991
0.0011431313678267017
0.0011560568502993994
0.0009699836693102017
0.0010844188751334
0.000983163510948501
0.0011632788688234023
0.000997685191642901
0.0010096022436074
0.0010196560180001993
0.0009392726312601012
0.0010275118317590003
0.0010821125853926992
0.0012679240241919992
0.0011401448184556982
0.0011236643930429002
0.0010337920635426004
0.001040352727085598
0.0009360310562055024
0.0010684735561088017
0.001313094682297098
0.0010231159117271987
0.0009875597620247999
0.0008962198179738
0.000893347825568401
0.0011947165917238975
0.0009977863960062977
0.0012101545603343984
0.0009594244312318007
0.0011568970093619006
0.0010041914836470996
0.0010583174212395012
0.0011415485213786998
0.0010914173214743028
0.0010995219019045988
0.0009479227507121976
0.0011409622986939018
0.000956507935499798
0.0010970166917433008
0.0011789611331081001
0.0009712128774530988
0.0010246491021545998
0.0010576402801521015
0.0011029827599261
0.0009979110570508994
0.0009300911216101014
0.0012330499959024993
0.0011765498734570001
0.0010473614454625003
0.0009473812177790003
0.0012375678320920985
0.001099119924017001
0.0011335700204163981
0.001027737088051501
0.0012397253824136985
0.0012194374329906991
0.0011235423869912983
0.0011568986486349998
0.0011681914317021001
0.0011830940575173997
0.0013111489984270995
0.000918810027340098
0.001013587855579999
0.0011066076411113991
0.0011769811560099
0.0010972999607193994
0.0009674443442159002
0.0011084930198819003
0.0009902718610639016
0.0009353199391580989
0.0009772130744831985
0.0010304552622097014
0.001300591697043902
0.0010084514438191972
0.0009960232439813997
0.0009520137971045992
0.0010581324514051006
0.0009820964540401995
0.0010327105745833003
0.0011274976609635008
0.0009382323544495016
0.0010686104531517013
0.001123973653400001
0.001315963394786901
0.0009945019357023022
0.001024938441847801
0.0008794344781116008
0.0009661712096848997
0.000897854485112301
0.001183010373627398
0.0010672024287070002
0.0011128710746712983
0.0010680656281633998
0.0011941363055551005
0.0011321526097247021
0.0009714025196967992
0.0011067667539931998
0.000983035061322201
0.0012732512059767005
0.0008319583149705989
0.0010421068312609014
0.0012011425547654997
0.0009539708706862021
0.001144975570547501
0.0009970727445323992
0.0009510810491617019
0.001259296110582099
0.001317818660713
0.0010616157176734989
0.001099062860381899
0.0009862136196877001
0.0010768630373356007
0.0008747669650288996
0.0009466832799471005
0.0008703894997145988
0.0011786656748488007
0.001058157228496899
0.0011694164697052013
0.0008384713214565978
0.0008509039179693013
0.0011004688554247
0.0011120417407051025
0.001335585053924799
0.0009992660343534979
0.001064247446723697
0.0013241241190800994
0.0009488705470099001
0.0011367792414800001
0.0009668353983358982
0.0012623232925354014
0.001401216818696198
0.001093226195921601
0.0009640034925347991
0.0009812843938150004
0.0011935153442334014
0.0010283763860761998
0.0009488445307953008
0.0013173082354663995
0.0010206098113653
0.0011166403666535013
0.0009923099416890985
0.0009106805466603009
0.001121158475941901
0.0009897974244632013
0.0011049804754081002
0.0010682085142259996
0.001186114008879701
0.0011113318877218996
0.0010350636935279982
0.0011619854328422004
0.0009251458939535974
0.0010590593522604996
0.0010763767738054993
0.0011356912581144026
0.0010824138258331978
0.0009605917601704997
0.0009869008352631978
0.0011811921434972984
0.0009937511913307995
0.0012909631338287007
0.0010085675167189022
0.0009549033767328012
0.000986165043660201
0.0011671793954909984
0.0010134954264653002
0.0009927889527678
0.0009965108301981974
0.001101271503803597
0.0008533758556379008
0.000984129526107498
0.0009602384156140002
0.0011162303038943985
0.0010210211575470002
0.0009900703366009025
0.001024699375969499
0.0009574612860946997
0.0010838399095924982
0.0010458817934153979
0.0011069551778803977
0.0012572754068315012
0.0013682300754811992
0.0010401080330748012
0.0011062323081049014
0.0010481963125542025
0.0011905576565570015
0.0009316489337380975
0.0010784394398669003
0.0012341299088298
0.0008707987032657016
0.0010784043632135025
0.001012959659705999
0.001033589956697601
0.0012175976515883986
0.0011087903424198998
0.0011813054820201986
0.0009654983634907986
0.0010133631299186
0.0010427957559836012
0.0010811308063265988
0.0011483626151970981
0.0013578803387502975
0.0011482562091704
0.001164179843437401
0.001088665798571798
0.0012415473389288008
0.0011314298981292999
0.0010730161527224003
0.0011949583249773015
0.0011235133094148995
0.001022960787336099
0.0011053355172901992
0.0012822384373925994
0.0009435371003061015
0.0010145007118601002
0.0009089164725556986
0.0010334873075457975
0.0011741042438694997
0.0011847756921409998
0.000962131187699198
0.0013054076122312012
0.0009570446629608015
0.0010744006648109004
0.0011266366039933001
0.0010600660858380018
0.0009208220017714007
0.0009303110619381001
0.0010447207825740983
0.0010733854276207024
0.0011484002969918
0.0009347864610955992
0.0012765370249001005
0.0010582093455248007
0.001073229319722601
0.001164148496055898
0.0011303479455075996
0.000888467661505403
0.0008794331836490983
0.0009269021732481002
0.0008157044221198985
0.0010847522511475
0.001022801803847298
0.0009858573237427996
0.0009371168156367994
0.0010652384558582015
0.0009307964013938984
0.0011639303986883016
0.0008728372088191994
0.001108897557114099
0.0010220565428478018
0.0011415999097672998
0.0010794703732273023
0.0011180257074707017
0.001216148743985599
0.001032062379343602
0.0011299527719437
0.0012076667103185015
0.0009376420218799031
0.0012556731692818998
0.0010195385297077988
0.001098842819530297
0.001019842093425101
0.0010696070010350993
0.001053478788881599
0.001059736601803602
0.001103885780736301
0.0011217761600366
0.0011123041511912
0.0009902557405278012
0.0010250335583881012
0.0009812960761577012
0.0010183607951473987
0.0010577979846920008
0.0011212100996721985
0.0009410606249113003
0.0010389382757455996
0.0013949596633436971
0.0010518050420354995
0.000969268973429898
0.0011641842098740994
0.001054629733047898
0.001112332619962502
0.0008153498600521995
0.001231401463712603
0.001125512652562402
0.0009569678268412998
0.0010856118948837992
0.0010154179095182014
0.0009899778316409986
0.0010049589203383023
0.001033173347599399
0.0012811869485432996
0.0009405252946719997
0.0008679685813965006
0.001151360297980998
0.0011597742867608986
0.001010224142534398
0.0009920329175328
0.0011311537088886
0.0011073385082370005
0.0010762157586571008
0.0012879631869494
0.0009791346135399025
0.0010797003998964973
0.0010927252845742003
0.0011515861941024004
0.0009594966862823025
0.0013758805598345011
0.0012089314251765987
0.0009888719965208993
0.0009929430266551985
0.0010694643297284
0.001007780021843898
0.0009323234930547
0.0009743934088991026
0.0010407494846789989
0.0009989545617299991
0.0011219645178853002
0.0010542220534484996
0.0010887342864529977
0.0010004806889906993
0.0010369947610054005
0.000981431029176999
0.0012861802122982983
0.0009166739933086018
0.0010121766777847
0.0011683783744877996
0.0009795826175230012
0.0008924942261227982
0.0011298647737073009
0.0009423614934997021
0.0008399195422723986
0.001011144865611699
0.0010815632898486006
0.0009353687156955989
0.0010107826090009
0.0011122792851537
0.001115429631109898
0.0013002828667144015
0.0009796530285538993
0.0010726199042517016
0.0011792653868457
0.0009463284122291984
0.0011452242596256997
0.0011663710476074
0.0008593027834533015
0.0008500922957137003
0.0010192907924099007
0.0012052990426133017
0.001226510315740198
0.0010805717012462024
0.001029977819699001
0.000983625605317201
0.0010358105876769018
0.0010859201526166005
0.0009040544634116993
0.001216947149485198
0.0011908077548381003
0.0012078527609990994
0.0011492660365444995
0.0012349261802651022
0.0009395280448059005
0.0009522087864860009
0.001066227534873801
0.0009636382450388982
0.0010547259698217987
0.0010626642642686986
0.0012030851064095023
0.0009560779228444984
0.0009754340928813977
0.0012655034322706024
0.0010707270104159984
0.0010597996638774983
0.0010254689098089
0.0010901664474207012
0.0014544671704444026
0.0009490420945700989
0.0012523624591386992
0.0012741568465919999
0.0009503342285555987
0.001233124460306198
0.0008703969667138017
0.0010524137291889994
0.0012376546651833992
0.0010999457129541
0.0009930937842399026
0.0010729610152199996
0.0009438756229710986
0.0012504584591297996
0.0010321129287604001
0.001294952306221401
0.001289489162743799
0.0008579344948041988
0.0011167011858140008
0.0010583059824216985
0.0013634750182002983
0.0009386573005518012
0.0008250581172764004
0.001189081274031202
0.001052046483017599
0.0010603302860607983
0.001210615652176502
0.000906288541233799
0.0010309533280970992
0.0011180220619496986
0.0009725774726655999
0.001140348711930101
0.0009461089112340025
0.0011389516046671003
0.0009034829456100006
0.0008691749501667997
0.0009360526846418984
0.0011438469025811006
0.0009135441647209024
0.0009957030377618983
0.0010642131020810013
0.0009925812319258008
0.0011042367931171013
0.0010533322910466006
0.0011455367081311986
0.0009990765851567995
0.0012303021985921002
0.0010103523375478984
0.0008948597146326981
0.0010531274026156986
0.001158943687635
0.0011206601461555
0.0009964773032918005
0.0010876952009115995
0.0012963768098280017
0.0013726606633738016
0.0010004970579833988
0.001136790091178598
0.0010937347256002976
0.0009561961294003996
0.0011457532955523979
0.0009253683819493014
0.0010108922845598022
0.0009673650637476022
0.0010063724547241006
0.0010106169200766006
0.0009385132021336
0.001062644434109198
0.0010017917771534997
0.0012106695024277012
0.0010849426860969
0.0009522293460677012
0.0010567395868389985
0.0011829956456448978
0.0009748953796854011
0.0011177050635601989
0.0009439645823803022
0.0011961081038618995
0.0009985868067586001
0.0009233218363439016
0.0011582052295120993
0.0010055209787715007
0.001284139076236701
0.0010956808220681999
0.0012579059434058987
0.0009621895200492003
0.0009142313569532982
0.0013312120401889997
0.0010660460109031995
0.0010910552866716001
0.0011987858838405988
0.0010685981019843
0.0011316667518440002
0.0008776448885029001
0.0010807193172885018
0.0010090628412138015
0.000959222545743002
0.0011066894901742008
0.001066775797268698
0.0008619370273910999
0.0011518169112548007
0.0010471524916331985
0.0009969915911791985
0.0008589496712069003
0.0011393485458041988
0.0010542767325687
0.0009127470352357017
0.0010259353614225988
0.001096834424968201
0.001326753217029901
0.0009958075671697986
0.0013257578891511003
0.0011815904962771996
0.001200578137792497
0.0010182133762999014
0.0009690705934090015
0.0009603204069137984
0.0011018984237364977
0.0011209879869210002
0.000915150774589403
0.0012027559913212992
0.0010959704365782023
0.001168129310284198
0.001014635717374899
0.001239159946406599
0.0012445113014417017
0.0014370276368829982
0.0010607595228868984
0.0011734024037059025
0.001155612338752901
0.000935360418237198
0.0011739628938388993
0.0011658965109689994
0.0011144632252316003
0.0010705512369553992
0.0012992589734243006
0.0011505843632449997
0.0009429249452295001
0.0011662753709897992
0.0010837265071881007
0.0012049786404940005
0.0008279782556754982
0.000960776019030999
0.0010348231208527
0.0010295214516897015
0.0011278669875284981
0.0012505784743521015
0.0011633588680384985
0.000944202333065098
0.0010540690133424985
0.0010162080747251022
0.000799491068396399
0.0009457287036438999
0.0009456939917353996
0.001082544501391898
0.0010627423045667002
0.0011211382812547008
0.0011712490611506983
0.0009429713171589978
0.0011117097822597004
0.0011096406344838008
0.0011546459187607994
0.0012633665761706998
0.0009341409364633999
0.0009772581570315977
0.0010005626422631003
0.0012749784421546007
0.0009043832025129005
0.001145422030784101
0.0008784271555791999
0.0010351111756077003
0.0009451028928205013
0.0011511182889568997
0.0012407329339906015
0.0010173246682477002
0.0010136316659060014
0.001007832558471998
0.0010548453236688023
0.001067451841531803
0.0011513064581871006
0.0011270691984578002
0.0009859725770171995
0.000841948800612901
0.0010504453097259989
0.0010303292599582008
0.0012676127332001998
0.0009512943666263977
0.0009962584478571991
0.0012536678492602003
0.0012160052268029992
0.0010763717682583003
0.0011966005369581992
0.0009376722129365994
0.0011423978249091998
0.0010777753663944976
0.0010195715074729009
0.0009870074580352987
0.001115098419621801
0.0009836235075946012
0.000870651466973401
0.0012599263577783015
0.0009317989827786997
0.0010585428305171021
0.0009377291618821032
0.0013661975618921018
0.0012074674343270017
0.0011445875480529007
0.000979911566835398
0.0009507786795243008
0.001080794171647699
0.0008435020741035977
0.001068179151419598
0.0010730021973782006
0.0010279536913062985
0.0012907390265908016
0.0013698976795961
0.0008536830429192004
0.0010791056883768003
0.0010053405383322993
0.0011422268325749982
0.0009932815531721977
0.0008161105354008019
0.0010940650351063987
0.0010446051254085
0.0008498986364998996
0.0009667421444058029
0.0012401951397466998
0.0012151465145841013
0.0009609728171125972
0.001023242497523398
0.0010423604681191988
0.0011368715078787991
0.0011183902991054005
0.001003780366409801
0.0010354169687919988
0.0010412474824644975
0.0009139691945389029
0.0011481781148305996
0.000975201925068201
0.0010621292148233
0.0009595065869274014
0.001245553689682502
0.0009334344295751015
0.0010406564269970012
0.0010183453546433983
0.0010148599868213017
0.000927168681124
0.0010147146157222994
0.0009344670865005997
0.0009970890312775982
0.001218594271649099
0.000962750666547
0.0009980448557075014
0.001105493938904998
0.0011306217763691999
0.0012323304690889
0.0008249489839260993
0.0009445457910172012
0.0011144991386720024
0.0010967764186252012
0.0011110478337532995
0.0010949009689980027
0.0011219524860247992
0.0010405071749042018
0.0011275777094600023
0.001237704202248599
0.0010084956487699005
0.0008958434256396974
0.0010347990994350013
0.0009861929076819022
0.0012816517285506
0.001090459365934101
0.0010349731407844967
0.0009224520071779985
0.0010849126572941015
0.001170583770752201
0.0011562754846570975
0.0008321028703328001
0.001026166850548401
0.0009655888447379982
0.001016962561567799
0.0010699779926331004
0.0011450203753299998
0.001073078353714202
0.0009559948919603996
0.0009693296514944015
0.0011416583068230013
0.0012235045671632992
0.0010648006882414997
0.0010488138931188003
0.0010561317790365975
0.0013122105050318023
0.0010204566118083014
0.0010132091364174999
0.0010083747021756018
0.0010551287846813015
0.0010136827412008977
0.0013589855391346016
0.001081429678636
0.0010363064383491008
0.0012302909093767009
0.0010983923385629
0.0011439004487143016
0.0012309395088010988
0.0010297746693291032
0.000869972251733301
0.001086766091347502
0.0011222785992063972
0.0009686075015782995
0.0009615310330332999
0.0009778558065818982
0.0010714911452750012
0.0008329497816894002
0.0011102869218851986
0.0011496908203784996
0.0009734818782556991
0.0013974824048292
0.0009270042537825006
0.0012073146901706022
0.0009921905083518992
0.0009261896436076993
0.0010683528215265983
0.0013096601726166994
0.001048124365320098
0.001091711823058398
0.0009937149486938003
0.0011087678783948014
0.0009551494687572992
0.001055650301791701
0.0009843812810020995
0.000947911276783401
0.001103576064528801
0.0010675496909442993
0.0009564556977328005
0.0010623901289815996
0.0010029721199266012
0.001147035030486597
0.0010421937212753002
0.0011846906703536011
0.0008017135549805016
0.0010684937921266978
0.0011577984976878994
0.0008604113003588022
0.0010829601011466995
0.0010331833188606011
0.0011282303639955985
0.0008309615986657991
0.0011920563535774004
0.0011352009113331021
0.001171681068766403
0.0009020183602233001
0.0009994679067970996
0.0009638219056495
0.0009540459212445986
0.0009396512706983003
0.0011366543947708002
0.001074089660082201
0.0011056145983831013
0.0011344836916587012
0.001215491595654098
0.0009997013545340987
0.0011045811950872002
0.0009844248798420996
0.000968335809736199
0.001097729530517802
0.0012924229101207996
0.0009355654313943015
0.001111636926328697
0.001263931316601602
0.0012084322510831982
0.0013561729184306988
0.0009400335046748989
0.001124192790203999
0.0010654014482953007
0.0009840144064226022
0.0009834141727477
0.000904872322859001
0.0008787940345243994
0.0010633788394477997
0.0010759459900162027
0.0012635237518986986
0.001085543413133199
0.0013068530907958016
0.0011470188370973008
0.001129927430239
0.0010139955925440002
0.0010665593779662016
0.0009744835642359999
0.0010498837638342993
0.0010533356004272972
0.0010860850275800013
0.0010223852433525991
0.0008908665185523995
0.0009953212547113982
0.0009485958865479011
0.001374225995232202
0.0011144198882227022
0.0009326786577390014
0.0010392695819800984
0.0011066522336640981
0.001195941978202799
0.0012441938235270011
0.0012728034893195982
0.0012009578160465002
0.0010500539049773001
0.001131956075110102
0.000928049973654102
0.0008895955695992011
0.0011112470563183
0.0013702287098682
0.0010524940827272983
0.0012227520922118984
0.001051099336143401
0.0010137436831931974
0.0009821662568965002
0.001315596277758898
0.0012266643752534973
0.0010765560254592
0.0010477718785633985
0.001227634736081399
0.0013136738346194998
0.0009708272124034009
0.0010141032649026993
0.0009057938540562999
0.0010307237374103974
0.001072138784982097
0.0010923037171098986
0.0009217594042206997
0.0009816805161411007
0.0011376372377654015
0.001091252201702201
0.0010438421103001992
0.0012116248625935015
0.0009983838932146986
0.0012501339846824992
0.0011576207352434996
0.0009320227295453003
0.0011391471259138003
0.0009651016778908991
0.0011228309094520016
0.0010836742705327002
0.0010203843133343993
0.0009712464514977995
0.0012053907589800981
0.0010276118667621008
0.001034076944748899
0.0011514497188486982
0.001063223747402399
0.0011119996319529021
0.0010288723528509014
0.0012840005341404996
0.0013532082007332996
0.000978824807680398
0.0009555392523020005
0.000939121855956699
0.0009874346807094009
0.0011109630974395976
0.0013717157637887986
0.0008955168273891007
0.0011403314623134007
0.0011607422416173019
0.0011064646774156008
0.0011641606354603033
0.0010933243988204
0.0010723906196977995
0.0011607044417674024
0.0011925352860563017
0.0009007244558927006
0.0011233011683921997
0.0010529019712689977
0.0010093404460421
0.0012681512084353995
0.0012631454630253995
0.001037528067414601
0.0010036368426164996
0.0012765345145345983
0.0009466004850848982
0.0010602982388450005
0.0009524619453128991
0.0011969995100519978
0.0011254927391237991
0.0009974322456470022
0.0009845252751449
0.0011562555250719982
0.0009605760730145019
0.0008172745317922003
0.0011193197419054994
0.0011702782267708003
0.0009019309274979001
0.0011606222152407003
0.0009665617559563994
0.001020668679131899
0.0008756057111471011
0.0014546490400019
0.000894326526423201
0.0013621612811175986
0.0009864612771190995
0.0013250058537343998
0.0011303953680094
0.001140473423471202
0.0010641608005130011
0.0010228440736358008
0.0010857062571669983
0.0012471121520053023
0.000894597514702701
0.0009832852188693987
0.0010805921134256977
0.001129533327918198
0.001080290632422598
0.0009736991641429993
0.001065107319453501
0.0011464821767373026
0.0011037756837525003
0.0010664895187715018
0.0009681492591669012
0.0010394732536469012
0.0009402059972219018
0.0010290342572058
0.0009996744553485981
0.0009842477233475005
0.0011782467358099
0.0011160918916497987
0.0010636244235418986
0.0008584608770978025
0.0010626966622663998
0.00093187835512
0.0013898071747649003
0.0011109688703552015
0.0008113130447464992
0.001244015186557
0.000800933654094102
0.0009135062631248983
0.0009916893118677994
0.0012236587059312985
0.001168885558744899
0.0010362143734151015
0.0008599745442245989
0.001216417354413097
0.0010934849630335995
0.001085714838547698
0.0011199635227840989
0.0008873823833673994
0.0011173509351431014
0.0010259416643535989
0.0009240560868834999
0.0010594951835386987
0.0010307310903173994
0.0010069991393938
0.0009223656498336015
0.0009739959719832977
0.0013641566950798982
0.0010231798041956987
0.0008533828793144994
0.001105416240389203
0.0010943444736131978
0.0012386190002713002
0.0012276371643253
0.0010097917170582005
0.0010237206775505978
0.0011431039833369981
0.0009585034832446
0.0010564278041130977
0.0010299490353532018
0.0009282566146930002
0.0010646036542841
0.0012166204916903012
0.001023667586587798
0.0010294491919432998
0.0010848735535155009
0.0012031461364451976
0.0010815222731610993
0.0010181771595860999
0.001073435893619603
0.0008768218028787009
0.0010259924912033973
0.0011441231861240991
0.0009878747544776988
0.0008750450629109001
0.0009455784899767006
0.0009826261083705004
0.0009861830130193996
0.0009934126611100026
0.0010822256137885018
0.001067899735238801
0.0010492165169051007
0.0011392784988189
0.0009259856502716012
0.0010587054237801014
0.0010231257070433993
0.0013325114428499006
0.0012434567668328997
0.001145347653165301
0.0009630192177716018
0.0010781438415387
0.0011302505387662982
0.0010996466049628985
0.0010092865693070996
0.001119565219319097
0.0010624916051837005
0.0009568704225135019
0.0009187241169450987
0.0010173473633962003
0.0010808423050163996
0.0009799753317205999
0.0009431296045143006
0.0010592511494805987
0.0009516768211624976
0.0012198468417749
0.001024098972785402
0.001049447944669199
0.001183026428366301
0.0009045391121189003
0.0012109028913944997
0.0010498185935733997
0.0010617635449680016
0.0008746649175394999
0.0009400864549631016
0.0010848905674913992
0.0008722881328750987
0.0013050335976392997
0.001159780584602102
0.0009919996127582993
0.001044515932006402
0.0011406781314023014
0.0008886297752789991
0.0010061778048148992
0.0010309233950912995
0.0011551627967330003
0.0014165884935423978
0.0010811230697620987
0.0009201477307128024
0.0012138662097631002
0.000956634011304202
0.0010599078937335998
0.0011084744191392007
0.0012104211346926005
0.0010695349486494997
0.000920942019745602
0.0013126467672353002
0.0010067270998305004
0.0008728254813943001
0.0011517730233115003
0.0008504498826986014
0.0009803064189061982
0.0010268153979088
0.001076640610319101
0.001182151530357601
0.0008553854844081978
0.0010312473401073996
0.000908368399486801
0.0010656913033531001
0.0009493558398248024
0.001128156682256902
0.001013387136853599
0.0008933325729385995
0.0010529820772267016
0.001311984937542799
0.0009692097748256988
0.001199407481740699
0.0008676168259141026
0.0011447652134232988
0.0011896263227418012
0.0010785681791229997
0.001159329444815397
0.0011190564403073984
0.0013959847800083976
0.0010464651049334993
0.0009788803087782995
0.0012331532457637018
0.0010314555261873998
0.0012659714309687028
0.0011336470275525
0.0010611977537239997
0.0011384087372798973
0.0010383673181225996
0.0012224360120044013
0.0010057950144251003
0.0013078249759119996
0.0009566624871049992
0.0011070791611950993
0.001039941972386299
0.0010077188682418997
0.0008604772252225994
0.001100980468890199
0.0011386417032994978
0.001138991281335898
0.0010654333940534992
0.0009245302160897015
0.0010560529869270974
0.0009261898208151008
0.0010697791981235001
0.0012379973984772974
0.001117790507957201
0.0011208839832107
0.0009785552088814008
0.0011447665004858006
0.0011551757985635985
0.001159480468026202
0.0012545444048452023
0.001079578403193799
0.0008979978635031
0.0011616273234008982
0.0009680610311358986
0.0009937455231232017
0.0009832578638667988
0.0011468144242663993
0.0010355234953693011
0.0012194010347331002
0.0011157587977315975
0.0009793247683073
0.0009204072560150996
0.0011215816099223001
0.0012967890560047005
0.0010928374811883003
0.000962999395048101
0.0011563408203591995
0.0011162929200464987
0.0011209968169870015
0.0009340533783975015
0.0012189549975232979
0.0010646906530705005
0.0011205988875858004
0.0010450459587471005
0.001019437619792899
0.0008995834714296026
0.0011598778115669006
0.0011228434916144003
0.0008596370285731021
0.000990399523787499
0.0008536720941137999
0.0011170069138051013
0.0010888309495011017
0.0008806346432102992
0.0009972111276390014
0.0011707201558067981
0.0011708242306286004
0.0011887660073775994
0.0010259193804142003
0.0010881587532087025
0.0010499818296628993
0.001213092593544702
0.0009741702403094007
0.0011931679288610005
0.0014406528806261004
0.0010475192241998985
0.0010005739114546004
0.0008235114539984004
0.0009684691694022973
0.001008516556303598
0.0009794659096908007
0.0009409963717861985
0.0009204243966280008
0.0012555260457883972
0.0011763669496660002
0.0010980681510857973
0.0011848157704777984
0.0009568018137437011
0.0013437978603167977
0.0009561955450116989
0.0011011018488183977
0.0011391891614838008
0.0009692349137849013
0.0012309107031889012
0.0011724640461765988
0.0009511401012013004
0.0010009959791475974
0.0010426316464977985
0.0010801148605682
0.0011056131516275977
0.0008971956923802989
0.0009183500216774013
0.0009468879313378996
0.001141628511525699
0.0010382836867835997
0.0010803466574368994
0.001101848233517999
0.0010135386803009974
0.0009579771486160002
0.0011211447229837017
0.000989212826215901
0.0010235478053586995
0.0011277396478442982
0.001084169329864701
0.0010830158201869007
0.0009760296497604987
0.0011034904839654983
0.000999469035492799
0.0011490251980006
0.001090738988402503
0.00100756880287
0.0011149297904431005
0.0011949012142165004
0.0013125078985558002
0.0009755471285426004
0.0010994970982326976
0.0012445152373629018
0.0010328836561400018
0.0011720586340754
0.0010950125037869976
0.0011067922966008018
0.0012043243212800994
0.0010670509172204003
0.0010635551049382012
0.0008788945709446994
0.0009908926602098002
0.0011495853482716006
0.001121677592008801
0.0010262945734341028
0.0011381543756526988
0.0009940205504568
0.0009926871578622015
0.001044025350449701
0.0010689027037545998
0.0008972580739000993
0.0007931083399155998
0.0009783926258724006
0.0010652676402246007
0.0010589795410411995
0.0009801728669547004
0.0009391125893393991
0.001101821959250602
0.0007739493337987
0.0009261849520406998
0.0011482537194133988
0.0011558517548752
0.0012922028720236019
0.0012346113182419988
0.0010619754896820967
0.0009915657319638019
0.0011885842000703
0.0010754654706750001
0.0013203443324909005
0.0011139770662194001
0.0009665408011458008
0.0008137660966001971
0.0012391211071937011
0.0010764168837402999
0.0010367527228367021
0.0012925482574735019
0.0009827620319328018
0.0010206345426940974
0.0009723514989208974
0.0010357336688010012
0.0010989275179642023
0.0010358283446145998
0.0008825884713370008
0.0010716537524907005
0.0011180743662448991
0.0010885762117641001
0.001285102720355799
0.0011337012447854983
0.0012443619860925993
0.0010925021519767007
0.0010138567527863997
0.0009367771649585986
0.0011768457123947987
0.0009459797156516
0.0011118244338226974
0.0009344866740312006
0.0010928082615748007
0.0013485262904059
0.0008687983878816995
0.0009865276895558994
0.0012011169097723984
0.0010408875595945
0.0009411626049458006
0.0010777959212999004
0.0010846068377970003
0.0010837175958559979
0.0010380869088407983
0.0011867139211333977
0.0010130076270588005
0.0009466249609210026
0.0009811896832571006
0.0008792995374909025
0.0010243252441072027
0.0010947054935478984
0.0009315094550233979
0.0011861000083046025
0.0009273279701935006
0.0010638914418063979
0.0011374254196169983
0.0011960796564111018
0.0009143285743559992
0.000905957390325101
0.0011556966773181993
0.0011880630880082982
0.001080646973177498
0.0008619481779868002
0.0009946773185884987
0.0012001609117953012
0.0009197990809811027
0.001035802450597697
0.0011152261606424026
0.0009562180632139011
0.0010484603442595004
0.0009841721604799993
0.0010398524374966994
0.0009672559021449006
0.0009672861577211984
0.0008971663354163002
0.0010049947390285002
0.0010047729971090977
0.0010455139207390003
0.0010437967155729998
0.000918516529288399
0.0009659683762808999
0.0009916340848799
0.0012688713919181
0.001138911385534399
0.0011163835193279993
0.0008275574589192009
0.0009293944837258025
0.0008069248518601004
0.0008843981696202985
0.0009908985541477976
0.0010784642457787007
0.0012148955751832002
0.0013224314004429
0.0010889470856429023
0.0008475453736438987
0.0008810254753960009
0.0010437953530001987
0.0011732599418186988
0.0012758073893435994
0.0011602881551168003
0.0010043317770965995
0.0011640918899897025
0.001119572842859299
0.001157286855721501
0.0011899088353152995
0.0011539380462926019
0.0010182436799603019
0.0010183105682880986
0.0010010346964583992
0.0010848814994394024
0.001023954496441399
0.0010239123626282001
0.0010549508004119995
0.0010828621075739987
0.0012791153224207992
0.0012575334620844002
0.0011486989212732002
0.0010805316331743003
0.0008313674004986997
0.001111878153737901
0.0009447603479295977
0.0010315830777193995
0.0010573610510064002
0.0009566942681646998
0.0010993053239537996
0.0011631281864942014
0.001233013176374101
0.0012359962097299969
0.0010524608765627996
0.0010399069156615988
0.001185144354485801
0.0011268082533631985
0.001020872143522998
0.0009083828958747972
0.0012560887363516002
0.001130123912792099
0.0011707235569169
0.001061178579573701
0.0012690060203686994
0.0012142396578460994
0.0010376221406965015
0.0012296253714483008
0.0011801313443917001
0.0010319429977835026
0.0010247362354877977
0.0009584253388912993
0.0010425465552130996
0.0008974595175448991
0.0008532490452920968
0.001058911813147101
0.0009515789556814001
0.0009383323808348012
0.0010930181757762975
0.0010225000437596998
0.0010941079007510991
0.0011248318905668006
0.0013809528741866028
0.0011540365782252981
0.0011639532707036007
0.0010506592572806991
0.0010186652612402987
0.0009586634436066013
0.0009550431576410001
0.0010390479903109977
0.0010275612154131974
0.001242300050784597
0.0011997188869788018
0.0010776474033347
0.001143670381327299
0.0010502119692881
0.0010088304707381
0.000871729294665901
0.0011005031818200998
0.0010194628531306968
0.0009722402886809013
0.0012211221846957984
0.0010014291777457988
0.0010257290009939024
0.0011561885239867974
0.0009902711296282014
0.0011680345113663018
0.0010961794269407008
0.0010528212842242021
0.0011162849362654978
0.0011325548642172993
0.0013054333097472018
0.0011759152555781
0.001134832735640301
0.0011341820996582028
0.0010288947954774988
0.0014220927500013004
0.0011497866426587976
0.0010392242131644011
0.0010769142976034991
0.0010569685898567
0.0010729291028124983
0.0010221878011247992
0.0010564065223544993
0.000982974775778401
0.0010093168095182993
0.0009222761822149025
0.0010897297929486002
0.0009498660854212991
0.0010535605602451023
0.0010542038383607004
0.0012422189747032034
0.0011541320330384977
0.0012857275287799994
0.0009295445509142006
0.0009744886625975002
0.0008442797901920991
0.0009779967569126975
0.0009244726922501972
0.0011310307347028974
0.0011262507279551012
0.0012956426248567979
0.0010893725685225987
0.0008710102541360024
0.0010078892377937028
0.0010629249641810994
0.0010403321669490012
0.0007879927188286992
0.0009474746850484973
0.0010232630151957994
0.0011632428628388994
0.0011714558788958017
0.0010540201646620992
0.0010299601300416024
0.0010406015537767974
0.001116163866012699
0.0011256560550029007
0.0009771374398275974
0.0010677016587069994
0.0011452933014184027
0.0010403470018693003
0.0009728015688543999
0.0008368002959530003
0.0010445375928832996
0.0013485010793451019
0.0009788360720600006
0.0008552382064106988
0.0009992048013287014
0.001175940819480803
0.0010949133951164008
0.0009784239149033987
0.0011481935058857001
0.0011772488040624994
0.0012018103372462008
0.0010530848318873985
0.001023892287234398
0.0010564634324529004
0.0009037795916636004
0.0008039921304454009
0.000963943305986599
0.0010809073147358024
0.001157929841053399
0.0010666459155292025
0.0012201348195741007
0.0012677189792236997
0.0012323952050507028
0.0010986022766111998
0.0010855131992545987
0.0012409386551951
0.001047398329952598
0.0012040965640293007
0.0011007153276776996
0.0011353657150614989
0.0009511840669188983
0.000909372927926002
0.0011553824623913994
0.0009963823258484009
0.0010356174703756993
0.0009922855421826
0.001082370858974297
0.0012166077784987982
0.0008713984986336992
0.0009799831674706001
0.0010934829869846015
0.0010618707227324012
0.0009609941292437994
0.0011834298837933993
0.0009140365364758013
0.0010512287356545004
0.0010041817291471002
0.0008945376914059992
0.0010882547356329993
0.0009926362729874016
0.0010905346793795012
0.0010523504344744014
0.0008408869343428001
0.0009494152694548008
0.0010275304245623007
0.0009611791284348005
0.0010849101183464
0.0010995128276862012
0.0009408407846480983
0.0011176155263850976
0.0010530176266555988
0.0009912868619789995
0.0012183751872980007
0.000853008965649299
0.0009125924777703999
0.0009757854400328989
0.000937079665038601
0.0009397806507438003
0.0009703979676582014
0.0010152789443257024
0.001149869343369702
0.001139862108966199
0.0009085555198236998
0.001015371452412199
0.0013598862711228996
0.0009230007271536986
0.0010974767606722023
0.0009401565526566992
0.0012785620976650987
0.0012309755358736012
0.0009224033281288006
0.0010780434228557997
0.0010054883243215997
0.001293211950342002
0.0009678434094027993
0.0010029537174691024
0.0010610839665170999
0.0011172345335410012
0.0010654510891478022
0.001194486610028897
0.0010930386800175988
0.0010606081122604971
0.001008014735813599
0.001003624965169602
0.0011719439512900033
0.0012713766498118999
0.0011831982606477012
0.0008347674121215003
0.0009695328858594018
0.0009135475535312007
0.0010753552583793007
0.0009961957677755012
0.0012038131889084008
0.0009331141262401005
0.0010604482029312017
0.0011611995608199997
0.0012695339525364974
0.0014214726009121985
0.0012446436905193987
0.000982618569936703
0.0009522972750319984
0.0008677354010986002
0.001225886793746099
0.0011435924861674003
0.0009855424036730003
0.0010276340004887995
0.0011344438519496
0.0010586369802596009
0.0010185775171855996
0.0011199747898590004
0.0011273704854701007
0.0011969843631389997
0.0012204828270091991
0.0011059426065893017
0.0012505236403574996
0.001016778256013099
0.0011283361600755992
0.0012744435619232997
0.0011155957322008005
0.0012877543211798
0.0009019682500996003
0.0010877615826503997
0.0011783235783652986
0.001041198897611697
0.0011656977434495001
0.0009812132782308011
0.0011125570492860996
0.0009861984559565024
0.0010613413847680997
0.0010711176860313011
0.0010595799436314002
0.0007654292798453984
0.0010456274077309015
0.0009641433309239
0.0009852409382253013
0.0009391638495190001
0.0010997624034611991
0.0010424373909466988
0.0010936148898067002
0.0008587441096029012
0.0010079580596820022
0.0008778729754522971
0.0007717627956513005
0.0010872998020511997
0.0011162889413907987
0.0010105307584955987
0.0011260753409082017
0.000966803427773201
0.001101028504592698
0.000983562783649198
0.0010112071471270016
0.0010178964706035985
0.000944215681315301
0.0012498361323520016
0.0011340301792545984
