0.0293302538120361
0.0292850122676908
0.0298275100916659
0.0295154594526983
0.029102277511639
0.0294366955977798
0.0288623161714586
0.0291185321617021
0.0296999330175485
0.0295573208254259
0.0290703305375842
0.0296904296272282
0.0291604941819036
0.029172868830261
0.029784051179288
0.0293721550932444
0.0291084613819656
0.0287177445370927
0.0299760106553391
0.0290736211312356
0.0297269930095767
0.0289664855741569
0.0293525418879331
0.0296002965270096
0.0296376260934799
0.0288929076717205
0.0293647630555159
0.0294919706351755
0.0293469963604085
0.0298475355593376
0.0297021838116881
0.0290630091138906
0.0290514846209759
0.0291666661502254
0.0292090794399536
0.0295852472557707
0.0293636862282392
0.0300650358804096
0.0293074271944024
0.0292811299121507
0.0296524007881325
0.029712735114288
0.0293562777999849
0.0295673662578283
0.0294344173762898
0.0292232890938058
0.0291136430525366
0.0286257133618537
0.0289230752766198
0.029435115598529
0.0298260086495805
0.0291091965437629
0.028587660115944
0.0291423509137937
0.0293015324369151
0.0289949000783486
0.0298623457359123
0.0291814349046651
0.0295967935117066
0.0295381719261843
0.0295037495699276
0.0294839932775889
0.0293405034130262
0.0298138410616186
0.0295726299873695
0.0288701382380067
0.0295508352723729
0.0290307643391532
0.0294756815962206
0.028638523183053
0.0292430334785742
0.0291577271861468
0.029532133045225
0.0290389562812473
0.0291473132448645
0.0294432504494501
0.0295781586284485
0.0291603573307763
0.0291776513567104
0.0290273505524871
0.0292783872960619
0.0296757084543723
0.0298910820254088
0.0289364216085959
0.0297123567400578
0.0295366950146191
0.0294836954579312
0.029803394383121
0.0293716801273527
0.0290214053692147
0.0297550608039938
0.0291987121794359
0.0298736665549289
0.0296023079027457
0.028990753828436
0.0297608111239218
0.0287418416803304
0.0295540037628975
0.0296833459713214
0.0296502190642693
0.0292244169798102
0.0298019938595196
0.0290224723918609
0.0300276560635689
0.0292693239586143
0.0293931939586284
0.0295548956856114
0.0290989596666052
0.0292275402311498
0.0290710788764028
0.0291843103327334
0.029392182230033
0.0293932555842684
0.0287412714163395
0.0297100971538111
0.0296839048655991
0.0299148856411384
0.0292152551432459
0.0295668296137998
0.0293388024772515
0.0290254173346216
0.0291402552552085
0.0293344510899717
0.0291811877282975
0.02936087731146
0.0292654249229965
0.0289395970289259
0.0288941135388244
0.0298295836531948
0.0294142218009288
0.0297730690932958
0.0291190396272213
0.0290425391471094
0.0300138787999306
0.0291561043792617
0.0296278315229552
0.0296530940794235
0.0297008601650008
0.0294062375686062
0.0296756647622865
0.0293341796707794
0.0289561273465023
0.0292708335674594
0.0289887099831894
0.0295776471375419
0.0294531752449256
0.0287537058867069
0.0292317549066916
0.0293084198193103
0.0294510541327251
0.0295812374292404
0.030041606157876
0.0292738376380903
0.0295724020118675
0.0292384071890484
0.0292625999989126
0.0298774638810126
0.0291656736962876
0.0293234533623901
0.0295549602263207
0.0293863724274802
0.0294207328388941
0.0288545011785293
0.029073980064205
0.0289405844829339
0.0295066079117993
0.0293728928804997
0.029733745883985
0.0295043855598613
0.0290056645385235
0.0291406827657636
0.0290841882463252
0.0290102205871344
0.0296353738235212
0.0295421029668514
0.0291261606955168
0.029626119274011
0.0298866119667417
0.0290644153790569
0.0290933048435411
0.028803381938641
0.0294401398999727
0.0293423004804367
0.0292379936492334
0.0292653944249621
0.0293128879279318
0.0295152109202504
0.0296697237532015
0.0295199997058303
0.0292175765657789
0.0297286585815188
0.0293278257942443
0.0290952753978324
0.0293331435664173
0.0298051553670065
0.0294851816119516
0.0294131967970271
0.0292946554979113
0.0292999235400449
0.0289463854571278
0.0289767884126699
0.0293185445790207
0.0293653695129993
0.0290429037881614
0.0294279645165882
0.0296707104183367
0.0290984305627973
0.0292864456999243
0.0292705950374072
0.0291553470880542
0.0291448498220484
0.0293013525561309
0.0296399517671143
0.0290408304038311
0.0293134896103927
0.0291062459477548
0.0293324670963612
0.0294025257249461
0.029424115446902
0.0289441737422118
0.0296701839529751
0.0291415866693024
0.0292565133116388
0.0297472114360165
0.0291706270293212
0.0295934727118183
0.0292822638531796
0.0291887891570644
0.0298718939248364
0.0290680908408874
0.029588157119104
0.0291286804757305
0.0297642427177436
0.0297200075952885
0.0289928423148019
0.0294713910310271
0.0298997041974277
0.0292675489639314
0.0291671189581489
0.0297870865517657
0.0289632817709303
0.0294359533584131
0.0291620113928864
0.0295898312797293
0.0296872934979114
0.0295222965449989
0.029448518546939
0.0297282290515558
0.028885519041868
0.0289502598753858
0.029269473930738
0.0295505680256921
0.0290350271162601
0.029029407943275
0.029094429218321
0.0297269795338327
0.0291888377017627
0.0292493142766898
0.0303805624767843
0.0296378711450523
0.02900442984669
0.0300738654776442
0.0291030210308319
0.028988830600805
0.0294514094800203
0.0295155683836067
0.0295012223662501
0.0291311693805524
0.0294096151678176
0.0289768772235345
0.0292044626583402
0.0296473337925604
0.0292286554981864
0.0298566665951497
0.0292819980372459
0.0293321356186572
0.0294010835529922
0.0296744871069255
0.029072732426833
0.0289516782395751
0.0297074631036713
0.0291640461726006
0.0295023785835602
0.029028278318289
0.0295109518132518
0.0285781086049372
0.0292396982905779
0.0293758436193945
0.02878687263543
0.0290251432381099
0.0294548867577223
0.0295959625266563
0.0295794060979082
0.0293605185435853
0.0294494959144573
0.0294384038884204
0.029037597430912
0.0296776952176857
0.0294553033164901
0.0295092895474021
0.02934431683052
0.029723261255276
0.0289137114603362
0.0293573187757619
0.0290883482494342
0.0292032809387351
0.0292420259398802
0.0292749032046486
0.0284607663208132
0.0291308741166896
0.029037664455754
0.029295087626245
0.0294088239653437
0.0300141568684225
0.0288783348189071
0.0300018445775734
0.0290691371749831
0.0291937269322367
0.029116156938863
0.0298801249354593
0.0304334590776983
0.0292865434475133
0.0290070686572564
0.0294475625944285
0.0295020713371782
0.0295606573702258
0.0292008661142923
0.0297642600034783
0.0289624847817534
0.0293779835709145
0.0301640744759873
0.0296078922176434
0.0295139926430513
0.0293411028308066
0.029315972970586
0.0292369184490457
0.0292343909596284
0.0295293236930643
0.0295331890100726
0.0291286592089833
0.0293155411175792
0.0291710586535305
0.0289708947353029
0.0295351243054142
0.029897426113498
0.0294480417140016
0.0293935227554508
0.0293612694766961
0.0289905733289895
0.0289479386778867
0.0292058586431896
0.0292986330252436
0.0300395602517948
0.0292334293913067
0.0288220216219464
0.0294615897551857
0.029428078906884
0.0294740265246481
0.0295379643813911
0.029279248520365
0.0295956782932359
0.0293246996235895
0.0304167242804196
0.0290397121444941
0.0297783788254061
0.0298262190180442
0.0292280616693549
0.0298096100731424
0.0289058186108471
0.0293781088578937
0.0292080456678695
0.0298011008805222
0.0298888457535733
0.0295274093039685
0.0287204405167333
0.0291310611405933
0.0291309233810223
0.0302926870997164
0.0289697311650883
0.029307360334738
0.0295253617465976
0.0297112067164685
0.0299025868441647
0.0293588547867604
0.0290230183395063
0.029082345390383
0.0295375992101741
0.0292300785415355
0.0298050764576639
0.0293471781046465
0.0291247841499532
0.0300429107882581
0.0297363217812097
0.0293837201456382
0.0295326099674441
0.0296116821184658
0.0298568503762873
0.0292354081194924
0.0291125653495113
0.0294720117340363
0.0289416994228311
0.029669468553337
0.0296123461208191
0.0287915877815606
0.0291599357371725
0.0286812885589792
0.028920724524056
0.0291548870837443
0.0295558437952468
0.0299160450440355
0.0295319108628814
0.029112055916408
0.0294738807773394
0.0294516250912735
0.0288537916038698
0.0296221967132197
0.0293157507653598
0.029026395478868
0.0291858935113327
0.0293223610004363
0.0292219407916467
0.0297697397999154
0.0290612834829247
0.0293086650845016
0.0291828298966583
0.0296244755117429
0.029282989653628
0.0293340792332707
0.0292576122558259
0.0291818187736469
0.029816481435612
0.0292455232400669
0.0294196395344747
0.0292321706164586
0.029238962817876
0.029128119593223
0.0290065212341812
0.0294007357807473
0.0292249600124488
0.0294626492562644
0.0290891768210731
0.0293157751323139
0.0288988827328827
0.028842372520579
0.0290973534093669
0.0295731894222797
0.0292181180084728
0.0293590880016294
0.0288308764309453
0.028857966973463
0.0291864212649218
0.0298903534689496
0.029601153269008
0.0292344555696614
0.0291138162267758
0.0300150324155667
0.0289027141333106
0.0288648662790873
0.0291091731689167
0.0298174431019739
0.0294743450873051
0.0294802862882561
0.0293280774448349
0.0291769054959502
0.0292208356880852
0.0294306052733353
0.0298503852002982
0.0294905943277648
0.0295260544534986
0.0297749447449794
0.0289934588083594
0.0293014329568145
0.0295108529882131
0.0288504381541503
0.029418902453886
0.029806688292575
0.0291318646937269
0.0293180976527532
0.0297146961969351
0.0295408107107737
0.0298158613722543
0.0300118665974434
0.029711900791511
0.0295422790605389
0.0288581020998177
0.029760918021378
0.0290397862173171
0.0296019189320225
0.0304320832569878
0.0294072606058835
0.0290400072147715
0.02986556180672
0.0291774217306323
0.0290771469646277
0.0293095175059252
0.0294880806871447
0.0296458470565507
0.0291997704881343
0.029138380220489
0.0295008383304782
0.029062757031029
0.0291404255094946
0.0293231334739892
0.0294373423886145
0.0296257780836433
0.0294318869807298
0.0296187615233602
0.0292455345555071
0.0291193538812579
0.0295542384307436
0.0296629415521521
0.029341951229277
0.0294396744631002
0.0296849163406896
0.0289037495671602
0.0296328844971157
0.0291995230011875
0.0292224417288794
0.0293669912354897
0.029511127634457
0.0291270202973008
0.0291874509863596
0.029364867246405
0.0292989047319736
0.0296157485088113
0.0292390424076575
0.029195860333783
0.0296606181325244
0.0293253841711238
0.0291935107778715
0.0293189915050983
0.0290713385188342
0.0292462871426467
0.0293501705715573
0.0294941866553865
0.0291528056651361
0.029658777701841
0.0298778130869488
0.0289385106123856
0.0294177049329055
0.0297609793736105
0.0290662449725411
0.0292270453861926
0.0290892230611432
0.0299176168893802
0.0293136554197457
0.02946812249601
0.0297385855253151
0.0291661665074161
0.0294453467246896
0.0295272871840142
0.0294838296883251
0.0292065926328444
0.0296353115698997
0.0289792393118813
0.0289681734070753
0.0292998664373869
0.0288645451095893
0.0293949594246895
0.0293651643932831
0.0289995641724203
0.0293286644229467
0.0295075804918818
0.0295147243209346
0.029480482238827
0.0296030903606402
0.0297629413651187
0.0291729687205067
0.0293815552519798
0.0292074518907679
0.0291313402624454
0.0292348616309802
0.0293301611581776
0.0292635237501559
0.0293985504798582
0.0298270721507488
0.0293100609928139
0.0291598707750689
0.0293624999073434
0.0294689941384935
0.0292644187574876
0.0287152439726347
0.029339208829192
0.0292767341571494
0.0290674065794391
0.0289431719594918
0.0295514564102372
0.0294797251705096
0.0292773724979926
0.0292644954893752
0.0294108647772625
0.0295402792970884
0.0286798393265814
0.0291746536054444
0.0291101532612497
0.0290961321938363
0.0295038614702431
0.0294994074066288
0.0293161342884815
0.0299429481767332
0.0295679510921015
0.0296697718789261
0.0294788204568678
0.0288668861875034
0.0290114620356643
0.0297075976782743
0.0296910469553115
0.0297003659204131
0.0287734219211368
0.0292437079947843
0.0291277698335999
0.0295171767416356
0.0291798126269444
0.0292418649897645
0.0289493976951822
0.0292073489606266
0.0291788342293803
0.0295603064700812
0.0295169416823151
0.0301411249721359
0.0296318856232787
0.0292135793263621
0.0295663352378169
0.0297599249006033
0.0296769278037222
0.0294508875046968
0.0297270552780184
0.0297301825750276
0.0291177422357005
0.02959081732508
0.0291894347446455
0.0291019009757855
0.0299269015294551
0.0292423842099649
0.0291272012387262
0.0292527503226636
0.028999487983034
0.029221245511482
0.0296284292534344
0.0295052910906404
0.0294106226049789
0.029406174460191
0.0299180879593464
0.0294981808117617
0.0291707811475644
0.0289826186573522
0.0291629513343381
0.0297142998872674
0.0292836788830176
0.0289525856143945
0.0291791848033432
0.0291933431074025
0.0295073029217481
0.0299487071194153
0.0292773868468576
0.0291660202982393
0.0284905914525641
0.0293849666751112
0.0292843813554797
0.0287814044416846
0.0297250360267747
0.0289999732179453
0.0294689398813659
0.0291950823898593
0.0289412073804173
0.0293336943485365
0.0292076202893224
0.0291122544477068
0.0294734456039578
0.02955558767109
0.0293393512010509
0.0292117063559485
0.029473722418477
0.0296562890248995
0.0292657971713553
0.0294617797802757
0.0293941604047911
0.0295303819848689
0.0297356247787235
0.029174538638608
0.029675541274411
0.028765923366248
0.0288771968172736
0.0290948555216147
0.0294603065003632
0.0290868457899397
0.0289405637361976
0.0293102886417182
0.0289756525355362
0.0288661759997966
0.029354464893788
0.0291968231982583
0.029250405995984
0.0293896596112198
0.0295574539511846
0.0295051078502645
0.0292242867200539
0.0295251051670267
0.0302323527971809
0.0291182233392323
0.0297162236605514
0.0291527028914897
0.0298663527167876
0.0290085158026948
0.0291919613889263
0.0290965358053059
0.029042570053744
0.0291087147104291
0.0292279820391038
0.0288958910814025
0.0296328183758771
0.0292650631374373
0.0302797106201467
0.0298058302054946
0.0297782638071546
0.0290510287508797
0.0294407799254617
0.029215547465911
0.0296361792167455
0.0290001859763033
0.0296500354693852
0.0292929094482022
0.0294908495793983
0.0290868995210434
0.0294890105979648
0.0295530239096903
0.028692106714395
0.0291754726364156
0.0285545803729859
0.0294011817652712
0.0292026734594596
0.029189841205207
0.0292955683282693
0.0294618968471429
0.0300324075776048
0.0298027890409784
0.0291828795751618
0.0297157684922599
0.0296620664271019
0.029132596065815
0.0299014704028117
0.0286751346166105
0.0292450152478186
0.0290704979987152
0.0290877048165506
0.0289011580593316
0.0295783629728779
0.0290707203954379
0.0289671124210288
0.0294014646228387
0.0289417162908644
0.0292032689892099
0.0294428803802177
0.0292759857675491
0.0293233290475719
0.0292407294863265
0.0293565509839898
0.0291873563643079
0.0288798154344558
0.0291086919542293
0.0292502989167761
0.0293333260719352
0.0292197264927128
0.029352660660267
0.0294689979171606
0.029725953950027
0.0292771829298316
0.0292582384296107
0.0292990122615672
0.0292747763701822
0.0292014838140831
0.0294091132604084
0.0287850373256132
0.0291300197644481
0.0296555714903237
0.0287808690885436
0.0298069044815764
0.0296137489879068
0.0291538816363302
0.0287828066726735
0.0289970698363699
0.0293359604701575
0.0297213225344535
0.0300491841479029
0.0294234035208816
0.0289392583085437
0.0289761020588106
0.0294523861693454
0.0297648078923485
0.0299030158320823
0.0291724466070233
0.0292557571710213
0.0292756202236396
0.0291683310680781
0.0294348081804433
0.0292894706757073
0.0291678031827328
0.0298804497653967
0.0290765949860224
0.0292260939222386
0.0295321538316955
0.0292727337503711
0.0290023494990971
0.0296826817557884
0.0293424840473713
0.0296356349829521
0.0290705728494526
0.0290410521327196
0.0295794910202927
0.0290680167256753
0.0289816161654632
0.029395389683873
0.0293029948658422
0.0298758281002638
0.0291163450516937
0.0295310911301883
0.028845411051786
0.0292634899137037
0.0292623754441835
0.0295957969546193
0.0296054426419372
0.0292464374342144
0.02904549668591
0.0293209435619087
0.0299702518860337
0.029703679912366
0.029312626778989
0.0295640227463928
0.0296308019966497
0.0296680775322211
0.0293250381269398
0.0294877147277433
0.0294550993585054
0.0299076639197492
0.0296142966523979
0.0293328654222394
0.029506457677399
0.0293606092213579
0.0292435870937958
0.029571132544238
0.02933249371303
0.0286743706422922
0.0288342179898928
0.029796571291867
0.0290590890639887
0.0294905080668198
0.0293592944752112
0.0289846019389488
0.0290372784951764
0.0295431969716815
0.0291427516904924
0.0294915916999616
0.0293595720978668
0.0291919464623171
0.0296685917580758
0.029779324636053
0.0290705889915067
0.0294633417645064
0.0292090933571729
0.0299276979826415
0.0291748301588567
0.0294710332610721
0.0297542010451859
0.0294535441632815
0.0288399582794747
0.0294151229303492
0.029288279728246
0.0286310024042217
0.0291703382740321
0.0290722111706985
0.029095471560147
0.0287681729884969
0.0287070797115744
0.0293413036632958
0.0297540317886705
0.029554441895828
0.0294249794376116
0.0295693922338731
0.0299133507077591
0.0298348145258233
0.0294145050874434
0.029273227174219
0.0297117047367724
0.0296774381130372
0.0290401925621414
0.0294674195301818
0.0293966832226214
0.0290763798675019
0.0288692280293494
0.0288003173977317
0.0298924857996002
0.0296129225742789
0.0292432853847743
0.029548124979536
0.0298489439542774
0.029604860034032
0.0294131316912625
0.0295014119757211
0.0292818014973652
0.0289410686693805
0.029203578156496
0.0296350907057804
0.0297602002530606
0.0295356400282451
0.0295673540797038
0.0293041864225679
0.029243257341135
0.0293498029871381
0.0293464390964249
0.0293989759607269
0.0292666062007486
0.0294096830819598
0.0291100542609563
0.0298803175381189
0.0297897417376808
0.0296667424720677
0.0290734802168445
0.0292184967238854
0.0286986356494721
0.0296016619086353
0.0295710867638025
0.0294029398181937
0.0293967307886414
0.0289860765620727
0.0301967461671821
0.029181582069009
0.0293535089978312
0.029128244757394
0.0293686471320742
0.0288465431113073
0.0295100282488284
0.0294878139755722
0.0289799635691595
0.0294776710848618
0.0288399087584357
0.0288266904081177
0.0293261710854356
0.0295973631600892
0.0292796908243854
0.0294711759061461
0.0295341107953885
0.0291792508826563
0.0292315681056637
0.0295601228422467
0.0294791109826874
0.0291717165205115
0.0294690974833947
0.0292752409628939
0.0298735241217417
0.0294365966207545
0.0289588355337544
0.0299187276624498
0.0290053803273737
0.0291825325978879
0.0295377704235478
0.0291802371671248
0.0292902311599024
0.0290835515577861
0.0291667289418991
0.0297693785326845
0.0298413246637379
0.0292387848259139
0.028966076644272
0.0294323429250801
0.0294115041654787
0.0298202228377647
0.0296634134299882
0.0292846281642808
0.0297680462630284
0.0288167207549041
0.0286701304894487
0.0299121745047416
0.030386459682614
0.0294086166089154
0.029397857505703
0.0294342126753014
0.0288033505119135
0.0295750443585321
0.0293860492462208
0.0291388003633699
0.0290136731309401
0.0290665969097704
0.0292939329348549
0.0294584009166846
0.0292076825721514
0.0291817253116208
0.0294425686093795
0.0296041524658211
0.0297469520924166
0.0289370664578313
0.0295095809983829
0.0290428159878901
0.0296997960378529
0.0292976168462342
0.029525923870962
0.0292441296954637
0.0291073262099463
0.0299276583704651
0.029418686466584
0.029389443947476
0.0289281034403725
0.0295442181375546
0.0297552806597206
0.0291853249179141
0.0291880410942786
0.0287669161979948
0.029724302984365
0.0293373110623863
0.0291775114993212
0.0299027140911663
0.0297334549090742
0.0290728935711014
0.0294911531592683
0.0293314820384486
0.0292756888353386
0.0297739309061995
0.0294624504215858
0.0289653114737125
0.029468025607925
0.0291370925548012
0.0298251430015944
0.0289422756706302
0.0293800985273232
0.0294732869624705
0.0295876325515222
0.0295183600933609
0.0286921531575429
0.0298672725503611
0.0298036266915952
0.0292228895539901
0.0286082412207686
0.02928429611922
0.0293486898626553
0.0294612817151644
0.0292949534558149
0.0293814482856743
0.0290208641611828
0.0289165374473151
0.0290779640838675
0.0288763488942724
0.0292226543376348
0.0293520522983166
0.0298349314392582
0.0294873802179458
0.0294188975228925
0.0290504740657248
0.0295229614917023
0.0294700801346766
0.0290519943395102
0.0289376208063557
0.0289331522166163
0.0295324559857781
0.0293641596027515
0.0292345822617152
0.0293460394629118
0.0295911328972307
0.0293023572520803
0.029051539670291
0.0289141928679961
0.0294500944945216
0.029078749707155
0.0298339114782969
0.0294523484461418
0.0294348739592239
0.0295781114274229
0.0292780750405513
0.0290763178134747
0.0294102723390231
0.0291072937134862
0.0294798690947878
0.029280440908199
0.0292596436252808
0.0296527379891818
0.0292603368166173
0.0293399546942998
0.0292665707595468
0.0292577959621534
0.0287828487866463
0.0292050326127208
0.0292352756248775
0.0289271114795846
0.0293687667474764
0.0293738397822167
0.0294121649878418
0.0295368858191576
0.0292055495135343
0.0291787885519862
0.0292927943175583
0.0295037802352843
0.0294528751837824
0.0292957099822907
0.0291154395431129
0.0295838129247635
0.0293892854117224
0.0293166488807549
0.0293296993379611
0.0298805793188717
0.0293403861850432
0.0294326377663351
0.0292856740772312
0.0293087796683001
0.0295057157975763
0.0293883900849427
0.0299059651558784
0.0290549693155424
0.0294015807495244
0.029473458764618
0.0290551329560315
0.0294885113059084
0.0291323087052936
0.0290385015071556
0.0296741762971473
0.0293214950172609
0.0291585585127397
0.0292741229522086
0.029739899057156
0.0290327237945226
0.0293224010273156
0.0290214496418448
0.0291414634975363
0.0288104011819904
0.0297626987901594
0.0291659341691754
0.0293642852010043
0.0299600739547921
0.0294574547089394
0.0293630922211055
0.0295846305152989
0.0298266141079103
0.0293990400958731
0.0291873467596539
0.0290639239634974
0.0294506005852899
0.0298905663773238
0.0293648855370962
0.0297683851804951
0.0291283827974851
0.02919411316727
0.029465355832516
0.0296021902029769
0.0297007720428559
0.0295147119779697
0.0294367809863009
0.0291616138300047
0.0290738385362075
0.0298806430438129
0.0300248385513685
0.0291180313784547
0.0291832217975262
0.0290197321369616
0.0291976475580675
0.0296779808789971
0.0296047694636686
0.0297435693142807
0.0294182484276314
0.0293991644204074
0.0287658627616341
0.0288505046120265
0.0292405019833954
0.0288919105583623
0.0292086313787029
0.0294709260189315
0.0298011856340346
0.0296791273048629
0.0289224349267365
0.029083561308558
0.0294197054613767
0.0297474422952423
0.0290325365922386
0.029320719866604
0.0292201699762205
0.0296012442158522
0.0290263832515122
0.0294182850919176
0.0290701319476543
0.0289173253689982
0.029848515303202
0.0290911512275517
0.0296197159341398
0.0293436192094336
0.0295730477784479
0.0292323069181094
0.0297145853423964
0.0296029178647898
0.0295745252075708
0.029538550269836
0.0292820537093737
0.0292364868038455
0.0296514844374971
0.0296206975666726
0.0289973281588421
0.0293698097211536
0.0294003759367769
0.029335324417307
0.0296366849617099
0.0292959842153251
0.0294993568767585
0.0291791041908856
0.029754342232845
0.0296224989714389
0.0290959595444074
0.0291201984228916
0.0291874218785935
0.0291269509228695
0.0294584637496375
0.0293586100161457
0.0296199567349362
0.0297749323109384
0.0291913848833845
0.0293233025769576
0.0290907850194594
0.0286163645379685
0.0296181864843586
0.0292684684397286
0.0296412870940945
0.0293338613343935
0.029343711198419
0.0295670674039166
0.0291600795273886
0.0294132868025428
0.0292703955786077
0.0297299024967622
0.0292200178432232
0.0294429894348297
0.0294305221464943
0.0293966110330857
0.0293476975289277
0.0295234439196271
0.0299879449076544
0.029525794845117
0.0293518932723032
0.029406156468804
0.0294259226474694
0.029251273636631
0.0293667275452954
0.0293546140289476
0.029745693610529
0.0289825664767903
0.0292838704371034
0.0287484459603818
0.029375091864441
0.0291740258932596
0.0294729373059989
0.0296604110176179
0.0290600207163411
0.0296294871146621
0.0293559008860941
0.0296871677753479
0.0293691077685109
0.0292773116750645
0.0289303397561595
0.0292332338091783
0.0297681094340905
0.0297995296110725
0.029682540504834
0.0296718586128649
0.0294576173551627
0.0296676349436716
0.0288494784695846
0.0289075314547791
0.0298135774199878
0.0291711372743694
0.0289158250902294
0.0290569065666505
0.0298027043009082
0.0289667777669125
0.0298781709125383
0.0300634917759136
0.0289678241046224
0.0290638895461493
0.0288994124233745
0.0293669101454677
0.0294694402153696
0.0292736230742751
0.0294960417012979
0.0289472459143991
0.0295053604203379
0.0292860401344944
0.0292411133053648
0.0292461986133657
0.0292496587110663
0.0295868983699676
0.0297274207930209
0.0290065632791627
0.0290905702808482
0.0293497486770279
0.0291406610748706
0.0296904012566747
0.0294157514396906
0.0292808808294969
0.0290508087891198
0.0289132341007938
0.0296224905075517
0.0294525257826973
0.0292856558914711
0.0294999578560281
0.0293930836407739
0.0290118842430664
0.0291061492403295
0.0287091470244097
0.0295001042481658
0.02972778961642
0.0292797853438538
0.029550490235037
0.0294830604114015
0.0297873147921651
0.0290793385058473
0.0290437033037369
0.0292654361544995
0.0295213200478142
0.0294463880180694
0.0294441592365488
0.0291480427433555
0.029678345278966
0.0292994097023771
0.0299550367153354
0.0292966738454566
0.029165772739999
0.0293166509747468
0.0294523216197262
0.029729438017623
0.0293958013773802
0.0292450945197149
0.0292581187118674
0.0290157289442669
0.0292444906805559
0.0298533739341236
0.0290222996475305
0.0292371521602589
0.0296044123812856
0.0287727101758618
0.0291360837119373
0.029573103557855
0.0291059247328552
0.0294647945135649
0.0295840663186018
0.0299409039779789
0.0295900688744527
0.0287995470164477
0.0298920643367213
0.0296122967102676
0.0289251884263245
0.0299546153597426
0.0292146637483128
0.0293910671547131
0.0294969239535005
0.0295226912428482
0.0292048870503326
0.0293196775472569
0.0294529316139788
0.0291552977952258
0.0296403145701895
0.0291292205515275
0.0296215720993748
0.0296019432692569
0.0291674802381091
0.0294111165985487
0.0290924084855593
0.0298520995148925
0.0291585417271469
0.0296771757438374
0.0288661753957315
0.0293650335166017
0.0295274659049387
0.0293236808113884
0.0293627505566216
0.0292554811516815
0.0298630499771777
0.0295875114488782
0.0288488969625652
0.0292610251473123
0.0292383266684558
0.0287990770011652
0.0292325978687374
0.0294343954815748
0.0290429908813929
0.0295976384947262
0.0294504697606884
0.0292379347588106
0.0293803512854696
0.029221655112721
0.0294920616818585
0.0300176318117704
0.0291035555533749
0.0293077026672196
0.0294389741875752
0.0293761581535747
0.0298588735933142
0.0288755481912128
0.0290366655348316
0.02950729873225
0.0296562777692114
0.0297463909821231
0.0287940630156526
0.0285686163749119
0.0292706174925608
0.0291630164793833
0.0290654481375999
0.0288943892212254
0.0292589393419945
0.0297480370516503
0.0293180947453734
0.0291478870258081
0.0297994425615691
0.0291126433613859
