0.027263550912752094
0.0267286068049584
0.026802650741977102
0.027351834172629402
0.027837643087182506
0.028223633939744898
0.02705115787000329
0.0269218199222477
0.028170975897740397
0.0268644685614009
0.0251608030992534
0.0257486654191448
0.028010503572819707
0.026330263457614203
0.027566271839005
0.027413545943032594
0.0266859852950155
0.027561655423083503
0.026784071053839897
0.026602542739054297
0.027884378832309598
0.026801030922434507
0.027177283962009996
0.0272388450525662
0.026998488369241798
0.028449992859973593
0.027725075825954203
0.027555863378292404
0.0272318635030772
0.026758099250684994
0.026644136540674997
0.02728273252625049
0.027733396743683997
0.027456478530602103
0.0267096247715658
0.0273445197304458
0.026843684264987705
0.026285534256529103
0.027816305085108704
0.026424354075092596
0.027156073167340103
0.0264838781563159
0.026545353645749094
0.0256410100860096
0.025499698906532003
0.027448732891013197
0.026414627655785193
0.027099238908364298
0.026776132639930707
0.02762287453101231
0.027321572049461493
0.0268936895942872
0.026905065443227696
0.0262794012296078
0.0261076708979322
0.026818794628790894
0.026821694583133694
0.0270847293726083
0.02655041727803
0.027066908678938295
0.0271428042883766
0.0277003191405159
0.0275010190381086
0.026991814975093696
0.026171949813706102
0.026806565411768596
0.0275798044283065
0.026348822441786705
0.027138411640503998
0.026992680090095394
0.026544127692805397
0.0260901821861471
0.0266847244819755
0.025260582820046507
0.026547411887377997
0.0267105443272167
0.026813722908944695
0.027813219067150695
0.026719897447744903
0.026599833981418707
0.02768087173917099
0.026131912111961496
0.026391904304005696
0.028192579584918706
0.0270306962425721
0.026895941869407296
0.026864153946886106
0.026620037405203405
0.0271348174852337
0.027992366525739998
0.027581245877990906
0.0275039823505612
0.0276082909347187
0.026514479603266403
0.0261855330489804
0.0261909106034917
0.027147038983376504
0.0278793860263818
0.0277101075038918
0.026384947345988494
0.026968017705885194
0.027582767773796993
0.0272100851520998
0.027250990394435598
0.027008314636386706
0.027325276992302604
0.027066737596133997
0.026720784939719903
0.0265711664405539
0.026710733426867694
0.026843994766753698
0.026516609871483694
0.0260213250926717
0.026904507196072798
0.027450084909853296
0.026866916671808495
0.027178254214138296
0.026387254316731397
0.027078075673941104
0.027162095964732402
0.026678501340222004
0.026507143995758202
0.027203800741851303
0.026206174383975503
0.027882749974457298
0.0276377294122416
0.0274644268019347
0.026644301648097002
0.026480389207602407
0.026234001835967406
0.026225925740455902
0.027333225034415598
0.026274067760863808
0.0272850400976902
0.0276949630799811
0.027490440925501798
0.0263537634939935
0.027345872706098298
0.026963391784130396
0.026639269798373
0.026693656939226207
0.026015937157788598
0.028447416489656395
0.026834307610888494
0.027277042185181295
0.0274216402885136
0.0270401978415511
0.0263775401557058
0.027561803469857704
0.026633232735319805
0.027216857919228198
0.02711609676138871
0.0271212736270411
0.027194939875541203
0.0272558261869109
0.025969888086458795
0.0277476589349931
0.026531589068925797
0.027001844342945197
0.026277320553628705
0.027199653504800296
0.025919158977608693
0.027254844249133506
0.027244147144509297
0.026736079385320494
0.026230125168745594
0.02726600177422729
0.0277621297826547
0.027603602483290003
0.026702668250251402
0.027323479607747406
0.026643247283011
0.025848208429829794
0.027370761026886098
0.0270685045918369
0.0275266389129762
0.026284330956419903
0.027445059456741
0.027705079015240795
0.026614429299102196
0.027224146400865297
0.0283745712106755
0.02646118937100911
0.026713295070480897
0.027430270929881005
0.026969254738125503
0.0273388972565655
0.026235106933386994
0.026977505816511205
0.02615680265737389
0.027151535250782698
0.027613058553588594
0.026337247804210102
0.026468725038951306
0.026491533124592292
0.0270697332149333
0.0268711503807494
0.0268896059119723
0.026461547249439
0.027822129263953006
0.028134786625501798
0.026740126135878395
0.026384585719094897
0.0267691890523305
0.027845322179567797
0.026052876796754006
0.0265609983069183
0.025833454366429906
0.026806372859898002
0.02642435469382609
0.0268907312808458
0.026502019319683608
0.027753427019029102
0.027304853049065894
0.0264817291058042
0.0262841795632366
0.0270727055797306
0.026748217585019003
0.027022006598931197
0.0271086343909816
0.0272248985332543
0.02691687750456649
0.027696286785121302
0.0252198598863733
0.027070976823957496
0.0263642446361749
0.026700140350868998
0.0261089449068113
0.026736379004205703
0.026979885739932798
0.0269984653620364
0.028086342952769995
0.027341867320424797
0.027442594334423906
0.025857136020423707
0.026619068288529904
0.026610122047632398
0.027940150290805307
0.0263887991921598
0.027784267724936196
0.027039167074632504
0.026903133374691503
0.027418428065122104
0.026396810694964398
0.026838254010282697
0.025748109968255495
0.0262222836006175
0.0267005465142651
0.027683051685218098
0.027628318327205192
0.027663880993604305
0.027765203984732596
0.026507320385908806
0.027296992590764298
0.026676532928353106
0.027693333964130103
0.026454594565090993
0.02746630070265331
0.027486668589699302
0.027753694980898296
0.02642747170591691
0.025404747376922304
0.027255258275323706
0.026970622596383498
0.025863895147603795
0.026983615385783
0.026147770405971202
0.027216326245783497
0.027270757287540595
0.027154931997934194
0.026334325632002095
0.026539882103652705
0.0267565068511115
0.025674783902008606
0.026874004196980904
0.026958336844867897
0.026422853876261504
0.0267286457063401
0.02682340241920811
0.027194394672910904
0.026699987532750706
0.027068168675607497
0.026845606575214703
0.026073555363552298
0.026580466731951503
0.02769108875330689
0.026625172561459395
0.026136137571063298
0.027750274746975105
0.026632680822403595
0.027082698963474906
0.026710200005707195
0.027218758626560695
0.026851885380127297
0.026695184466789403
0.027703023427481308
0.027022479831000104
0.02733563935836479
0.027147228765393105
0.027617568669125403
0.026822702957073598
0.027795991186598396
0.026494337377287694
0.026993727458817195
0.027143822949258704
0.027101352285148893
0.0273872898777009
0.026192096680397105
0.0276559962383015
0.026704985629071705
0.026874498066115804
0.0260964037589885
0.0261625083946517
0.027107993718896904
0.026405480079903808
0.026957256739768898
0.02632184471520349
0.025744014452848005
0.026534144236435797
0.027778889568231796
0.0269108353445644
0.026830587363130903
0.027081751278437004
0.026743365134393994
0.027562588482326005
0.026660265409778006
0.027255466405997394
0.026899564651809704
0.026901229638319896
0.027226310256919295
0.02698193733527641
0.026715117002560705
0.026690092667297306
0.0276473082210323
0.02683825601188241
0.026615543370096903
0.026499243550429007
0.026503239309572504
0.0268295379897988
0.0266316280462921
0.026220426820456805
0.026795953411925602
0.026842474520701196
0.0273779617646678
0.026502487725948695
0.028298512084752397
0.026872277831185294
0.027087746386864404
0.026881642225475795
0.026450957271753
0.027283331237157697
0.026762967726826806
0.026743465536623393
0.02704435506568669
0.026281771677280005
0.026244443823295098
0.026458220191324294
0.0273217928873069
0.0264586031761586
0.027038979122425394
0.027521261099274108
0.027645320355543
0.026688561397057303
0.027038085971680205
0.027135466303889695
0.026295966480588705
0.0256880926117264
0.026394961525543208
0.026954863391839598
0.026951516171470798
0.0273165602160126
0.0274067791745305
0.026921583976319906
0.027014430759542893
0.0268953193389374
0.025376817105003308
0.027098463283950304
0.026951220225775
0.027127097092137106
0.026741376149058596
0.027601644513827406
0.025584642520871302
0.027605690894616203
0.026818741403842605
0.027379991909726197
0.027273286695843703
0.027617219085450104
0.0284183714352743
0.028097516803765606
0.0258281774829746
0.027602346703857403
0.02763849063232119
0.0256205303782856
0.026060562802713703
0.026395805909281103
0.025797024764852496
0.026938841129111997
0.027870979173706803
0.027162959024331704
0.026889455663633495
0.02755806271278661
0.027861008458844094
0.027162896900698202
0.0268717108598803
0.026371618132164695
0.026779600261560794
0.027516694405433903
0.027543401481056204
0.026841803787977195
0.027810333430105492
0.027207635426233508
0.026408929071427292
0.0256086173450511
0.0271251624088963
0.0262248846555801
0.0265747555724238
0.026669318686401808
0.027293558021290992
0.0272565769169031
0.0261139520045603
0.026962333415670593
0.025940234770868695
0.026865388991789196
0.02721410923235059
0.026194255209747302
0.026747481229400703
0.026814004093480802
0.0267430363829156
0.026150994754612196
0.026382919173031906
0.026902334104101096
0.0265235204570842
0.0268496775774767
0.027651244173243
0.027209453916313603
0.02718078075563679
0.026894547103120905
0.0272047928924916
0.028087446435281896
0.025561440886463498
0.026597456620599397
0.026767424068283696
0.0265021512852859
0.026927532376782498
0.026230454762404494
0.0263015265428806
0.027056539650649906
0.026791097762079198
0.027713109301929294
0.027527920125942497
0.026420110321320203
0.027363322138488598
0.027161122072618296
0.026176289215273506
0.027814241704658196
0.026287019226685297
0.026890922074235997
0.027430865278500798
0.026465997644494296
0.0272992565810541
0.0270114436079767
0.0269151677110799
0.027358702299108896
0.026850227510300598
0.025920816264516706
0.027836758779606098
0.026980354637602004
0.026870426654105793
0.026203240507479797
0.026009990052859998
0.026942757593426493
0.026699442700014696
0.02718691284730449
0.0266165139556687
0.025929215404757698
0.025285717267941703
0.0277464208758431
0.0267620114350409
0.027584493698595995
0.027768137377935008
0.026185691182254306
0.026494280830631108
0.02789803439241271
0.0274317308486808
0.026979673943987995
0.027760278865808896
0.027919097367167203
0.026684917172837407
0.026492532061378797
0.0257362101397587
0.027193232083743205
0.026256566754996408
0.026945164838918706
0.026889346217591106
0.027109520240382705
0.027300296718219194
0.027139808529422597
0.026956383613320596
0.027240552114300896
0.02673291331315881
0.027654723475111498
0.0265257368008633
0.026675816562507303
0.0268090988821647
0.02661973808276861
0.025884157002363496
0.026788221030091
0.028564782716190902
0.027061172745820296
0.027213709199251895
0.0274632952728251
0.027309456004181498
0.026472707050058296
0.026270436175049504
0.0264542661066585
0.027284147274125002
0.026984310957247196
0.026318900499652
0.025838960341034597
0.027197917250516297
0.026410138590429198
0.026859757486149098
0.026972867502238894
0.026481966441325007
0.027069289633513703
0.026607364016175507
0.026881679468648
0.026015838065235206
0.027016740889462404
0.0274561158975231
0.027197904018583102
0.026544317471772605
0.025883884484175605
0.027238801296222893
0.025868220010904296
0.026379879335677807
0.026007836219123698
0.027176869528508903
0.027552917153980998
0.026940776928173198
0.0274773535143399
0.027609211675925803
0.026837411849157396
0.028089683668433903
0.026839088705939193
0.027216367910242303
0.026765690809201402
0.0277868318069293
0.0270791638717175
0.027547985980942893
0.026204718805427296
0.027360085111073705
0.027253656336510904
0.027378886917662104
0.027728546509033107
0.0271885790679553
0.027167499659100203
0.0264831338697204
0.0265465311129331
0.0259296501239608
0.027541309324554508
0.025963564178295498
0.0267435295781355
0.027033535561142498
0.026111758001643302
0.027337352349139206
0.026806026904962692
0.026840192392663706
0.027972260664427498
0.0270362407033082
0.02669089722109671
0.026854375408021595
0.026999693913956804
0.025986731200673505
0.027053716144999705
0.026472077568598498
0.025773145259768003
0.026760840371402306
0.02700924158079549
0.0266390487219356
0.02752552783954
0.026065117869488806
0.0270983382485036
0.026043503395879603
0.0259477638236262
0.0267503297531066
0.026607187961425402
0.026722977994513
0.0261249736310461
0.0266923479620894
0.0269731528202289
0.027233897958852504
0.0262071071257488
0.0265120015412096
0.0277708843457097
0.027301646763769206
0.027072360038886002
0.027403961524955202
0.027200850987441905
0.026465915655616692
0.027301758448696097
0.0274280423848709
0.027020271323534593
0.02794700515103131
0.026687928063026008
0.026299769929139898
0.026011415912538596
0.027612388451996102
0.027153229966308097
0.026966285089199106
0.026851127960604404
0.027891160834152308
0.0272116696421923
0.0267653636135051
0.027691725579282907
0.027434500386681097
0.026792905666119804
0.0270177201723778
0.027253517509902993
0.0264136988439456
0.027776438641376605
0.027742577999295095
0.025774004707338705
0.027456783050673894
0.026709785646499604
0.026395654205356403
0.027594128984055402
0.0276677851643062
0.026916567487443407
0.0274724229363357
0.0263174012830098
0.027262261531236495
0.027645580208189503
0.026684628548206704
0.0261810118650843
0.0272013190859782
0.027423961893303095
0.026950502320829704
0.026589440964564393
0.0265888876791062
0.027047591456361292
0.027338259315627
0.0279210563690067
0.026908788809602804
0.026780980610067506
0.0265846147358896
0.026420839050704303
0.026711937897287805
0.027586461013317798
0.0274841313185248
0.0259683576736636
0.0261090988947721
0.026990778652648408
0.0270397973192293
0.0265720098266765
0.025860353207859198
0.027073133212894007
0.026463495602282505
0.027011485950696502
0.027348903442579904
0.026592089843595804
0.026910707476828902
0.026654958907265595
0.026587775915636505
0.026048015425407696
0.0279784465978141
0.025753300701810193
0.026139573760834894
0.026602013467949097
0.026973648091804504
0.026711577127835104
0.02633402478014729
0.028017393540816303
0.027613764155985605
0.026848676230990298
0.026727843700790996
0.0278397800815183
0.02678804867845149
0.027464529233060996
0.026412927911421594
0.0274027999714229
0.027304119995621892
0.0269572003111719
0.02637405999764919
0.026963176599039504
0.026897517996683697
0.027741659474876598
0.026950148462696805
0.027354557753487697
0.027371370028095005
0.0275493804776649
0.0278443518803059
0.026884548657824192
0.026369217897016302
0.0262713412860291
0.0274032293662893
0.026596727880830506
0.025850016194166797
0.027575980268059297
0.026499707092811103
0.025967244688264002
0.0271037766445228
0.0268850957713081
0.025164694836796092
0.026605179136976097
0.027231589814766206
0.026135715056231294
0.026823004483368003
0.0273336514550055
0.026358487122792797
0.0278428909562431
0.026562661781190704
0.026354598629909597
0.025355699616588498
0.02671635818521901
0.026669297382516596
0.02770158524148761
0.0272154817374321
0.027109637090585594
0.0270543377458798
0.027826170237846296
0.027347373582142002
0.026616972526393695
0.027205923229719507
0.027307866183786195
0.026962320426059595
0.028018419027888805
0.026758024912144796
0.027505720297098003
0.026555411130661496
0.026935584616461
0.026561467955291504
0.0274604276416322
0.0266241351657788
0.0265752962805055
0.02676208658130861
0.0273654368741017
0.027082958682115903
0.026713513115256604
0.027593342010882198
0.026638879689812607
0.027182446655019905
0.028043005265875505
0.027717083727488004
0.027952052539900803
0.026920896880942104
0.028081249703525796
0.026344039601205495
0.026227711487598497
0.0268172049029095
0.026258887171732095
0.0272819345449493
0.026639073482132798
0.026642417442357298
0.026918635883024705
0.026721019615511002
0.026957448720251603
0.027589015373402
0.026899496446397407
0.026715915018953998
0.02681542637468539
0.027067096129708396
0.026959050628378903
0.026365162757323805
0.026594439755830805
0.027038841714062303
0.026866084676596
0.02753058443342849
0.027746671695107798
0.027508124119659305
0.02632729123981979
0.026525733913731503
0.027139435712183697
0.0259517046770655
0.026508501949860805
0.027251506898215407
0.027058654117980092
0.027370029025680497
0.026611498705706595
0.027492389164538306
0.0263268310910793
0.027266260880044406
0.026531312840044598
0.027372119141724202
0.026765020839352102
0.026994389437379696
0.026715534839697706
0.0270686973906833
0.027218206544389605
0.027239051414219395
0.027196064153984602
0.026453714011030798
0.026980134852033003
0.026900295028011
0.025300587177140794
0.026349782671072006
0.0260578036118492
0.0272204267598581
0.027259023116536003
0.0271992392422925
0.027165802483042595
0.026883565193817398
0.025774428781257602
0.027399016512613894
0.027508400418895698
0.027581209165356405
0.027140692014716396
0.028043846430912005
0.026673508595464503
0.02681732716845401
0.026714700094922106
0.0262847713470232
0.027520380518410305
0.027358943128652696
0.026164947231038703
0.027398997126879605
0.026482474361949795
0.026680460452626502
0.027823835154194496
0.027699287670500304
0.0272990493233874
0.026792864965529198
0.0281625811693436
0.026982657606894195
0.026893293701955298
0.026517016650769804
0.026487773741569194
0.027625990880294396
0.027077439568502795
0.025881373911475193
0.026513940261232292
0.026270393888104107
0.026278457609846498
0.028316794385503205
0.026919413000019897
0.027279031469008397
0.026250960731681997
0.025418626765379808
0.026312726433588403
0.027823403584567696
0.02714017641803631
0.027195521762712102
0.027112861015382995
0.026543271662931495
0.027308895579200597
0.027082869402108994
0.027248951161305095
0.026496591710291402
0.027267479560481596
0.027884466047849304
0.026555822829494
0.027284151978689705
0.027503699410032098
0.0265404469171803
0.026445051190281905
0.026294824685000703
0.0270728638936655
0.0270182432780365
0.0257109571009959
0.026916710412759497
0.026647607239922606
0.0279418787609738
0.026973960928853798
0.027059566192582006
0.026203847373473997
0.026502425670601897
0.026408073087863193
0.027557487737690997
0.026550750004317704
0.026920939120601103
0.027502510324517095
0.027149641341295903
0.027238637652726307
0.027429141760457798
0.02795993569830261
0.026661241714927807
0.0274217072949703
0.026506839354119204
0.026576531458335398
0.026950868182732998
0.026277919088103403
0.0261971911516342
0.028249641828061202
0.027768818820858396
0.0271892867927526
0.027827979036988103
0.0262861450426191
0.0263120954668445
0.026625774715685196
0.0270332848543721
0.027131673857411095
0.0269251790849167
0.0268833658076518
0.026924844545082705
0.027007645839411502
0.026865759236020206
0.0275559920979312
0.027323085695700397
0.027751636413811405
0.027122685337994598
0.0263729612933886
0.026681593696527298
0.026469570738867104
0.02536591348697611
0.027486330215227193
0.027354224399966598
0.026925003153011794
0.026861327330405194
0.0271304855489006
0.026906980315038596
0.026604072103372997
0.0265678432263693
0.025970167005157307
0.0267477144407181
0.027937530927842298
0.027059543041442508
