$MeshFormat
2.2 0 8
$EndMeshFormat
$Entities
9 10 2 0
1 0 
2 0 
3 0 
4 0 
5 0 
6 0 
7 0 
8 0 
9 0 
1 0 0 
2 0 0 
3 0 0 
4 0 0 
5 0 0 
6 0 0 
7 0 0 
8 0 0 
9 0 0 
10 0 0 
1 0 0 
2 0 0 
$EndEntities
$Nodes
446
1 0 0 0
2 20 0 0
3 20 4 0
4 12.6666 4 0
5 11 2 0
6 0 2 0
7 20 14 0
8 15 14 0
9 5 2 0
10 6.666666666666666 0 0
11 13.33333333333333 0 0
12 1.333333333333333 0 0
13 2.666666666666667 0 0
14 4 0 0
15 5.333333333333334 0 0
16 7.999999999999998 0 0
17 9.333333333333332 0 0
18 10.66666666666667 0 0
19 12 0 0
20 14.66666666666666 0 0
21 16 0 0
22 17.33333333333334 0 0
23 18.66666666666667 0 0
24 20 0.7999999999999997 0
25 20 1.6 0
26 20 2.4 0
27 20 3.200000000000001 0
28 16.3333 4 0
29 19.26666 4 0
30 18.53332 4 0
31 17.79998000000001 4 0
32 17.06664000000001 4.000000000000001 0
33 15.59996 4 0
34 14.86662 4 0
35 14.13328 4 0
36 13.39994 4.000000000000001 0
37 12.33328 3.6 0
38 11.99996 3.2 0
39 11.66664 2.8 0
40 11.33332 2.400000000000001 0
41 8.000000000000004 2 0
42 10.4 2 0
43 9.800000000000001 2 0
44 9.200000000000003 2 0
45 8.600000000000007 2 0
46 7.400000000000004 2 0
47 6.800000000000004 2 0
48 6.200000000000003 2 0
49 5.600000000000001 2 0
50 4 2 0
51 3 2 0
52 2 2 0
53 1 2 0
54 0 1.599999999999999 0
55 0 1.2 0
56 0 0.7999999999999999 0
57 0 0.4000000000000003 0
58 20 9 0
59 20 5 0
60 20 6 0
61 20 7.000000000000001 0
62 20 8.000000000000002 0
63 20 10 0
64 20 11 0
65 20 12 0
66 20 13 0
67 19 14 0
68 18.00000000000001 14 0
69 17.00000000000001 14 0
70 16.00000000000001 14 0
71 12.5 11 0
72 10 8 0
73 7.5 5 0
74 14.5 13.4 0
75 14 12.8 0
76 13.5 12.2 0
77 13 11.6 0
78 12 10.4 0
79 11.5 9.800000000000001 0
80 11 9.199999999999999 0
81 10.5 8.600000000000001 0
82 9.5 7.399999999999999 0
83 9 6.8 0
84 8.5 6.2 0
85 8.000000000000002 5.600000000000001 0
86 7 4.4 0
87 6.500000000000001 3.800000000000001 0
88 6.000000000000001 3.2 0
89 5.500000000000002 2.600000000000001 0
90 14.49041188745568 7.440784156457495 0
91 10.15049367158911 4.544783550331544 0
92 16.40947695714161 10.47417900468457 0
93 11.96150111180896 6.997113541357808 0
94 17.44663776891946 6.982992632228413 0
95 15.96472237749114 4.688156831291499 0
96 15.59614475498227 5.376313662582999 0
97 15.22756713247341 6.064470493874498 0
98 14.85898950996454 6.752627325165998 0
99 14.12564950996454 6.752627325165997 0
100 13.76088713247341 6.064470493874497 0
101 13.39612475498227 5.376313662582998 0
102 13.03136237749114 4.6881568312915 0
103 15.23138237749114 4.688156831291499 0
104 14.49422713247341 6.0644704938745 0
105 13.76470237749114 4.6881568312915 0
106 14.86280475498227 5.376313662582999 0
107 14.12946475498227 5.376313662583 0
108 14.49804237749114 4.688156831291501 0
109 7.900000000000004 2.6 0
110 7.800000000000002 3.2 0
111 7.700000000000002 3.8 0
112 7.600000000000001 4.4 0
113 6.100000000000003 2.600000000000001 0
114 7.300000000000005 2.6 0
115 7.100000000000001 3.800000000000001 0
116 6.700000000000006 2.600000000000001 0
117 7.200000000000004 3.200000000000001 0
118 6.600000000000004 3.200000000000001 0
119 12.3923002223618 10.19942270827156 0
120 12.28460044472358 9.398845416543123 0
121 12.17690066708537 8.598268124814686 0
122 12.06920088944717 7.797690833086248 0
123 12.46728326693831 7.085847664377745 0
124 12.97306542206765 7.174581787397682 0
125 13.47884757719699 7.263315910417619 0
126 13.98462973232633 7.352050033437559 0
127 14.09232950996455 8.152627325165998 0
128 13.69424713247341 8.864470493874498 0
129 13.29616475498227 9.576313662582997 0
130 12.89808237749113 10.2881568312915 0
131 12.79038259985293 9.487579539563061 0
132 12.57498304457651 7.886424956106188 0
133 13.5865473548352 8.063893202146062 0
134 12.68268282221472 8.687002247834622 0
135 13.08076519970586 7.975159079126121 0
136 13.18846497734406 8.775736370854561 0
137 10.39230022236179 7.799422708271562 0
138 10.78460044472358 7.598845416543123 0
139 11.17690066708538 7.398268124814685 0
140 11.56920088944717 7.197690833086248 0
141 10.89230022236179 8.399422708271564 0
142 11.67690066708538 7.998268124814688 0
143 11.8923002223618 9.599422708271563 0
144 11.28460044472358 8.198845416543124 0
145 11.78460044472359 8.798845416543124 0
146 11.39230022236179 8.999422708271561 0
147 15.28189539142833 13.29483580093692 0
148 15.56379078285665 12.58967160187383 0
149 15.84568617428496 11.88450740281074 0
150 16.12758156571329 11.17934320374765 0
151 17.12758156571329 11.17934320374765 0
152 17.84568617428496 11.88450740281074 0
153 18.56379078285665 12.58967160187383 0
154 19.28189539142833 13.29483580093692 0
155 16.28189539142834 13.29483580093692 0
156 16.84568617428497 11.88450740281074 0
157 18.28189539142833 13.29483580093691 0
158 16.56379078285665 12.58967160187383 0
159 17.56379078285665 12.58967160187383 0
160 17.28189539142834 13.29483580093692 0
161 8.030098734317823 4.908956710066308 0
162 8.560197468635643 4.817913420132617 0
163 9.090296202953466 4.726870130198927 0
164 9.620394937271289 4.635826840265236 0
165 10.12039493727129 5.235826840265235 0
166 10.09029620295346 5.926870130198926 0
167 10.06019746863564 6.617913420132618 0
168 10.03009873431782 7.30895671006631 0
169 8.530098734317825 5.508956710066309 0
170 9.590296202953464 5.326870130198926 0
171 9.530098734317825 6.708956710066309 0
172 9.060197468635643 5.417913420132619 0
173 9.560197468635643 6.017913420132618 0
174 9.030098734317823 6.10895671006631 0
175 12.10252088944717 6.397690833086246 0
176 12.24354066708538 5.798268124814685 0
177 12.38456044472358 5.198845416543123 0
178 12.52558022236179 4.599422708271563 0
179 13.6198673548352 6.663893202146062 0
180 12.60830304457652 6.486424956106184 0
181 12.89034259985293 5.287579539563063 0
182 13.11408519970586 6.575159079126122 0
183 12.74932282221472 5.887002247834622 0
184 13.25510497734406 5.975736370854562 0
185 10.83009873431783 2.508956710066308 0
186 10.66019746863564 3.017913420132618 0
187 10.49029620295346 3.526870130198927 0
188 10.32039493727128 4.035826840265236 0
189 9.720394937271289 4.035826840265235 0
190 9.290296202953469 3.526870130198926 0
191 8.860197468635647 3.017913420132618 0
192 8.430098734317827 2.508956710066309 0
193 10.23009873431782 2.508956710066308 0
194 9.890296202953465 3.526870130198927 0
195 9.030098734317829 2.50895671006631 0
196 10.06019746863564 3.017913420132619 0
197 9.460197468635647 3.017913420132619 0
198 9.630098734317825 2.508956710066309 0
199 17.12758156571329 10.17934320374766 0
200 17.84568617428496 9.884507402810742 0
201 18.56379078285665 9.589671601873828 0
202 19.28189539142833 9.294835800936914 0
203 19.28189539142833 12.29483580093692 0
204 17.84568617428496 10.88450740281074 0
205 19.28189539142833 10.29483580093692 0
206 18.56379078285665 11.58967160187383 0
207 18.56379078285665 10.58967160187383 0
208 19.28189539142833 11.29483580093692 0
209 8.330098734317826 3.108956710066309 0
210 9.190296202953469 4.126870130198927 0
211 8.130098734317825 4.308956710066309 0
212 8.760197468635649 3.617913420132619 0
213 8.660197468635646 4.217913420132618 0
214 8.230098734317824 3.70895671006631 0
215 19.48932755378389 8.596598526445684 0
216 18.97865510756778 8.193197052891366 0
217 18.46798266135167 7.789795579337047 0
218 17.95731021513557 7.386394105782731 0
219 17.95731021513556 6.386394105782729 0
220 18.46798266135167 5.789795579337047 0
221 18.97865510756779 5.193197052891365 0
222 19.4893275537839 4.596598526445684 0
223 19.48932755378389 7.596598526445685 0
224 18.46798266135167 6.789795579337047 0
225 19.4893275537839 5.596598526445685 0
226 18.97865510756779 7.193197052891367 0
227 18.97865510756779 6.193197052891366 0
228 19.48932755378389 6.596598526445685 0
229 12.16337873431783 4.108956710066309 0
230 11.66015746863565 4.217913420132618 0
231 11.15693620295347 4.326870130198928 0
232 10.65371493727129 4.435826840265236 0
233 11.83005873431783 3.708956710066309 0
234 10.82361620295347 3.926870130198928 0
235 11.16341873431782 2.908956710066309 0
236 11.32683746863565 3.817913420132619 0
237 10.99351746863564 3.417913420132619 0
238 11.49673873431783 3.308956710066309 0
239 14.87422490139287 8.04746312610291 0
240 15.25803791533005 8.654142095748325 0
241 15.64185092926724 9.26082106539374 0
242 16.02566394320442 9.867500035039155 0
243 15.62758156571329 10.57934320374765 0
244 14.84568617428497 10.68450740281074 0
245 14.06379078285664 10.78967160187383 0
246 13.28189539142832 10.89483580093692 0
247 14.47614252390174 8.759306294811415 0
248 15.2437685517761 9.97266423410224 0
249 13.67997776891946 10.18299263222842 0
250 14.85995553783892 9.365985264456823 0
251 14.46187316034778 10.07782843316533 0
252 14.0780601464106 9.471149463519914 0
253 17.22397021513557 6.386394105782729 0
254 17.00130266135168 5.789795579337047 0
255 16.77863510756778 5.193197052891365 0
256 16.55596755378389 4.596598526445684 0
257 18.7559875537839 4.596598526445683 0
258 17.73464266135167 5.789795579337047 0
259 17.2893075537839 4.596598526445684 0
260 18.24531510756779 5.193197052891366 0
261 17.51197510756779 5.193197052891366 0
262 18.0226475537839 4.596598526445684 0
263 10.51269515963308 5.035249548536797 0
264 10.87489664767705 5.525715546742051 0
265 11.23709813572102 6.016181544947302 0
266 11.59929962376499 6.506647543152555 0
267 10.48259642531526 5.726292838470488 0
268 11.2069994014032 6.707224834880996 0
269 10.42239895667961 7.108379418337871 0
270 10.84479791335923 6.216758836675742 0
271 10.81469917904141 6.907802126609432 0
272 10.45249769099744 6.417336128404179 0
273 13.78189539142832 11.49483580093692 0
274 15.34568617428496 11.28450740281074 0
275 14.78189539142833 12.69483580093692 0
276 14.56379078285665 11.38967160187383 0
277 15.06379078285665 11.98967160187382 0
278 14.28189539142833 12.09483580093692 0
279 15.08165706374843 7.34922585161168 0
280 15.67290224004119 7.257667546765862 0
281 16.26414741633394 7.166109241920046 0
282 16.8553925926267 7.07455093707423 0
283 17.23920560656389 7.681229906719644 0
284 17.03177344420832 8.379467181210877 0
285 16.82434128185275 9.077704455702108 0
286 16.61690911949719 9.77594173019334 0
287 15.46547007768562 7.955904821257095 0
288 16.64796043027113 7.772788211565463 0
289 16.23309610555999 9.169262760547925 0
290 16.05671525397837 7.864346516411278 0
291 16.44052826791556 8.471025486056694 0
292 15.84928309162281 8.562583790902512 0
293 16.18738993127503 5.284755357737183 0
294 16.63272503884281 6.477952410628547 0
295 15.4502346862573 6.661069020320182 0
296 16.41005748505892 5.881353884182866 0
297 16.04147986255006 6.569510715474364 0
298 15.81881230876616 5.972912189028683 0
299 17.33501372806886 9.481105929256426 0
300 17.74987805278 8.084631380273962 0
301 18.77122294521222 8.891434327382598 0
302 17.54244589042443 8.782868654765196 0
303 18.26055049899611 8.48803285382828 0
304 18.05311833664054 9.186270128319512 0
305 12.02235895667962 4.708379418337872 0
306 11.7403194014032 5.907224834880994 0
307 11.01591642531526 4.926292838470489 0
308 11.88133917904141 5.307802126609433 0
309 11.37811791335923 5.416758836675742 0
310 11.51913769099744 4.817336128404181 0
311 14.29997666666667 2.4 0
312 16.793322 2.08 0
313 11.65999533333333 2.079999999999999 0
314 12.31999066666667 2.16 0
315 12.979986 2.24 0
316 13.63998133333334 2.320000000000001 0
317 13.97330133333333 2.720000000000001 0
318 13.646626 3.04 0
319 13.31995066666667 3.360000000000001 0
320 12.99327533333334 3.680000000000001 0
321 11.99331533333333 2.48 0
322 13.313306 2.640000000000001 0
323 12.65995533333334 3.280000000000001 0
324 12.65331066666667 2.560000000000001 0
325 12.98663066666667 2.960000000000001 0
326 12.32663533333333 2.880000000000001 0
327 13.526662 0.48 0
328 13.71999066666667 0.96 0
329 13.91331933333333 1.44 0
330 14.106648 1.92 0
331 11.46666666666667 1.599999999999999 0
332 11.93333333333333 1.2 0
333 12.4 0.7999999999999999 0
334 12.86666666666666 0.4000000000000003 0
335 13.05999533333333 0.8800000000000001 0
336 13.44665266666667 1.840000000000001 0
337 12.126662 1.679999999999999 0
338 13.253324 1.360000000000001 0
339 12.78665733333334 1.76 0
340 12.59332866666667 1.28 0
341 14.70664133333333 2.720000000000001 0
342 15.113306 3.04 0
343 15.51997066666667 3.360000000000001 0
344 15.92663533333334 3.680000000000001 0
345 13.72661533333333 3.680000000000001 0
346 14.37996599999999 3.040000000000001 0
347 15.19329533333334 3.680000000000001 0
348 14.05329066666667 3.360000000000001 0
349 14.78663066666667 3.36 0
350 14.45995533333334 3.680000000000001 0
351 5.333333333333332 1.599999999999999 0
352 5.666666666666666 1.2 0
353 6 0.7999999999999999 0
354 6.333333333333334 0.4000000000000003 0
355 6.933333333333332 0.4000000000000001 0
356 7.200000000000001 0.7999999999999999 0
357 7.466666666666669 1.2 0
358 7.733333333333338 1.6 0
359 5.933333333333335 1.6 0
360 6.600000000000001 0.8000000000000003 0
361 7.133333333333338 1.599999999999999 0
362 6.266666666666669 1.2 0
363 6.866666666666671 1.2 0
364 6.533333333333338 1.6 0
365 19.3586644 3.616 0
366 18.7173288 3.232 0
367 18.07599320000001 2.848 0
368 17.4346576 2.464 0
369 17.4346576 1.664 0
370 18.0759932 1.248 0
371 18.7173288 0.8320000000000001 0
372 19.35866439999999 0.4160000000000003 0
373 19.3586644 2.816 0
374 18.07599320000001 2.048 0
375 19.35866439999999 1.216 0
376 18.71732880000001 2.431999999999999 0
377 18.7173288 1.632 0
378 19.3586644 2.016 0
379 14.79864573333334 2.335999999999999 0
380 15.2973148 2.272 0
381 15.79598386666667 2.208 0
382 16.29465293333334 2.144000000000001 0
383 16.7013176 2.464 0
384 16.6093132 2.848 0
385 16.5173088 3.232 0
386 16.42530440000001 3.616000000000001 0
387 15.2053104 2.656000000000001 0
388 16.20264853333333 2.528000000000001 0
389 16.01863973333334 3.296000000000002 0
390 15.70397946666666 2.592000000000001 0
391 16.11064413333334 2.912000000000002 0
392 15.61197506666667 2.976000000000001 0
393 17.15864440000001 3.616000000000001 0
394 17.3426532 2.848000000000001 0
395 18.6253244 3.616 0
396 17.25064880000001 3.232000000000001 0
397 17.98398880000001 3.231999999999999 0
398 17.89198440000001 3.616 0
399 4 1.599999999999999 0
400 3 1.2 0
401 2 0.7999999999999999 0
402 1 0.4000000000000003 0
403 2.333333333333333 0.4000000000000001 0
404 5 0.4000000000000001 0
405 4.333333333333333 1.199999999999999 0
406 3.666666666666668 0.4000000000000002 0
407 4.666666666666668 0.7999999999999997 0
408 3.333333333333333 0.7999999999999997 0
409 16.10132426666666 1.664 0
410 15.40932653333333 1.248 0
411 14.7173288 0.8320000000000001 0
412 14.02533106666667 0.4160000000000003 0
413 18.02533106666667 0.4160000000000001 0
414 16.74265986666666 1.248 0
415 15.3586644 0.4160000000000001 0
416 17.38399546666666 0.832 0
417 16.05066213333333 0.8320000000000001 0
418 16.69199773333334 0.4160000000000003 0
419 10.13333333333333 1.599999999999999 0
420 9.266666666666666 1.2 0
421 8.4 0.7999999999999999 0
422 7.533333333333335 0.4000000000000003 0
423 8.866666666666667 0.4000000000000001 0
424 11.53333333333333 0.4000000000000001 0
425 10.6 1.199999999999999 0
426 10.2 0.4000000000000002 0
427 11.06666666666667 0.7999999999999997 0
428 9.733333333333334 0.7999999999999997 0
429 7.800000000000002 0.8000000000000004 0
430 9.533333333333333 1.599999999999999 0
431 8.333333333333339 1.6 0
432 8.666666666666666 1.2 0
433 8.933333333333337 1.6 0
434 8.06666666666667 1.2 0
435 14.21865973333334 0.8960000000000004 0
436 15.6026552 1.728000000000001 0
437 14.60531706666666 1.856 0
438 14.91065746666667 1.312 0
439 15.10398613333333 1.792 0
440 14.4119884 1.376 0
441 1 0.8000000000000005 0
442 3 1.599999999999999 0
443 1 1.6 0
444 2 1.2 0
445 2 1.599999999999999 0
446 1 1.2 0
$EndNodes
$Elements
60
1 15 2 0 1 1
2 15 2 0 2 2
3 15 2 0 3 3
4 15 2 0 4 4
5 15 2 0 5 5
6 15 2 0 6 6
7 15 2 0 7 7
8 15 2 0 8 8
9 15 2 0 9 9
10 28 2 0 1 1 10 12 13 14 15
11 28 2 0 1 10 11 16 17 18 19
12 28 2 0 1 11 2 20 21 22 23
13 28 2 0 2 2 3 24 25 26 27
14 28 2 0 3 3 28 29 30 31 32
15 28 2 0 3 28 4 33 34 35 36
16 28 2 0 4 4 5 37 38 39 40
17 28 2 0 5 5 41 42 43 44 45
18 28 2 0 5 41 9 46 47 48 49
19 28 2 0 6 9 6 50 51 52 53
20 28 2 0 7 6 1 54 55 56 57
21 28 2 0 8 3 58 59 60 61 62
22 28 2 0 8 58 7 63 64 65 66
23 28 2 0 9 7 8 67 68 69 70
24 28 2 0 10 8 71 74 75 76 77
25 28 2 0 10 71 72 78 79 80 81
26 28 2 0 10 72 73 82 83 84 85
27 28 2 0 10 73 9 86 87 88 89
28 25 2 0 1 28 90 4 95 96 97 98 99 100 101 102 36 35 34 33 103 104 105 106 107 108
29 25 2 0 1 9 41 73 49 48 47 46 109 110 111 112 86 87 88 89 113 114 115 116 117 118
30 25 2 0 1 71 93 90 119 120 121 122 123 124 125 126 127 128 129 130 131 132 133 134 135 136
31 25 2 0 1 72 93 71 137 138 139 140 122 121 120 119 78 79 80 81 141 142 143 144 145 146
32 25 2 0 1 8 92 7 147 148 149 150 151 152 153 154 67 68 69 70 155 156 157 158 159 160
33 25 2 0 1 73 91 72 161 162 163 164 165 166 167 168 82 83 84 85 169 170 171 172 173 174
34 25 2 0 1 90 93 4 126 125 124 123 175 176 177 178 102 101 100 99 179 180 181 182 183 184
35 25 2 0 1 5 91 41 185 186 187 188 189 190 191 192 45 44 43 42 193 194 195 196 197 198
36 25 2 0 1 7 92 58 154 153 152 151 199 200 201 202 63 64 65 66 203 204 205 206 207 208
37 25 2 0 1 41 91 73 192 191 190 189 164 163 162 161 112 111 110 109 209 210 211 212 213 214
38 25 2 0 1 58 94 3 215 216 217 218 219 220 221 222 59 60 61 62 223 224 225 226 227 228
39 25 2 0 1 4 91 5 229 230 231 232 188 187 186 185 40 39 38 37 233 234 235 236 237 238
40 25 2 0 1 90 92 71 239 240 241 242 243 244 245 246 130 129 128 127 247 248 249 250 251 252
41 25 2 0 1 3 94 28 222 221 220 219 253 254 255 256 32 31 30 29 257 258 259 260 261 262
42 25 2 0 1 91 93 72 263 264 265 266 140 139 138 137 168 167 166 165 267 268 269 270 271 272
43 25 2 0 1 71 92 8 246 245 244 243 150 149 148 147 74 75 76 77 273 274 275 276 277 278
44 25 2 0 1 90 94 92 279 280 281 282 283 284 285 286 242 241 240 239 287 288 289 290 291 292
45 25 2 0 1 28 94 90 256 255 254 253 282 281 280 279 98 97 96 95 293 294 295 296 297 298
46 25 2 0 1 92 94 58 286 285 284 283 218 217 216 215 202 201 200 199 299 300 301 302 303 304
47 25 2 0 1 4 93 91 178 177 176 175 266 265 264 263 232 231 230 229 305 306 307 308 309 310
48 25 2 0 2 5 311 4 313 314 315 316 317 318 319 320 37 38 39 40 321 322 323 324 325 326
49 25 2 0 2 11 311 5 327 328 329 330 316 315 314 313 331 332 333 334 335 336 337 338 339 340
50 25 2 0 2 4 311 28 320 319 318 317 341 342 343 344 33 34 35 36 345 346 347 348 349 350
51 25 2 0 2 9 10 41 351 352 353 354 355 356 357 358 46 47 48 49 359 360 361 362 363 364
52 25 2 0 2 3 312 2 365 366 367 368 369 370 371 372 24 25 26 27 373 374 375 376 377 378
53 25 2 0 2 311 312 28 379 380 381 382 383 384 385 386 344 343 342 341 387 388 389 390 391 392
54 25 2 0 2 28 312 3 386 385 384 383 368 367 366 365 29 30 31 32 393 394 395 396 397 398
55 25 2 0 2 1 10 9 12 13 14 15 354 353 352 351 399 400 401 402 403 404 405 406 407 408
56 25 2 0 2 2 312 11 372 371 370 369 409 410 411 412 20 21 22 23 413 414 415 416 417 418
57 25 2 0 2 10 11 5 16 17 18 19 334 333 332 331 419 420 421 422 423 424 425 426 427 428
58 25 2 0 2 10 5 41 422 421 420 419 42 43 44 45 358 357 356 355 429 430 431 432 433 434
59 25 2 0 2 11 312 311 412 411 410 409 382 381 380 379 330 329 328 327 435 436 437 438 439 440
60 25 2 0 2 1 9 6 402 401 400 399 50 51 52 53 54 55 56 57 441 442 443 444 445 446
$EndElements
