-4.2305440657000766e-7
-4.2305440657000766e-7
-4.2305440657000766e-7
-4.2305440657000766e-7
-4.2305440657000766e-7
-4.2305440657000766e-7
-4.2305440657000766e-7
-4.2305440657000766e-7
-4.2305440657000766e-7
-4.2305440657000766e-7
-4.2305440657000766e-7
-4.2305440657000766e-7
-4.2305440657000766e-7
-4.2305440657000766e-7
-4.2305440657000766e-7
-4.2305440657000766e-7
-4.2305440657000766e-7
-4.2305440657000766e-7
-4.2305440657000766e-7
-4.2305440657000766e-7
-4.2305440657000766e-7
-4.2305440657000766e-7
-4.2305440657000766e-7
-4.2305440657000766e-7
-4.2305440657000766e-7
-4.2305440657000766e-7
-4.2305440657000766e-7
-4.2305440657000766e-7
-4.2305440657000766e-7
-4.2305440657000766e-7
-4.2305440657000766e-7
-4.2305440657000766e-7
-4.2305440657000766e-7
-4.2305440657000766e-7
-4.2305440657000766e-7
-4.2305440657000766e-7
-4.2305440657000766e-7
-4.2305440657000766e-7
-4.2305440657000766e-7
-4.2305440657000766e-7
-4.2305440657000766e-7
-4.2305440657000766e-7
-4.2305440657000766e-7
-4.2305440657000766e-7
-4.2305440657000766e-7
-4.2305440657000766e-7
-4.2305440657000766e-7
-4.2305440657000766e-7
-4.2305440657000766e-7
-4.2305440657000766e-7
-4.2305440657000766e-7
-4.2305440657000766e-7
-4.2305440657000766e-7
-4.2305440657000766e-7
-4.2305440657000766e-7
-4.2305440657000766e-7
-4.2305440657000766e-7
-4.2305440657000766e-7
-4.2305440657000766e-7
-4.2305440657000766e-7
-4.2305440657000766e-7
-4.2305440657000766e-7
