5.7696584872014844e-6
1.982449598910037e-5
2.973015562970048e-5
8.316568444799444e-6
2.137402434240071e-5
2.806244192590096e-5
1.1528415744199716e-5
-2.0035550570007832e-7
2.1398696039010012e-6
1.1857135890698534e-5
1.6977895756900563e-5
2.266226846530002e-5
4.341378929800452e-6
3.476668692390002e-5
1.721575224230068e-5
4.202363669100068e-6
3.153561697050167e-5
1.3864102626800004e-5
-1.8852163121991367e-6
-2.186477232100567e-6
2.526136143879941e-5
1.3007071718799945e-5
2.7947277472401347e-5
1.1181617867400337e-5
1.3356869072599434e-5
1.488513971130076e-5
1.2892447332501361e-5
5.516172477701073e-6
1.153196657620141e-5
-4.16237791969927e-6
1.3500356442399525e-5
2.7553046896999778e-5
3.9647007701992115e-6
1.1014040086007593e-6
1.2285796522000167e-5
2.218804553999823e-6
1.6155270316699916e-5
8.357265387299445e-6
1.4557398688100007e-5
7.95029405860001e-6
1.82138708008997e-5
1.732448107690139e-5
2.5639072685800998e-5
1.260194636359957e-5
5.819091504400201e-6
1.2680276110000471e-5
2.695210205849903e-5
-8.837011072002077e-7
2.6984925521800554e-5
2.0003143438300508e-5
1.0737160086600472e-5
1.7022575063700002e-5
1.459608852289948e-5
2.809012203699307e-6
1.3669674318501218e-5
1.006157744479902e-5
2.4760401975500168e-5
1.040215961239932e-5
4.012603278201118e-6
1.7938527112600425e-5
1.874127340619966e-5
2.0786381569999623e-5
1.798942270350018e-5
1.6909564011999278e-6
1.522852161590059e-5
1.979747323030065e-5
1.2998854033699839e-5
2.4564861161599852e-5
1.8279811361298845e-5
8.183663209799727e-6
7.2156551001994335e-6
1.83593127147004e-5
2.913464224930072e-5
1.341768457199105e-6
3.5456583700986533e-6
3.1199240033299644e-5
3.190638261100359e-6
1.6527518487899004e-5
2.799753480589931e-5
9.854621348200435e-6
7.813923192000888e-6
8.198481656200227e-6
2.3242514441985246e-6
2.9562493658600447e-5
1.3636753167300258e-5
2.7040056286009584e-6
2.147505547889922e-5
5.678133481139963e-5
2.5087241140099234e-5
1.8851979725500664e-5
3.828737777300181e-6
1.1187636159499387e-5
2.5003008185999626e-5
7.75838834920009e-6
8.5455291213999e-6
3.0083047864200643e-5
8.907491681996171e-7
2.4615035880399747e-5
8.316801356701015e-6
1.4964681216899853e-5
1.9024866640500113e-5
1.601730925560041e-5
7.4795271178991485e-6
2.881928938350091e-5
2.461710929570031e-5
1.883759311940153e-5
2.1589095981499468e-5
-2.665895120004813e-7
1.9238017543998787e-6
1.0528790698700191e-5
2.0086927955000056e-5
1.555948135239897e-5
8.722009102700434e-6
1.9994010539099716e-5
2.5270321156501546e-5
-4.286673305100089e-6
2.465129771560097e-5
5.1544582689005275e-6
1.1974275521998978e-6
-6.256297616500511e-6
1.9126838558900655e-5
1.2089407219299797e-5
-7.616343055400279e-6
8.119545862298946e-6
3.210692666240009e-5
2.7670520845299654e-5
2.673756134360071e-5
5.6003131549998975e-6
3.138474007990076e-5
1.8262799016300832e-5
1.6291925465199142e-5
2.0533379453100548e-5
2.0159786703300223e-5
-1.3155846763498666e-5
1.7429345706200874e-5
2.970381368899884e-5
1.4243574621000676e-5
2.370361103589888e-5
2.4117407178400954e-5
1.688925610049928e-5
2.5254389578200157e-5
2.6631245461700495e-5
1.0294779927300796e-5
9.8825744200004e-6
5.740874448300834e-6
5.180993344499132e-6
1.6172259224398952e-5
8.607447631899315e-6
1.8767809062601032e-5
2.066740272639936e-5
8.007849231401326e-6
1.3221346627399419e-5
1.1988449109399946e-5
3.287116337900506e-6
1.8338076433100856e-5
1.6502936870098697e-5
1.4162537053200377e-5
-6.548599257999443e-7
3.2885994742500035e-5
6.365753239701011e-6
4.699544933699229e-6
1.35450268273999e-5
2.572181743230005e-5
1.328834530760041e-5
2.4604041229399354e-5
2.147827358840032e-5
2.8860428501899238e-5
4.272694028699918e-5
8.471156813299671e-6
6.5481143261998664e-6
1.4364090346498729e-5
1.8847281928899284e-5
2.840732083710107e-5
1.217456660900125e-5
7.345577992099242e-6
3.7057373823996126e-6
1.8389433185000623e-5
2.0853519093899306e-5
1.1272970730500861e-5
1.2379615969601576e-5
3.8297006153599836e-5
1.68179745436009e-5
1.0501137635010593e-6
1.5258064123798917e-5
1.896800433709954e-5
2.634174897679989e-5
1.634028432430032e-5
4.0710648563993534e-6
1.93052608562002e-5
-4.843461917201572e-6
2.0783752901700966e-5
1.4851516415004262e-6
1.9757669583200105e-5
2.9741444517599608e-5
3.5944863210200795e-5
-1.1759637669993273e-6
8.957242845499327e-6
2.9883266728005647e-6
3.0414582015600086e-5
1.207938442369938e-5
1.0243851186598693e-5
1.8367754495100114e-5
2.310283670909838e-5
1.566479830790099e-5
2.1503134644400637e-5
1.4169391858300656e-5
2.1017691140996775e-6
6.679806100612362e-9
2.9090922967300523e-5
1.470852253220023e-5
-6.875692258200353e-6
2.42214497061001e-5
1.014026393520058e-5
1.608700574450006e-5
1.3894204134199534e-5
1.5415251783900547e-5
1.7138475000700107e-5
1.4749173103100963e-5
1.718432094189974e-5
1.4455771541700344e-5
2.4223114868899415e-5
2.4178715444999818e-5
2.2953711310400374e-5
5.754271094199348e-6
1.3800979352799822e-5
1.4966839852598862e-5
2.710926635170023e-5
1.0610501712398496e-5
2.4512164773900225e-5
1.8561275560000437e-5
3.273758982550064e-5
2.1322599570099132e-5
9.855339072498831e-6
1.5832729453000086e-5
1.4879678769999169e-5
1.6519085522401222e-5
1.0071604695400041e-5
3.7550460622003123e-6
1.2817738151699523e-5
1.9250507249398904e-5
-5.06103110539842e-6
1.173119659030053e-5
3.768510027700109e-6
3.481481790600094e-6
1.0067256871500521e-5
1.0995428608500876e-5
1.4578360528099896e-5
1.2464051463600967e-5
9.89166286449912e-6
-8.994829572006591e-7
9.083689726298652e-6
2.6670998407600857e-5
4.7765385454007214e-6
1.7827850881498714e-5
1.402558722729888e-5
1.1955123054201502e-5
3.306163700001266e-6
-7.454528710201108e-6
3.0951462010996716e-6
8.898637310003621e-7
7.67630925390013e-6
1.1403851360499567e-5
2.383704759430054e-5
1.5943156779999607e-6
2.1467855349800377e-5
1.0845781838499102e-5
1.737767892610008e-5
2.8018769382598743e-5
1.2606719659800578e-5
8.007518742201084e-6
1.4857279303798904e-5
1.335683820300089e-5
2.441240044439956e-5
6.577712351400755e-6
5.549551458008256e-7
9.63803467579974e-6
-1.2853371364994481e-6
2.0677160689000496e-6
2.596627419609865e-5
7.243378849801016e-6
2.156754651829948e-5
2.7459307207100547e-5
7.038402918499789e-6
2.9727621673599977e-5
7.186501061299394e-6
-9.5412534354012e-6
2.9794639379399773e-5
3.474986963870018e-5
1.220856882390084e-5
-3.1684600095994303e-6
1.0052247697100655e-5
3.089287482050014e-5
2.6535804112600564e-5
-8.220552102001025e-6
2.9537940010699107e-5
2.3106747905100866e-5
1.501764065879943e-5
2.8075566003999547e-5
1.675082540879974e-5
1.4832901049099262e-5
1.8061859959929427e-7
3.4635197111800714e-5
7.440655163499024e-6
1.3047435533599175e-5
1.8116573683600937e-5
1.6080772436000493e-5
1.3179738318401524e-5
2.5148899411900003e-5
5.441871282700628e-6
1.7377551871800706e-5
3.157489251899917e-5
3.02920190019991e-5
2.2988342964701605e-5
2.1870271087600507e-5
-1.8187634294598853e-5
1.839213383980111e-5
-2.8862293416000856e-6
1.9413189241999917e-5
3.211065505620038e-5
2.730022202000054e-6
7.872937249501014e-6
3.577977306489996e-5
1.889752566699987e-5
2.0120254729000253e-5
1.2584011413100879e-5
2.1184049994699833e-5
2.454348083960091e-5
4.812534995930068e-5
1.3816668898001053e-5
1.5923890548899533e-5
3.5761851692900706e-5
1.3295427434799334e-5
7.816543510501262e-6
6.447311404499112e-6
1.0965760583301135e-5
8.777842566001087e-6
1.0621387796300868e-5
1.2327119783599183e-5
2.042549089759961e-5
2.0944805743799977e-5
1.2629816123899476e-5
5.40264047950087e-6
7.169333433599753e-6
1.5503062124699526e-5
2.574874538130087e-5
1.4245754714800607e-5
1.200115423219926e-5
2.3182076775700444e-5
8.323225944699766e-6
3.019078192398675e-6
2.398360341119947e-5
9.195086742399758e-6
2.9188453953899948e-5
1.5227458383100176e-5
1.3772368949900582e-5
-1.051746423398961e-6
9.398904851600637e-6
5.063561852499884e-6
1.6449339299199825e-5
2.023822644700926e-6
1.3045760340999954e-5
1.9028774822999958e-5
9.223234233400948e-6
3.0699429560399755e-5
1.0427786658988303e-6
4.289675553399014e-6
1.3172699860598824e-5
2.3978284527199564e-5
2.4260395615899322e-5
2.542474004649936e-5
2.1504030963299947e-5
3.990797861140073e-5
2.574839967730072e-5
6.922863897099174e-6
1.3113532042799067e-5
1.4741964877299993e-5
2.6464342445100403e-5
1.058490108760135e-5
2.060834691270004e-5
2.359207793520106e-5
1.481862122139875e-5
2.3854256252994754e-6
-4.445339592299216e-6
1.7467381253499434e-5
3.929004478550081e-5
2.3788669343100324e-5
1.9742704477498582e-5
2.1675943104100537e-5
3.25408956349995e-5
2.0675744804601187e-5
1.4667278639600434e-5
4.622951942600401e-6
3.326510256029987e-5
4.194800090889968e-5
5.050212386498512e-6
2.8526730213100995e-5
7.8704253795997e-6
1.4672404615900109e-5
1.386126603969938e-5
8.502192500901146e-6
1.429441814910018e-5
1.779151049239973e-5
5.4799091389994e-6
3.4384957923900075e-5
1.3810318258500667e-5
1.9288793900000545e-5
-1.0420571096014797e-6
3.446756400590084e-5
5.786172331101458e-6
8.711437224299956e-6
2.9420246981000375e-5
9.80209129460008e-6
7.292931820300497e-6
1.982876873669881e-5
1.4367908722699024e-5
1.2774088913099224e-5
2.8381957493299123e-5
1.0706959717200759e-5
1.1357192438200825e-5
-3.374995146300866e-6
2.3066837791000175e-5
2.041445575239921e-5
5.198115394998773e-6
1.3064555763990515e-6
6.444205826201116e-6
2.215043252399955e-5
6.313592844500032e-6
1.5787974798299118e-5
3.1752257546098506e-5
3.908961166279937e-5
1.0727426973600879e-5
1.690080651239878e-5
2.357381277320013e-5
1.7884387171601332e-5
3.4986061887700565e-5
2.0451665832999302e-5
2.5565692229501114e-5
3.1815538115501085e-5
1.5120536883000274e-5
2.88832487999012e-5
-6.873321837300855e-6
2.880159081490065e-5
2.1533806545100467e-5
-2.3142266644005788e-6
2.823697679909913e-5
1.6256338174600385e-5
-1.2443412040989005e-6
5.41239365139945e-6
3.037854776198612e-6
1.5637933927399594e-5
-7.952397209499973e-6
1.9459160494899805e-5
1.1318097114500214e-5
1.8369234167999945e-5
2.1151995133299184e-5
5.9797335436994475e-6
1.8821791567799617e-5
1.6337594184298934e-5
1.9497059678900974e-5
2.677736229480046e-5
5.684040549598993e-6
4.0243062214099026e-5
1.8713570608399135e-5
6.352667144699994e-6
3.588363077790084e-5
-5.4293677051002465e-6
2.159198568330023e-5
2.8538463359499902e-5
1.2387488175200773e-5
1.3038918279700482e-5
2.095421959889994e-5
-6.471264561002527e-7
8.766302332000042e-6
2.221434006670006e-5
1.6740316710400424e-5
2.228570951159914e-5
1.5453745373499375e-5
1.4136793193000527e-5
1.5125456752800026e-5
-6.051592260400418e-6
3.05505944292999e-5
-4.1915478668011485e-6
1.7040764469899994e-5
1.7681721022601293e-5
7.536711472999266e-6
2.5487258660601003e-5
3.047393048400196e-6
8.023705655984398e-7
1.779777171360096e-5
-1.1329715171003174e-6
2.3043132033899807e-5
7.60748496629951e-6
3.204534816060069e-5
2.7467927667999478e-5
9.87035053309944e-6
4.498054280301089e-6
1.5631944081991728e-6
1.0923491644299413e-5
-3.302820364009529e-7
2.177550435310087e-5
8.850512181199713e-6
2.4802677066899925e-5
1.2400180850200351e-5
1.5896519075400337e-5
8.48546186489954e-6
2.828558573009926e-5
1.9729665200999766e-5
1.5295264088600186e-5
9.411009211500454e-6
1.558299181789874e-5
2.222145562620105e-5
1.3588768655601116e-5
9.9936125249004e-6
1.919047427280038e-5
6.83698341050025e-6
1.8821299090799465e-5
6.137814591099244e-6
1.427716615300112e-5
1.1061014993299714e-5
3.6547707649998984e-5
1.2668271052399677e-5
9.66034150269926e-6
9.063430836399669e-6
8.584540395600512e-6
-1.7087534580004227e-7
1.9777672022901205e-5
1.3033523323099233e-5
7.5530999728012915e-6
1.1841673447398823e-5
1.6560942276200308e-5
2.4435686229399428e-5
1.6682014685399232e-5
-8.391129978010947e-7
1.8678481783199544e-5
1.460925930659926e-5
2.4308360624300182e-5
5.827457726400101e-6
8.071778101800126e-6
2.0353590610200367e-5
1.1207955281498927e-5
2.6328513978990387e-6
2.523871241769983e-5
5.9158336453996735e-6
-7.943614751988737e-7
4.988409799400184e-6
1.079119936140023e-5
1.3926199799998637e-5
5.676957955100259e-6
1.3332206830999824e-5
3.4456417660998218e-6
2.7504895026701434e-5
9.485746845699916e-6
-1.3413957744299113e-5
6.758811863100123e-6
1.4564605688199145e-5
5.560848964700563e-6
1.0642955492698794e-5
1.1821079009901453e-5
2.7838641439400374e-5
2.0232445845201272e-5
2.7022789298400754e-5
2.453660315749999e-5
-7.577706417500815e-6
2.3721841365500693e-5
2.136193400740019e-5
1.3305480739800313e-5
5.0676097722898716e-5
1.500856998790101e-5
1.8998503596700037e-5
3.461801570250021e-5
2.5428992743098747e-5
1.3812382915799962e-5
2.363782216800031e-5
1.5332546245900788e-5
1.916245502540069e-5
1.0630249270400516e-5
2.1952734581699718e-5
2.0642811967000116e-5
3.305323053700085e-5
1.997686195039962e-5
7.532411242799561e-6
1.7824596372699106e-5
1.7348520638199583e-5
1.2983102948898803e-5
2.9540175644500455e-5
2.260968480010013e-5
2.664530485400017e-5
-9.184310893004671e-7
2.4402800637301006e-5
9.867628556200353e-6
1.0739096154300729e-5
2.0349965538299722e-5
1.706434756360009e-5
2.3271676579700307e-5
2.2386032078200446e-5
1.9534785687998907e-6
2.801200385679943e-5
4.187679240000297e-6
8.796944982601002e-6
2.5543986191199283e-5
1.5091152273698921e-5
4.3945827655003655e-6
2.6479309816399357e-5
1.8788786829300116e-5
1.4195347009100107e-5
7.972209286900497e-6
1.8339995896699338e-5
9.567668301400586e-6
-3.9900610410148474e-7
6.900785624699632e-6
1.8212933965798886e-5
1.4967634399400478e-5
9.455220843199857e-6
2.295334064550056e-5
1.3836470855900854e-5
1.1811474923500292e-5
1.781696945199994e-5
1.5966254285799952e-5
2.911898191939981e-5
2.909359148709975e-5
1.5353430538999485e-5
2.316317109070029e-5
1.152375058110014e-5
1.745370035650083e-5
1.0301095347100761e-5
1.5627221744699688e-5
2.081329437219996e-5
1.8954232135701132e-5
1.4938379819300074e-5
1.6679578444199136e-5
4.394591470200521e-6
2.2093152528200946e-5
1.485978350439926e-5
7.98048511710045e-6
5.728648952900081e-6
2.3245406000401564e-5
1.706097711299745e-6
2.6859311239300562e-5
1.6784412514998445e-5
2.239263307979994e-5
2.309505616810044e-5
9.484037906499695e-6
1.2622066574600327e-5
3.153580411669951e-5
1.2445505827201123e-5
2.468598760019952e-5
1.2009089916401039e-5
8.928283295300474e-6
6.957439826600631e-6
1.949370418820144e-5
2.19545952699976e-6
2.480288835819862e-5
-4.807927371600421e-6
1.2734484974002286e-6
2.5422067163100373e-5
1.3426284629599813e-5
8.967951159699963e-6
2.0925599840199843e-5
3.7443596605599844e-5
2.4038399762201304e-5
3.616979701269972e-5
8.414330783600155e-6
2.2640049358499045e-5
8.974232921699424e-6
3.2640562926899985e-5
1.1717091330298857e-5
2.0996877554298882e-5
2.2107526583600018e-5
3.195217512570042e-5
8.016388885199663e-6
1.2546769325799678e-5
1.9847941929300103e-5
2.0473198223200026e-5
1.86093264257e-5
5.895820826501072e-6
1.006040219100196e-6
1.0169593338901425e-5
2.2566420245992425e-6
4.278895374701386e-6
1.2861045694598575e-5
2.3911422880501174e-5
1.711754006900046e-5
1.91017114538998e-5
1.8961086986899953e-5
3.854515410650107e-5
9.218815087700533e-6
8.255392178000559e-6
2.4426808278498954e-5
1.624165856090043e-5
2.1477741807499756e-5
8.921381308996806e-7
1.0198549662200629e-5
1.4409278536698863e-5
3.932395684269965e-5
9.908130759699388e-6
2.2656178065301458e-5
2.1386001753800205e-5
1.713649857009933e-5
