4.234470071499616e-6
3.046149400830027e-5
1.3768292792400508e-5
8.563648530900483e-6
1.609645058860132e-5
4.6385843916006e-6
1.2281872236001579e-6
1.05171894679984e-6
1.8531782453500012e-5
4.3198582897995e-6
1.221178360079865e-5
1.3398232882998878e-6
2.435519469879896e-5
4.927190701499787e-6
2.485480262900616e-6
-7.008612022997573e-7
2.109506067089935e-5
1.59070362274992e-5
-2.3229025458999103e-6
-1.647977693100544e-6
7.154175177400898e-6
-2.756161810200247e-6
9.905227725100219e-6
9.657446234699954e-6
2.0611235181700743e-5
1.4224613457099536e-5
1.6356671289005642e-6
-1.0339822724999073e-5
1.9654024967499448e-5
1.1317314132699291e-5
2.363080039250072e-5
1.0403518682002705e-6
4.751789454100069e-6
6.797051763899817e-6
5.4044292280997636e-6
2.9232463708995376e-6
-4.428688720499799e-6
5.962414991499479e-6
1.4006132179923692e-7
8.745605533900039e-6
3.317424243249982e-5
-6.747139662499971e-6
8.632046109000036e-6
9.498384895001433e-7
2.309988090160031e-5
1.9015033071011905e-6
2.8704744850002045e-6
-3.4543336766001964e-6
1.2722089570500056e-5
1.2452069782994957e-6
1.0785789171900706e-5
1.5460546564996513e-6
4.651620529500661e-6
9.136068451400664e-6
7.198199239099104e-6
9.635574736800712e-6
7.321365789299261e-6
1.070402526190048e-5
2.82663972333997e-5
4.689104469499453e-6
5.296730727600077e-6
2.76484057926997e-5
-5.858192553500133e-6
3.090690838979983e-5
4.387582824600875e-6
2.4608251718198984e-5
1.3045011273299725e-5
7.45221359470076e-6
-2.279473555900219e-6
1.6224624099701185e-5
1.0502111002600248e-5
1.2203036716699686e-5
1.5810496972801236e-5
1.7328436868989383e-6
4.1621214189914435e-7
1.0263671362900975e-5
9.714777195799981e-6
6.322824597801077e-6
-1.751220090698627e-6
3.4163526467997918e-6
9.361183524198707e-6
2.602722559599986e-5
2.1449424897599517e-5
-3.069848053000729e-7
-2.5471196911999727e-6
-3.6774306245001415e-6
3.410447531200164e-6
4.783989181699616e-6
1.407091691729874e-5
1.0458650975004452e-6
6.4378762893013e-6
1.908194607000077e-5
-1.2202159717002864e-6
1.0086581076601195e-5
5.2182850243005785e-6
3.2775156777985204e-6
8.32249564769981e-6
1.111853193100018e-5
4.5129632927007335e-6
1.7486694448801132e-5
7.498994387499305e-6
8.060146468999094e-6
1.1020099394701277e-5
-3.036102288300757e-6
4.781916209201098e-6
1.056198157759966e-5
1.0012943499799337e-5
1.4688193120200935e-5
1.1925886839099856e-5
2.1632361037991765e-6
6.5571014955991686e-6
-1.1678366287001807e-6
8.82760305929986e-6
-4.156577080300164e-6
1.993697827640077e-5
1.61453846937009e-5
-5.027103346400344e-6
4.216845248100273e-6
2.8911899643008915e-6
1.1255852815000855e-5
5.171160403100519e-6
5.5030070391006575e-6
-3.2453649450002453e-6
1.633273212670039e-5
3.5134434985990837e-6
5.959827148800667e-6
1.1880807439600127e-5
1.2393511452100589e-5
1.3374906425899641e-5
5.796078992299433e-6
4.3915752759998705e-6
7.267990292899804e-6
9.836755018699517e-6
1.8179917285299912e-5
9.410990524899576e-6
2.428915363439886e-5
-8.416409223999111e-7
-6.954656760985861e-7
1.7103042000300023e-5
3.748201807899851e-6
3.890213393800343e-6
8.058468867901125e-6
4.0972861334986205e-6
4.5478883750008775e-6
1.6162615933601118e-5
1.7611053577700278e-5
1.3166071665600756e-5
1.1889797342299127e-5
2.3546965760099653e-5
1.608452020110049e-5
2.149125801499327e-6
8.847256364401257e-6
1.391622888870063e-5
1.2635081395800246e-5
1.0782165930992016e-6
1.3376401606004368e-6
1.772365730380067e-5
1.3114316268100085e-5
2.9305480166007952e-6
5.575124184899194e-6
1.151796505220043e-5
3.4600151509987798e-6
1.8955805058401207e-5
-1.1530582490499458e-5
2.797090844599767e-6
1.0052494795000089e-5
-8.27182320035924e-9
-2.7075413296002993e-6
3.4698364184005542e-6
5.092133363800849e-6
7.029050397011627e-7
3.081177802014695e-7
-1.1858900500483216e-8
1.072591154009997e-5
-1.9682510189918123e-7
1.1484001038999589e-5
3.0389940084991213e-6
1.2893748769990387e-6
1.0765503568899507e-5
1.103435889640049e-5
7.285749324899976e-6
1.0082083570599892e-5
1.6825960607990548e-6
1.6955542638299667e-5
7.261772331299335e-6
1.5869005735099848e-5
1.583785918840043e-5
-1.6329085970011314e-7
1.6102351041599045e-5
6.610572156401026e-6
1.0983248234499796e-5
7.223803254201647e-6
1.548602401250064e-5
8.41077035479941e-6
7.1296237734996826e-6
-7.562786733200308e-6
7.343036509399603e-6
1.0783253310699126e-5
9.00381646219868e-6
-1.4395968599995729e-6
2.7191630461997907e-6
9.211210857900873e-6
-2.2504828860007986e-6
1.4611103914000112e-5
-8.40603094309951e-6
1.707095753289943e-5
6.730389304000425e-6
1.7998523816798936e-5
1.4855700200201022e-5
1.7664507202299826e-5
1.025254128299985e-5
1.838568973430016e-5
8.627265655012512e-7
9.157030785800213e-6
4.5152264199002645e-6
9.000136463099828e-6
5.725682898100742e-6
1.1680616768400265e-5
2.3636485551991465e-6
1.3664306270999918e-5
8.383678514099768e-6
1.0311472546998754e-5
6.8665532926993206e-6
3.7197519634993986e-6
1.0928015854701559e-5
-4.919334257599828e-6
-2.7835237525006967e-6
5.060557510299518e-6
9.7543376160001e-6
5.130816908000338e-6
1.7128525210997891e-6
2.2240132051199596e-5
8.316094903988713e-7
4.719821148900863e-6
2.5687410427008284e-6
2.1253976813800576e-5
1.2755962918999456e-5
2.3936999825006217e-6
-2.7961703804001148e-6
1.91267056513008e-5
4.702941404399405e-6
1.6520566571301062e-5
1.3038906740600945e-5
3.9631342919899115e-7
1.276167219310155e-5
9.974421983400747e-6
3.911686250000074e-6
-6.394539406298985e-6
7.897076061986336e-7
8.885991285598888e-6
3.2487601188992132e-6
8.020586410698721e-6
-9.601240879009154e-7
3.7128736873996704e-6
3.246614733899353e-6
2.2054595059939341e-7
1.1920981679699669e-5
1.4108186375299397e-5
8.840807181101015e-6
-4.764112103199103e-6
2.0246053411901443e-5
1.3521164873200875e-5
-3.00409868699697e-7
7.811593676699743e-6
-7.053275059010211e-7
5.971078363800272e-6
5.239507921099909e-6
-1.0038853253992175e-6
9.352159150599615e-6
1.771279908800022e-5
-1.9565685440044167e-7
-3.9609681534991115e-6
1.004955642320074e-5
1.8684637899800405e-5
6.5631334963990595e-6
9.198638942000195e-6
1.0835780086900296e-5
2.5453229462995414e-6
8.347100384799994e-6
1.0593753015300869e-5
2.493523741430026e-5
6.83024354299934e-6
1.5878814518401063e-5
6.283620383700297e-6
-8.812576255991245e-7
1.3108947156999923e-6
8.881153767499247e-6
-2.983198871498935e-6
1.5196422490199382e-5
7.795643434699295e-6
2.152141210189952e-5
1.2441680246699435e-5
3.2370521999003365e-6
4.400510414500486e-6
-6.1692055073996055e-6
3.3417449499997115e-6
7.7940989058993e-6
9.786279602901071e-6
1.8523714392900195e-5
5.8718920233988975e-6
1.2094147451999215e-5
8.986924441600416e-6
7.243189599995953e-7
-2.432401233001813e-7
3.6541483172999184e-6
-4.350575640500731e-6
5.631500872300965e-6
1.008111309709972e-5
3.335724588601069e-6
7.3957532451991714e-6
1.3057515748799917e-5
1.0650618972006531e-6
1.6364134748000567e-5
4.763099752998906e-7
7.394381226400251e-6
1.064270692860067e-5
-3.713794933699402e-6
9.496146776699632e-6
3.6129212403999966e-6
8.078139087999703e-7
1.5548418978005712e-6
9.006265691800797e-6
1.4415555510700201e-5
1.9551244468798967e-5
5.508633922599732e-6
3.3142200959995066e-6
1.1382672121199727e-5
4.351950459001094e-6
1.093615333199946e-5
-8.395520687005248e-7
3.653912425499034e-6
1.208120844000543e-6
1.3507538196299435e-5
-3.7284594960988737e-6
4.68099276950025e-6
2.41627925440073e-6
5.102708599599021e-6
4.013790287899985e-6
1.3518805973200196e-5
3.537234187001026e-6
5.991474482401615e-6
1.1441411295991244e-6
1.1854743434598983e-5
7.771466520499482e-6
8.353885237399883e-6
1.4336611388698559e-5
7.251745242299948e-6
5.229527708400239e-6
3.4727221429001892e-6
1.6059453336299614e-5
1.111245016320074e-5
5.1806215234997954e-6
1.7725948358899776e-5
1.3497345673199601e-5
1.645434841199972e-5
-4.258988609874559e-8
1.4713907332399717e-5
4.48807810039982e-6
1.1907297431199698e-5
1.1192836673801568e-5
8.663187512100365e-6
4.521999393998499e-7
7.527093356992504e-7
4.567092214699878e-6
2.684880721879994e-5
7.2910284577999e-6
1.563668875990097e-5
1.0375850499400041e-5
9.843152516600742e-6
-2.5975812155010908e-6
1.0347733370399959e-5
8.551715063798843e-6
-9.695061820007983e-7
1.669579594869991e-5
1.7623927176992765e-6
-1.9029409812996306e-6
-6.655309792000588e-6
-9.970582767001093e-6
1.0582294313098498e-5
1.824089344789996e-5
4.279084038398898e-6
3.435619272199042e-6
5.683626462199207e-6
8.782503367199199e-6
7.362613229399892e-6
2.552486537599555e-6
-6.235928394099713e-6
-1.3662841403007386e-6
1.2835290636399599e-5
3.2804906708004677e-6
4.737011989899842e-6
2.126859001401124e-6
1.2173292333800267e-5
9.096785106200642e-6
6.6171459992010045e-6
9.470189642400012e-6
9.945728160700926e-6
6.169122204000704e-6
5.756440757700293e-6
-1.23092327660064e-6
