0.0013067965708469
0.0011270176654658987
0.001248496696557501
0.0010977008226783005
0.0012607847313141976
0.0012720829984709005
0.0009302604578893016
0.0012538954656558
0.001068093817471999
0.0012399542157404998
0.0012950445112797013
0.0011425876256685001
0.0011791453576172999
0.0011931497190329002
0.0009522392302649015
0.001242929830746399
0.001044283404215099
0.0010144207816259014
0.0010207334434749991
0.0014203553582734021
0.0011130437844601992
0.0011008152713698031
0.0014507568506901998
0.0015361912403158012
0.0011998270449210015
0.001127894525151097
0.0011942381700923016
0.0010089572750326993
0.0011137718819110992
0.001167922808698603
0.001121799602737502
0.0011598667457302994
0.0012208463358458002
0.0011463718796777024
0.001233386889056099
0.0010115698863740995
0.0011671744833482989
0.0013354646686947018
0.0011439340832075026
0.0011634381977294016
0.0011225355369556995
0.0008974334668669995
0.0011835039906386013
0.001374463377238299
0.0011479787946852005
0.001133103260557402
0.0009665108515314012
0.0011957316554899004
0.001215648368036601
0.0009764732589223023
0.0012670949911939011
0.0009150701174183984
0.0012849040791170982
0.0014450169147560976
0.0012660830739642005
0.0012143620003229987
0.0011469679228783974
0.001061350452406299
0.0012627781664911984
0.0010666204801588995
0.001253077304574697
0.0009949296024940983
0.0011936410099982996
0.0013908013858369983
0.0009790754771552002
0.0011194118937540992
0.0010156011978065989
0.001218993108795998
0.001347680694838399
0.0009854850277398013
0.0011850505750691
0.0010688694493935988
0.0009604569525748993
0.0011390365341534987
0.0010799652342554991
0.001332351970880899
0.0010412902218918003
0.0011943648286567021
0.001375685179970599
0.0011334197702519977
0.001078590288532598
0.0012070048343222999
0.0011727254390247986
0.0010139692140125993
0.0012717512388138001
0.0013478465388836978
0.001081867847928998
0.001203999286622199
0.0012090173552364997
0.0011741741537794025
0.0013017254455094003
0.0010503772407482008
0.0010778149678681986
0.0009474174725272004
0.001099854723813
0.001072542578971901
0.0010353507347798004
0.0012130765551925
0.0010916141620316983
0.0014938958528868986
0.0011334086509419
0.0012020551863309997
0.0011552114272220006
0.0012132307259904995
0.0013751217840026995
0.0013406061701187015
0.0010791278928138012
0.0011562400609500013
0.0012798882206527008
0.0011915430988124025
0.0011627439507464997
0.0015096984500197995
0.0012993304739495996
0.0013071252565259005
0.0012279772126992973
0.0011297176064626012
0.0012384818375868988
0.001119081144728598
0.0010530107032625004
0.0008779629979791988
0.0012436329691787977
0.0010945510069559974
0.0015380188344129991
0.0009788485142272
0.0012337781002299993
0.0012250071997351002
0.0012386660075017
0.0009864878290133001
0.0011827148231122013
0.001165492343841501
0.0012104053390275989
0.0011672855389943011
0.0012002368224563985
0.0012966680678047002
0.0010399292879881006
0.0012043959195008995
0.0010968313403446998
0.0011774521008695998
0.0009585658858174001
0.0013029277754303993
0.0011133598321844997
0.0011721061152259009
0.0011664972452464992
0.0011817868657014
0.001286530492997099
0.0011769007949106979
0.001129269391310101
0.0011503491612620022
0.0012500734260928008
0.0010167707317149006
0.0011747424902958
0.0009337849638933991
0.0012988067905309979
0.0010695680049074008
0.0012273949643092988
0.0011627334593087013
0.001124076913273299
0.0013579048321494987
0.001209959734512503
0.0012765197518121996
0.0012587576358856004
0.0010459603304100971
0.0012922122413734985
0.0013843378608392014
0.0014014505503050015
0.0010919210964131995
0.001269593336258
0.0013295196126594001
0.0012207688375313018
0.0011227774515472008
0.0012432845021149996
0.001312597617680801
0.001023907295181297
0.0009917299094505984
0.0012753236881501012
0.0010591120874256996
0.0012057202132193003
0.0011794265187588977
0.0009664858503220033
0.0013282325383135
0.0011438429748227008
0.0013767217156708013
0.0013745342404581987
0.0013461459712586984
0.0012203445552115
0.0011339303565309974
0.0010436571940023003
0.0008974996227242987
0.0011402634882328976
0.0010623960175977012
0.0011513486418920985
0.0012925687297599998
0.0012572391909852002
0.001118818588624601
0.0012682786208022996
0.0010815738414465016
0.0010782063313611
0.0011779528681860017
0.0011026513383168013
0.0012009576088756017
0.0012185006151898999
0.0012401954794518978
0.001262158076422399
0.0010496144344824994
0.0012264137516011
0.0011591300911644002
0.0013293973781268002
0.0010772079750726998
0.0010271528876118
0.0010626301344987994
0.0010671679494791003
0.0011554030163084018
0.0011048257309891028
0.0011732532725671
0.0013006208694405982
0.0013159481848669975
0.0011130813713103004
0.0012449069089250989
0.0011035860509979005
0.0008491798739477009
0.001061488042780702
0.0012283689067872014
0.0012645375090219006
0.0009120670090070025
0.0012659467283222987
0.001183321900191301
0.0011625629102603
0.001152327911287901
0.0012899046019349998
0.0010817384365843993
0.001197549226223199
0.0012870645675269986
0.0011292427778843983
0.0011224690411091032
0.0010393913444427007
0.0008991560495323
0.0011568548444505986
0.0011774447180166007
0.0013591925740835988
0.0010230092288356987
0.0011721537620969988
0.0012322476526723004
0.0009537789818646995
0.001162033698204997
0.0010001968137229
0.0010867618322065002
0.0012733362191367018
0.0009823424008639017
0.0010351892063571975
0.001368513059742997
0.0011388154502819
0.0009428835055284995
0.001109801513676803
0.0011296782001454994
0.0012297239234333006
0.0011171338208283005
0.0011011946828216011
0.0012328646720841004
0.0009236657766151998
0.0011181027198808
0.001236533065441199
0.000911781438915401
0.001315183834347998
0.0010532793479808011
0.0013910844063266016
0.0011009378201143998
0.0012988890598115005
0.0010617517153915998
0.0012132374869276985
0.0011047431357599016
0.0012431161575378984
0.0012164634359713017
0.0012124036905598982
0.0009484143168685989
0.0011524753016517973
0.0011826655374901004
0.0012981458898987976
0.0013541994633804975
0.0009862176120179998
0.0011844878818918977
0.0014289263905265005
0.0010402976759727976
0.0011887043529004993
0.0012265643170486992
0.0013193150758008011
0.0010872136003698997
0.0010821797451634994
0.0012144049876357012
0.0011639531914315014
0.0010694965921340012
0.0010961642139172
0.0011454650795617999
0.0011172099023643994
0.0012843542669965999
0.001314688292983101
0.0012249100524466018
0.0009570494133968981
0.001293163359872701
0.0013615263338815006
0.0012591766118776986
0.0010528653664591998
0.0012877072602642016
0.0011115312306464002
0.0009489115273705016
0.0012496512552234024
0.0011374607712233975
0.0009615572893169992
0.0011694624112918994
0.0010582376331747974
0.001273629653412902
0.001120067590193903
0.0014501181083650012
0.001165580703847497
0.001259404110200403
0.0013930407546891982
0.0012896851263789998
0.0010536250556395024
0.0011122930737041993
0.0010146271703786007
0.0011558851491285
0.001370286721518503
0.0013832917913033996
0.0012918052021450993
0.0011694414634727986
0.0012507538330122983
0.0011573238594685016
0.0011642872414578988
0.001131214120356501
0.0012472721321943013
0.001532529237097898
0.0009375593452312994
0.0012903474797326987
0.001440992790795001
0.0014304687602514007
0.0013370047087491975
0.001196252402571301
0.0009187081611677986
0.0012905180930630998
0.001165779365372998
0.0012920009400883004
0.0010293960046123991
0.0014470962306703007
0.001202323096063801
0.0011738071810149
0.0012407135235658028
0.0010127669412389982
0.0010904354586407997
0.0010869769319987004
0.0010964670801225027
0.0014035004594754978
0.0011955985460577016
0.0011442388537214014
0.0011325217504209
0.0013034339774869001
0.0011078320704162974
0.0011415792181844985
0.0010949231959485987
0.0010999461392789019
0.0009872904673669976
0.0011911025677277982
0.0013477734102336006
0.0013350709945685983
0.0011920987583096988
0.0010951533376706984
0.0011900232897830015
0.0012447215189799014
0.001067639340132702
0.0008659309622096982
0.0010883157300451002
0.0013341230565057996
0.0015163805243811994
0.0011363985984140998
0.0014301886832404007
0.0013248009804662994
0.0010978750143787984
0.0011633004619123997
0.0014327546197316007
0.0013395167921878004
0.0009238997712990998
0.0011633901004061004
0.0013248392556035014
0.0012439154053156022
0.0011852436375970991
0.001196082460678899
0.001447494311978402
0.0012232115904958
0.0012827424754771992
0.0012348051194451017
0.001244278254411698
0.0011026767656539989
0.0010307385746293994
0.0011072776193955976
0.0009573073503124988
0.0011675237309261982
0.0011784192229523996
0.0010849100531767006
0.001281180131376701
0.001101417884428902
0.000941582718216101
0.0012260595303823993
0.0012001562730304983
0.0010754145545099
0.0011175806578496011
0.001228215252501403
0.0010229295275730986
0.0009786492331793004
0.0012747363642648009
0.001444055821509499
0.0009559191512567011
0.0013426845775591015
0.001125807768931602
0.0012467194564959004
0.0012235563086944005
0.0012683471953409999
0.0012816607397533979
0.0010725272199615006
0.0012037054502491984
0.0010950112383226983
0.0012950411438959024
0.001112611625675497
0.0011221325577777004
0.0011330887221885008
0.0010366445503460012
0.0011414773958671985
0.0011985641087691006
0.0013986989657149007
0.0012686437004841983
0.0012472989950501993
0.0011490019404639985
0.0011550995465711006
0.0010295161952402002
0.0011867802557032
0.0014501667239761006
0.0011390698146028014
0.0010992336025163994
0.0009862174847296012
0.000981111972507498
0.001327288979397899
0.001111150566538998
0.0013396276818191978
0.001064775999973601
0.0012795525683028004
0.001107217826737398
0.0011752043606787013
0.0012641523044259993
0.0012132944700160991
0.0012198047774300974
0.001050785171735999
0.0012651054830692988
0.0010579628611638997
0.0012195520340224988
0.0013067056112207008
0.0010819996804842004
0.0011391085444527015
0.0011751257378992998
0.001224937696090101
0.0011085445209698015
0.001026169778090398
0.0013648979443984
0.0013042962044471987
0.0011632031719406993
0.0010537563816940022
0.0013699807157729026
0.001216372635204098
0.0012539278750130986
0.0011442031259707025
0.0013710624348161997
0.0013493070143238
0.0012471904504822995
0.0012834449712034006
0.0012951665916700987
0.0013113350867587983
0.0014459836727224
0.0010118403409246982
0.0011286195463130998
0.0012290350740429001
0.0013075517068454993
0.0012198798661803012
0.0010759404495596994
0.0012313617168742998
0.001093023346502603
0.0010425189897226017
0.0010777847187476014
0.0011443178379484976
0.0014332133287331995
0.0011204776092340989
0.0011087330442831993
0.001053848028720699
0.001176541640392801
0.001094204394499601
0.001145145294846002
0.001249953642392703
0.0010346064042371025
0.0011880423489542997
0.0012437419741678016
0.0014503942998428006
0.0010987077204973016
0.0011385499960184994
0.0009649738490552992
0.0010675259463907988
0.0009904430564454982
0.0013154258657257986
0.0011849894605865004
0.0012342849860658006
0.001179687366129098
0.0013228669539014012
0.0012586538312355997
0.0010742781021560975
0.0012255819672636996
0.001088834051347
0.0014082413996453005
0.0009081153579158993
0.0011626149113360025
0.0013345505384086027
0.0010552814223048004
0.0012698663874975008
0.0011098806169811994
0.0010483359667158992
0.0013883082679626985
0.0014579051441688008
0.001173245400622698
0.001220358673797401
0.0010976076415009986
0.0011965132404647
0.0009617431472494012
0.0010463153222261996
0.0009569137193237987
0.0013066706350381985
0.001176570015629201
0.0012970109860246
0.0009164768027372996
0.0009317263043168988
0.0012214468339021012
0.001233358053703601
0.001473134209195398
0.001110395000045599
0.0011819436758860012
0.001463282450328899
0.0010509795385093973
0.001261537050879502
0.0010771582135415021
0.0013958616104372025
0.0015544248247465996
0.0012130528613545008
0.0010663065356408992
0.0010881469357173004
0.0013268787823733988
0.0011417850678459018
0.0010502768977316002
0.0014523075284972008
0.001135144403001099
0.0012396782413049007
0.0011025943590971012
0.001004723507265902
0.0012473779884140009
0.0011040667920157003
0.001230348325275299
0.0011873159680723978
0.0013144850283442998
0.0012293554397040975
0.0011512691404983004
0.0012913109323693002
0.001023285420907901
0.001177763936548698
0.001195806936138001
0.001260550099519999
0.0012021949578788008
0.001057989084846899
0.0010950834614915986
0.0013089976518120966
0.001101464723929399
0.0014282042575075975
0.0011213184447175992
0.0010567953816067004
0.0010979525275951994
0.0012934866513436005
0.0011251062887339992
0.001096862215745998
0.0011042904057494002
0.0012196652592839016
0.0009390928249552975
0.0010970931984306993
0.001059606124851998
0.0012426627851613997
0.001135640462534001
0.0011032612749640007
0.001142817792031299
0.0010636374348210985
0.0012001919232867003
0.0011628405855901996
0.0012253585722441993
0.0013870543710834994
0.0015185932295397019
0.0011558318182758008
0.0012264549178822026
0.0011673190819011005
0.0013197017766813993
0.0010305798984642026
0.0011955776251754008
0.0013654073010164018
0.0009559694582769972
0.0011963729587767986
0.001122649195579601
0.001150908475537199
0.0013519421791901992
0.0012305205602651005
0.0013087491891104995
0.0010650633216736025
0.0011278572077087004
0.0011560012260791973
0.0012010069063435012
0.0012722148843848022
0.0014976059742213
0.0012736695704213992
0.0012902931742016996
0.0012088574274934996
0.0013730058822271005
0.0012510559979886995
0.0011916347079984
0.0013281535893274986
0.0012470625437936006
0.0011367988706253024
0.0012262465643179989
0.0014150721118054987
0.0010423130414313996
0.0011302080532593003
0.0010048706153850985
0.001150315996806102
0.0013059978947113013
0.0013133765078335996
0.0010662549732230985
0.0014508519881859978
0.0010568403754657
0.0011896216228698998
0.0012499572462401007
0.001175757591776603
0.001021472943326801
0.0010236469497891011
0.0011636258167023981
0.0011923682090198007
0.0012719641391625014
0.0010329088929261973
0.0014102024253902987
0.001176559372203602
0.0011867626669859986
0.0012902919515716017
0.0012511352951387021
0.0009770253187091973
0.000969551314927302
0.001022308017464401
0.0008900117105440017
0.001204312412099999
0.0011412923280279992
0.0010931279885010997
0.0010308953332810976
0.0011826365751250005
0.0010275175207505975
0.0012945489291294986
0.0009607271768013008
0.0012322412266583017
0.001133624356916798
0.0012664672565138
0.0012028162361940008
0.0012404555494910027
0.0013498553755866005
0.0011491633670270007
0.0012566220678088998
0.0013416561202813995
0.0010336955568191024
0.0013890776774738989
0.001127685842787999
0.0012164574041444026
0.0011346750337697976
0.0011883667205189012
0.0011704878767495978
0.0011788017326636
0.0012255191221672013
0.0012416008521396009
0.0012348125873703
0.0010957168104598
0.0011424643258037999
0.0010917321881963975
0.0011302614837672004
0.0011741162133607
0.0012424948516001968
0.0010371754257836006
0.0011548854245855
0.0015474559272985987
0.0011671056391718004
0.0010781515840935993
0.0012940392272409
0.0011735450959629995
0.0012375793663042013
0.0008878514998820024
0.0013673479254092992
0.0012493894752093997
0.0010493989258143002
0.001204491336812899
0.0011271579736137974
0.0011032037843614999
0.0011132891315925007
0.0011460002537290008
0.0014149626777887996
0.0010449603224087015
0.0009522424207230006
0.0012804378462678012
0.001282482041613301
0.0011221693423082019
0.0011043631701813002
0.0012508310441328024
0.0012292362947042973
0.0011962929883358002
0.0014236131300701983
0.0010836107512625023
0.0011979743156608005
0.0012104758103179993
0.0012798234574146992
0.0010575272944814973
0.001532449739575701
0.0013386463321834012
0.0010950782732218993
0.0011040611979815998
0.0011884906762450013
0.001123475474478601
0.0010277744364386027
0.001077193893760802
0.001156850355587203
0.0011120610582646996
0.0012439410934983013
0.0011723452195266
0.001208095864093598
0.0011113418663502017
0.0011506690586417997
0.0010834082549818977
0.0014210655196466998
0.0010152337656314028
0.001126873146141301
0.0012999996228037977
0.0010822806770719
0.0009792431932500005
0.0012567611135225025
0.0010393156221995999
0.0009159025638395997
0.0011269761030440022
0.0012011138385645999
0.0010295971474822974
0.0011253834090712983
0.001234917212963399
0.001234290008557501
0.0014343571551635008
0.0010857526468518001
0.0011889682999196016
0.0013057058498337007
0.0010443525531787998
0.0012709545651762022
0.0012973655118606008
0.0009429490035971003
0.0009289961474719007
0.0011375191471300998
0.0013351729256240001
0.0013579418143902025
0.0012042772385822999
0.0011443654501708984
0.0010878544334305025
0.0011519174614755996
0.0012069673392888988
0.000999241139867501
0.0013474603259016026
0.001323808271224098
0.0013422428571979
0.0012705905900625009
0.0013658532202431017
0.001038874606297202
0.0010507095260279993
0.0011852587085280017
0.0010651189025387003
0.0011719950418293996
0.0011815466705480011
0.0013372073016197986
0.0010578195056285995
0.0010803037341339007
0.0013986202003453026
0.001190107284314599
0.001171016722167701
0.0011419349040815985
0.0012097745871214975
0.0016109565168722015
0.001044548357959401
0.0013855599763446004
0.0014061917261636997
0.001053554605417402
0.0013651505147540995
0.0009538358876785002
0.001169404231835102
0.001368823143622997
0.0012214752655618014
0.0011052974625326978
0.0011904168553494993
0.0010448378873310002
0.001382473950084999
0.0011501774068687007
0.0014313388264599984
0.0014261661035538005
0.0009379497289202995
0.0012397035898723992
0.0011755219762633988
0.001513292921383299
0.0010397109046108993
0.0008988112793678997
0.0013216979617313995
0.0011684597489343002
0.0011745854564785031
0.0013400529361907998
0.0009978558496961006
0.0011494862680149001
0.0012411504510306988
0.0010821821953165
0.001264672961869797
0.0010471310347504002
0.0012631596247560002
0.000994528489809101
0.0009560617116310018
0.001030976521609498
0.0012691945789976983
0.0010032746258762971
0.0011085631844185012
0.0011825009077993977
0.0011051422757506028
0.0012267872262394994
0.0011714027203327988
0.0012731603474119974
0.0011105175880999005
0.0013579895220683993
0.0011229745032153016
0.0009829421125584978
0.001174997860948098
0.0012849314560273994
0.0012446529445729014
0.001105791234774698
0.001205229628955501
0.0014293302732780004
0.0015243693103054005
0.0011137978767872016
0.0012577972004351005
0.0012110976827500002
0.0010506873058148992
0.0012755858529581027
0.0010159195851397011
0.0011267978991227993
0.001071787199208401
0.0011208159055264982
0.0011210571712376022
0.0010322671238903978
0.001180370307831101
0.0011149255917383
0.0013452247397286003
0.0012055876040919997
0.0010489784833033998
0.001174413824008097
0.0013155845658520994
0.0010812045846601004
0.001236923453860797
0.0010397934768338994
0.0013247550042811002
0.0010994550255747013
0.0010156343912915977
0.0012850036166639975
0.0011172198989353975
0.0014182885364663993
0.0012135552820605015
0.0013875055440235005
0.0010668589809148983
0.0010129450218395002
0.0014704675456726005
0.0011809230920779984
0.0012103425265739022
0.001332014081588697
0.0011874561922447027
0.001254116718334402
0.0009621737452215028
0.001199095026755699
0.0011217623530800983
0.001063375734265501
0.0012318949131908986
0.0011851532431352008
0.0009462046939729997
0.0012751158128270004
0.0011664465892005024
0.0011071990794895015
0.0009410967911154013
0.0012641363760709026
0.001171785984083601
0.0010060180548654013
0.0011404533359144
0.0012170103108731997
0.0014683170233025997
0.0011074847472850972
0.0014681147836878988
0.0013098044951048993
0.001330106458226902
0.0011269374618522003
0.0010792898224696
0.0010692027112458
0.0012239939561040983
0.0012398238850979994
0.0010050868446225027
0.0013323441908102002
0.001216436532106499
0.0012976458610723003
0.0011252027570446028
0.0013679666570267993
0.0013756027169954006
0.0015928702784611982
0.0011796599739892985
0.0013009585057105998
0.0012777298669096986
0.0010341224549492017
0.0013009211609762011
0.0012912036324320003
0.001235694487956799
0.0011892642258508994
0.0014321524460505983
0.0012795872010589009
0.0010382717773980005
0.0012892027247459019
0.0012074388488506026
0.0013340416029967994
0.0009028491549865
0.0010634494064306992
0.0011495931274695982
0.0011473501771822985
0.0012516097921643002
0.0013823129363399987
0.0012932182029639014
0.0010461208538299002
0.0011739556704083998
0.0011313354935101015
0.000867575398462498
0.0010473882654986992
0.0010440984419958013
0.0012030830785428985
0.0011820104422996004
0.0012440627146872996
0.0012975405177453013
0.001039380791364699
0.0012301730624618007
0.0012323486346658002
0.0012802626309685004
0.0013981506884741014
0.001027848912703102
0.0010809796237630023
0.0011101025296680993
0.0014062693116184029
0.0010014606401037018
0.0012709941602288
0.0009667956183208003
0.0011438606053537984
0.0010393030010645982
0.0012760174848289
0.0013718860207498976
0.0011315136245508006
0.0011274259202289985
0.0011187673321878013
0.0011731209699354997
0.0011855563973695998
0.0012798469301704002
0.0012503813933899995
0.0010933002541249001
0.0009205501343565979
0.001166813623582598
0.0011449165632074002
0.0014075274815979998
0.0010588158814782006
0.001108984275412797
0.0013857897257563007
0.0013505034826999003
0.001194291326019
0.0013258218565691988
0.0010361430389210988
0.0012706347236633997
0.001196961613378001
0.0011356242485514
0.0010950575482659014
0.001237863972489199
0.0010872185364877995
0.0009533181080525997
0.0013923357682355982
0.001025878696013699
0.0011753372226245978
0.0010357354216131015
0.0015132982001317997
0.0013372404626814
0.0012672859739749007
0.0010861876798159004
0.001054595274087699
0.0012008628077919033
0.0009207309665024005
0.0011861001416768983
0.0011854712547402987
0.001143168451292198
0.0014241319065146987
0.001515980959833501
0.0009352402318513996
0.001198503588033601
0.0011205059474667031
0.0012649174287878012
0.0011068347162613013
0.000893825475805101
0.0012186389619227023
0.0011547554890883015
0.0009327416560318998
0.0010706788693956998
0.0013725219428963008
0.0013495583306732985
0.001059479789593601
0.0011362224989974988
0.0011571920947873009
0.0012608854064535026
0.0012417519637626002
0.0011163132399183012
0.0011500134249799003
0.001159574922006499
0.0010126500712330996
0.0012701269857871011
0.0010704606638329978
0.001180377903445301
0.0010618820283430988
0.0013738045353461
0.0010265299243352975
0.0011572058479527025
0.0011334046728059995
0.0011277267754106028
0.0010232832204602992
0.0011322846092825974
0.0010348259163692995
0.0011111726349624998
0.0013510442040433022
0.0010660123262099981
0.0011044923178477987
0.0012257830840241984
0.0012531461940687022
0.0013654033248214
0.0008981466436779988
0.0010415139537834003
0.0012373793584315
0.0012182045196974002
0.001233305977236799
0.0012163205900047012
0.0012446405107689983
0.0011579010521415994
0.0012499148979622995
0.0013738649759283995
0.0011243319034473995
0.0009838393327618981
0.001152214402931298
0.001093711856599601
0.0014147858165863003
0.0012077014953531008
0.0011487443404661
0.0010158626084148976
0.0012016546956852003
0.0013026278066214994
0.0012856957012482018
0.0009103594853781989
0.0011410468486534008
0.0010691755816685002
0.0011302509055046983
0.0011819151335326003
0.0012666988249285006
0.0011948831709210003
0.0010556538686019995
0.0010819259837262993
0.0012700865564163992
0.0013538853238131976
0.0011830645219897996
0.0011681558521071979
0.0011735825422861008
0.0014501623989572991
0.001132543927865201
0.0011241884077132017
0.001121235967999703
0.001168266021060002
0.0011284664735023014
0.0015073066478837986
0.0012000763301054998
0.001153740041650999
0.001361932997715698
0.0012162323579750986
0.001271283713764601
0.001365823333753402
0.0011381462801960014
0.0009556823385372983
0.0012032195335304995
0.0012453358450977003
0.0010734633351029976
0.0010697221571868976
0.0010867417338597009
0.0011898316934937994
0.0009136042860410989
0.0012319869430216027
0.0012784129642647996
0.0010736616639142986
0.0015520174758418999
0.0010257053384133998
0.001342209176780098
0.0010963581245772014
0.0010212334123788011
0.001187658804029601
0.001448405438110801
0.0011649625073601004
0.0012136162090617027
0.001103009455414302
0.0012275232705037976
0.0010563800129804006
0.0011734037139627986
0.0010902798492527996
0.0010499398817509983
0.0012255133473760005
0.0011829440226528015
0.001056012554926898
0.0011809721096745981
0.0011192434848093999
0.0012721419569690015
0.0011587725803406008
0.0013131252124272998
0.0008691678866021985
0.0011870507764713996
0.0012865886974280996
0.0009461960872924995
0.0012014877149509016
0.0011464935688631009
0.0012472711637638995
0.0009032635071650995
0.0013201033963681982
0.0012591026265245005
0.0012996465755179994
0.000994654323266498
0.0011126958785686002
0.0010688471299979997
0.0010582362216581993
0.001038589695932901
0.0012633869767691014
0.0011935999630230017
0.0012266068598789023
0.0012542031116266998
0.0013473426874609992
0.001111584013890797
0.0012249182202505003
0.0010869346320012026
0.0010721461901524003
0.0012154675849488997
0.001427163730170801
0.0010293335379478012
0.001232539042031501
0.001397542482750199
0.0013425456834800023
0.001501105819071799
0.0010335552252629006
0.0012481797408578008
0.0011805165460004007
0.0010941606193820008
0.0010901796955495
0.0009958704488038025
0.0009641646036187973
0.0011819195925555012
0.0011940041182352014
0.0013966660576712996
0.0012055341725006018
0.0014449670928332013
0.001271832824360497
0.0012528282226253983
0.0011258951329384988
0.0011842119249510993
0.0010765293102046013
0.0011673371523890988
0.0011705018363722015
0.0012068037988702991
0.0011391703456077006
0.0009791327292747003
0.0011033600814407997
0.0010532444914417988
0.001525788123327699
0.0012331020249230981
0.001024528611715099
0.0011543123137336998
0.0012250276949277994
0.0013246332696700003
0.0013756760807191008
0.001405507321884502
0.0013345677942485992
0.0011674315817515012
0.0012588949338927999
0.0010197172032225012
0.0009776574037701977
0.0012341189456866984
0.0015115288100158997
0.0011681371811588029
0.0013543036932944993
0.0011690759114070005
0.0011295546607021992
0.0010926010964323989
0.001452667202724401
0.0013628047418572029
0.0011949010848752994
0.0011614071706313005
0.0013627772658839979
0.001453022325463297
0.0010781312141931003
0.0011297143029893007
0.0009976607202753993
0.0011454123253208
0.0011885642921722998
0.001212889490452198
0.0010167287965603018
0.0010908780133624986
0.0012604000338570023
0.0012126302003323992
0.0011585825150759975
0.0013454512786122003
0.0011118707373112997
0.0013823140129259996
0.0012829611023160992
0.0010313525356645988
0.0012665624287230975
0.0010725595303938996
0.001241577460581702
0.0012045424266089004
0.0011357445033716024
0.001077269913473202
0.0013397807779927003
0.0011446479519039016
0.0011497312195292986
0.001279632105514298
0.0011818835102495005
0.0012346296063472026
0.0011447143363518021
0.0014191783061370984
0.0015002654710507997
0.0010848413048306013
0.0010559590685276024
0.0010406567233939013
0.001096331261603297
0.0012323774845742
0.0015206499571852987
0.000985629600904401
0.0012657506036992984
0.001290534610220901
0.0012312938669598004
0.0012928455955808008
0.0012067613255599997
0.0011925568211388002
0.0012871234501885993
0.0013207705648681026
0.0009905666240384997
0.0012427869876838991
0.0011720840918916994
0.0011229442906941015
0.0014010536735548987
0.0013962900006067001
0.0011509537441293967
0.0011161359339862988
0.001411856876207901
0.0010454725776497982
0.001179307812684497
0.001050277988944099
0.0013287517112838994
0.0012487848929824998
0.0011092802458267
0.0010945416027602003
0.0012819131401934983
0.0010534492801935018
0.0008898721138649
0.0012453094427846978
0.0013005729838838007
0.0009935456400510002
0.0012869988840081004
0.0010645056607993982
0.0011357005445656009
0.0009616330680625
0.0016111557501669004
0.0009832911920025014
0.0015108728732485983
0.0010980216100307007
0.0014660530409143016
0.0012530873871658028
0.0012642559245569993
0.001183334138349798
0.0011325686101653007
0.0012061960372402973
0.0013798620956172979
0.0009880433130303005
0.0010963616877151978
0.0011968365664474998
0.0012500876890494984
0.001200224099619101
0.0010795048200777993
0.0011871759188774
0.0012748200981498002
0.0012260121677625004
0.0011855157862949994
0.0010726554434743012
0.0011541493845431024
0.0010412801377564992
0.0011408427486462001
0.0011072732664992972
0.001096855303090602
0.0013064161975515007
0.0012382377569825978
0.0011811885300851005
0.0009391368935654995
0.0011826671983409982
0.0010292202153057012
0.0015417384420933003
0.0012371142835296
0.0008843029002171994
0.0013769500944458002
0.0008673267994884007
0.0010036936734003979
0.0010892356196444998
0.0013561848720330984
0.0012996933277913021
0.001155443602544902
0.0009460653848526006
0.0013448564877795999
0.0012105948800141993
0.0012063934194707013
0.0012440677074083
0.000979934372725498
0.0012396745933067992
0.0011421135942080024
0.0010199460620188006
0.0011785130075052004
0.0011459056713707984
0.0011212609887847995
0.0010185875248269992
0.001082839297345501
0.0015065921134089014
0.0011382156426751992
0.0009282302441657973
0.0012230171411519997
0.001215346190751001
0.0013709944384080013
0.0013577946810153022
0.0011239203058674013
0.0011382992267403025
0.0012676823708483997
0.0010599503081672977
0.001173360040053202
0.0011448142603516995
0.001021990521498501
0.0011836809029995982
0.0013480326375398984
0.0011384545473140002
0.0011450139056894022
0.0012041957593363004
0.0013365676293106005
0.0012009664656963993
0.0011359873743552011
0.0011911194112048974
0.0009648615300860974
0.0011397821887760007
0.0012655490835598998
0.0011015410729965022
0.0009575160064515011
0.0010405059682413002
0.001093738439342299
0.0010910297517267992
0.0011017744680841997
0.001194947703213902
0.0011877258820778003
0.001165674531196502
0.0012637554979317983
0.0010249132521308012
0.0011768333464396985
0.0011358312153474
0.001472162720409901
0.0013751450722167997
0.0012704785687932992
0.0010704286225390984
0.0011974855909459986
0.0012528861279795002
0.001217456271981103
0.0011214612733844997
0.001242310267185999
0.0011789700189245994
0.0010617496596374981
0.0010151580121110018
0.0011308087937378988
0.0012014931322281985
0.0010860423204572013
0.0010403647027408015
0.0011735536277651983
0.0010521893636087978
0.0013542650095538025
0.0011383854613232006
0.0011659384131985015
0.0013114768334384005
0.0009952264456348017
0.0013403721690713015
0.0011638111349011014
0.0011767046056173
0.0009639712025347989
0.0010385743756403006
0.0012011993557846969
0.0009567674478464967
0.0014438688408018978
0.001288775748926503
0.0010957360874232977
0.0011606020281377007
0.0012687602949590995
0.0009717300411327991
0.0011208921315504008
0.0011487209523472972
0.0012810460213065998
0.001567379921918098
0.001197792336089
0.0010119637978875974
0.0013436048322179005
0.0010585616192238002
0.0011780798126752971
0.001230055163424601
0.0013394057292797981
0.0011877198230555996
0.0010198362988981004
0.0014501051415278
0.0011201954768385002
0.0009605596532540998
0.0012772256358239004
0.000932267275298701
0.0010901376693746995
0.0011419883210086988
0.0011962020155667982
0.001313697934498502
0.0009360211704035025
0.0011490929448807995
0.001007593567495798
0.0011845762147911984
0.0010436476642622997
0.0012477812127959995
0.0011244633546597
0.0009840596275343012
0.0011704863723416004
0.0014478609677536988
0.001071472963993101
0.0013295528311072016
0.0009522287325486982
0.0012729656324401012
0.0013219817025693012
0.0011943074806128988
0.0012847237700963007
0.0012405004658049001
0.001549500640603798
0.0011666919160409975
0.0010854797497164975
0.0013687953335031998
0.0011487574137356987
0.0014003312443408994
0.0012577082285927
0.001175456416860697
0.0012594193036939982
0.0011517104609179984
0.0013589857298402994
0.001119066512778398
0.0014471978514571
0.0010612836889615992
0.001227833673131902
0.0011495847928258002
0.0011222320331337014
0.0009476692861478016
0.0012259800969172015
0.0012634450623084
0.0012673376307019008
0.0011844211336065995
0.001020302743113398
0.0011746843306747017
0.0010279445589037005
0.001186613261921498
0.0013683853313880001
0.0012409560657168986
0.0012462825084277006
0.0010832937974320986
0.0012668938111514982
0.0012815454107924992
0.001285471948569098
0.001386557811031499
0.0011998002452596988
0.0009875271023380011
0.0012840996331696004
0.001070175391305099
0.0011050584952298978
0.0010905341179335976
0.0012748772242483983
0.0011498145485428005
0.0013537174245713997
0.0012378993510585995
0.0010821729576879005
0.0010211203387694018
0.0012475343821093006
0.001433630476920203
0.0012141685333934005
0.001072091164366601
0.0012811448914635017
0.0012387108135740975
0.0012406456699216029
0.0010307244173335985
0.0013534106370031995
0.0011793725934087992
0.001243042380522398
0.0011610335884228024
0.0011332460780971998
0.000987954838579802
0.0012889358901520993
0.001250876690629902
0.0009434217947583978
0.0011040334962033015
0.000931214531991003
0.0012384519863185006
0.0012108852788622025
0.0009684223373542002
0.0011110377418574006
0.0012972239428120022
0.0012966417774140995
0.0013216552396959971
0.0011433034543155002
0.0012099806569952007
0.0011667972186732989
0.001343458699205602
0.0010772631959862014
0.0013247705746604992
0.0016012143957911014
0.0011573767532389
0.0011158907827737014
0.0008948721726124986
0.0010706042290793
0.001121289369824998
0.0010825337927472013
0.001036177465966702
0.001014184153372899
0.0013889763492288994
0.0013067909596028021
0.0012182625603039988
0.0013175638089431008
0.001055001817427001
0.0014861987083551013
0.0010596032143189993
0.0012210927195034985
0.0012633355741748023
0.0010737959371879997
0.0013660292935573012
0.0013029289942368995
0.0010476080084444034
0.0011084264777200988
0.001152795057734999
0.001198963365629399
0.0012278508645642006
0.0009885989380525005
0.0010079062134949017
0.0010463663586463001
0.0012697875610518002
0.0011573733417134004
0.0011980854352178008
0.001222786821131798
0.0011290791672191984
0.001060095453561699
0.0012431042378472992
0.0010893703925124003
0.0011391062822365995
0.0012481357885403
0.0012031418377579997
0.0011997868983284997
0.0010847413051398996
0.0012210860948820013
0.0011091036430984982
0.0012740960463542006
0.0012112427736250993
0.0011223742559670971
0.0012380927279322003
0.0013239020105225985
0.0014506832126968024
0.0010866651052924003
0.0012169203336764994
0.001376004426442902
0.0011499403423411991
0.0013027175992470982
0.0012165188416775018
0.001228735304812302
0.0013346296282207015
0.0011822159142577983
0.0011822571820918996
0.0009697882649996013
0.0010985829495326997
0.0012744823126741994
0.0012435886132154995
0.0011402256694822005
0.0012663185121537003
0.0011069265671356972
0.0011010591991627988
0.001153039111874598
0.001186380715899299
0.0009885839045340981
0.0008584583010570017
0.0010854314243395995
0.0011842043401654977
0.0011719805519723007
0.0010878034021568027
0.001037677119331601
0.0012199900913375979
0.0008384823150523017
0.0010273931829975977
0.0012744824004018024
0.0012813538212033022
0.0014283412441636993
0.0013674463430159017
0.001180637809305201
0.0011007065820853
0.0013170525209180023
0.0011944578994054975
0.001457100794147001
0.0012325165926387015
0.0010617055797001
0.0008832676101100008
0.0013719591492807014
0.0011919382971319996
0.0011540983695768024
0.0014283346427943003
0.0010832895914122016
0.0011365146365247998
0.001083984338949899
0.0011500149739908025
0.0012164659228721987
0.0011517231303226003
0.0009732261409864974
0.0011949162594212005
0.001241297891979503
0.0012081904662462999
0.0014194616462556015
0.0012540075732146994
0.0013772038749465983
0.0012146582558570998
0.0011236164720613007
0.0010354614354796017
0.0013044143554716003
0.0010466591378100985
0.0012345953083402993
0.0010354230418965008
0.0012168814809415014
0.0014941008904044983
0.0009549397117332992
0.0010912649586173016
0.0013346360757349011
0.0011597702020718012
0.0010401990904376976
0.0011961553918171004
0.0012047490302333
0.0012024049692338987
0.001153510262585502
0.0013182473558956999
0.0011267737405439016
0.0010455256696635003
0.001092776827060899
0.0009650124608863997
0.0011364061125339019
0.0012157791081045012
0.0010326065304329009
0.0013148153087582
0.0010162358531575003
0.0011820770782486993
0.001258513085142899
0.001323334627199399
0.0010049828559592008
0.0009972267335898004
0.0012803468598902995
0.0013129668091615976
0.0012005805037049976
0.0009458487097971993
0.0010992698904185028
0.0013327199472985968
0.0010128605035912008
0.001155141415127299
0.0012420516890526007
0.0010573694086791
0.0011640031012098984
0.0010962124778409015
0.0011586521485744995
0.0010735691452079012
0.001066821176302201
0.0009889279416306004
0.0011170245696380011
0.0011190005525874014
0.0011600390562631
0.0011643779617886985
0.001012122114775301
0.0010648734535767986
0.0011052271540881002
0.0014030453584720007
0.001259028538527801
0.0012421720369744996
0.0009001832643187012
0.0010217942811557024
0.0008758649701407009
0.0009716919113257998
0.0011008393517732001
0.0011976932991391992
0.0013492537002079003
0.001464340296582
0.0012098147951102
0.0009244878843280013
0.0009672193543084004
0.0011603268801372996
0.0013005368121472988
0.0014074351983199007
0.0012895789098457018
0.001116996782152397
0.0012867873745942005
0.0012427897276797023
0.0012799332606099022
0.0013178949461582004
0.0012756464964823015
0.0011356975316224975
0.0011343494517659994
0.001114821443742399
0.0012051837683591977
0.0011394093908919968
0.001137004856508899
0.0011716826447159996
0.0012012842562738012
0.0014113408089338995
0.0013874824750403983
0.0012713908268033973
0.0012011824544771003
0.0009077540545093
0.0012308335472560016
0.001048223276430199
0.001145814754136401
0.001176171315976398
0.0010554144356793999
0.0012171528987991002
0.0012894413841062005
0.0013651474279041016
0.0013684998732634013
0.0011702454627176978
0.0011594531356594016
0.0013159784386633996
0.0012498448861388012
0.0011349677490045014
0.0010007956180444026
0.001389848546457302
0.0012503107137532
0.001297785220976698
0.001179201534826299
0.001403244625764001
0.0013444721153625001
0.0011467504870351988
0.0013571236003724028
0.001311919840492698
0.0011440018167597002
0.001135035766200599
0.001062867399973702
0.0011617773074190998
0.0009862655055453001
0.0009330767992724032
0.0011762979869247014
0.0010455922258575008
0.001035871095923499
0.001206679070869101
0.001138913342251701
0.0012119016705894985
0.0012466263574352973
0.0015293116387066
0.0012804444099162003
0.0012903781016682
0.001161149484666401
0.001133813152205003
0.0010635444956538995
0.0010507343266601028
0.0011575109472412998
0.001146225952963001
0.0013733609329012984
0.0013280178434985981
0.0011933420909855004
0.0012671410678361979
0.0011667812359084026
0.0011228414407275997
0.0009586557567060998
0.0012224512094836
0.0011322152849384988
0.0010789319543488968
0.0013527692250887013
0.0011152311371855975
0.001141668042924402
0.001282061985105401
0.0010960748664973
0.0012973985781030012
0.0012181181490105997
0.0011728844648035003
0.0012349098599255016
0.001253255313336702
0.001442577775864401
0.0013083369456880004
0.001255726126275697
0.0012567481268570997
0.001137073421023902
0.001577434774093299
0.0012754671157553
0.0011570726739741008
0.0011961169967592972
0.0011738187787717
0.0011908230346625026
0.0011410263640533012
0.0011732830002272009
0.0010944626017184989
0.0011238981160459002
0.0010210760147655006
0.0012099776947421016
0.001050244087482402
0.0011676141426660985
0.001170997246951199
0.0013782702413058998
0.0012792477604035013
0.0014293242252888007
0.0010235268756407997
0.0010789775300618018
0.0009254478194472004
0.001078596234004598
0.0010231820543766985
0.0012547452648662971
0.0012456841522024004
0.0014337800331622012
0.001212034134485302
0.0009567650621415992
0.0011210280607820977
0.001180911298370703
0.0011572940906467988
0.0008553295776391016
0.0010382427577544998
0.0011369004601359985
0.001291864232782703
0.001298442661329502
0.0011715078433388003
0.001142992599437901
0.001150099219833299
0.0012379170333458
0.0012474594285754002
0.0010877772046295024
0.0011822484308520002
0.0012698309864457996
0.0011572517746186
0.001081302867096099
0.0009152253320744014
0.001161818556705798
0.001492149192866398
0.0010841957041405996
0.0009378021895855015
0.0011071515700169024
0.0013076580405559021
0.0012166329091264985
0.0010830099085640983
0.0012719524048548023
0.001305616535322799
0.001336573920617902
0.0011711165606737017
0.001139029560412702
0.0011755982892229996
0.0009938805727696988
0.0008741738933766979
0.0010679415416758008
0.0012000221326305995
0.0012802135203673001
0.0011857200224172013
0.0013499380013081985
0.0014020438351835009
0.0013694791505445003
0.0012164438453030994
0.0012060478146763004
0.0013725787261381003
0.001163418341548303
0.0013337993443083007
0.0012259812163788013
0.0012591299422115981
0.0010502738752754988
0.0010009090156001994
0.0012808236306044996
0.0011007966187274974
0.0011450182814015004
0.0011029184747777983
0.0011997090154098992
0.0013516825588806985
0.0009593031912006021
0.001089224264371299
0.0012148882951325997
0.0011729358518881017
0.0010638336998807021
0.0013164509541912991
0.0010063073120232004
0.0011651675620379977
0.0011175539147064012
0.000984857333258097
0.0012056038715097007
0.0010954411505175003
0.001210274434770002
0.0011711919317314995
0.0009155014371632006
0.0010487064227551988
0.001140500466845898
0.001065145782905702
0.001208516141928101
0.0012204037604561999
0.001039429915140798
0.0012368220870592993
0.0011669128114275007
0.0010993728343783975
0.0013538067117594005
0.0009352924611623001
0.0010021909674491
0.0010847524767317006
0.001031385635752998
0.0010319380662462997
0.0010813363233059016
0.0011302588229159007
0.0012780714868608004
0.001264665421210301
0.0010012730966779994
0.0011277481874798004
0.0015064112352733
0.001016839367562302
0.001215611018931799
0.0010358870716148973
0.0014101763041282009
0.0013620034781403993
0.0010142089136563996
0.0011982334634857011
0.0011158372748901017
0.0014283562030837013
0.0010731148529962015
0.0011102796513466004
0.0011815366379097983
0.0012402182182622012
0.0011831178727379002
0.001326686956112301
0.0012131059846498989
0.0011791495186198979
0.0011209977508144994
0.0011096365693726018
0.0013021325248460981
0.0014019458092472022
0.0013156686307716006
0.0009108227376069013
0.0010692462305647021
0.0010062344766037998
0.0011947931271628007
0.0011018151154759022
0.0013374222268661001
0.0010248442511541986
0.0011789172818371975
0.0012905456525529983
0.0014024910807388033
0.0015784746284129014
0.0013767790998889008
0.0010887321765472996
0.0010479182067228004
0.0009543695225583994
0.0013574701837881994
0.0012716830404735022
0.0010949789405737993
0.0011364322617317991
0.0012627352036664978
0.0011749428660793003
0.0011339676553029018
0.0012432510445173975
0.0012547489307965995
0.0013306850452080993
0.0013507289068605995
0.001225693174594901
0.0013846815701607992
0.0011279130516088018
0.0012524565301023985
0.0014102512128926978
0.0012386187630283006
0.0014199978638186998
0.0009976943141983968
0.0012088398357387002
0.0013054565312912991
0.0011559512924941007
0.0012954981039316991
0.0010850276234347991
0.0012355613050272982
0.0010960099409605996
0.0011793526555844008
0.0011901546465670002
0.0011794662110137001
0.0008302831830225982
0.0011632925294717995
0.0010643049159732992
0.0010938681166327013
0.0010335950682742005
0.0012172299222892
0.0011588222114711014
0.0012151854961676978
0.0009432059579306019
0.0011146364189019015
0.0009683067169422993
0.0008358518615928998
0.0012054767422038995
0.0012344445133419986
0.0011190068647343003
0.0012453741505744007
0.001077392584517299
0.0012190545911578005
0.0010964205758123985
0.0011224717357200993
0.0011255694623149987
0.0010362719952966976
0.001381862040775797
0.0012545091156482002
