3.099983250345016e-5
2.4418882595030056e-5
2.9136426843370464e-5
2.2735394522080225e-5
3.1070674162189844e-5
3.0316255618539206e-5
1.6714498893220277e-5
3.0478707616620263e-5
2.237032794825001e-5
2.8973403187289824e-5
2.996538567359014e-5
2.587287293592984e-5
2.790150526459957e-5
2.676159505079958e-5
1.7099265390120057e-5
2.8563361694760626e-5
2.027234117155021e-5
1.9824535859749685e-5
2.0112300759689804e-5
3.409493498269037e-5
2.5000670367620638e-5
2.3676769579550512e-5
3.667100844067031e-5
3.493040446724948e-5
2.588938201446029e-5
2.52039234878796e-5
2.759088082671026e-5
1.959515803006979e-5
2.3786187414460286e-5
2.614178330130005e-5
2.537572052097037e-5
2.4859378746770397e-5
2.860668606608982e-5
2.511266316504012e-5
2.8385158180019993e-5
1.966644407820975e-5
2.705423141518941e-5
3.2086290578660706e-5
2.4113432991209813e-5
2.550737236925015e-5
2.359104640984027e-5
1.4489498290560197e-5
2.6104733984550106e-5
3.438725949128987e-5
2.5322655482949534e-5
2.483624171863933e-5
1.9284707647980633e-5
2.6050871759330206e-5
2.865514790615937e-5
1.840015435069977e-5
3.1131191300650014e-5
1.524546212695009e-5
3.0206133553310408e-5
3.515259219416967e-5
2.9714151480740407e-5
2.7318639723169537e-5
2.610493018212999e-5
2.2100956287809947e-5
3.176996584539939e-5
2.1959186092019613e-5
2.8718527704509923e-5
1.905867745271954e-5
2.6743926766810075e-5
3.43348628632301e-5
1.8205845870270833e-5
2.4613162664180455e-5
1.9326172812289717e-5
2.737456433568944e-5
3.3841888885629764e-5
1.9406602564450183e-5
2.6609235438910042e-5
2.1735778615359844e-5
1.7960326657510094e-5
2.5157435943549966e-5
2.1177930739690008e-5
3.276356887946946e-5
2.0466404675660403e-5
2.811617107056994e-5
3.217296263479958e-5
2.3744441148990623e-5
2.292269839641002e-5
2.7807449072190377e-5
2.554852220874003e-5
1.9242340871159468e-5
3.0541020735679915e-5
3.302262183210985e-5
2.2502647462310094e-5
2.7884048087309897e-5
2.6927182781120475e-5
2.6218735809629967e-5
3.195980087322952e-5
2.163866755095032e-5
2.244449419985979e-5
1.7591480496060435e-5
2.3390059973230244e-5
2.1873134626560278e-5
2.019426991265935e-5
2.75236717273801e-5
2.261579491976036e-5
3.6512287266780505e-5
2.437966530997003e-5
2.7262558472960705e-5
2.6300168725249852e-5
2.8550544609399695e-5
3.294293045290938e-5
3.1429649556520035e-5
2.2168880325270507e-5
2.5730484603379844e-5
3.056669720619999e-5
2.61273805986003e-5
2.598556148258012e-5
3.687803713990981e-5
3.095293698842944e-5
3.066374470951996e-5
2.8160553665440048e-5
2.4920490245860724e-5
2.9085168933660338e-5
2.366474822174027e-5
2.154285353393997e-5
1.392446520454959e-5
3.018428646592991e-5
2.3156680515219567e-5
3.607796793660915e-5
1.8452388677070095e-5
2.913396367482026e-5
2.8217719972360028e-5
2.8816092125279712e-5
1.9176368205480084e-5
2.6226046639150728e-5
2.511828608208009e-5
2.773416303318999e-5
2.50941425816607e-5
2.6893901081160264e-5
3.091129143675993e-5
2.0800125661329938e-5
2.7542791589170272e-5
2.3002451006719216e-5
2.624147135726028e-5
1.7737299794359784e-5
3.0146531259250126e-5
2.4385093990989502e-5
2.4967838857670697e-5
2.5586231770870042e-5
2.6637525162789485e-5
2.9445181942540366e-5
2.677378465064991e-5
2.4665133205450246e-5
2.615196414495948e-5
2.835547910405925e-5
1.9462531831459552e-5
2.5980722039569727e-5
1.650901032466002e-5
3.0053249744559606e-5
2.188588914401983e-5
2.8764631589340423e-5
2.5676808026749327e-5
2.3769492910759825e-5
3.43422544722893e-5
2.7647077112830445e-5
3.0378173590570046e-5
3.0154529381810208e-5
2.203362391317923e-5
3.1321971324170354e-5
3.383710083253947e-5
3.441997949982928e-5
2.183954248663987e-5
3.0617161795049724e-5
3.052292056562964e-5
2.8339076681590386e-5
2.4025649849760376e-5
2.966830095068977e-5
3.2040275903419575e-5
2.0402145867950625e-5
1.8875282928580532e-5
2.994013178931991e-5
2.2111703764590013e-5
2.7245518795780167e-5
2.7234144467790274e-5
1.790972931033953e-5
3.0347240961490357e-5
2.478248869306008e-5
3.295302928567941e-5
3.487398090173e-5
3.213176044019033e-5
2.8113243427730847e-5
2.4865729927120266e-5
2.1085580643430586e-5
1.54427480398003e-5
2.4926594490349945e-5
2.1459352436780862e-5
2.5092970900309798e-5
3.0779124614649205e-5
2.9357726891309985e-5
2.4076213057990133e-5
3.0859303398590374e-5
2.25263701683397e-5
2.29443065960901e-5
2.624835460202958e-5
2.3346092232470403e-5
2.741746579524966e-5
2.8312840294579533e-5
3.095221988178975e-5
2.8899233789470187e-5
2.1049441281460572e-5
2.8475391936230027e-5
2.510438140609049e-5
3.17337779796199e-5
2.2074723317089782e-5
2.013014857525034e-5
2.2673852180949902e-5
2.1834562088480017e-5
2.7148725428759873e-5
2.4058158768609783e-5
2.6025856141640054e-5
3.051927473717974e-5
3.220907008235057e-5
2.4291879481859804e-5
2.9115619887779692e-5
2.3433642862310047e-5
1.271761309904005e-5
2.1592307382830092e-5
2.7386850275139263e-5
3.044100008856021e-5
1.6089917043299318e-5
2.995637977318017e-5
2.6238358742459826e-5
2.6249298374480395e-5
2.5193904567110195e-5
3.185165544975985e-5
2.2762097651159684e-5
2.7063713768149533e-5
3.080891428580007e-5
2.4129831156720176e-5
2.3970908706039996e-5
2.1667112037650378e-5
1.4444420587569722e-5
2.474257032075971e-5
2.692196065468954e-5
3.226659273319974e-5
2.0115512285020197e-5
2.6007829186529968e-5
2.8409423032099874e-5
1.854961189268981e-5
2.62843321290002e-5
1.8839718360250286e-5
2.325221440204958e-5
2.8105559362879423e-5
1.9174763794430755e-5
2.1068164826299265e-5
3.3071767452339494e-5
2.5005287395600193e-5
1.748608362263978e-5
2.3748832871289816e-5
2.525203094379952e-5
2.8939067079030226e-5
2.3538478976590192e-5
2.2459597118210627e-5
2.7460236713569737e-5
1.6640008517880035e-5
2.3756535707150292e-5
2.944763291972026e-5
1.583913647610919e-5
3.153962292831974e-5
2.1417712086399532e-5
3.296459137402952e-5
2.3376906080170394e-5
3.1252280728500184e-5
2.185196699432991e-5
2.793365660279986e-5
2.310134369576996e-5
2.848785580270973e-5
2.8864268505860748e-5
2.723940098902939e-5
1.677888680629968e-5
2.6149605330649806e-5
2.5700133610849843e-5
2.9747009294880077e-5
3.285619111262957e-5
1.840132895259989e-5
2.661237481878069e-5
3.4234219169160425e-5
2.1919268424729944e-5
2.6527512603289824e-5
2.958583173560958e-5
3.233589877931972e-5
2.361768443517008e-5
2.1710398665319812e-5
2.843885378401006e-5
2.6413184056919316e-5
2.186316474611042e-5
2.2740913330709933e-5
2.514287329742019e-5
2.3725396778540193e-5
3.0228683566579408e-5
3.0842123588860175e-5
2.986496887168958e-5
1.7694457158459916e-5
3.0446257369360144e-5
3.3744214608960425e-5
2.8859410677119918e-5
2.163731838461004e-5
3.0037682387740183e-5
2.4224344424569368e-5
1.7745439014740794e-5
2.8384259525109957e-5
2.4741741939530645e-5
1.7904960998479588e-5
2.5823241500049464e-5
2.167168083963035e-5
2.9578379156320646e-5
2.3640029580320084e-5
3.5177543137690157e-5
2.7297584133160156e-5
3.102926076711983e-5
3.4886346380169804e-5
3.0532250491600334e-5
2.0998518832420106e-5
2.374975116699058e-5
1.9612770762830745e-5
2.601535399146017e-5
3.2944534171249797e-5
3.282939599561028e-5
3.055072438162918e-5
2.5524250274290734e-5
2.88875721572001e-5
2.6179930568780325e-5
2.6655014052749844e-5
2.4568882206619375e-5
2.9632355684310052e-5
3.574520731070962e-5
1.749141032927979e-5
3.252109497040023e-5
3.75005473080706e-5
3.5121915177140604e-5
3.275246871383992e-5
2.6415216995490272e-5
1.648690966496013e-5
3.0267766099380602e-5
2.6187218304689862e-5
3.238746686298061e-5
1.9665588883800537e-5
3.6274365286009976e-5
2.7375836904209618e-5
2.637216914362986e-5
2.9492352975569666e-5
1.917340109112986e-5
2.254342429203974e-5
2.259073935213015e-5
2.2359546581109807e-5
3.434207371103004e-5
2.7044643289099446e-5
2.6232412028880797e-5
2.4946404339829496e-5
3.1843034704320296e-5
2.3260550558749406e-5
2.4787194251220217e-5
2.2505258825940636e-5
2.4384542009679884e-5
1.946006375190025e-5
2.645994705896028e-5
3.314278247062985e-5
3.224774542054994e-5
2.7099300038409962e-5
2.4164270171230136e-5
2.6725885897730187e-5
2.9929628535099555e-5
2.1681942016539384e-5
1.3135804964090232e-5
2.3434772974310555e-5
3.1415244243889785e-5
3.561805192799951e-5
2.4819354753890036e-5
3.353761633616021e-5
3.3118114275549476e-5
2.349339255044991e-5
2.5791818348699404e-5
3.613767830007008e-5
3.18758483000307e-5
1.6268041691519866e-5
2.637923175988037e-5
3.162480000899054e-5
2.866788856729051e-5
2.7523710450600043e-5
2.7937582505470522e-5
3.3596827970390486e-5
2.814186028623957e-5
3.1185130406100395e-5
2.8398343254259877e-5
2.980249225072e-5
2.3021751258329656e-5
2.0227213141670378e-5
2.3161861197010247e-5
1.7994044565399457e-5
2.5720968461670143e-5
2.6162943726139483e-5
2.273385360011034e-5
3.2012538236210475e-5
2.3579057207509697e-5
1.7128753652049557e-5
2.8994918779510007e-5
2.733122670183028e-5
2.2237546469160326e-5
2.342640646743003e-5
2.79369668948707e-5
1.961429261288037e-5
1.9187881958070314e-5
2.9530268885119733e-5
3.481342743441064e-5
1.706239406182048e-5
3.273241275946002e-5
2.339532791185029e-5
2.9982991275600245e-5
2.8555329715250315e-5
2.941067937937015e-5
3.1483619316089416e-5
2.190492834922963e-5
2.6418902988849767e-5
2.3680039285100228e-5
3.05960060068694e-5
2.3705557609219816e-5
2.55937115318898e-5
2.4185947034339322e-5
2.019619508793983e-5
2.5330435997369775e-5
2.7308291334409915e-5
3.4147473809469954e-5
2.9590219134930165e-5
2.8859120116729933e-5
2.4695874425089553e-5
2.518994215228946e-5
2.0123000309759526e-5
2.7361206658749193e-5
3.430208747330979e-5
2.473599707018999e-5
2.274768833706014e-5
1.8349692128030205e-5
1.8368301449270437e-5
3.285826416985025e-5
2.323684277585024e-5
3.176128823418039e-5
2.2581348203089442e-5
3.063396464291976e-5
2.3235808281029703e-5
2.6001921820490055e-5
3.0606485935500034e-5
2.6737282068590475e-5
2.8303741659030553e-5
2.2196622254659626e-5
2.9524879369200244e-5
2.1504017442660478e-5
2.8656565964200152e-5
3.162748146373021e-5
2.2794877156279494e-5
2.4163842360320174e-5
2.6229489272330125e-5
2.7933288836700168e-5
2.434127785677989e-5
2.1460535576400125e-5
3.385962332074985e-5
3.0697229732009994e-5
2.5999987434460227e-5
2.1612033952080577e-5
3.421058125486001e-5
2.8502369078959797e-5
2.8865481274840607e-5
2.525483877650024e-5
3.19176852356896e-5
3.2366739628500625e-5
2.8344566354089953e-5
3.021149998991019e-5
3.072028982272976e-5
3.0072666871210074e-5
3.635627139178012e-5
1.9939958441449537e-5
2.3885807213050274e-5
2.7459324772989395e-5
3.078739036516988e-5
2.8983737769660255e-5
2.2126346419609928e-5
2.8127305855120063e-5
2.312783186377964e-5
2.223289771547971e-5
2.2857335723670477e-5
2.5852334952179527e-5
3.59575814085503e-5
2.5324091366880387e-5
2.354270164671001e-5
2.2124087788439814e-5
2.5786285308130284e-5
2.28611332520395e-5
2.5339776292369887e-5
2.9054380138380555e-5
2.01132007212404e-5
2.6331356417209212e-5
2.9210990584449537e-5
3.6843229119540126e-5
2.365163462338983e-5
2.468302100702962e-5
1.9272607268589446e-5
2.2600950084850427e-5
1.8614929360350092e-5
3.176216360007995e-5
2.6156543200940227e-5
2.8695544783290117e-5
2.6226776313280006e-5
3.079056361940998e-5
3.08725192935894e-5
2.2419769743740187e-5
2.7786620332950068e-5
2.4091469372150044e-5
3.430197704369989e-5
1.5536976265040185e-5
2.7634227988579743e-5
3.354453607695013e-5
2.167729052547033e-5
3.0292413137520194e-5
2.24157482239095e-5
2.1456575767829673e-5
3.457206949106055e-5
3.593867981272012e-5
2.588694510731026e-5
2.7498992980790407e-5
2.2253858801999857e-5
2.786824075292054e-5
1.774550560361063e-5
2.077768097445004e-5
1.731252921232003e-5
3.117180511054071e-5
2.6438918548379875e-5
3.0728917317560285e-5
1.5838916645950774e-5
1.7048440004499392e-5
2.8077370878719712e-5
2.799368369147976e-5
3.5259545586480666e-5
2.4728340988029382e-5
2.691400344985006e-5
3.483503195934965e-5
2.1994130861720772e-5
2.8409027826550165e-5
2.281265990628032e-5
3.5056237757949936e-5
3.677052410656998e-5
2.81423634993401e-5
2.1691067319739958e-5
2.2835290418139753e-5
3.2737004265980495e-5
2.536904169270996e-5
2.1585865885020115e-5
3.628879793915029e-5
2.455262953339997e-5
2.8219315923909763e-5
2.3411342550899196e-5
1.9346873179789704e-5
2.981183421545998e-5
2.3596953874889526e-5
2.8700107803939813e-5
2.7325838792219628e-5
3.081393359203981e-5
2.84935735968099e-5
2.6520784199449664e-5
3.02152967776902e-5
2.1318990390119946e-5
2.5800406110750365e-5
2.703326414274943e-5
2.9064072861400593e-5
2.7476637993019762e-5
2.2168812137270122e-5
2.267473655873011e-5
3.208658158238009e-5
2.3282460929280324e-5
3.523001036852009e-5
2.464757044770994e-5
2.0781126470060217e-5
2.2523762130939942e-5
3.0170618682870062e-5
2.4547328773139553e-5
2.3374565969229433e-5
2.3159373427470396e-5
2.7954984059760067e-5
1.701634805136975e-5
2.332984177889994e-5
2.2148794847349877e-5
2.7886064963639906e-5
2.40902772275604e-5
2.308673726751035e-5
2.509775747247013e-5
2.1480481373809673e-5
2.78699307948594e-5
2.5973866744650326e-5
2.7990210378599396e-5
3.344200808932073e-5
3.6450225589779867e-5
2.593957491772974e-5
2.754632295734992e-5
2.5869716267450278e-5
3.011207570314048e-5
2.1012255725040042e-5
2.6624499495960484e-5
3.324164437396981e-5
1.698179552897961e-5
2.6840565689060028e-5
2.4216628446570472e-5
2.5290934123260375e-5
3.346414892105992e-5
2.8467197936750226e-5
3.146616331430995e-5
2.2243281922339556e-5
2.4869650197799527e-5
2.5416393009679815e-5
2.6017797377639318e-5
3.064923243114963e-5
3.622306202182013e-5
3.006208345492957e-5
3.0311833073060068e-5
2.7646520812320448e-5
3.170191955315007e-5
2.948477964882963e-5
2.698750806265967e-5
3.3258311601459464e-5
2.8669912037249806e-5
2.4725976526799275e-5
2.8864568056829847e-5
3.534970140680986e-5
2.1382704558569818e-5
2.3885478662009733e-5
1.9444766317309493e-5
2.5620154071049825e-5
3.258270558012012e-5
3.1355634223560226e-5
2.2516024770180033e-5
3.4415836731489964e-5
2.1630356682659883e-5
2.7321935793489863e-5
2.9613948299399458e-5
2.6189599202970475e-5
2.0660986361649945e-5
2.0116712335370088e-5
2.5776411011700293e-5
2.7280221025860127e-5
3.0998547407350314e-5
2.0428649800730003e-5
3.533752879940951e-5
2.5426808041800406e-5
2.6696050840270026e-5
2.9997670122999982e-5
2.7702733226850004e-5
1.8230363378570445e-5
1.82542259198901e-5
1.9874470194069897e-5
1.4996984573240404e-5
2.7762088789139855e-5
2.5449342253710053e-5
2.287646584723038e-5
2.1236362680469856e-5
2.6001988594279678e-5
2.0042490378260197e-5
3.109600235765963e-5
1.7684271785329934e-5
2.9905710811250347e-5
2.4757652067229456e-5
2.9229971280610167e-5
2.6953778316679902e-5
2.9379961983030077e-5
3.2592934908010074e-5
2.509716755315014e-5
2.8455351264050112e-5
3.2975445427700124e-5
2.0779159444730272e-5
3.460597275158073e-5
2.4814781186009716e-5
2.792987881960942e-5
2.604896068547982e-5
2.6657526622370087e-5
2.6350541590779673e-5
2.5896204386599737e-5
2.8675051038840396e-5
2.7762002755869937e-5
2.8294015497289972e-5
2.2685348000969774e-5
2.438519635455938e-5
2.3504594535779695e-5
2.4379712204149542e-5
2.585175373398009e-5
2.946866897314028e-5
2.1008693454159857e-5
2.5205200938120675e-5
3.69206512391999e-5
2.5723488772379406e-5
2.1771111854930122e-5
3.166184016312017e-5
2.681448957995037e-5
3.0606182306869983e-5
1.3802216034930655e-5
3.333283302634979e-5
2.8314951192180346e-5
2.1589235205210153e-5
2.6361825453139788e-5
2.3892240872890394e-5
2.4209534666500172e-5
2.4204292817030064e-5
2.601205875822979e-5
3.4499777700310735e-5
2.0987904420500386e-5
1.6701848151290562e-5
2.950009743539917e-5
3.059716662618013e-5
2.490822387054073e-5
2.426018384414988e-5
2.925142936799005e-5
2.7393925590969877e-5
2.6793913403119415e-5
3.6857022167349936e-5
2.2483596739630157e-5
2.7219905459049953e-5
2.7360391552900057e-5
2.9914680428389656e-5
2.1726823998840204e-5
3.585336666827015e-5
3.222710245833968e-5
2.3677314545000015e-5
2.4115758355849372e-5
2.5965975815779932e-5
2.393767119835983e-5
2.1098836594290148e-5
2.3114423790509923e-5
2.5654858950600705e-5
2.452379492812011e-5
2.907662440477035e-5
2.4781322153460787e-5
2.707724457764061e-5
2.3249737277490287e-5
2.4599625342180097e-5
2.2511846741500065e-5
3.57380905038401e-5
2.0079447456139952e-5
2.4617160734119806e-5
3.105167240553038e-5
2.233310085945992e-5
1.8595421248089952e-5
3.033485133690974e-5
2.072644557673045e-5
1.689597700790975e-5
2.4089079176190485e-5
2.7206079124630564e-5
2.0843288312779457e-5
2.4257141522500067e-5
2.940816554634039e-5
2.8639882464730204e-5
3.557740076009022e-5
2.2475574282069914e-5
2.60706810964002e-5
3.224879919470989e-5
2.0470027792780093e-5
2.9045115695339706e-5
3.0874011444150494e-5
1.6773518359809378e-5
1.6436018815010195e-5
2.5744240260239942e-5
3.3190700648309986e-5
3.221676497346983e-5
2.7610319799929554e-5
2.4983619189279833e-5
2.2974519255349914e-5
2.6464205633390005e-5
2.7939487403000167e-5
1.9842359313190262e-5
3.236440442587994e-5
3.254570451387013e-5
3.314223497100956e-5
3.163490855797018e-5
3.385790572114043e-5
2.2161894603260103e-5
2.139304489769036e-5
2.6632225271920433e-5
2.1829815021150514e-5
2.632608294845032e-5
2.6942362124519892e-5
3.286727818811036e-5
2.133014845161988e-5
2.2210513448840674e-5
3.490616470154008e-5
2.6888273210569705e-5
2.5357616876660154e-5
2.4275199282999642e-5
2.795041420922996e-5
3.685372805853956e-5
2.2759073898979618e-5
3.4387434384209464e-5
3.367491874477994e-5
2.1786439426730447e-5
3.331136880567031e-5
1.80550541165796e-5
2.5888085083250294e-5
3.197012183019966e-5
2.9217013149600117e-5
2.4406223935500605e-5
2.6704240849060104e-5
2.1308447146300286e-5
3.404329603584003e-5
2.589815535188056e-5
3.4629924494029504e-5
3.4709562205179935e-5
1.707065931746011e-5
2.8656156468469425e-5
2.6924931260019838e-5
3.6515996166310016e-5
2.077744698136038e-5
1.525467476445018e-5
3.207006780140027e-5
2.599466992839975e-5
2.6585255444130235e-5
3.293907365294925e-5
1.8568609374499702e-5
2.4656858988599505e-5
2.8502796448470237e-5
2.1825737448490784e-5
2.830661950538934e-5
2.126116361912938e-5
2.99036681627304e-5
2.006243069455939e-5
1.7415055599340028e-5
2.0004866638840234e-5
3.022954725158053e-5
1.9876681107560377e-5
2.4082564940960255e-5
2.6734719865040453e-5
2.3947151236699236e-5
2.7492174677799623e-5
2.676203590754999e-5
2.9436202325599722e-5
2.495483023871002e-5
3.2614112789780374e-5
2.3633900915650576e-5
1.9000424242690377e-5
2.6399383391040136e-5
3.0333819155570207e-5
2.8019179272059658e-5
2.3239613092800038e-5
2.7121877550990818e-5
3.378118452028976e-5
3.617717658133037e-5
2.3238650081879898e-5
2.9322153731110336e-5
2.738065120949998e-5
2.2052556333009878e-5
3.0499873295940574e-5
1.993393835310938e-5
2.40845446417403e-5
2.26070669987e-5
2.429781923503002e-5
2.3724008132999623e-5
2.0492787650700298e-5
2.5496173717089177e-5
2.503728399050071e-5
3.306260280737036e-5
2.7206691104399508e-5
2.054528624385963e-5
2.6500457729059998e-5
3.253273270736011e-5
2.2828176693679564e-5
2.9030325085319976e-5
2.1619097294240004e-5
3.172338070376018e-5
2.4247646015699946e-5
1.9678227875679667e-5
2.9961133615899818e-5
2.3722802238980434e-5
3.4386271819930245e-5
2.774052536460951e-5
3.3510688191610086e-5
2.117664434749065e-5
1.9576042476210365e-5
3.5109761807829674e-5
2.7056294680550055e-5
2.7383736679509676e-5
3.1696789710599325e-5
2.6329618271190604e-5
2.980671125134976e-5
1.848577476116966e-5
2.6862239562120034e-5
2.3571084038599872e-5
2.1789065509180035e-5
2.9951898555089992e-5
2.698980486934982e-5
1.7130190563219468e-5
3.1468510784119635e-5
2.544550986246976e-5
2.4045921248799784e-5
1.752806043666018e-5
2.9369722677660345e-5
2.5685360717630362e-5
2.015218313513971e-5
2.484131139133053e-5
2.7909913461370353e-5
3.543983612720996e-5
2.331407870945993e-5
3.554046164805976e-5
3.169063049702006e-5
3.162686895391998e-5
2.4755950708900062e-5
2.4425673507219407e-5
2.257177375022002e-5
2.8322958727939815e-5
2.9284236923389842e-5
1.8883188156610005e-5
3.127603582802046e-5
2.8295869414060072e-5
3.097957858032036e-5
2.4629384024050377e-5
3.162573405595011e-5
3.382985749595009e-5
3.8425287089330525e-5
2.619199140872948e-5
3.134924856264005e-5
3.110582238901021e-5
2.1880793037139593e-5
3.0677303251260696e-5
3.0879060406460365e-5
2.9259774943539256e-5
2.6745395619520544e-5
3.5863271347609874e-5
3.169722835043992e-5
2.0718845143620317e-5
3.172658070072984e-5
2.800070982381976e-5
3.1647289357029755e-5
1.5538708968679607e-5
2.2196499151510424e-5
2.5521299575790093e-5
2.4791014956670153e-5
3.046715509306963e-5
3.516205035726961e-5
3.064547741585006e-5
2.0902147473590357e-5
2.6145093864929705e-5
2.4218645512280243e-5
1.3980496142929934e-5
2.093693175114937e-5
2.1638674541450513e-5
2.8475527657520136e-5
2.676485332769006e-5
2.8760685279340288e-5
2.9961478133199923e-5
2.038716917865998e-5
2.7865495551919993e-5
2.7577921102909207e-5
3.056942078846943e-5
3.2662887340380135e-5
2.0167429496140664e-5
2.2643147094570173e-5
2.4581900360580444e-5
3.5198087861130004e-5
1.9419185784149903e-5
2.9908765283840136e-5
1.7191629966040005e-5
2.443299973772968e-5
2.0646361982490022e-5
3.17643692161005e-5
3.2943497119329763e-5
2.503384164422029e-5
2.4450593140389748e-5
2.4836037172319345e-5
2.6149589103970083e-5
2.7106607767209655e-5
3.052144073221064e-5
3.0343916412750756e-5
2.4065792197010445e-5
1.6143607501710108e-5
2.5694698805220004e-5
2.657156864470031e-5
3.58333733657297e-5
2.282387954385002e-5
2.4627985923949408e-5
3.373911857589007e-5
3.4126506028159254e-5
2.6722700232529803e-5
3.18736438541696e-5
2.0809954350470283e-5
2.9271719057819348e-5
2.6713645618400145e-5
2.376095718857e-5
2.295688127878972e-5
2.94238806726908e-5
2.289527787028081e-5
1.8901908796040146e-5
3.428660562509057e-5
2.0040732774539646e-5
2.6036247836179645e-5
2.0812121341510018e-5
3.482816836596937e-5
3.300344248542003e-5
3.0525793245190017e-5
2.2396127785849658e-5
2.265122998001967e-5
2.667369368555047e-5
1.6336655512770408e-5
2.767550342172055e-5
2.6157285070509476e-5
2.4473008644579526e-5
3.557569863811994e-5
3.764394754107985e-5
1.67026608436302e-5
2.713147294102023e-5
2.4875155269249438e-5
2.9814312891740698e-5
2.357487351549014e-5
1.4283787473009894e-5
2.8278700076389725e-5
2.5565858906969816e-5
1.586086657233074e-5
2.2920003849389615e-5
3.282581155577939e-5
3.4104628832359526e-5
2.1715896530740547e-5
2.547721230212064e-5
2.5255921631229736e-5
3.009399368664005e-5
2.890206600949033e-5
2.3447208453129982e-5
2.6332568901729983e-5
2.6613861335079633e-5
2.0100989850219478e-5
3.067963752126975e-5
2.257362141995945e-5
2.6283238292500524e-5
2.1559202505699697e-5
3.424456053281993e-5
2.0369506333549857e-5
2.5363083972090167e-5
2.4217538071320127e-5
2.4118203473140302e-5
2.0290439122180523e-5
2.3857305962649705e-5
2.0520569290380028e-5
2.3728086662929207e-5
3.3029724381839626e-5
2.1652052679760336e-5
2.3315268966520378e-5
2.834438463445929e-5
2.9283571031220312e-5
3.3375571421260554e-5
1.4758437927610106e-5
2.1335315663730328e-5
2.843161844142024e-5
2.7338995631029893e-5
2.9319051995880564e-5
2.751820076058939e-5
2.915114455603971e-5
2.5007461705699348e-5
2.9162315894190258e-5
3.357452313939007e-5
2.3751968738559663e-5
1.7864545182990146e-5
2.551559459764048e-5
2.2986521687189988e-5
3.4343369540090415e-5
2.7460141950320406e-5
2.550817773945991e-5
2.056299416557019e-5
2.705268112027006e-5
3.187147790508025e-5
3.0465471295339913e-5
1.5316786488360143e-5
2.4993900182550093e-5
2.1322480044010453e-5
2.574063737501974e-5
2.659648127658048e-5
2.9911465236679563e-5
2.86431086158603e-5
2.1296557463149936e-5
2.2938832256630057e-5
2.9936971432139962e-5
3.278625897302004e-5
2.725068709723017e-5
2.6806218047110628e-5
2.6193434567559765e-5
3.6985866564150094e-5
2.447220072111008e-5
2.4604232493070054e-5
2.348387158486974e-5
2.6942244091250102e-5
2.361719373017001e-5
3.555785929700971e-5
2.652677924378996e-5
2.5233321047390435e-5
3.196185026381991e-5
2.7885676544239964e-5
2.946853818126989e-5
3.377034843592922e-5
2.426299051751929e-5
1.791568295922072e-5
2.7163519828960446e-5
2.9044628452819937e-5
2.20099339355807e-5
2.1508304696660208e-5
2.324812197340969e-5
2.733943833068981e-5
1.4604006189850374e-5
2.814743114151058e-5
3.0374995632660197e-5
2.221850561319027e-5
3.705929078272937e-5
1.9872128064310664e-5
3.1702767618230036e-5
2.4950705773690504e-5
2.040507544891993e-5
2.630810095444972e-5
3.676735839712973e-5
2.553955118810968e-5
2.788701195244065e-5
2.3502354663640368e-5
2.903420335390993e-5
2.164293951188983e-5
2.5783768648080657e-5
2.2453646222719836e-5
2.0898270113189725e-5
2.7450155408770098e-5
2.6268431358440585e-5
2.1025661085329744e-5
2.577804948639996e-5
2.4314270480160077e-5
3.0364388976890366e-5
2.5424195087040725e-5
3.122494643278007e-5
1.409917066905967e-5
2.712993807695973e-5
3.199212985310982e-5
1.665883951567932e-5
2.7038625270319958e-5
2.5191495347750593e-5
3.03756051860506e-5
1.5208859787839944e-5
3.108320847904078e-5
3.020331170363981e-5
3.08852148965897e-5
1.8788791992730564e-5
2.3325719828659608e-5
2.151709026453931e-5
2.153488549354928e-5
2.1117441264810466e-5
2.9397877813100437e-5
2.772884378639956e-5
2.699387287978007e-5
2.9776210339379182e-5
3.2897868912229976e-5
2.3542104882689867e-5
2.8391825607040205e-5
2.3475063318639626e-5
2.1918804085620247e-5
2.8563236269650225e-5
3.396871160954006e-5
2.0395940952380558e-5
2.823710406893009e-5
3.3429939746039417e-5
3.326548655561024e-5
3.6352234912720265e-5
2.0291905040099693e-5
2.906385415959046e-5
2.670183322796022e-5
2.300248190945011e-5
2.37099119639499e-5
1.9066738218010033e-5
1.8601081117660366e-5
2.6899890849419773e-5
2.686847970779973e-5
3.502036202725992e-5
2.7244823902990156e-5
3.405421601249993e-5
3.008620221916971e-5
3.0059148408640227e-5
2.4839380255290387e-5
2.682994974723997e-5
2.2473523754899978e-5
2.753625149795949e-5
2.6286628648400194e-5
2.765764282915053e-5
2.490810184461057e-5
1.8440951730369637e-5
2.477703209026027e-5
2.1841352372259717e-5
3.628976132559036e-5
2.7418813356999347e-5
2.088996002783984e-5
2.5354550573080184e-5
2.9358526547040506e-5
3.122781901756036e-5
3.431286249057017e-5
3.653841207535997e-5
3.1661091513939324e-5
2.644284033685978e-5
3.0180877243479558e-5
2.004994072562008e-5
1.8643488852589964e-5
2.8922198028300157e-5
3.722844253447981e-5
2.5989086767420205e-5
3.270130461961989e-5
2.603624779598003e-5
2.3532353690540117e-5
2.3225754640809892e-5
3.40517738713908e-5
3.409053505833929e-5
2.7817544334709544e-5
2.560610183696948e-5
3.317485878779995e-5
3.407338468923004e-5
2.2478992217509798e-5
2.446081966172957e-5
1.9071293223740272e-5
2.4931629362379658e-5
2.7263517057480625e-5
2.7869336239880367e-5
1.980685408542026e-5
2.3387308655780335e-5
3.009029108212019e-5
2.7707346901589998e-5
2.6132354652049807e-5
3.169396359528967e-5
2.3480741693529712e-5
3.468939517466043e-5
2.9772604357000167e-5
2.0037432924559576e-5
2.9966763023249812e-5
2.1469304412170473e-5
3.0027042408960203e-5
2.72475410080103e-5
2.530708646945011e-5
2.1968414628929962e-5
3.3779464383830275e-5
2.569753826649028e-5
2.5755574789120515e-5
2.980686460864017e-5
2.6767172013119483e-5
2.86746090144294e-5
2.4693228184400305e-5
3.475171113846015e-5
3.587249065592057e-5
2.2359220287350434e-5
2.2068161216809955e-5
2.124974638562007e-5
2.3592105296310097e-5
2.9086472949209526e-5
3.744585657571974e-5
1.7987276618750166e-5
2.9661873646420235e-5
3.1088246763059935e-5
2.9844838118480224e-5
3.092519447460071e-5
2.7696193571180583e-5
2.721475266023992e-5
3.075183024370005e-5
3.175804720251946e-5
1.8829776876370247e-5
2.8944098211919865e-5
2.6073546319210078e-5
2.4004691796569895e-5
3.475547146883015e-5
3.545942020218972e-5
2.5799117733000393e-5
2.308896039378023e-5
3.5380793943909535e-5
2.1090418376120725e-5
2.5829432057650724e-5
2.1620348963150016e-5
3.279297343566998e-5
2.8833057408960208e-5
2.341874367456972e-5
2.3290495651289572e-5
3.110825928260945e-5
2.1375240273089312e-5
1.4407509468140553e-5
2.805521760745021e-5
3.1608471839640086e-5
1.9433630860909643e-5
3.044523310271989e-5
2.2014228553619494e-5
2.4770631880349607e-5
1.839458822384954e-5
4.06337363972201e-5
1.8432075296320044e-5
3.6356606547049974e-5
2.347095389973984e-5
3.4966634631100266e-5
2.9665169560350035e-5
2.9881829385809862e-5
2.6667479188960397e-5
2.5375470284440087e-5
2.7523991723219822e-5
3.35763798002698e-5
1.9071245597129284e-5
2.3241665009060206e-5
2.5546677854730235e-5
2.9598562600240304e-5
2.7732970659249956e-5
2.2168745039020422e-5
2.601899395525062e-5
2.9817698450989444e-5
2.6566026335650243e-5
2.6545993242690566e-5
2.3184262872249888e-5
2.5836522407329636e-5
2.038635892561043e-5
2.503955301482938e-5
2.3902159426019386e-5
2.3380407610449662e-5
3.2263094188070794e-5
2.8637230064609484e-5
2.6317328782339555e-5
1.7070794488459502e-5
2.7611945205419444e-5
2.007253502444e-5
3.6698552075119933e-5
2.9289075849269625e-5
1.4771310425599517e-5
3.3834605891460215e-5
1.4011703768439764e-5
1.9750633306329923e-5
2.285179026948001e-5
3.349531206175982e-5
3.1618953551640176e-5
2.5625480761439813e-5
1.75082396458694e-5
3.424835551115932e-5
2.760004831453989e-5
2.783782144375e-5
2.819060777890965e-5
1.8875681170399394e-5
2.628378303203959e-5
2.498092230029947e-5
2.0059223289219802e-5
2.6048692219390185e-5
2.4418955162600064e-5
2.4679875071619874e-5
2.0453383122809657e-5
2.2238760423280712e-5
3.6821094054669684e-5
2.407461208614979e-5
1.6780126076679572e-5
2.850675435597024e-5
2.7065205728009877e-5
3.37081859486197e-5
3.380946609489975e-5
2.410502448804957e-5
2.5295769637660726e-5
3.0096526716579496e-5
2.13888344799398e-5
2.6266230342679442e-5
2.5299567910200098e-5
1.9832182095749946e-5
2.629032665428955e-5
3.169933749273997e-5
2.5131030981619465e-5
2.5750207431530017e-5
2.7189012848519503e-5
3.0817991904650253e-5
2.8131905806709837e-5
2.52951057002496e-5
2.8404174377350336e-5
1.8189678222729766e-5
2.4764733462960542e-5
3.0051950117150443e-5
2.396930098224996e-5
1.796666767675016e-5
2.0356705959879984e-5
2.2048077537529555e-5
2.4448386279750205e-5
2.3248905855950165e-5
2.7000975250660725e-5
2.6645894261340813e-5
2.645741466855006e-5
3.0584910657290194e-5
2.024017027688063e-5
2.6217754638390225e-5
2.486605369622988e-5
3.5614067603159834e-5
3.166013756099057e-5
3.0089564400640444e-5
2.1877495646219387e-5
2.6559095427799995e-5
3.081881053204009e-5
2.8649825119980536e-5
2.3692057636989436e-5
2.858454051494e-5
2.6679592146579972e-5
2.183016912945049e-5
1.9564459815220314e-5
2.475042689286961e-5
2.863967933437045e-5
2.2643015672020247e-5
2.047047398521032e-5
2.60851286085495e-5
2.1516117429630326e-5
3.28448567774196e-5
2.5922498480509745e-5
2.555083906386965e-5
3.0341840610300687e-5
1.85128297882399e-5
3.321527010733023e-5
2.563516248852999e-5
2.6217966039269666e-5
1.7382497327030066e-5
2.12145785839701e-5
2.847592444678998e-5
1.781507049361964e-5
3.5064694734699905e-5
3.0362276725749877e-5
2.294922598560043e-5
2.5549572803269804e-5
2.962357907568009e-5
1.952057904015987e-5
2.469105513982009e-5
2.473303283515981e-5
3.0458922278710568e-5
3.6921120332289795e-5
2.7800659506520276e-5
1.9978200606270667e-5
3.242162233587937e-5
2.16932652959698e-5
2.6175017652659525e-5
2.795115196402992e-5
3.366402979282975e-5
2.6369949511620416e-5
1.993835617983969e-5
3.493456962939002e-5
2.3886544769570472e-5
1.8074063573270648e-5
3.082440262233005e-5
1.625233053038997e-5
2.3525873399619923e-5
2.4795941487469782e-5
2.8042040179500176e-5
3.181655370233013e-5
1.7411329619310308e-5
2.5145469582329473e-5
1.9455859646710406e-5
2.6802766284719955e-5
2.1337657739439915e-5
2.951870563125923e-5
2.4565210396790098e-5
1.8405007776780072e-5
2.6235466819470553e-5
3.5162301150679955e-5
2.1877204350599817e-5
3.179834292014062e-5
1.7169203897119713e-5
2.9048451528330618e-5
3.144709208832957e-5
2.806708350533947e-5
3.068634146858977e-5
2.8473740529930125e-5
3.70781340183696e-5
2.6256737423969653e-5
2.3020555718769944e-5
3.36867932537099e-5
2.456200779407062e-5
3.407074230894931e-5
2.857542797544011e-5
2.6729798697689225e-5
2.9319345226480088e-5
2.514903715796022e-5
3.298280199286012e-5
2.2897068822230054e-5
3.4902361458200026e-5
2.144490759994986e-5
2.7347684459950138e-5
2.4389942691299682e-5
2.448086989280049e-5
1.65423918287496e-5
2.922732914844e-5
2.9444975101440563e-5
2.9770369500199678e-5
2.6019181307299424e-5
2.02857479037798e-5
2.64615223742699e-5
2.0969180147630342e-5
2.6621444355120517e-5
3.284312773934022e-5
2.9107069879250394e-5
2.9309405870540234e-5
2.2511237003600137e-5
3.056265467415997e-5
2.931330682099005e-5
3.2430562118910405e-5
3.408086123431013e-5
2.803893686439008e-5
1.8269685401620453e-5
3.236664380782978e-5
2.2623973093950298e-5
2.3354092607999997e-5
2.2314376643690036e-5
3.0058905592090374e-5
2.5475970115009655e-5
3.404972076798043e-5
2.9452884703400073e-5
2.285843854704997e-5
2.0614992409650514e-5
2.9429304255170624e-5
3.542655399896028e-5
2.840975915092015e-5
2.189189942815046e-5
3.072681825856075e-5
2.8889682823269973e-5
2.974116260096981e-5
2.1399247999610502e-5
3.311889840152977e-5
2.6915269219509284e-5
2.916024227857944e-5
2.5649861254919797e-5
2.418421381737961e-5
1.9193286109369517e-5
3.302779494262012e-5
2.937391889987033e-5
1.6584027433650013e-5
2.3028267789070023e-5
1.6174227142339535e-5
2.9678304166269424e-5
2.7248491583120246e-5
1.853037706532005e-5
2.3882462350440295e-5
3.253209274773055e-5
3.147937534906959e-5
3.2433083422519875e-5
2.5467923039649426e-5
2.852722869700966e-5
2.6273388812740085e-5
3.3088997218619874e-5
2.188349601252044e-5
3.2165022540500514e-5
3.950331339289993e-5
2.5483069311619568e-5
2.3072607289729638e-5
1.5487903805469494e-5
2.1634000777890315e-5
2.3563916208239367e-5
2.2225180189480373e-5
2.1345557619160786e-5
1.944547851577983e-5
3.4072854205599926e-5
3.104927007605007e-5
2.7867033128590145e-5
3.11358800126893e-5
2.1263072083749224e-5
3.7647239064020344e-5
2.123284321779023e-5
2.812485710238996e-5
2.964632835544996e-5
2.210310464161036e-5
3.2573211036820114e-5
3.1052288160990024e-5
2.2016921631440138e-5
2.357555545834042e-5
2.615839420434026e-5
2.7166914645119535e-5
2.9176394851720446e-5
1.828209315015046e-5
1.9819270817610438e-5
2.10169280958402e-5
2.9295237765609647e-5
2.5655422918440147e-5
2.710556572235994e-5
2.7000601597560077e-5
2.3326780856579646e-5
2.1912857078000385e-5
2.785009037833009e-5
2.2841777157799927e-5
2.4704532668550286e-5
2.950716069655048e-5
2.748883371250961e-5
2.7978869832630086e-5
2.2057346743750705e-5
2.8494139091630143e-5
2.4530047402980017e-5
2.9978162509860552e-5
2.778358857340006e-5
2.3283276458800108e-5
2.92347260316796e-5
3.076983842109984e-5
3.548365568083016e-5
2.2366441294180243e-5
2.8400698430680084e-5
3.3364585906990596e-5
2.4643331368569277e-5
3.179055448856039e-5
2.7725968436359896e-5
2.69825531735296e-5
3.11482830150497e-5
2.7222885306679885e-5
2.5472208183540193e-5
1.8592654195690242e-5
2.276495860325991e-5
3.118585137347994e-5
2.925180016273999e-5
2.4983411478989893e-5
2.95611605249501e-5
2.2964228433519814e-5
2.338658770907956e-5
2.542735730227952e-5
2.6109294456089574e-5
1.75854320471798e-5
1.2964723808990032e-5
2.2858851994940477e-5
2.5743889338079688e-5
2.6793768536339385e-5
2.270464714259051e-5
2.0859673767760142e-5
2.8203073171150644e-5
1.218893136119975e-5
2.1300509339189887e-5
2.9359865712240245e-5
3.0097219532160442e-5
3.504231539916067e-5
3.1697106270509555e-5
2.742334551283053e-5
2.4041576743040298e-5
3.1712035576390504e-5
2.6700713479130105e-5
3.508824718263977e-5
2.8559431510739516e-5
2.1767294706800423e-5
1.4822636235699814e-5
3.448857940720022e-5
2.7547347644759496e-5
2.477344352999969e-5
3.6038445547549765e-5
2.3123120356669837e-5
2.4392458666200323e-5
2.234541474818979e-5
2.542895514843005e-5
2.8194185796489787e-5
2.5000491369049464e-5
1.7617852502370066e-5
2.774710654843051e-5
2.863228552987991e-5
2.7883824843870537e-5
3.732533135043011e-5
2.946370022203007e-5
3.350148115000961e-5
2.8259765478480178e-5
2.4835108435880028e-5
2.008029985716038e-5
3.0385428877430058e-5
2.0591204667869817e-5
2.8857830623020206e-5
2.1284624086599993e-5
2.9219924661779903e-5
3.6643184508429634e-5
1.701169932865048e-5
2.3052217016339763e-5
3.1822092490620124e-5
2.5489775607040466e-5
2.1432179324880514e-5
2.7048126574749816e-5
2.7950967049089788e-5
2.6022179515180176e-5
2.5367269265830217e-5
3.155706810072014e-5
2.4317559052300375e-5
2.149808788686012e-5
2.2481799436290147e-5
1.8176754878190295e-5
2.4912323209360515e-5
2.823590012758937e-5
2.0062100839860278e-5
3.1526637215529944e-5
1.999269704476992e-5
2.6252656397330633e-5
3.0324504500070168e-5
3.382759910242929e-5
1.9120437687789732e-5
1.945600830350995e-5
3.090745421070046e-5
3.197173826189996e-5
2.7860209407729215e-5
1.6911303137140052e-5
2.3117893879430126e-5
3.2610138312659694e-5
1.9577965955149858e-5
2.6105045072300284e-5
3.004234947989997e-5
2.157248035174978e-5
2.615436497886963e-5
2.2759926332780248e-5
2.5784445145940124e-5
2.2636579155990016e-5
2.2660350386979715e-5
1.8485015312810424e-5
2.390784488234994e-5
2.3569431262479915e-5
2.5794590914240273e-5
2.642043835802011e-5
1.9562353047750634e-5
2.2873730055259812e-5
2.3498026187900208e-5
3.4204914975870596e-5
3.041514770078975e-5
2.844377408105052e-5
1.5101131780750378e-5
2.05846746841893e-5
1.3539778783099553e-5
1.8577639288070054e-5
2.3754598132449782e-5
2.6997909600480832e-5
3.323201867355078e-5
3.5700767664740424e-5
2.7815694265229986e-5
1.6984425429490517e-5
1.8093270840819665e-5
2.5660260860740393e-5
3.1145269187090804e-5
3.399784351664024e-5
3.094651541783993e-5
2.401593727468978e-5
3.055526310043015e-5
2.7725141411959545e-5
3.1629200828480614e-5
3.248799946915012e-5
3.0401781536370555e-5
2.416952578231015e-5
2.5033327405230357e-5
2.375811718142995e-5
2.7528735814429973e-5
2.4987546911960784e-5
2.4638704367159654e-5
2.5963871229010317e-5
2.687167205104972e-5
3.232926119781012e-5
3.354250739139031e-5
3.233685701809017e-5
2.7414812023509975e-5
1.551894819460005e-5
2.8569944888630003e-5
2.0582346441920182e-5
2.535665600788932e-5
2.6894271012500165e-5
2.0620638884199724e-5
2.718969401920967e-5
3.044149385580952e-5
3.297151321496935e-5
3.348863975369005e-5
2.5913293368479487e-5
2.6423006547779924e-5
3.138696520678993e-5
2.941227298782021e-5
2.4888335571769844e-5
1.8983741914010456e-5
3.4119898244870835e-5
2.9146528612080183e-5
3.0953999168180715e-5
2.639495918644024e-5
3.295649699926965e-5
3.291488908103036e-5
2.4857216795330477e-5
3.359618810115997e-5
3.255465930746947e-5
2.5192041187659456e-5
2.49442937109599e-5
2.1928665632580356e-5
2.6244424056449597e-5
1.8897972583589544e-5
1.6695061089030266e-5
2.593689730908018e-5
2.1482304070880205e-5
2.162962172258965e-5
2.7531193906659736e-5
2.5574549172869936e-5
2.7536269600360146e-5
2.9282659631259603e-5
3.791960039681991e-5
3.012149964181938e-5
3.033416883492946e-5
2.573447352132059e-5
2.4515135485190034e-5
2.1924038948679773e-5
2.1243889333650776e-5
2.53659238765502e-5
2.6208207811940186e-5
3.476444740041062e-5
3.3215478203629974e-5
2.777267045543999e-5
3.2151032476769766e-5
2.5605300676060164e-5
2.47130784396107e-5
1.81620806894503e-5
2.7688642782770258e-5
2.5349766772139737e-5
2.2105429327829926e-5
3.294860078983941e-5
2.385814381509945e-5
2.5315964907299607e-5
3.0832634923969905e-5
2.3040123576620504e-5
3.102443581873022e-5
2.850009432106039e-5
2.637415185657941e-5
2.8893157528529605e-5
2.923856235131049e-5
3.5819650318720184e-5
3.241293101551978e-5
3.0219751158010524e-5
2.949680527341951e-5
2.4228330125729974e-5
3.758423491111076e-5
2.8048786656579422e-5
2.6744721956920015e-5
2.7498622500390577e-5
2.587413810791958e-5
2.6746243761549375e-5
2.567623912839989e-5
2.6204101059319924e-5
2.2212250183489997e-5
2.40964144557999e-5
1.9553246547080773e-5
2.794147491439955e-5
2.0919342331659867e-5
2.590910654519992e-5
2.6446425407339845e-5
3.4841930183489994e-5
3.139995116123017e-5
3.410941365791006e-5
2.065436255206058e-5
2.1977490300660596e-5
1.6282176148340113e-5
2.2912572034399815e-5
2.0598545794920688e-5
2.9190146530810174e-5
2.8922050728220038e-5
3.46942716045592e-5
2.9034920321120358e-5
1.735460872839996e-5
2.424200662898019e-5
2.6998995792819162e-5
2.5699875425519957e-5
1.1780815294240403e-5
2.1286755589649577e-5
2.5313610290849872e-5
3.080966548007005e-5
3.11288469838503e-5
2.561373324812006e-5
2.5188411246900022e-5
2.4805800130089928e-5
2.8847565678360304e-5
2.9764266854210436e-5
2.3591542710350508e-5
2.663424238593965e-5
3.0264516105230066e-5
2.507369508597014e-5
2.2616097326089504e-5
1.6178796319149882e-5
2.566957843967016e-5
3.500281640956941e-5
2.2086411421170724e-5
1.665328995596998e-5
2.381520075013955e-5
3.162321598372021e-5
2.793471779385069e-5
2.240358393025988e-5
3.086970669460929e-5
3.099914249567962e-5
3.251431881574982e-5
2.9021173855549483e-5
2.4865637978179617e-5
2.5981224397069944e-5
1.9891628798399813e-5
1.3657039742140387e-5
2.140953471984914e-5
2.759669901452981e-5
3.060727538331965e-5
2.5847934611129657e-5
3.3258949076160095e-5
3.403073440126983e-5
3.3027663537329825e-5
2.760913596080994e-5
2.645181576049066e-5
3.293402512836042e-5
2.6524354750949962e-5
3.222449901727018e-5
2.8755153345379897e-5
3.0153316696219373e-5
2.1264976287630605e-5
1.904218443125969e-5
3.0812094504710334e-5
2.3228438012569928e-5
2.438515176607977e-5
2.3244321253849433e-5
2.7392916614760003e-5
3.281391410386945e-5
1.733659045639012e-5
2.327781071333017e-5
2.8808421414150062e-5
2.5736667247669605e-5
2.2202650342129787e-5
3.1313756836779706e-5
1.9720226900780263e-5
2.5676320876419703e-5
2.4954482904530374e-5
1.817176607370012e-5
2.6688541698620394e-5
2.3511445989619732e-5
2.6855483251739948e-5
2.6763346454989657e-5
1.6047295129519717e-5
2.1721802121579814e-5
2.507784098297952e-5
2.304114353106953e-5
2.877095923086055e-5
2.7766662720200147e-5
2.09556867948801e-5
2.9600662584750373e-5
2.6097004952550622e-5
2.3260064449840204e-5
3.199682795983032e-5
1.6772684338089636e-5
1.9710433053480268e-5
2.2912867118609487e-5
1.9829585064659767e-5
2.0258439411930014e-5
2.2511846019149934e-5
2.518340668002019e-5
2.989607260285923e-5
2.9528406660370328e-5
1.9277310462670165e-5
2.3723425483430406e-5
3.451906933548982e-5
2.0032721172090484e-5
2.6754192712270114e-5
2.152563442405983e-5
3.564140067657991e-5
3.152287407762015e-5
2.0914836961279278e-5
2.7010765441830634e-5
2.4168160779759924e-5
3.600437327524065e-5
2.357487626719005e-5
2.3716082265469625e-5
2.7277069926180328e-5
2.8883381628299655e-5
2.6633270655249813e-5
3.155286623428028e-5
2.7219445193149908e-5
2.6119020443709888e-5
2.3899088105440447e-5
2.4008980318819886e-5
3.201008401614979e-5
3.2810673558129715e-5
3.263531343275939e-5
1.5542202267630062e-5
2.310728012027037e-5
1.9747638637780326e-5
2.64285189702897e-5
2.4139239695130342e-5
3.267913938544056e-5
1.9693396114500022e-5
2.5667360460670044e-5
3.1140535932179525e-5
3.518096130804022e-5
3.549821839237029e-5
3.4434634334090317e-5
2.281658623462003e-5
2.1218455556409367e-5
1.7065022589119946e-5
3.141750673866985e-5
2.909006050867951e-5
2.2142870447159832e-5
2.537782650994993e-5
2.909660228920998e-5
2.6096756148819532e-5
2.4198208267220758e-5
2.882102597622036e-5
2.9510815329360403e-5
3.23789903791602e-5
3.251178764963978e-5
2.8177024211669885e-5
3.5057723093190156e-5
2.4486645956279564e-5
2.948629805823045e-5
3.5607812098589764e-5
2.9128848322749513e-5
3.6126674416280674e-5
1.9269331049449716e-5
2.7540017676779688e-5
3.077680914851961e-5
2.5855478287470368e-5
3.050722615937935e-5
2.2583026945389995e-5
2.9375850631120116e-5
2.248531967907058e-5
2.632384415891028e-5
2.6297305098769812e-5
2.641287412369006e-5
1.1688967863500432e-5
2.5621999529159938e-5
2.21092215742201e-5
2.303036625140968e-5
2.055766294749989e-5
2.878042934784976e-5
2.6683207220700236e-5
2.7113991342409688e-5
1.6867192817420287e-5
2.401099549447991e-5
1.7513103255610042e-5
1.1340728812240033e-5
2.8529393606650105e-5
2.9756456422780353e-5
2.3678572329469474e-5
2.9655299258230135e-5
2.1827455553959443e-5
2.8275869256970572e-5
2.283304210482992e-5
2.4008256541709593e-5
2.4883947247000306e-5
2.053484334460943e-5
3.355569259403009e-5
2.9088042380840187e-5
