0.0009789559691589095
0.0015951010244930064
0.0012812194376383007
0.0010427694262858944
0.0014891793204370035
0.0015391403972692952
0.0011401371893291073
0.0008205344341103982
0.0007594010513386068
0.001038766252153711
0.001197331444873398
0.002059236207761092
0.0009142489073692001
0.0017606305151855045
0.001418014588510902
0.0008807907843359913
0.0017596184485126898
0.0012565606920166977
0.0005135118936587107
0.000923296198847498
0.0020045808589927994
0.0012923960123435996
0.0018276031799034087
0.0009329706726007997
0.001341464129224812
0.001414141885305406
0.000829037913715594
0.0009414281472131109
0.0012076944486328067
0.0004588391634292033
0.0013258812111058976
0.0017933189907388958
0.0011510023029089045
0.0009453458069753062
0.0014369864525438925
0.0007106770576939953
0.0013588290630425076
0.0013299437006558945
0.0015029949079375937
0.0010217726242267022
0.0015618176757297986
0.0014477841764499039
0.0018098331551387042
0.0012889386585488993
0.0008529469007153012
0.0015077730041942045
0.0017528684305267994
0.0007299970861379124
0.0014429962924766004
0.0012512650290902039
0.0010538115335343018
0.0012905904133922036
0.0010530286793910965
0.0004917596490753018
0.0012833809210831965
0.0008269100183721095
0.0012630311985434989
0.0012563488649205007
0.0006318037107359009
0.0012958267519849048
0.0011840683333472907
0.00191588168461089
0.001500789235227007
0.0008835059090908925
0.001383826925227205
0.0016231145042908957
0.0007921830199197899
0.0016637830464275999
0.0016119014884205946
0.0012661516542787077
0.0011308347815109088
0.0016456868632366006
0.0016190127194538884
0.0006775004763273085
0.0007473781604352969
0.0016324034919932007
0.0011053254049415984
0.0015590444102796946
0.0017782590917839042
0.0008124468484111969
0.000984341908829095
0.0008887256621326056
0.0007545148166950011
0.0018069932668191985
0.0011832418495957009
0.0007513470324356925
0.0014490907533324937
0.0029480565997443975
0.0018380881951640948
0.0016974715121996914
0.0009842080376171042
0.0009014479625099048
0.001724789477054206
0.0012455918192667004
0.0008828767892260919
0.0017376156261120906
0.0008490313747959999
0.0016420835047376986
0.0007469772441214967
0.001074856646880104
0.0014919747137424055
0.0010537701830185958
0.0011394499259630014
0.001698010518582399
0.0017519566423103011
0.001262432749429998
0.0015447329486909939
0.0007551770483733011
0.0008323954058385014
0.0011712187108291888
0.0015027513897713923
0.0014149310645707874
0.0009226203862202076
0.0014713310310702082
0.0017683717164175966
0.0006268617604493071
0.0016804436870426903
0.0008081549759412915
0.0009072286835315052
0.000554216006747793
0.0014758225928008933
0.0011446411954007946
0.00044296016692080276
0.000956785296971796
0.0018021159397228897
0.0014420801718700998
0.0018029058456855013
0.0007211253658704064
0.0017686551899899067
0.0014596748128246073
0.0009758027806857084
0.0017062342427862087
0.000993007139048388
0.00011702816161010543
0.001436395021762793
0.0017379964714111934
0.0013978942253402987
0.0013064257266990897
0.0014255910680678885
0.001492963516954507
0.0017348209929052005
0.0018928301541802917
0.0014491988080012064
0.001177307916762696
0.0011366582291479077
0.0010274672307095944
0.0013314581395995895
0.0014606896114999074
0.0013098197778623893
0.001126779214003601
0.001105043489916302
0.0011482260370569014
0.0010899650199405891
0.0010085431455930938
0.0013894550683191953
0.001291292830816304
0.0013445040405686004
0.000641808952743711
0.0018987013741081915
0.001066568233114809
0.0007263227455627103
0.0012411553300108874
0.0013793060297700999
0.0008136710548989068
0.0016019815108832963
0.001414431002706995
0.0014840127533781028
0.0017370769371072986
0.0011931930279884956
0.0011893770785276897
0.000979651699735004
0.001410183740047713
0.002016849284993405
0.0009111998777222019
0.0010969755322792069
0.001051529770982107
0.0011683430272974998
0.0017786708049707944
0.0009232301565691992
0.001234934242554997
0.0021663366514595023
0.001273360669172302
0.0006963385128321009
0.0015944892989616932
0.0015712121349436975
0.0019553480599498047
0.00148241903161829
0.0007290844482175929
0.0014958541624257027
0.0003614198466687091
0.001527029053305498
0.0007764597468119944
0.0012989054059418942
0.0019164033692387061
0.0021895290780312993
0.0005609876340437053
0.0011095525184965926
0.0010583110371664012
0.0019336746076153988
0.0012045667784157943
0.0013037456459557978
0.001621923809907208
0.001429681234082894
0.001377128129871813
0.0020367544255027042
0.001344905494760698
0.0010775747763135113
0.0008221531411484045
0.0012593301795729983
0.0016892076993203081
0.00010329740650599772
0.0015465764768514967
0.0013191862230939044
0.0010378172538950958
0.0015927844561424986
0.0014143898821971923
0.0013762607532572108
0.0012511129478564031
0.001300350417663701
0.0008248181563593054
0.002005486388635999
0.0016612567138725998
0.0017274115701417098
0.0011707505408445062
0.001423209538628109
0.0010161342622717062
0.0016693865946347947
0.0006135669683730999
0.0016471367342519028
0.0018035077201702943
0.001943228742183098
0.0013927255253393944
0.001138894803880311
0.0012720657979269911
0.0016313244027222062
0.0013903735109589976
0.0010086770360563102
0.0007827219622939113
0.0015032106326180045
0.0011658524221612038
0.00041617157612870714
0.0009131344667212965
0.0009385270660662026
0.0009813519185574993
0.0011667086262221044
0.0012656860603890985
0.0012255472835260017
0.0011368939297968922
0.0013404570292820939
0.0006770503320419896
0.0009823885905543006
0.0017647744987515923
0.0008927270804564985
0.0013937776375571032
0.001358663536944596
0.0013353421609220012
0.0007560903574456018
0.000598197894644506
0.001021579088142599
0.0009952172703096007
0.0010206914769041037
0.0011340946750950098
0.0016880562429045926
0.0009752683516758981
0.0015921686712346977
0.0012035444168127934
0.0007588873607771024
0.0018968456902190012
0.0014366295316333016
0.00105582020941479
0.0011181745382674996
0.001331716584570805
0.0014922724073658938
0.0008272603681644952
0.0005557351657256016
0.0010808955814648052
0.00047481888454350973
0.0010388778588280995
0.0016355596693733016
0.0010943345181610997
0.0016758697089624963
0.0018639483462020018
0.0012606137056943995
0.0013076701412823022
0.0011258330300602942
0.0002855900315740928
0.0019941659522082072
0.001749061085532591
0.001373590436576394
0.00043364630438740004
0.0009372443930018015
0.0017857275452819038
0.0017979240980336014
0.00014902476743230975
0.0015575806163178052
0.0012208100116863074
0.0014364332461034024
0.0018583940969523066
0.0015025201676004962
0.0008609038427858928
0.0009089095890473936
0.0016496716514181053
0.0013080667290363002
0.0013271826766432931
0.0009523217044478949
0.001374546372208102
0.0013026659843946992
0.0014607965818984048
0.001009282479182097
0.0013581688166006967
0.0020282348537629946
0.0017094238906572995
0.0017072567588179016
0.0015037884399053958
-8.140046706650583e-5
0.0015360528074378904
0.0005057323854693874
0.001699608813245504
0.001810380601265496
0.0009001929583375007
0.0009606972186042007
0.0019836473324506
0.0014305942908728886
0.0014925359905579028
0.0013175177561486062
0.001317040032888503
0.0016066664585977913
0.0026544363294720985
0.0012717189309329052
0.0010972975323391004
0.0023910509630047927
0.0011587443083287963
0.0011902165050022978
0.001031030197466004
0.0011622385860209083
0.0012191610456832036
0.0012180348974066002
0.0013343652417907997
0.0016114521122159997
0.0018103399729508945
0.0012427322118108985
0.0008646625197744062
0.0010014761195343003
0.001185900561449002
0.0018314404000605994
0.0011755187470984946
0.0009822220898074996
0.0016323444809679954
0.0008333807783773017
0.0009009239295994925
0.0012208776378055952
0.0010719189745946045
0.0017878826489853977
0.001374287098834387
0.001498475317467593
0.0005155808680572943
0.0010335458949220916
0.0009382213947383977
0.0012766817541007974
0.0005868499971353053
0.0011257680949220972
0.001589512492747705
0.0011826531802192064
0.0017010999471377963
0.0006241099497118069
0.001145232670753199
0.001541862877943112
0.001660607828217503
0.0014002916527841025
0.0018971385354478038
0.001493247598550393
0.0021377206147361882
0.001217645830591696
0.001158103516369302
0.0015940780890108946
0.001306112330786896
0.0015985884216574986
0.0016424365908242061
0.001522302241454998
0.001608504356805901
0.001062463552608403
0.0008140329458360129
0.0004627645171036976
0.0016211293791972975
0.0018207998433396044
0.0014883434128975942
0.0013772291684681914
0.0015398948999776063
0.0018014880031226033
0.0019562829179685937
0.0013442799474450012
0.0011873057843377055
0.001918078419224603
0.0016091544397175
0.0008111502741293963
0.0018424591049317068
0.0008858403049958052
0.0013760423103275077
0.001236329441586012
0.0007752587162186964
0.0011493765959253027
0.0010714379256122064
0.0011610941667237057
0.001888961690200197
0.0009454616486798129
0.0016907487307482039
0.0006567377792811024
0.001924642088948797
0.0008176195892777988
0.0011708417129084048
0.0015094486186760098
0.0009694375781011955
0.0009435410740896016
0.00199421343819349
0.0012665538399052045
0.001306701873689406
0.0017723961841109026
0.0014220817467281988
0.0012917710889318035
0.0006828063908645987
0.0016150337550061011
0.0013571718150516
0.0010425027337745002
0.000638191997441695
0.0008097099230509885
0.0017225624592803052
0.0010591229157067977
0.0013207045358668984
0.0018459283175064067
0.0018625236679642027
0.0012024856960367036
0.0018320483014258038
0.0014416040659790963
0.001180851934956595
0.0020488857964238993
0.0014788072386358042
0.0015228102990842984
0.0015799457550913082
0.0011767090422545035
0.0018056786070062975
0.0003116579442351969
0.0016139118568622018
0.001624777767491703
0.0010122028138118966
0.0019204185310657124
0.0013314322569998038
0.0009417498807609004
0.0007879694477908039
0.0006719686176920037
0.0016075128500054048
0.0002744321768858998
0.0017062625993407021
0.0011061610374873132
0.0010085208681256952
0.0010889556730353939
0.0010882028388311954
0.0015958883766355042
0.0014989769819835908
0.0014484599449618024
0.0014572153905919039
0.0010868135043651944
0.0020599369188090966
0.0017282957414435918
0.0007210134738016988
0.001998322685838591
0.0004968768799909068
0.0013796914595225057
0.0017837558442745927
0.0012049757660022031
0.0014239196220289102
0.001395119859924604
0.0009481113643666078
0.0013932375630218014
0.0013336383475821
0.0016391240005960012
0.001483600635340504
0.0012498182674309938
0.0011533187430938924
0.0011850941255791975
0.000403507808782691
0.0018212977929790014
0.0009429212079626048
0.0015347536165744996
0.0016230796059202995
0.0010735075112696946
0.001351156054506794
0.0011006211197392007
0.0006765899730010044
0.0014683232993945028
0.000639647604170096
0.0014612594781830968
0.0010641918094664998
0.002198209651796193
0.0021688338395361995
0.0011301586842070999
0.0010965175299225
0.0008504510695740014
0.0012486875731915065
0.0006462037199416876
0.0015781136011105978
0.0012069043780643107
0.001608119435025701
0.0011579008228897042
0.0013448020101922975
0.0013051715629171928
0.0014442938453229082
0.0017891461926585056
0.0014068843380459078
0.001147831854192899
0.0012075612909106942
0.0018293160514543938
0.0010918165826234033
0.0008461553879079015
0.0014588177663530932
0.001345671406128901
0.0014345496194781981
0.0008999571108021936
0.0008137493107883975
0.0010181817694996098
0.0018510209506272107
0.0011340996923937113
0.0011764909558516917
0.0009834203809242076
0.001300731277771
0.00081417973803731
0.0012298819381893061
0.0012915259195517975
0.0009106436416174007
0.00097982502288739
0.0016003795304398022
0.0016214343478731102
0.0014473805123085964
0.0005423989372985022
0.0013480710191674933
0.0008252219441509945
0.0013625772350366883
0.0012359140677498937
0.0009104727413867114
0.0014085712258146005
0.001391259654482599
0.0008165454054628041
0.0016993613372836974
0.001077147874048709
0.00083980702886291
0.0008829061969641006
0.0011823181654290055
0.001335118732381499
0.0008044014336818922
0.001298958697040109
0.0008758344752346908
0.0020691546539538946
0.0010447766103515027
0.0001948750068610089
0.0007519051753703959
0.0013982649711379025
0.0009065167312312938
0.0011911451895284947
0.0010075307458079913
0.0014332621033499998
0.001658766699487793
0.0015662804119367935
0.0012805570594074944
0.000665501710840094
0.001890296681949899
0.0017797389361408067
0.001110714165858312
0.0023398445873095974
0.0013960268251577007
0.0013573059411249033
0.0019199013810590054
0.0015277514760938943
0.0013453379441562968
0.001508743778749197
0.0014879110861346911
0.0017104686782509065
0.0011959948428146017
0.0014236581448643093
0.0016229667897697114
0.0017440206145478976
0.0017601853974277964
0.0010598079702275054
0.0015742902699630024
0.0015675951246332948
0.0010713854086903951
0.0019210687665001946
0.0014488043499099046
0.0019404771914545982
0.0006407238797940945
0.0017875468820638951
0.0010025962677306932
0.0008131393096951905
0.0013786482770141995
0.0015129001798178943
0.0016020251974829952
0.0017407081074179986
0.0009316304862778957
0.0019692627471656066
0.0009954251578076917
0.001117616202767499
0.0017591310293870038
0.0011034201644184033
0.0008396848792422973
0.001749763401556803
0.0013716663547872071
0.0014496186435478953
0.000872072577593308
0.0017305688685617104
0.0013360875884600998
0.0005211394623675925
0.0010469693901961064
0.001658678508504402
0.0013363282643888003
0.0009672867399882906
0.0016052660458903967
0.0012625240811183908
0.0011875716108463025
0.001401373092549299
0.001493651050828701
0.0019070551560552984
0.0017406526480849005
0.0014235016130799971
0.0015887583285468937
0.0014013632257039027
0.0012656444879668022
0.0012168701286203037
0.001381486471438903
0.0014767293117020075
0.0016800386532906941
0.0014768330767076926
0.0013056310431887874
0.0007430080139192996
0.001850628770512605
0.001252929871314007
0.0012045116686981022
0.0011767679641207923
0.0016948533094569007
0.0009483882486586992
0.0018114493556952022
0.0011870885815202098
0.0015373272689998968
0.0018091329280152946
0.0012909229701636021
0.0012327245002214937
0.0018869459776515995
0.0012429738478550029
0.001710204370237292
0.0013433195225789896
0.0011599775782866056
0.0010322131668709933
0.0013955939076433915
0.0005706888862907905
0.0013960083830927006
0.000553643415483307
0.0007317074556965064
0.001570409909380302
0.0012808885296295008
0.0012050033565858959
0.0014703970300330022
0.0019948490722482004
0.0016343365317283004
0.002149864527377393
0.001443348321124388
0.0016660625235282028
0.0012761062436890958
0.0016614488032399982
0.0014127372231070995
0.001376262700737499
0.0016485848379826917
0.0016403064081084023
0.0010998605282752927
0.0011575114463034941
0.001516233500913594
0.0016526776428542056
0.0014023662323109087
0.0010160875267939962
0.0006149314588223959
0.001116385093389502
0.0010976335112914959
0.0010520077139803963
0.0012000780117080029
0.0016237113114518087
0.0015953923630587924
0.0013813694684600003
0.001085188264813311
0.0023147022843070936
0.0013517673394369961
0.001176397381471711
0.0016072314896377893
0.0014087249506470056
0.0016275929537312994
0.0010247691038307027
0.0012774841657595126
0.0014027655608464945
0.002166224649950102
0.0012722417266709946
0.0018140596605944054
0.0015592346803356
0.001180966706999298
