0.0299255784293161
0.0298845738686184
0.0304518903349181
0.0301242419504659
0.0296884813159342
0.0300414217589759
0.0294407613793394
0.0297087733024394
0.0303240043385741
0.0301713290871614
0.0296560692357301
0.0303145953950166
0.0297480540452122
0.0297635987052898
0.0304161798216198
0.0299764501078016
0.0296971918164823
0.0292853716595556
0.0306064791572331
0.0296645298472212
0.0303524287786955
0.0295485185872032
0.0299557754072188
0.0302158253122343
0.030260163827952
0.0294715640760835
0.0299650323839635
0.0300998610248993
0.0299436924230723
0.0304750709865748
0.0303302281764515
0.0296481454267452
0.0296369736755893
0.0297560830937776
0.0298026517453826
0.0302031593483108
0.0299651092089243
0.0307108559569406
0.0299079108929827
0.0298802149881492
0.0302717392223357
0.0303380215417658
0.0299536928747853
0.0301811600336609
0.0300345490225682
0.0298192137941525
0.0297003909910975
0.0291902725842468
0.0295031473724952
0.0300361486085809
0.030457868857101
0.029697387507133
0.0291509893146995
0.0297314735933847
0.0299005053625485
0.0295784909322623
0.0305009287133807
0.029775784120072
0.0302106617022379
0.030151559949552
0.0301135182858991
0.0300924639079984
0.0299403447065781
0.0304442885162273
0.0301903025950129
0.0294499082975227
0.0301620949851805
0.0296183299669732
0.0300815906734437
0.0292036629464975
0.0298395891731757
0.0297490109604295
0.0301465339771725
0.0296260897294953
0.0297391985754132
0.0300499679227267
0.0301959381698966
0.0297500096901888
0.0297687812375311
0.0296112390258176
0.0298775314831818
0.0302970188060729
0.0305278354318219
0.0295171217776991
0.0303417878130502
0.0301469978144998
0.0300921627694035
0.0304371237327285
0.0299766014972182
0.0296050398689307
0.0303792531027295
0.0297946802056846
0.0305026026770072
0.0302221997618251
0.0295731683097965
0.0303875034467571
0.02931309795101
0.0301676658774747
0.0303074645040258
0.0302683825631
0.029818731571706
0.030434180546458
0.0296097450283522
0.0306711473201196
0.0298688781165774
0.0299990311314252
0.0301667186518775
0.0296863768036008
0.0298225084456775
0.0296577782123792
0.0297774393514958
0.0299944676767077
0.0299885050431263
0.0293135517344432
0.0303333788140894
0.0303064054021184
0.0305488701909103
0.0298093012934451
0.0301871283199522
0.0299424265999424
0.0296122386116375
0.0297301511122766
0.029934424449274
0.0297743519727218
0.029962146275208
0.0298570460113133
0.0295199186893517
0.0294727739853127
0.0304653721299378
0.030017619059176
0.0304026886515596
0.0297063032333501
0.02962645342627
0.0306513993458628
0.0297481307632879
0.0302447443901119
0.0302720412902565
0.0303287824776173
0.0300070278782862
0.0303027966588682
0.0299363893176123
0.0295374001780308
0.029869757861908
0.0295710322371843
0.0301898264600487
0.0300567980613761
0.0293248147721518
0.0298300167240155
0.0299046552156654
0.0300584703506909
0.0301996974327596
0.030685979584807
0.0298725068885816
0.0301852551308554
0.0298334415460075
0.0298637578589914
0.0305033420630159
0.0297557228812927
0.0299201569737678
0.0301682677884112
0.0299875948303632
0.0300196039080236
0.0294319406675616
0.0296592732240404
0.0295210581589122
0.0301161935405772
0.0299787975979409
0.0303592571669714
0.0301175046960733
0.0295885865393466
0.0297291031801397
0.0296698520350937
0.0295920623786955
0.0302560962959623
0.0301532942888744
0.0297150620367838
0.0302477398591078
0.0305235379571948
0.0296507213529003
0.0296796649186715
0.02937906987835
0.030042757869282
0.0299439045038601
0.0298313600298388
0.0298631970967598
0.0299140133392829
0.0301262080782122
0.0302953876865069
0.0301298331018235
0.0298144012346895
0.0303543233266387
0.0299297442212412
0.0296815141197851
0.0299287793902564
0.0304333876910233
0.0300996929908112
0.0300146076287511
0.0298963424395067
0.0299009824475083
0.0295241744705443
0.0295599355689401
0.0299190866098967
0.0299648297139842
0.0296290675496513
0.0300320921544552
0.0302921115031781
0.0296863059995801
0.029887472719136
0.0298667656310893
0.0297439175537457
0.0297316141961179
0.0299010688181808
0.0302556536029468
0.0296286636496916
0.0299156363967482
0.0296981035631466
0.0299350087380545
0.030004237525769
0.0300274180554926
0.029526304506463
0.0302911913136844
0.0297305776351551
0.0298537828499748
0.030371767405982
0.0297653708147285
0.0302083097268244
0.0298814368699437
0.0297817380474739
0.0304983947006619
0.0296544092849807
0.0302041006208298
0.0297197505020202
0.0303939654308341
0.0303434920790748
0.0295750314790449
0.0300857435599316
0.0305383130616277
0.0298657929453686
0.0297553243520457
0.0304213797759172
0.0295461141729869
0.0300416878136125
0.0297521609004426
0.030201183247546
0.0303128309595197
0.0301323004457763
0.0300474523627021
0.0303494889421999
0.029464115308975
0.0295326201905976
0.0298663033106524
0.0301619883329546
0.0296178915200983
0.029614084203669
0.0296805540895988
0.0303568467099482
0.0297815784800871
0.0298453653568446
0.0310394170588853
0.0302583036741536
0.0295910598429945
0.0307152791480988
0.0296908337163097
0.0295729167770245
0.0300546687913077
0.0301274649329729
0.0301062211025695
0.0297198095067541
0.0300105493580944
0.0295600882286133
0.0297993246989619
0.0302703685723169
0.029823516599962
0.0304900967022864
0.0298704930250696
0.0299314794173187
0.0300019137959802
0.0302958665142528
0.0296599419967438
0.0295340732232283
0.03033173806344
0.0297546621009515
0.0301117783489639
0.0296124770649164
0.0301273611482025
0.0291411887414579
0.0298354405249493
0.0299727720471664
0.0293592415874818
0.0296109410438017
0.0300630666651136
0.0302108230699219
0.0302016830504599
0.0299632553277589
0.0300561913533047
0.0300404180856813
0.0296238576907323
0.0303010172177418
0.0300607268630681
0.0301189817391405
0.0299475068053154
0.0303492389760809
0.029493600242791
0.0299606150628737
0.0296749880067721
0.0297979896582903
0.0298394102905802
0.0298761472063267
0.0290199889191743
0.0297212255407467
0.0296223246371017
0.0298943042918559
0.0300115765923824
0.0306511911877384
0.0294568811135502
0.0306439059629277
0.0296557261315345
0.0297866462222289
0.0296998367023091
0.0305066275147692
0.0310945259226411
0.029887365570393
0.0295914760929355
0.0300510030170842
0.0301101399888981
0.0301713529468014
0.0297865353032068
0.0303974448661972
0.0295454292128528
0.0299754751046495
0.0308148330888302
0.0302245592871853
0.0301250443760818
0.0299418535623289
0.0299162395244748
0.0298343680516073
0.0298307215457612
0.0301440387044142
0.0301433136176613
0.0297187806643293
0.0299175253835403
0.0297617706069236
0.0295545155034909
0.0301430392594891
0.0305377080660865
0.0300529703099315
0.0299983367077185
0.0299652175624393
0.0295731261828141
0.0295297317909596
0.0297972352287689
0.0298999662220571
0.0306844411757694
0.0298298676064443
0.0293984234137698
0.0300668389067345
0.0300332890632805
0.0300811593954029
0.0301473863431109
0.0298717023651988
0.0302066796886769
0.0299280332283718
0.0310715796292945
0.0296274902708989
0.0304086138802817
0.0304557372707829
0.0298264537960436
0.0304420416641408
0.0294851407833805
0.029979025804564
0.029799938866789
0.0304291956563071
0.030518132512284
0.0301391790235276
0.0292903562539931
0.0297224058226657
0.0297198771323875
0.0309422646945919
0.0295520565996652
0.0299002408983522
0.0301375291895267
0.0303400106912665
0.0305382470062013
0.0299617891478369
0.0296069481153974
0.0296699897521556
0.0301472838098924
0.0298185190871688
0.0304273835510488
0.0299541377831987
0.0297138858822114
0.0306821954588425
0.0303605475997777
0.0299919584667403
0.0301427303256229
0.0302280534897778
0.0304947273238569
0.0298306299557724
0.0297008118316359
0.0300741919309725
0.0295220945606074
0.0302900393066438
0.0302231348264251
0.0293647299148038
0.0297531145177251
0.0292484456905591
0.0295007951428626
0.0297452611638848
0.030170527682907
0.0305484134873913
0.0301436269513883
0.0296994015680453
0.0300826253475185
0.0300578473681621
0.0294311585332168
0.0302421939961222
0.0299173948664109
0.0296103008690342
0.0297775453050872
0.0299241695426799
0.0298160371729739
0.0303944038172379
0.029646177617817
0.0299081599067287
0.0297812015564152
0.0302478225389038
0.0298837832727438
0.0299366338262422
0.0298550426664632
0.0297745441324627
0.0304494914838369
0.0298424560254489
0.0300250833521907
0.0298285156330041
0.0298336106052463
0.0297171375478746
0.0295901613139925
0.0299937948944133
0.0298147864661456
0.0300674611399313
0.029676922740446
0.0299180333185385
0.0294794257037857
0.0294189574640775
0.0296855440067459
0.0301844808167085
0.0298144720390516
0.0299633718379801
0.0294053014961776
0.0294355938173198
0.0297743144592747
0.0305296464724015
0.0302181108393399
0.029830926863859
0.0297029678272401
0.0306491228533936
0.0294831637514633
0.0294425627469928
0.029698637756044
0.0304474755070075
0.0300782128262307
0.0300858035246618
0.0299250200034308
0.0297672420843828
0.0298130478367723
0.0300414133411995
0.030488646249933
0.0300982422635646
0.0301355297372608
0.0304022321768418
0.0295763711933763
0.0298932345541701
0.0301214835394563
0.029427831339894
0.0300195527733698
0.0304417134506184
0.0297221174101067
0.0299158716905035
0.0303394271398656
0.0301542393313378
0.0304421779047717
0.0306501288903314
0.0303429934976133
0.0301565238559573
0.0294354047443328
0.030392457971231
0.0296254911825647
0.0302161916119052
0.0310930000856889
0.0300077996081841
0.0296244658011003
0.0305038321750014
0.0297697449817097
0.0296644448681455
0.0299055465375343
0.0300946400526174
0.0302635652539964
0.0297961647794091
0.0297270619057704
0.0301091857306758
0.0296474877459378
0.0297302034283997
0.0299236469107611
0.0300435421342153
0.0302415175301695
0.0300365825906497
0.0302341651418207
0.0298443128162001
0.0297077046530354
0.0301760044865472
0.0302828488059575
0.0299470325086607
0.0300426753730495
0.030306259127051
0.0294844865082156
0.0302498259025864
0.0297950286940375
0.0298188348164937
0.0299714765156207
0.0301220206443953
0.0297127234849123
0.029781846048863
0.0299666531955127
0.0299029685963004
0.0302360472318857
0.0298377789470425
0.0297892727504346
0.0302863656686739
0.0299273776383535
0.0297877277734144
0.0299204992926305
0.0296577238806651
0.0298427812794768
0.0299539241247386
0.0301012646938346
0.0297451291026275
0.0302774977975395
0.0305144796848207
0.0295172746792247
0.0300215547287474
0.0303846286060264
0.0296530509250947
0.0298219485631795
0.0296752855213509
0.0305573249308547
0.0299126614572491
0.0300751778773696
0.0303656256543666
0.0297563925870873
0.0300506548072281
0.0301378886588121
0.0300910111078829
0.0298007532500934
0.0302554021592087
0.0295614858038159
0.0295505011449184
0.0298916122661108
0.0294398872068887
0.0299953317990866
0.0299647822881382
0.029581462722983
0.0299316443476704
0.0301150558182228
0.030124563183518
0.0300969629491443
0.0302187555496634
0.0303896892693115
0.0297661783405315
0.0299806142760397
0.0297989581183403
0.029720922888969
0.0298329035448825
0.0299327180061508
0.0298607190211211
0.0300046514521653
0.0304554017461046
0.0299093768978727
0.0297570319278346
0.0299663463743234
0.0300774653026716
0.0298550355076436
0.0292835183152454
0.0299407162769409
0.0298730748672523
0.0296525233425807
0.0295255711765385
0.0301702776926304
0.0300859532392748
0.0298783923526874
0.0298610793013075
0.0300138799859322
0.0301511695935399
0.0292460310314628
0.0297673383694728
0.0296981735235312
0.0296839771105981
0.0301118337868781
0.0301077215130031
0.0299181232089172
0.0305767367062119
0.0301790590406501
0.030290149970361
0.0300846412491606
0.0294415568567218
0.0295942385749097
0.0303322369140626
0.0303128973491158
0.0303238331004671
0.029348343635454
0.0298418479135821
0.0297170005435939
0.0301359845699344
0.0297704088284582
0.02983898731296
0.0295301445821462
0.0297993641336405
0.0297718630052176
0.0301727751827863
0.0301247284982325
0.0307851521044447
0.0302482709745998
0.0298080235848926
0.0301805458991526
0.030387339071694
0.0302991524505289
0.0300575442751009
0.0303551256461901
0.0303560807860223
0.029706074276686
0.0302095378107929
0.0297812783809078
0.0296906982094368
0.030565762476995
0.029838568477345
0.0297160507396306
0.0298514889755016
0.0295820032343099
0.0298154004620758
0.0302438101622092
0.0301150616115485
0.0300134824188723
0.0300066663559766
0.0305533556888236
0.030107524413353
0.0297621978543746
0.0295645571778095
0.0297505993857649
0.0303390260482805
0.029875731566255
0.0295354135923379
0.0297737546876686
0.029791336590251
0.0301170942967373
0.0305891960242999
0.0298785453022269
0.0297561696806781
0.0290506490522007
0.0299825810249752
0.0298731498645007
0.0293558854153342
0.0303489738790591
0.029582592761566
0.0300829295568377
0.0297930991804063
0.0295214363594755
0.0299297822896647
0.0298005457393403
0.029699687419206
0.0300748641661801
0.0301694003498663
0.0299430863285438
0.0298054619842525
0.0300816929733911
0.030275243318472
0.0298661844698876
0.0300697548722415
0.0299993455074216
0.030141632713301
0.0303617168633043
0.029764794627459
0.0302966325059808
0.0293404013782674
0.0294549705538224
0.0296810785540875
0.0300750068503304
0.0296722398947687
0.0295207123104124
0.0299095771609806
0.0295570544517889
0.0294439899589324
0.0299556051751589
0.0297893557010433
0.0298501446104142
0.0299903232480447
0.03016581157552
0.0301141992019565
0.0298206558824053
0.030138034636984
0.0308796871394361
0.0297088751265856
0.0303389585692885
0.0297446826917313
0.0305015715501184
0.02959183055637
0.0297831981257517
0.0296821205320168
0.0296271554777442
0.0296960463262249
0.0298259929358649
0.0294750038819704
0.0302538075356929
0.0298597923463434
0.0309277731449534
0.03043574342897
0.0304051734031273
0.029635777546417
0.030049899157268
0.0298133521940981
0.0302490532740746
0.0295844062981836
0.0302695703583098
0.0298828416573746
0.0300984401028454
0.0296752429470815
0.030094462204041
0.0301658752028715
0.0292587285714086
0.0297675430605145
0.0291155649665044
0.0300037201551443
0.0297950703459964
0.0297830531630806
0.0298944490557115
0.0300696218408386
0.0306770495501681
0.0304332558987967
0.0297772912871903
0.0303375296611775
0.0302807102364534
0.0297213243690679
0.030539881629388
0.0292422023661535
0.0298421117467764
0.0296570340474077
0.0296753143753456
0.0294773100176129
0.0301931469208234
0.0296570242878398
0.0295492273505931
0.030007205351566
0.0295219869119922
0.0297986532641271
0.0300459017269544
0.029873771618476
0.0299163837983555
0.0298369868393247
0.0299577238321037
0.0297808683741641
0.0294574035821408
0.0296966763126925
0.0298436487626593
0.0299373221414155
0.0298092709401726
0.0299516637655665
0.0300783653063867
0.0303508999522641
0.0298760392616345
0.0298511198343159
0.0298988946543651
0.0298714777088697
0.0297953702891793
0.0300116569991991
0.0293594319925024
0.0297210837583583
0.0302775189628034
0.0293510661327104
0.0304318284577814
0.0302292124754527
0.0297458984904437
0.0293579435381876
0.0295802568405335
0.0299269721311428
0.0303452901997927
0.0306904947198835
0.030027743882079
0.0295213505438175
0.0295576418418312
0.0300643307405376
0.0303920160498639
0.0305410318444438
0.0297642388558128
0.0298560058427843
0.0298736729414596
0.0297606354560688
0.0300400356842674
0.0298913805056337
0.0297629395602872
0.0305129026905124
0.0296644423613317
0.0298197298145412
0.0301419878507938
0.0298731708787365
0.0295846645279402
0.030307417626283
0.0299456326787873
0.0302529962297846
0.0296579928108204
0.0296266953961973
0.0302001565138585
0.0296548126672228
0.0295653932936027
0.0299958192043301
0.0299058643870559
0.030508346285622
0.0297055086869228
0.0301423008935055
0.0294224813998209
0.0298611618986799
0.0298597987608715
0.0302088745532173
0.0302219657733101
0.0298411061649911
0.0296314454184209
0.029922884057634
0.0306059143068903
0.0303309673534193
0.02991449067527
0.0301765852738081
0.0302526853938824
0.0302864352737816
0.0299252753632403
0.0300950693918282
0.0300611950614132
0.0305430452247501
0.0302318199545898
0.0299296333819104
0.0301239184126562
0.02996081647669
0.029838945897046
0.030191930999374
0.0299351521754048
0.0292408126236947
0.0294124788170134
0.0304279873456091
0.0296463908801961
0.030099371187371
0.0299668720262137
0.0295691681379984
0.0296211843908009
0.0301551157542005
0.0297306883403148
0.0300990314077832
0.0299612697363236
0.0297863648862553
0.0302897550869109
0.0304058543990314
0.0296558867221448
0.0300702830027334
0.0298062644813981
0.0305665184023753
0.0297655717533062
0.0300805085380085
0.030383337572622
0.03005851090597
0.0294143909884576
0.0300212539038771
0.0298809905409235
0.0291956670723423
0.029758231994281
0.0296578465222361
0.0296833211674294
0.0293395435716327
0.0292760296852775
0.0299423658957024
0.0303793111227949
0.0301718691161661
0.0300298418702221
0.030182626355057
0.0305447895354442
0.030471646751228
0.0300205164919049
0.0298742418229976
0.0303394358365861
0.0302964062245665
0.0296243860880553
0.0300760527289559
0.0299998230927794
0.0296633853894752
0.0294474946573143
0.02937325973082
0.0305253406324564
0.0302282933263167
0.0298407116235979
0.0301563607793618
0.0304805955795457
0.0302270828466858
0.0300175936154283
0.0301123618888331
0.0298821718286649
0.0295214731332572
0.0297973544278392
0.0302535878976958
0.0303883716475585
0.0301484947170142
0.0301801154108594
0.0299059805196921
0.029838911784619
0.029944009897361
0.029947675740962
0.0300022157179643
0.0298586195673014
0.0300076144506538
0.0296985449460635
0.0305135376361116
0.0304176702786856
0.030284956993696
0.0296598516490645
0.0298160134250856
0.0292686609827287
0.0302170848780524
0.03018550064064
0.0300108165594728
0.0300030981750165
0.0295679735205981
0.0308476532247814
0.0297717209898503
0.0299451573662094
0.0297175962735545
0.0299654154377252
0.0294231335345102
0.0301195137506889
0.0300964377763712
0.0295620065189263
0.0300783032750493
0.0294165707536221
0.0294027824857534
0.0299274964710758
0.030216228945881
0.0298776990947564
0.0300817613719483
0.0301456192192465
0.0297708048126172
0.0298266461253853
0.0301802778915772
0.0300850414470908
0.0297663118382919
0.030076898627343
0.0298723698543106
0.0305115432145875
0.0300399844440916
0.0295407015247629
0.0305559893010107
0.0295901839037738
0.0297746268499663
0.0301483116943395
0.0297712723605357
0.0298897354373154
0.0296702209328263
0.0297576700560974
0.0303944139526218
0.0304783417534122
0.0298354950526876
0.029547051609173
0.0300437909949337
0.030012750713345
0.0304556098431394
0.0302840945885733
0.0298726322617302
0.0303940831487924
0.0293902089760706
0.0292375304812492
0.0305510130949398
0.03104544590549
0.0300095898993459
0.0299967865474961
0.0300366117007894
0.0293791382680035
0.0301895010006016
0.0299868506986348
0.029731037975455
0.0295988907276427
0.0296532307159979
0.0298921695228366
0.0300692550622033
0.0298019502936867
0.0297717328172373
0.0300470480168598
0.030224615695114
0.0303714055175938
0.0295170830059458
0.0301215542196591
0.029626044473962
0.0303213426530354
0.0298916315487514
0.0301371210475503
0.0298368598753074
0.0296942592755172
0.030568925554686
0.0300218003201667
0.0299916167112399
0.0295081972826017
0.0301573687583784
0.0303885233877111
0.0297757033670539
0.029781086157439
0.0293414307477643
0.0303502590249053
0.0299390475754252
0.0297709821094095
0.0305414933073568
0.0303553334167507
0.0296586280432158
0.0300983017226013
0.0299321656940693
0.0298768723661149
0.0304006093657491
0.0300700358826621
0.0295464267061081
0.0300746328536091
0.0297245179837139
0.0304614705386996
0.0295243044498266
0.0299847443093461
0.0300781039676166
0.0302029467376656
0.030128685202741
0.0292590962474468
0.0305031623181406
0.0304271030933943
0.0298185987013498
0.0291723519730789
0.0298812962933479
0.0299525636538081
0.0300693040970145
0.0298963169405439
0.0299795424016403
0.029604553054735
0.029495677467841
0.0296634163920781
0.0294523207556545
0.0298159404293462
0.0299547661845874
0.030467545020182
0.0300951606251955
0.0300221832007558
0.0296360963525174
0.0301307477775049
0.0300812147466086
0.0296366053995689
0.0295173880407939
0.0295138697771999
0.0301463798990635
0.0299609489983647
0.0298304859878739
0.0299451751489719
0.0302082022052919
0.0298986415223449
0.0296369800678588
0.0294942250279378
0.0300530665419635
0.0296658785941722
0.0304653083791228
0.0300552831813449
0.0300395552862741
0.030193906302063
0.0298750925822556
0.0296616561559632
0.0300123960433087
0.0296955735245526
0.0300868747301064
0.0298741574938504
0.0298572348033933
0.0302714317684838
0.0298581406077186
0.0299314786305915
0.0298633406640698
0.0298550843323854
0.0293575779627181
0.0297985958322796
0.0298333344809524
0.0295069821739912
0.0299611327542014
0.0299712501812668
0.0300117242446103
0.0301519994380012
0.0298000291995544
0.0297725000187788
0.0298917044452646
0.0301132346428164
0.0300600550622504
0.0298933886996416
0.0297032220004926
0.0301975107832767
0.0299945518670775
0.0299193261632286
0.0299304513779296
0.0305130572524025
0.0299392094588296
0.0300400956726694
0.0298799525890498
0.029903239897222
0.0301146206083335
0.0299889997449704
0.0305345797547535
0.0296410705567548
0.0300038713722817
0.030081317862889
0.0296407624023367
0.0300929363662071
0.0297207056014284
0.0296261664628757
0.0302955597347935
0.0299243194653364
0.0297490387308381
0.029871847803758
0.0303724182469886
0.0296164905021308
0.0299258968344358
0.0296048124538767
0.0297329319939091
0.0293847895684354
0.030389211477008
0.0297556262988046
0.0299680117299889
0.0305962944138675
0.0300611697813056
0.0299672265082138
0.0301997896217012
0.0304563218136431
0.0300069190028656
0.029781284897866
0.0296487997526203
0.03005440474083
0.0305212313103662
0.0299638698783576
0.0304017172992681
0.029718172135252
0.029786931910013
0.030072528035089
0.030219575889371
0.0303155991146786
0.0301221519624779
0.0300461192310593
0.0297525799230705
0.0296596545428007
0.0305198580351028
0.0306685764924569
0.0297075915595734
0.0297743267795633
0.0296047559723357
0.0297909692834587
0.0303042351779391
0.0302227004917367
0.0303748371484325
0.030022146835327
0.0299998899652969
0.0293356865659787
0.0294253648552198
0.0298401947568316
0.0294689363380763
0.0298030958393472
0.0300783457048435
0.0304356437549285
0.0303026801484286
0.0295022778432849
0.0296715254511974
0.0300257080034998
0.0303789194034671
0.0296168139517193
0.0299224318404385
0.0298141364953984
0.0302207715793849
0.0296108596693905
0.0300242601431269
0.0296560596609277
0.0294970173239908
0.0304842794644915
0.0296770563047204
0.0302410655071983
0.0299425357760672
0.0301894912777271
0.0298271943722357
0.0303412343002789
0.0302215671463484
0.0301911725932305
0.0301487476397568
0.0298806597244087
0.0298320194849904
0.0302755021380749
0.0302385455863733
0.0295813603709952
0.0299671881387348
0.0300056140347828
0.0299325357632085
0.0302533044438642
0.0298948228300409
0.0301073147440264
0.0297710626412705
0.0303861958630586
0.0302422077642727
0.0296810134332262
0.0297066526420578
0.0297837632178479
0.0297142523374122
0.0300629418009738
0.029952125679043
0.0302370258165933
0.0304075466900092
0.0297849960015691
0.0299193528903849
0.0296792313332633
0.0291810339823286
0.0302343198114911
0.0298658062801866
0.0302590307404777
0.0299314437350715
0.0299472711230582
0.030177863961567
0.0297505326264565
0.0300194845541651
0.0298702476998932
0.0303553493145652
0.0298133411689809
0.0300500097808987
0.0300326884290672
0.0299958965188802
0.0299519024450105
0.030133328630064
0.0306260674304189
0.0301380290336943
0.0299511072554749
0.0300043225934153
0.0300337416015748
0.0298461902199761
0.0299616080702931
0.0299513333238618
0.0303707639703591
0.0295641981271704
0.0298814423966672
0.0293170945548978
0.0299730056537848
0.0297611819559298
0.0300797109211385
0.0302807475944429
0.0296462563791622
0.0302468259761761
0.029961506582889
0.030307260037612
0.0299713493689078
0.0298686743846097
0.0295120605255171
0.0298285747813515
0.0303979696436404
0.030425881200857
0.0303056516276634
0.0302941385622796
0.0300625552574857
0.0302845864064063
0.0294239408490812
0.0294861496745016
0.0304455909529467
0.0297616275975799
0.0294952486484953
0.0296398103740349
0.0304313545902865
0.0295481958635767
0.0305081846432738
0.0307088831760883
0.0295489912726257
0.0296487587598535
0.0294783874140252
0.0299639157511664
0.0300762199813314
0.0298691089789825
0.0301062601596915
0.0295275393923493
0.0301132232974956
0.0298877327111947
0.0298356862381558
0.029841131672721
0.0298461119936795
0.0302008210340633
0.0303499860232093
0.0295908981208735
0.0296782085546697
0.0299463908990924
0.0297291989256013
0.0303130089868315
0.0300137691654979
0.0298822573859224
0.0296352741912502
0.0294943648349334
0.0302410954372588
0.0300521285774255
0.0298840023232849
0.0301083553144719
0.0299888161358845
0.0295952546092951
0.0296942041354418
0.0292774895870298
0.0301090498012608
0.0303527419613657
0.0298781967287184
0.0301658674521467
0.0300916701368814
0.0304188827997879
0.0296632365737941
0.0296283605930884
0.0298629625459689
0.0301303510165284
0.0300506411100417
0.0300501902011965
0.0297413657237281
0.0302986464207036
0.0298918432658742
0.030589320934615
0.0298981615469168
0.0297562887933599
0.0299123082397498
0.0300619326067318
0.0303544159907052
0.0299982810650385
0.0298432736229887
0.0298583618436612
0.0295990083031342
0.029839237668993
0.030490798440268
0.0296054159587647
0.02983530490809
0.0302205405168904
0.0293466576801843
0.0297218524470433
0.0301875958649578
0.0296944055270955
0.0300668716503824
0.030199200749551
0.0305753324970413
0.0302039443172903
0.029374141408626
0.0305194815923888
0.0302304539061176
0.0295047065510015
0.0305880471333216
0.0298096844594602
0.0299863433297238
0.0301047715680058
0.0301328139808886
0.0297965300023979
0.0299175317515747
0.0300590407308052
0.0297475136377802
0.030261774038455
0.0297179387419092
0.0302380674421061
0.0302253731090601
0.0297577391148979
0.030016461586401
0.0296785748012128
0.0304877014222422
0.0297479380840223
0.0302979138677012
0.0294436667097852
0.0299692364287942
0.0301379688296088
0.0299267958492968
0.0299611161263961
0.0298441811433053
0.0304901140235858
0.0302003716964322
0.0294261298898683
0.0298602855131028
0.0298374140900514
0.0293727979170621
0.0298281548428078
0.0300439418697785
0.0296310475381734
0.0302176306831974
0.0300538424912263
0.0298352972527485
0.0299879150006654
0.0298137807691583
0.0301057184543365
0.0306524407167691
0.0296963381017881
0.0299095685648835
0.0300433589367468
0.029978958449215
0.0304899905806485
0.0294554319623388
0.0296217641806172
0.0301135448149063
0.0302759458710795
0.030371706106467
0.0293648779468476
0.0291312916488466
0.0298695509879336
0.0297535672449853
0.0296503940235251
0.0294731971136942
0.0298560206341689
0.0303747323838385
0.0299132541974712
0.0297372557685483
0.0304315687213907
0.0296994026585179
