1 1 1 1 17 41 18
2 1 1 1 41 42 18
3 1 1 1 41 36 42
4 1 1 1 18 42 4
5 1 1 1 9 22 35
6 1 1 1 22 43 35
7 1 1 1 22 21 43
8 1 1 1 35 43 34
9 1 1 1 30 44 46
10 1 1 1 44 45 46
11 1 1 1 44 39 45
12 1 1 1 46 45 36
13 1 1 1 32 47 31
14 1 1 1 47 44 31
15 1 1 1 47 39 44
16 1 1 1 31 44 30
17 1 1 1 8 48 28
18 1 1 1 48 49 28
19 1 1 1 48 38 49
20 1 1 1 28 49 7
21 1 1 1 34 50 33
22 1 1 1 50 51 33
23 1 1 1 50 37 51
24 1 1 1 33 51 32
25 1 1 1 36 45 42
26 1 1 1 45 52 42
27 1 1 1 45 39 52
28 1 1 1 42 52 4
29 1 1 1 5 53 20
30 1 1 1 53 54 20
31 1 1 1 53 37 54
32 1 1 1 20 54 21
33 1 1 1 7 49 27
34 1 1 1 49 55 27
35 1 1 1 49 38 55
36 1 1 1 27 55 26
37 1 1 1 21 54 43
38 1 1 1 54 50 43
39 1 1 1 54 37 50
40 1 1 1 43 50 34
41 1 1 1 26 56 25
42 1 1 1 56 57 25
43 1 1 1 56 40 57
44 1 1 1 25 57 3
45 1 1 1 4 58 19
46 1 1 1 58 53 19
47 1 1 1 58 37 53
48 1 1 1 19 53 5
49 1 1 1 36 59 46
50 1 1 1 59 60 46
51 1 1 1 59 38 60
52 1 1 1 46 60 30
53 1 1 1 3 57 16
54 1 1 1 57 61 16
55 1 1 1 57 40 61
56 1 1 1 16 61 17
57 1 1 1 37 62 51
58 1 1 1 62 47 51
59 1 1 1 62 39 47
60 1 1 1 51 47 32
61 1 1 1 30 60 29
62 1 1 1 60 48 29
63 1 1 1 60 38 48
64 1 1 1 29 48 8
65 1 1 1 36 63 59
66 1 1 1 63 64 59
67 1 1 1 63 40 64
68 1 1 1 59 64 38
69 1 1 1 17 61 41
70 1 1 1 61 63 41
71 1 1 1 61 40 63
72 1 1 1 41 63 36
73 1 1 1 38 64 55
74 1 1 1 64 56 55
75 1 1 1 64 40 56
76 1 1 1 55 56 26
77 1 1 1 4 52 58
78 1 1 1 52 62 58
79 1 1 1 52 39 62
80 1 1 1 58 62 37
81 1 1 1 5 67 19
82 1 1 1 67 68 19
83 1 1 1 67 65 68
84 1 1 1 19 68 4
85 1 1 1 13 69 70
86 1 1 1 69 67 70
87 1 1 1 69 65 67
88 1 1 1 70 67 5
89 1 1 1 4 68 18
90 1 1 1 68 71 18
91 1 1 1 68 65 71
92 1 1 1 18 71 17
93 1 1 1 9 72 22
94 1 1 1 72 73 22
95 1 1 1 72 11 73
96 1 1 1 22 73 21
97 1 1 1 3 74 15
98 1 1 1 74 75 15
99 1 1 1 74 66 75
100 1 1 1 15 75 2
101 1 1 1 65 76 71
102 1 1 1 76 77 71
103 1 1 1 76 66 77
104 1 1 1 71 77 17
105 1 1 1 17 77 16
106 1 1 1 77 74 16
107 1 1 1 77 66 74
108 1 1 1 16 74 3
109 1 1 1 1 10 78
110 1 1 1 10 72 78
111 1 1 1 10 11 72
112 1 1 1 78 72 9
113 1 1 1 2 75 14
114 1 1 1 75 79 14
115 1 1 1 75 66 79
116 1 1 1 14 79 13
117 1 1 1 11 12 80
118 1 1 1 12 70 80
119 1 1 1 12 13 70
120 1 1 1 80 70 5
121 1 1 1 11 80 73
122 1 1 1 80 20 73
123 1 1 1 80 5 20
124 1 1 1 73 20 21
125 1 1 1 13 79 69
126 1 1 1 79 76 69
127 1 1 1 79 66 76
128 1 1 1 69 76 65
129 1 1 1 1 78 24
130 1 1 1 78 23 24
131 1 1 1 78 9 23
132 1 1 1 24 23 6
