1 15.4150353145759 4.57346402607625 0
2 15.4120930818895 5.6348467226282 0
3 14.5682030159528 4.04277267780027 0
4 16.2648098458856 4.04277267780027 0
5 15.4158065588136 4.29524494014087 0
6 15.6370145392504 4.71257356904394 0
7 15.1922848456638 4.71257356904394 0
8 14.4967706291519 5.1469280521525 0
9 13.6469960978422 5.67761940042848 0
10 14.4997128618384 4.08554535560054 0
11 15.3436029277751 5.67761940042848 0
12 14.719521098064 5.00781850918481 0
13 14.4959993849143 5.42514713808788 0
14 14.2747914044774 5.00781850918481 0
15 14.4935912583038 6.293856104305 0
16 14.4906490256173 7.35523880085695 0
17 13.6467589596806 5.76316475602902 0
18 15.3433657896135 5.76316475602902 0
19 14.4943625025414 6.01563701836961 0
20 14.7155704829783 6.43296564727269 0
21 14.2708407893917 6.43296564727269 0
22 13.5816853145759 4.57346402607625 0
23 13.5787430818895 5.6348467226282 0
24 12.7348530159528 4.04277267780027 0
25 14.4314598458856 4.04277267780027 0
26 13.5824565588136 4.29524494014087 0
27 13.8036645392504 4.71257356904394 0
28 13.3589348456638 4.71257356904394 0
29 5.91666666666667 2.5 0
30 6.45649120505859 2.03729325280692 0
31 6.22513783146205 3.42541349438616 0
32 5.06837096347935 2.03729325280692 0
33 5.77516305055835 2.62128881380712 0
34 5.83580745746192 2.25742237238575 0
35 6.13902949197973 2.62128881380712 0
36 6.83333333333333 3 0
37 7.68162903652065 3.46270674719308 0
38 6.29350879494141 3.46270674719308 0
39 6.52486216853795 2.07458650561384 0
40 6.61097050802027 2.87871118619288 0
41 6.97483694944165 2.87871118619288 0
42 6.91419254253808 3.24257762761425 0
43 7.41666666666667 2.5 0
44 7.9564912050586 2.03729325280692 0
45 7.72513783146205 3.42541349438616 0
46 6.56837096347936 2.03729325280692 0
47 7.27516305055836 2.62128881380712 0
48 7.33580745746192 2.25742237238575 0
49 7.63902949197973 2.62128881380712 0
50 7.16666666666667 4 0
51 7.70649120505859 3.53729325280692 0
52 7.47513783146205 4.92541349438616 0
53 6.31837096347935 3.53729325280692 0
54 7.02516305055835 4.12128881380712 0
55 7.08580745746192 3.75742237238575 0
56 7.38902949197973 4.12128881380712 0
57 12.7419854998774 9.73964961630255 0
58 12.2688817839231 9.05383229636939 0
59 13.4390258628641 9.25912168350732 0
60 12.5180488528451 10.9059948690309 0
61 12.8659996597399 9.91942216063583 0
62 12.5592710715377 9.86560987800931 0
63 12.8006857683548 9.43391681026252 0
64 12.9839709997549 8.4792992326051 0
65 13.2079076467872 7.31295397987671 0
66 13.4570747157092 9.16511655253826 0
67 12.2869306367682 8.95982716540033 0
68 12.9252707312776 8.78503203864513 0
69 12.8599568398924 8.29952668827183 0
70 13.1666854280947 8.35333897089834 0
71 12.4727360557819 7.73820638698146 0
72 11.9996323398276 7.05238906704829 0
73 13.1697764187686 7.25767845418622 0
74 12.2487994087496 8.90455163970985 0
75 12.5967502156444 7.91797893131473 0
76 12.2900216274421 7.86416664868821 0
77 12.5314363242592 7.43247358094142 0
78 13.7371914436053 7.9600416945313 0
79 13.264087727651 7.27422437459814 0
80 14.434231806592 7.47951376173607 0
81 13.5132547965729 9.12638694725969 0
82 13.8612056034677 8.13981423886458 0
83 13.5544770152655 8.08600195623806 0
84 13.7958917120826 7.65430888849127 0
85 10.7435835186348 8.33285225689297 0
86 10.9630610953477 7.56078395564501 0
87 11.2122281642697 9.41294652830657 0
88 10.055461296287 8.02482628672733 0
89 10.6860521013857 8.53523367666805 0
90 10.6207382100005 8.04972832629474 0
91 10.9239602445183 8.41359476771611 0
92 11.4871670372697 8.66570451378593 0
93 12.1752892596175 8.97373048395158 0
94 11.2676894605567 9.43777281503389 0
95 11.0185223916348 7.58561024237234 0
96 11.3067903113862 8.58496200296279 0
97 11.5446984545188 8.46332309401085 0
98 11.610012345904 8.94882844438416 0
99 11.7243340745393 7.83140902757187 0
100 11.9438116512522 7.05934072632392 0
101 12.1929787201742 8.91150329898547 0
102 11.0362118521915 7.52338305740623 0
103 11.6668026572901 8.03379044734695 0
104 11.601488765905 7.54828509697365 0
105 11.9047108004228 7.91215153839502 0
106 11.9935835186348 9.83285225689297 0
107 12.2130610953477 9.06078395564501 0
108 12.4622281642697 10.9129465283066 0
109 11.305461296287 9.52482628672733 0
110 11.9360521013857 10.035233676668 0
111 11.8707382100005 9.54972832629474 0
112 12.1739602445183 9.91359476771611 0
113 16.0682461595236 13.4123631674474 0
114 15.7318512462569 12.3247490581624 0
115 17.3932104841397 13.9561702220899 0
116 15.0796767481743 13.9561702220899 0
117 16.1564249903887 13.6974582649261 0
118 15.7209347095733 13.2698156187081 0
119 16.3273787786089 13.2698156187081 0
120 17.1364923190472 12.8247263348949 0
121 18.1250617303965 12.2809192802524 0
122 17.4728872323139 13.9123404441798 0
123 15.8115279944311 12.2809192802524 0
124 16.8773596999619 12.9672738836342 0
125 17.0483134881821 12.5396312374161 0
126 17.4838037689976 12.9672738836342 0
127 16.7729846380944 11.6494526697897 0
128 16.4365897248277 10.5618385605047 0
129 18.0979489627105 12.1932597244322 0
130 15.7844152267451 12.1932597244322 0
131 16.8611634689595 11.9345477672684 0
132 16.4256731881441 11.5069051210504 0
133 17.0321172571797 11.5069051210504 0
134 18.5682461595236 13.4123631674474 0
135 18.2318512462569 12.3247490581624 0
136 19.8932104841397 13.9561702220899 0
137 17.5796767481743 13.9561702220899 0
138 18.6564249903887 13.6974582649261 0
139 18.2209347095732 13.2698156187081 0
140 18.8273787786089 13.2698156187081 0
141 8.35841561193152 5.42413059172192 0
142 8.79042752609518 4.8210026960656 0
143 8.72079308884104 6.41975466033971 0
144 7.56402622085834 5.03163441876047 0
145 8.24517280115057 5.58222784766623 0
146 8.26342600006309 5.16314874303908 0
147 8.5666480345809 5.52701518446045 0
148 9.21683122386303 5.84826118344385 0
149 10.0112206149362 6.2407573564053 0
150 8.78481930969938 6.45138907910018 0
151 8.85445374695352 4.85263711482606 0
152 9.00859880121365 5.74537659070532 0
153 9.33007403464399 5.69016392749954 0
154 9.31182083573146 6.10924303212669 0
155 9.68366244772607 5.1965223668877 0
156 10.1156743618897 4.59339447123137 0
157 10.0460399246356 6.19214643550548 0
158 8.88927305665289 4.80402619392624 0
159 9.57041963694512 5.354619622832 0
160 9.58867283585764 4.93554051820486 0
161 9.89189487037545 5.29940695962623 0
162 9.60841561193152 6.92413059172192 0
163 10.0404275260952 6.3210026960656 0
164 9.97079308884104 7.91975466033971 0
165 8.81402622085834 6.53163441876047 0
166 9.49517280115057 7.08222784766623 0
167 9.51342600006309 6.66314874303908 0
168 9.8166480345809 7.02701518446045 0
169 13.7649581102719 6.79337502786463 0
170 13.2661587462902 7.18720678471532 0
171 13.5924127592945 5.80042212702532 0
172 14.4363028252312 7.39249617185325 0
173 13.8957078422612 6.69014033998129 0
174 13.8101872344958 7.05365668625784 0
175 13.5889792540589 6.63632805735477 0
176 13.0395043330882 6.14596589927177 0
177 12.368159618129 5.54684475528315 0
178 13.53830369707 5.75213414242108 0
179 13.2120496840657 7.13891880011108 0
180 13.2154831893012 6.30301286978163 0
181 12.908754601099 6.24920058715511 0
182 12.9942752088644 5.88568424087856 0
183 12.5005027224486 6.57153972031479 0
184 12.0017033584668 6.96537147716548 0
185 12.3279573714711 5.57858681947548 0
186 13.1718474374078 7.17066086430341 0
187 12.6312524544378 6.46830503243144 0
188 12.5457318466724 6.831821378708 0
189 12.3245238662356 6.41449274980492 0
190 12.8530521665441 5.07298294963588 0
191 12.3542528025623 5.46681470648657 0
192 12.6805068155667 4.08003004879657 0
193 13.5243968815033 5.6721040936245 0
194 12.9838018985333 4.96974826175254 0
195 12.8982812907679 5.33326460802909 0
196 12.6770733103311 4.91593597912602 0
197 10.3584156119315 2.42413059172192 0
198 10.5590741524986 3.20912293764483 0
199 9.56402622085834 2.03163441876047 0
200 10.9521464624376 2.03163441876047 0
201 10.3058172080541 2.21836140624486 0
202 10.5666480345809 2.52701518446045 0
203 10.2027815931595 2.52701518446045 0
204 9.71683122386304 2.84826118344385 0
205 9.12310037335698 3.2407573564053 0
206 9.51617268329592 2.06326883752094 0
207 10.5112206149362 3.2407573564053 0
208 9.87246524263503 2.74537659070532 0
209 9.76942962774043 3.05403036892091 0
210 9.50859880121366 2.74537659070532 0
211 9.93366244772607 3.6965223668877 0
212 10.1343209882932 4.48151471281061 0
213 9.13927305665289 3.30402619392624 0
214 10.5273932982321 3.30402619392624 0
215 9.88106404384868 3.49075318141063 0
216 10.1418948703755 3.79940695962623 0
217 9.77802842895408 3.79940695962623 0
218 8.85841561193152 2.42413059172192 0
219 9.05907415249864 3.20912293764483 0
220 8.06402622085834 2.03163441876047 0
221 9.45214646243758 2.03163441876047 0
222 8.80581720805413 2.21836140624486 0
223 9.0666480345809 2.52701518446045 0
224 8.70278159315953 2.52701518446045 0
225 19.4015794928569 12.5790298341141 0
226 18.2940066676017 12.2625936368176 0
227 19.9553659054845 11.5804810647797 0
228 19.9553659054845 13.8940148007451 0
229 19.6919063467339 12.6619769085809 0
230 19.2564160659185 12.8407783313985 0
231 19.2564160659185 12.2343342623629 0
232 18.8031589857139 11.1580596682282 0
233 18.2493725730863 9.84307470159723 0
234 19.9107318109691 11.4744958655247 0
235 18.2493725730863 12.1566084375626 0
236 18.9483224126524 11.5027552399794 0
237 18.5128321318369 11.0751125937614 0
238 18.9483224126524 10.8963111709438 0
239 17.6063179714277 10.8161193364564 0
240 16.4987451461725 10.4996831391599 0
241 18.1601043840553 9.81757056712194 0
242 18.1601043840553 12.1311043030873 0
243 17.8966448253047 10.8990664109232 0
244 17.4611545444893 11.0778678337408 0
245 17.4611545444893 10.4714237647052 0
246 19.4015794928569 10.0790298341141 0
247 18.2940066676017 9.76259363681758 0
248 19.9553659054845 9.08048106477965 0
249 19.9553659054845 11.3940148007451 0
250 19.6919063467339 10.1619769085809 0
251 19.2564160659185 10.3407783313985 0
252 19.2564160659185 9.73433426236287 0
253 8.27508227859819 2.92413059172192 0
254 9.01556535755723 3.24641619045175 0
255 7.78916405232039 3.45704791314663 0
256 8.02051742591694 2.06892767156739 0
257 8.08098025861249 2.83965022005198 0
258 8.40245549204282 2.78443755684621 0
259 8.34181108513926 3.14830399826758 0
260 8.55016455719637 3.84826118344385 0
261 8.80472940987762 4.70346410359838 0
262 7.80968147823732 3.52597558471402 0
263 9.03608278347416 3.31534386201914 0
264 8.4834357506553 3.62408777689819 0
265 8.74426657718207 3.93274155511379 0
266 8.42279134375174 3.98795421831956 0
267 9.35032911439274 4.1965223668877 0
268 10.0908121933518 4.51880796561753 0
269 8.86441088811495 4.7294396883124 0
270 9.09576426171149 3.34131944673316 0
271 9.15622709440704 4.11204199521776 0
272 9.47770232783737 4.05682933201198 0
273 9.41705792093381 4.42069577343335 0
274 8.02508227859819 4.42413059172192 0
275 8.76556535755723 4.74641619045175 0
276 7.53916405232039 4.95704791314663 0
277 7.77051742591693 3.56892767156739 0
278 7.83098025861249 4.33965022005198 0
279 8.15245549204282 4.28443755684621 0
280 8.09181108513925 4.64830399826758 0
281 19.5744396281532 7.83049877203807 0
282 18.7868010065873 7.97948807188916 0
283 19.9682589389362 6.59923725412983 0
284 19.9682589389362 8.91277099009522 0
285 19.7809024789717 7.79144436974436 0
286 19.471208202744 8.15324800770273 0
287 19.471208202744 7.54680393866712 0
288 19.1488792563065 6.66099754407614 0
289 18.7550599455235 5.57872532601898 0
290 19.9365178778724 6.51200824422505 0
291 18.7550599455235 7.89225906198438 0
292 19.2521106817157 6.94469237744709 0
293 18.942416405488 6.70005194636985 0
294 19.2521106817157 6.33824830841148 0
295 18.297758512613 6.82199508815228 0
296 17.510119891047 6.97098438800336 0
297 18.691577823396 5.59073357024403 0
298 18.691577823396 7.90426730620943 0
299 18.5042213634314 6.78294068585857 0
300 18.1945270872037 7.14474432381694 0
301 18.1945270872037 6.53830025478132 0
302 19.5744396281532 5.33049877203807 0
303 18.7868010065873 5.47948807188916 0
304 19.9682589389362 4.09923725412983 0
305 19.9682589389362 6.41277099009522 0
306 19.7809024789717 5.29144436974436 0
307 19.471208202744 5.65324800770273 0
308 19.471208202744 5.04680393866712 0
309 11.9694822785982 3.75746392505526 0
310 11.4503850503482 4.23398510618278 0
311 11.8434573602872 3.05649658729842 0
312 12.6146044251592 3.98191008168458 0
313 12.1055526675582 3.63255394878294 0
314 12.0025170526636 3.94120772699854 0
315 11.8003771155727 3.69863009938429 0
316 11.2723645571964 3.51492785011052 0
317 10.6272424106354 3.2904816934812 0
318 11.7914617854463 3.03840666898299 0
319 11.3983894755074 4.21589518786736 0
320 11.4414697202219 3.57376167578148 0
321 11.1362941682363 3.63983782638283 0
322 11.2393297831309 3.33118404816724 0
323 10.7114291143927 4.02985570022103 0
324 10.1923318861428 4.50637688134855 0
325 10.5854041960817 3.32888836246419 0
326 11.3565512609537 4.25430185685035 0
327 10.8474995033528 3.90494572394872 0
328 10.7444638884582 4.21359950216431 0
329 10.5423239513672 3.97102187455006 0
330 11.1361822785982 2.75746392505526 0
331 10.6170850503482 3.23398510618278 0
332 11.0101573602872 2.05649658729842 0
333 11.7813044251592 2.98191008168458 0
334 11.2722526675582 2.63255394878294 0
335 11.1692170526636 2.94120772699854 0
336 10.9670771155727 2.69863009938429 0
337 14.4785207511607 8.53955260508576 0
338 15.3774893251979 8.92630971869481 0
339 13.5685479591326 9.16961064104304 0
340 14.4895249691517 7.52273745551942 0
341 14.2428751016078 8.43817238570129 0
342 14.7170509243457 8.3743961809046 0
343 14.4756362275287 8.80608924865139 0
344 14.4666296148658 9.63832105371402 0
345 14.4556253968748 10.6551362032804 0
346 13.5676610408286 9.25156394010497 0
347 15.3766024068939 9.00826301775673 0
348 14.4695141384978 9.37178441014839 0
349 14.7022752644187 9.73970127309849 0
350 14.2280994416807 9.80347747789518 0
351 15.4380532860037 10.0562500291993 0
352 16.3370218600409 10.4430071428084 0
353 14.5280804939756 10.6863080651566 0
354 15.4490575039946 9.03943487963295 0
355 15.2024076364507 9.95486980981482 0
356 15.6765834591887 9.89109360501813 0
357 15.4351687623716 10.3227866727649 0
358 13.4833148074329 10.319160526857 0
359 14.3822833814701 10.7059176404661 0
360 12.5733420154048 10.9492185628143 0
361 13.4943190254238 9.30234537729067 0
362 13.2476691578799 10.2177803074725 0
363 13.7218449806179 10.1540041026758 0
364 13.4804302838008 10.5856971704226 0
365 18.9633229614866 4.49716543870474 0
366 18.7412199498982 5.41733265054429 0
367 18.2260710523143 4.03708183278496 0
368 19.9226778822472 4.03708183278496 0
369 19.0215425811095 4.25596301339915 0
370 19.1565779984684 4.61776665135753 0
371 18.7118483048818 4.61776665135753 0
372 17.9266459229732 4.99433087740947 0
373 16.9672910022126 5.45441448332925 0
374 18.1487489345615 4.07416366556992 0
375 18.6638978321454 5.45441448332925 0
376 18.1781205795779 4.87372966475668 0
377 17.8684263033502 5.23553330271505 0
378 17.7333908859913 4.87372966475668 0
379 17.6866418459463 5.98866175481894 0
380 17.464538834358 6.9088289666585 0
381 16.949389936774 5.52857814889917 0
382 18.6459967667069 5.52857814889917 0
383 17.7448614655692 5.74745932951336 0
384 17.8798968829281 6.10926296747173 0
385 17.4351671893416 6.10926296747173 0
386 17.1299729614866 4.49716543870474 0
387 16.9078699498982 5.41733265054429 0
388 16.3927210523143 4.03708183278496 0
389 18.0893278822472 4.03708183278496 0
390 17.1881925811095 4.25596301339915 0
391 17.3232279984684 4.61776665135753 0
392 16.8784983048818 4.61776665135753 0
393 10.4272459663609 5.52937462378066 0
394 11.0091010199833 5.75293039115049 0
395 10.1015012209226 6.21697272223281 0
396 10.1711356581768 4.61822075795869 0
397 10.2747249372433 5.47077419487291 0
398 10.512633080376 5.34913528592097 0
399 10.4943798814634 5.76821439054812 0
400 10.7039982611327 6.51396569722978 0
401 10.9601085693168 7.42511956305175 0
402 10.1221432075102 6.29040992985996 0
403 11.029743006571 5.82636759877764 0
404 10.6368643460301 6.27512593046233 0
405 10.8565192902503 6.57256612613754 0
406 10.6186111471176 6.69420503508948 0
407 11.3327496864708 6.75553961929379 0
408 11.9146047400933 6.97909538666362 0
409 11.0070049410325 7.44313771774594 0
410 11.0766393782867 5.84438575347183 0
411 11.1802286573532 6.69693919038604 0
412 11.4181368004859 6.5753002814341 0
413 11.3998836015734 6.99437938606125 0
414 10.3519991305663 7.25698284861489 0
415 10.9338541841888 7.48053861598472 0
416 10.0262543851281 7.94458094706703 0
417 10.0958888223822 6.34582898279292 0
418 10.1994781014487 7.19838241970713 0
419 10.4373862445814 7.0767435107552 0
420 10.4191330456689 7.49582261538234 0
421 13.5682461595236 11.4123631674474 0
422 14.3886181142396 10.7874558053555 0
423 13.736443616157 12.418876969283 0
424 12.5796767481743 11.0307567277038 0
425 13.3532029558709 11.576169451119 0
426 13.5241567440911 11.1485268049009 0
427 13.8273787786089 11.5123932463223 0
428 14.6364923190472 11.8247263348949 0
429 15.6250617303965 12.2063327746385 0
430 13.8161203643312 12.4496336969868 0
431 14.4682948624138 10.8182125330593 0
432 14.3773596999619 11.72469625602 0
433 14.8515355226999 11.6609200512233 0
434 14.6805817344798 12.0885626974413 0
435 15.5229846380944 11.1494526697897 0
436 16.3433565928104 10.5245453076978 0
437 15.6911820947278 12.1559664716253 0
438 14.5344152267451 10.767846230046 0
439 15.3079414344417 11.3132589534613 0
440 15.4788952226619 10.8856163072432 0
441 15.7821172571797 11.2494827486646 0
442 14.8182461595236 12.9123631674474 0
443 15.6386181142396 12.2874558053555 0
444 14.986443616157 13.918876969283 0
445 13.8296767481743 12.5307567277038 0
446 14.6032029558709 13.076169451119 0
447 14.7741567440911 12.6485268049009 0
448 15.0773787786089 13.0123932463223 0
449 15.302960379314 7.87005137712383 0
450 15.9188827016853 7.26097847135296 0
451 15.4389813961514 8.87637396159696 0
452 14.5510170401052 7.47280169842156 0
453 15.1415093342818 8.02970699207033 0
454 15.2673053388696 7.60626513817552 0
455 15.5000664647905 7.97418200112563 0
456 16.1155088711722 8.29931859779016 0
457 16.867452210381 8.69656827649242 0
458 15.4995865488009 8.90839150356102 0
459 15.9794878543348 7.29299601331703 0
460 15.9184027856957 8.19518797378836 0
461 16.2769599162044 8.13966298284366 0
462 16.1511639116166 8.56310483673846 0
463 16.7810733200459 7.64115561500929 0
464 17.3969956424172 7.03208270923842 0
465 16.9170943368833 8.64747819948242 0
466 16.0291299808371 7.24390593630702 0
467 16.6196222750137 7.80081122995579 0
468 16.7454182796015 7.37736937606098 0
469 16.9781794055224 7.74528623901109 0
470 16.2624929141569 9.38674880123736 0
471 16.8784152365283 8.7776758954665 0
472 16.3985139309944 10.3930713857105 0
473 15.5105495749481 8.9894991225351 0
474 16.1010418691248 9.54640441618387 0
475 16.2268378737126 9.12296256228906 0
476 16.4595989996334 9.49087942523916 0
477 16.2117082760625 5.07062946478098 0
478 16.8393797957839 5.46010532834456 0
479 15.4715141342038 5.67192855541316 0
480 16.3242308981999 4.07985451058523 0
481 16.0471774267733 4.96853658244309 0
482 16.405734557282 4.91301159149839 0
483 16.1822128441322 5.33034022040147 0
484 16.090116552125 6.14125892956197 0
485 15.9775939299876 7.13203388375772 0
486 15.4624450324037 5.75178306599839 0
487 16.8303106939838 5.53995983892979 0
488 16.1196119840553 5.88154817394149 0
489 16.2546474014142 6.24335181189986 0
490 15.8960902709056 6.29887680284456 0
491 16.7683771605223 6.56212578089519 0
492 17.3960486802436 6.95160164445877 0
493 16.0281830186635 7.16342487152737 0
494 16.8808997826597 5.57135082669944 0
495 16.6038463112331 6.4600328985573 0
496 16.9624034417417 6.4045079076126 0
497 16.738881728592 6.82183653651567 0
498 15.2902642197904 6.79102154300973 0
499 15.9179357395117 7.18049740657331 0
500 14.5500700779316 7.39232063364191 0
501 15.4027868419278 5.80024658881398 0
502 15.1257333705012 6.68892866067184 0
503 15.4842905010098 6.63340366972714 0
504 15.2607687878601 7.05073229863021 0
505 17.180757599581 9.64661810849445 0
506 16.9469053906426 8.79705863901109 0
507 18.1283633229916 9.73034155721716 0
508 16.4670040851088 10.4124541292551 0
509 17.242057023461 9.86931220348513 0
510 16.9323627472333 9.62467177240789 0
511 17.3678530280487 9.44587034959033 0
512 17.9520382420204 8.81905721230433 0
513 18.6657917564926 8.05322119154369 0
514 18.1858904509587 9.66861668178768 0
515 17.0044325186098 8.73533376358161 0
516 17.7649428135526 9.01980497120845 0
517 17.8907388181404 8.59636311731365 0
518 18.2004330943681 8.84100354839089 0
519 17.6993380054699 7.90102492226637 0
520 17.4654857965315 7.05146545278302 0
521 18.6469437288805 7.98474837098908 0
522 16.9855844909977 8.66686094302701 0
523 17.7606374293499 8.12371901725705 0
524 17.4509431531222 7.87907858617981 0
525 17.8864334339376 7.70027716336225 0
526 18.9760191210102 8.90952860615216 0
527 18.7421669120718 8.05996913666881 0
528 19.9236248444208 8.99325205487488 0
529 18.262265606538 9.6753646269128 0
530 19.0373185448901 9.13222270114285 0
531 18.7276242686625 8.8875822700656 0
532 19.1631145494779 8.70878084724805 0
533 12.1297324638997 4.59031618194822 0
534 12.3003029135004 5.43081427890882 0
535 11.4623375516938 4.29610464571703 0
536 12.6265569265048 4.04402962121882 0
537 12.0850210184148 4.36999733463097 0
538 12.3046759626349 4.66743753030618 0
539 11.9995004106494 4.73351368090753 0
540 11.5928649277994 5.18063236389645 0
541 11.0960404651943 5.72691892462585 0
542 11.4222944781986 4.34013426693585 0
543 12.2602598400052 5.47484390012765 0
544 11.7230969810497 5.03743486493715 0
545 11.6375763732843 5.40095121121371 0
546 11.4179214290641 5.1035110155385 0
547 11.7771830198042 6.08887295262713 0
548 11.9477534694049 6.92937104958773 0
549 11.1097881075983 5.79466141639593 0
550 12.2740074824092 5.54258639189773 0
551 11.7324715743192 5.86855410530987 0
552 11.9521265185394 6.16599430098508 0
553 11.6469509665538 6.23207045158643 0
554 10.8716792996942 4.862707957114 0
555 11.042249749295 5.7032060540746 0
556 10.2042843874884 4.5684964208828 0
557 11.3685037622993 4.31642139638459 0
558 10.8269678542093 4.64238910979674 0
559 11.0466227984295 4.93982930547195 0
560 10.7414472464439 5.0059054560733 0
561 11.8277627777778 2.4 0
562 12.588661402318 2.21491730112277 0
563 11.8328869979436 2.9552480966317 0
564 11.0617399330717 2.02983460224554 0
565 11.6283092531473 2.44851552552285 0
566 11.8264195715475 2.25445342343145 0
567 12.0285595086385 2.4970310510457 0
568 12.6555255555556 2.8 0
569 13.4215484002617 3.17016539775446 0
570 11.8946269310153 2.98508269887723 0
571 12.6504013353897 2.2447519033683 0
572 12.4547288246948 2.7029689489543 0
573 12.854979080186 2.75148447447715 0
574 12.6568687617858 2.94554657656855 0
575 13.4777511111111 2.6 0
576 14.2386497356514 2.41491730112277 0
577 13.482875331277 3.1552480966317 0
578 12.711728266405 2.22983460224554 0
579 13.2782975864806 2.64851552552285 0
580 13.4764079048809 2.45445342343145 0
581 13.6785478419718 2.6970310510457 0
582 12.6610627777778 3.4 0
583 13.421961402318 3.21491730112277 0
584 12.6661869979436 3.9552480966317 0
585 11.8950399330717 3.02983460224554 0
586 12.4616092531473 3.44851552552285 0
587 12.6597195715475 3.25445342343145 0
588 12.8618595086385 3.4970310510457 0
589 13.1055516666667 0.733333333333333 0
590 13.7636162872363 1.16519296404687 0
591 12.2366948179899 0.980110265169642 0
592 13.3163438947738 0.0546967707834834 0
593 12.9330539070781 0.620130440446684 0
594 13.3333041625693 0.668645965969533 0
595 13.0502969303526 0.91122359358378 0
596 12.87777 1.46666666666667 0
597 12.6669777718929 2.14530322921652 0
598 12.2197053794304 1.03480703595313 0
599 13.7466268486767 1.21988973483036 0
600 12.933024736314 1.28877640641622 0
601 13.0502677595886 1.57986955955332 0
602 12.6500175040974 1.53135403403047 0
603 13.5888733333333 1.93333333333333 0
604 14.246937953903 2.36519296404687 0
605 12.7200164846566 2.18011026516964 0
606 13.7996655614404 1.25469677078348 0
607 13.4163755737447 1.82013044044668 0
608 13.8166258292359 1.86864596596953 0
609 13.5336185970193 2.11122359358378 0
610 11.938885 1.73333333333333 0
611 12.5969496205696 2.16519296404687 0
612 11.0700281513233 1.98011026516964 0
613 12.1496772281071 1.05469677078348 0
614 11.7663872404114 1.62013044044668 0
615 12.1666374959026 1.66864596596953 0
616 11.883630263686 1.91122359358378 0
617 13.5499461111111 3.73333333333333 0
618 13.4882601040498 3.23977946966072 0
619 14.4290925296082 3.98011026516964 0
620 12.7324856996754 3.98011026516964 0
621 13.5661157967065 3.86270806806093 0
622 13.3194964215201 3.66864596596953 0
623 13.7642261151067 3.66864596596953 0
624 14.4332922222222 3.46666666666667 0
625 15.250752633658 3.21988973483036 0
626 14.4949782292836 3.96022053033929 0
627 13.5541458037251 3.21988973483036 0
628 14.2190122182266 3.53135403403047 0
629 14.4171225366268 3.33729193193907 0
630 14.6637419118132 3.53135403403047 0
631 14.3666344444444 2.93333333333333 0
632 14.3049484373831 2.43977946966072 0
633 15.2457808629415 3.18011026516964 0
634 13.5491740330087 3.18011026516964 0
635 14.3828041300398 3.06270806806093 0
636 14.1361847548535 2.86864596596953 0
637 14.58091444844 2.86864596596953 0
638 15.3832961111111 3.73333333333333 0
639 15.3216101040498 3.23977946966072 0
640 16.2624425296082 3.98011026516964 0
641 14.5658356996754 3.98011026516964 0
642 15.3994657967065 3.86270806806093 0
643 15.1528464215201 3.66864596596953 0
644 15.5975761151067 3.66864596596953 0
645 5.77777777777778 1.66666666666667 0
646 5.82918963857701 1.04972433707589 0
647 6.44613196816778 1.97513783146205 0
648 5.05801172658854 1.97513783146205 0
649 5.76430124291032 1.82838508507616 0
650 5.60258282450082 1.58580745746192 0
651 5.96644926592219 1.58580745746192 0
652 6.55555555555556 1.33333333333333 0
653 7.27532160674479 1.02486216853795 0
654 6.50414369475633 1.95027566292411 0
655 5.88720136516555 1.02486216853795 0
656 6.36688406741114 1.41419254253808 0
657 6.56903209042301 1.17161491492384 0
658 6.73075050883251 1.41419254253808 0
659 6.61111111111111 0.666666666666667 0
660 6.66252297191034 0.049724337075894 0
661 7.27946530150112 0.975137831462053 0
662 5.89134505992188 0.975137831462053 0
663 6.59763457624365 0.828385085076165 0
664 6.43591615783415 0.585807457461918 0
665 6.79978259925552 0.585807457461918 0
666 7.27777777777778 1.66666666666667 0
667 7.32918963857701 1.04972433707589 0
668 7.94613196816779 1.97513783146205 0
669 6.55801172658854 1.97513783146205 0
670 7.26430124291032 1.82838508507616 0
671 7.10258282450082 1.58580745746192 0
672 7.46644926592219 1.58580745746192 0
673 19.4655536666667 3.01333333333333 0
674 18.4763859688829 3.03801102651696 0
675 19.9601375155585 2.07558099235536 0
676 19.9601375155585 3.92640798112768 0
677 19.7248431139209 3.00686459659695 0
678 19.3359089430395 3.25914532931577 0
679 19.3359089430395 2.77399007408728 0
680 18.9311073333333 2.02666666666667 0
681 18.4365234844415 1.11359201887232 0
682 19.9202750311171 2.00198897348304 0
683 18.4365234844415 2.96441900764464 0
684 19.0607520569605 2.26600992591272 0
685 18.6718178860791 2.03313540340305 0
686 19.0607520569605 1.78085467068423 0
687 17.8622146666667 2.05333333333333 0
688 16.8730469688829 2.07801102651696 0
689 18.3567985155585 1.11558099235536 0
690 18.3567985155585 2.96640798112768 0
691 18.1215041139209 2.04686459659695 0
692 17.7325699430395 2.29914532931577 0
693 17.7325699430395 1.81399007408728 0
694 19.4655536666667 1.01333333333333 0
695 18.4763859688829 1.03801102651696 0
696 19.9601375155585 0.0755809923553588 0
697 19.9601375155585 1.92640798112768 0
698 19.7248431139209 1.00686459659695 0
699 19.3359089430395 1.25914532931577 0
700 19.3359089430395 0.773990074087277 0
701 15.0544214444444 2.61333333333333 0
702 15.5099357751354 2.2678456287625 0
703 15.2970804918782 3.15624258337321 0
704 14.3562480663197 2.41591178786429 0
705 14.9350179709122 2.70389564764265 0
706 14.9908134936174 2.47102112513298 0
707 15.2374328688037 2.66508322722437 0
708 15.8088662222222 2.82666666666667 0
709 16.5070396003469 3.02408821213571 0
710 15.3533518915312 3.1721543712375 0
711 15.5662071747885 2.28375741662679 0
712 15.6258547978629 2.77491677277563 0
713 15.9282696957545 2.73610435235735 0
714 15.8724741730493 2.96897887486702 0
715 16.3010941111111 2.45333333333333 0
716 16.7566084418021 2.1078456287625 0
717 16.5437531585448 2.99624258337321 0
718 15.6029207329864 2.25591178786429 0
719 16.1816906375789 2.54389564764265 0
720 16.2374861602841 2.31102112513297 0
721 16.4841055354704 2.50508322722437 0
722 16.0710831111111 3.41333333333333 0
723 16.5265974418021 3.0678456287625 0
724 16.3137421585448 3.95624258337321 0
725 15.3729097329864 3.21591178786429 0
726 15.9516796375789 3.50389564764265 0
727 16.0074751602841 3.27102112513297 0
728 16.2540945354704 3.46508322722437 0
729 17.021087 3.68 0
730 16.5974549121939 3.08773536359286 0
731 18.0812064588695 3.97613231820357 0
732 16.3845996289366 3.97613231820357 0
733 17.1321332160587 3.83524968167312 0
734 16.7431990451773 3.60237515916344 0
735 17.1879287387639 3.60237515916344 0
736 17.708874 3.36 0
737 18.3453613710634 3.06386768179643 0
738 18.1325060878061 3.95226463640714 0
739 16.6487545411305 3.06386768179643 0
740 17.5420322612361 3.43762484083656 0
741 17.5978277839413 3.20475031832688 0
742 17.9867619548227 3.43762484083656 0
743 17.251098 2.72 0
744 16.8274659121939 2.12773536359286 0
745 18.3112174588695 3.01613231820357 0
746 16.6146106289366 3.01613231820357 0
747 17.3621442160587 2.87524968167312 0
748 16.9732100451773 2.64237515916344 0
749 17.4179397387639 2.64237515916344 0
750 18.854437 3.68 0
751 18.4308049121939 3.08773536359286 0
752 19.9145564588695 3.97613231820357 0
753 18.2179496289366 3.97613231820357 0
754 18.9654832160587 3.83524968167312 0
755 18.5765490451773 3.60237515916344 0
756 19.0212787387639 3.60237515916344 0
757 1.94444444444444 0.333333333333333 0
758 3.22974096442522 0.024862168537947 0
759 2.45856305243676 0.950275662924106 0
760 0.145029316471358 0.024862168537947 0
761 1.60753107275799 0.414192542538082 0
762 1.80967909576986 0.171614914923835 0
763 2.41612316480548 0.414192542538082 0
764 3.88888888888889 0.666666666666666 0
765 5.68830401686198 0.975137831462053 0
766 2.60359236890811 0.975137831462053 0
767 3.37477028089658 0.049724337075894 0
768 3.41721016852785 0.585807457461917 0
769 4.22580226057534 0.585807457461917 0
770 4.02365423756347 0.828385085076164 0
771 5.27777777777778 0.333333333333333 0
772 6.56307429775855 0.024862168537947 0
773 5.79189638577009 0.950275662924106 0
774 3.47836264980469 0.024862168537947 0
775 4.94086440609132 0.414192542538082 0
776 5.14301242910319 0.171614914923835 0
777 5.74945649813881 0.414192542538082 0
778 4.44444444444444 1.33333333333333 0
779 5.72974096442522 1.02486216853795 0
780 4.95856305243676 1.95027566292411 0
781 2.64502931647136 1.02486216853795 0
782 4.10753107275799 1.41419254253808 0
783 4.30967909576986 1.17161491492384 0
784 4.91612316480548 1.41419254253808 0
785 18.3544425555556 0.346666666666666 0
786 18.3935120737564 0.98828668944107 0
787 16.7925519724782 0.0258566552794649 0
788 19.877263620432 0.0258566552794649 0
789 18.3442013054607 0.178479511520788 0
790 18.7638592266268 0.430760244239605 0
791 17.9552671345793 0.430760244239605 0
792 16.7088851111111 0.693333333333334 0
793 15.1860640462346 1.01414334472054 0
794 16.6698155929102 0.0517133105589297 0
795 18.2707756941885 1.01414334472054 0
796 17.1080605320874 0.609239755760395 0
797 16.719126361206 0.861520488479212 0
798 16.2994684400399 0.609239755760395 0
799 16.7511035555556 1.38666666666667 0
800 16.7901730737564 2.02828668944107 0
801 15.1892129724782 1.06585665527946 0
802 18.273924620432 1.06585665527946 0
803 16.7408623054607 1.21847951152079 0
804 17.1605202266268 1.47076024423961 0
805 16.3519281345793 1.47076024423961 0
806 15.0211092222222 0.346666666666666 0
807 15.0601787404231 0.98828668944107 0
808 13.4592186391448 0.0258566552794649 0
809 16.5439302870987 0.0258566552794649 0
810 15.0108679721273 0.178479511520788 0
811 15.4305258932934 0.430760244239605 0
812 14.6219338012459 0.430760244239605 0
813 8.5 0.333333333333333 0
814 9.88812024157924 0.024862168537947 0
815 8.80847116479539 0.950275662924106 0
816 6.80340859362537 0.024862168537947 0
817 8.13613355857863 0.414192542538082 0
818 8.41914079079525 0.171614914923835 0
819 8.94472565062612 0.414192542538082 0
820 10.3333333333333 0.666666666666666 0
821 12.029924739708 0.975137831462053 0
822 8.94521309175409 0.975137831462053 0
823 10.0248621685379 0.049724337075894 0
824 9.88860768270721 0.585807457461917 0
825 10.6971997747547 0.585807457461917 0
826 10.4141925425381 0.828385085076164 0
827 11.8333333333333 0.333333333333333 0
828 13.2214535749126 0.024862168537947 0
829 12.1418044981287 0.950275662924106 0
830 10.1367419269587 0.024862168537947 0
831 11.469466891912 0.414192542538082 0
832 11.7524741241286 0.171614914923835 0
833 12.2780589839595 0.414192542538082 0
834 10.6666666666667 1.33333333333333 0
835 12.0547869082459 1.02486216853795 0
836 10.9751378314621 1.95027566292411 0
837 8.97007526029204 1.02486216853795 0
838 10.3028002252453 1.41419254253808 0
839 10.5858074574619 1.17161491492384 0
840 11.1113923172928 1.41419254253808 0
841 7.61111111111111 0.666666666666666 0
842 8.74217204869419 0.975137831462053 0
843 7.35405180711496 0.975137831462053 0
844 6.73710947752418 0.049724337075894 0
845 7.31462734402703 0.585807457461917 0
846 7.6784937854484 0.585807457461917 0
847 7.8402122038579 0.828385085076164 0
848 8.55555555555556 1.33333333333333 0
849 9.42955718914249 1.95027566292411 0
850 7.42449461797247 1.02486216853795 0
851 8.81261485955171 1.02486216853795 0
852 8.32645446280877 1.17161491492384 0
853 8.85203932263964 1.41419254253808 0
854 8.48817288121827 1.41419254253808 0
855 9.77777777777778 1.66666666666667 0
856 10.9088387153609 1.97513783146205 0
857 9.52071847378162 1.97513783146205 0
858 8.90377614419085 1.04972433707589 0
859 9.4812940106937 1.58580745746192 0
860 9.84516045211507 1.58580745746192 0
861 10.0068788705246 1.82838508507616 0
862 8.27777777777778 1.66666666666667 0
863 9.40883871536086 1.97513783146205 0
864 8.02071847378163 1.97513783146205 0
865 7.40377614419085 1.04972433707589 0
866 7.9812940106937 1.58580745746192 0
867 8.34516045211507 1.58580745746192 0
868 8.50687887052457 1.82838508507616 0
869 14.0711053333333 0.746666666666666 0
870 14.9893212700313 1.01812129168661 0
871 13.8356335612156 1.16618745078839 0
872 13.3883611687531 0.0556912575250013 0
873 13.8304143936475 0.675510562566487 0
874 14.132829291539 0.636698142148207 0
875 14.2500723148136 0.927791295285304 0
876 14.8088773333333 1.49333333333333 0
877 15.4916214979136 2.184308742475 0
878 13.8906613966353 1.22187870831339 0
879 15.0443491054511 1.07381254921161 0
880 14.6299103518531 1.3122087047147 0
881 15.0495682730192 1.56448943743351 0
882 14.7471533751277 1.60330185785179 0
883 15.8010996666667 1.78666666666667 0
884 16.7193156033647 2.05812129168661 0
885 15.5656278945489 2.20618745078839 0
886 15.1183555020864 1.095691257525 0
887 15.5604087269808 1.71551056256649 0
888 15.8628236248723 1.67669814214821 0
889 15.9800666481469 1.9677912952853 0
890 14.554427 1.94666666666667 0
891 15.472642936698 2.21812129168661 0
892 14.3189552278823 2.36618745078839 0
893 13.8716828354197 1.255691257525 0
894 14.3137360603141 1.87551056256649 0
895 14.6161509582057 1.83669814214821 0
896 14.7333939814802 2.1277912952853 0
897 0.833333333333332 0.666666666666666 0
898 2.37568915731027 0.975137831462053 0
899 0.0621554213448675 0.975137831462053 0
900 0.0621554213448675 0.049724337075894 0
901 0.429037287309587 0.585807457461917 0
902 1.0354813563452 0.585807457461917 0
903 1.0354813563452 0.828385085076164 0
904 1.66666666666667 1.33333333333333 0
905 2.43784457865513 1.95027566292411 0
906 0.124310842689735 1.02486216853795 0
907 2.43784457865513 1.02486216853795 0
908 1.4645186436548 1.17161491492384 0
909 2.07096271269041 1.41419254253808 0
910 1.4645186436548 1.41419254253808 0
911 3.33333333333333 1.66666666666667 0
912 4.87568915731027 1.97513783146205 0
913 2.56215542134487 1.97513783146205 0
914 2.56215542134487 1.04972433707589 0
915 2.92903728730959 1.58580745746192 0
916 3.5354813563452 1.58580745746192 0
917 3.5354813563452 1.82838508507616 0
918 0.833333333333332 1.66666666666667 0
919 2.37568915731027 1.97513783146205 0
920 0.0621554213448675 1.97513783146205 0
921 0.0621554213448675 1.04972433707589 0
922 0.429037287309587 1.58580745746192 0
923 1.0354813563452 1.58580745746192 0
924 1.0354813563452 1.82838508507616 0
