1 0 0 0
2 20 0 0
3 20 4 0
4 12.6666 4 0
5 11 2 0
6 0 2 0
7 20 14 0
8 15 14 0
9 5 2 0
10 3.33333333333333 0 0
11 6.66666666666667 0 0
12 10 0 0
13 13.3333333333333 0 0
14 16.6666666666667 0 0
15 0.666666666666667 0 0
16 1.33333333333333 0 0
17 2 0 0
18 2.66666666666667 0 0
19 4 0 0
20 4.66666666666667 0 0
21 5.33333333333333 0 0
22 6 0 0
23 7.33333333333333 0 0
24 8 0 0
25 8.66666666666667 0 0
26 9.33333333333333 0 0
27 10.6666666666667 0 0
28 11.3333333333333 0 0
29 12 0 0
30 12.6666666666667 0 0
31 14 0 0
32 14.6666666666667 0 0
33 15.3333333333333 0 0
34 16 0 0
35 17.3333333333333 0 0
36 18 0 0
37 18.6666666666667 0 0
38 19.3333333333333 0 0
39 20 2 0
40 20 0.4 0
41 20 0.8 0
42 20 1.2 0
43 20 1.6 0
44 20 2.4 0
45 20 2.8 0
46 20 3.2 0
47 20 3.6 0
48 18.16665 4 0
49 16.3333 4 0
50 14.49995 4 0
51 19.63333 4 0
52 19.26666 4 0
53 18.89999 4 0
54 18.53332 4 0
55 17.79998 4 0
56 17.43331 4 0
57 17.06664 4 0
58 16.69997 4 0
59 15.96663 4 0
60 15.59996 4 0
61 15.23329 4 0
62 14.86662 4 0
63 14.13328 4 0
64 13.76661 4 0
65 13.39994 4 0
66 13.03327 4 0
67 11.8333 3 0
68 12.49994 3.8 0
69 12.33328 3.6 0
70 12.16662 3.4 0
71 11.99996 3.2 0
72 11.66664 2.8 0
73 11.49998 2.6 0
74 11.33332 2.4 0
75 11.16666 2.2 0
76 9.5 2 0
77 8 2 0
78 6.5 2 0
79 10.7 2 0
80 10.4 2 0
81 10.1 2 0
82 9.8 2 0
83 9.2 2 0
84 8.9 2 0
85 8.6 2 0
86 8.3 2 0
87 7.7 2 0
88 7.4 2 0
89 7.1 2 0
90 6.8 2 0
91 6.2 2 0
92 5.9 2 0
93 5.6 2 0
94 5.3 2 0
95 2.5 2 0
96 4.5 2 0
97 4 2 0
98 3.5 2 0
99 3 2 0
100 2 2 0
101 1.5 2 0
102 1 2 0
103 0.5 2 0
104 0 1 0
105 0 1.8 0
106 0 1.6 0
107 0 1.4 0
108 0 1.2 0
109 0 0.8 0
110 0 0.6 0
111 0 0.4 0
112 0 0.2 0
113 20 6.5 0
114 20 9 0
115 20 11.5 0
116 20 4.5 0
117 20 5 0
118 20 5.5 0
119 20 6 0
120 20 7 0
121 20 7.5 0
122 20 8 0
123 20 8.5 0
124 20 9.5 0
125 20 10 0
126 20 10.5 0
127 20 11 0
128 20 12 0
129 20 12.5 0
130 20 13 0
131 20 13.5 0
132 17.5 14 0
133 19.5 14 0
134 19 14 0
135 18.5 14 0
136 18 14 0
137 17 14 0
138 16.5 14 0
139 16 14 0
140 15.5 14 0
141 13.75 12.5 0
142 12.5 11 0
143 11.25 9.5 0
144 10 8 0
145 8.75 6.5 0
146 7.5 5 0
147 6.25 3.5 0
148 14.75 13.7 0
149 14.5 13.4 0
150 14.25 13.1 0
151 14 12.8 0
152 13.5 12.2 0
153 13.25 11.9 0
154 13 11.6 0
155 12.75 11.3 0
156 12.25 10.7 0
157 12 10.4 0
158 11.75 10.1 0
159 11.5 9.8 0
160 11 9.2 0
161 10.75 8.9 0
162 10.5 8.6 0
163 10.25 8.3 0
164 9.75 7.7 0
165 9.5 7.4 0
166 9.25 7.1 0
167 9 6.8 0
168 8.5 6.2 0
169 8.25 5.9 0
170 8 5.6 0
171 7.75 5.3 0
172 7.25 4.7 0
173 7 4.4 0
174 6.75 4.1 0
175 6.5 3.8 0
176 6 3.2 0
177 5.75 2.9 0
178 5.5 2.6 0
179 5.25 2.3 0
180 14.4904118874557 7.44078415645749 0
181 10.1504936715891 4.54478355033154 0
182 16.4094769571416 10.4741790046846 0
183 11.961501111809 6.99711354135781 0
184 17.4466377689195 6.98299263222841 0
185 15.4118559437278 5.72039207822875 0
186 13.5785059437278 5.72039207822875 0
187 7.75 3.5 0
188 12.2307505559045 8.9985567706789 0
189 13.2259564996323 7.21894884890765 0
190 13.4952059437278 9.22039207822875 0
191 10.9807505559045 7.4985567706789 0
192 15.7047384785708 12.2370895023423 0
193 18.2047384785708 12.2370895023423 0
194 8.82524683579455 4.77239177516577 0
195 10.0752468357945 6.27239177516577 0
196 12.3140505559045 5.4985567706789 0
197 10.5752468357945 3.27239177516577 0
198 9.07524683579456 3.27239177516577 0
199 18.2047384785708 9.73708950234228 0
200 18.7233188844597 7.99149631611421 0
201 18.7233188844597 5.49149631611421 0
202 11.4085468357945 4.27239177516577 0
203 15.4499444222986 8.95748158057103 0
204 14.4547384785708 10.7370895023423 0
205 16.8899688844597 5.49149631611421 0
206 11.055997391699 5.77094854584468 0
207 15.9685248281876 7.21188839434295 0
208 16.9280573630305 8.72858581845649 0
209 16.1490111887456 4.34407841564575 0
210 15.9647223774911 4.6881568312915 0
211 15.7804335662367 5.03223524693725 0
212 15.5961447549823 5.376313662583 0
213 15.2294747549823 5.376313662583 0
214 15.0470935662367 5.03223524693725 0
215 14.8647123774911 4.6881568312915 0
216 14.6823311887456 4.34407841564575 0
217 15.7823411887456 4.34407841564575 0
218 15.4137635662367 5.03223524693725 0
219 15.0490011887456 4.34407841564575 0
220 15.5980523774911 4.6881568312915 0
221 15.2313823774911 4.6881568312915 0
222 15.4156711887456 4.34407841564575 0
223 15.0451859437278 5.72039207822875 0
224 14.6785159437278 5.72039207822875 0
225 14.3118459437278 5.72039207822875 0
226 13.9451759437278 5.72039207822875 0
227 13.7627947549823 5.376313662583 0
228 13.9470835662367 5.03223524693725 0
229 14.1313723774911 4.6881568312915 0
230 14.3156611887456 4.34407841564575 0
231 14.8628047549823 5.376313662583 0
232 14.1294647549823 5.376313662583 0
233 14.4980423774911 4.6881568312915 0
234 14.4961347549823 5.376313662583 0
235 14.3137535662367 5.03223524693725 0
236 14.6804235662367 5.03223524693725 0
237 15.2275671324734 6.0644704938745 0
238 15.043278321219 6.40854890952025 0
239 14.8589895099645 6.752627325166 0
240 14.6747006987101 7.09670574081175 0
241 14.3080306987101 7.09670574081175 0
242 14.1256495099645 6.752627325166 0
243 13.943268321219 6.40854890952024 0
244 13.7608871324734 6.0644704938745 0
245 14.8608971324734 6.0644704938745 0
246 14.4923195099645 6.752627325166 0
247 14.1275571324734 6.0644704938745 0
248 14.676608321219 6.40854890952025 0
249 14.309938321219 6.40854890952024 0
250 14.4942271324734 6.0644704938745 0
251 13.3961247549823 5.376313662583 0
252 13.2137435662367 5.03223524693725 0
253 13.0313623774911 4.6881568312915 0
254 12.8489811887456 4.34407841564575 0
255 13.9489911887456 4.34407841564575 0
256 13.5804135662367 5.03223524693725 0
257 13.2156511887456 4.34407841564575 0
258 13.7647023774911 4.6881568312915 0
259 13.3980323774911 4.6881568312915 0
260 13.5823211887456 4.34407841564575 0
261 6.45 2.3 0
262 6.4 2.6 0
263 6.35 2.9 0
264 6.3 3.2 0
265 5.55 2.3 0
266 6.15 2.3 0
267 6.05 2.9 0
268 5.85 2.3 0
269 6.1 2.6 0
270 5.8 2.6 0
271 6.75 2.3 0
272 7 2.6 0
273 7.25 2.9 0
274 7.5 3.2 0
275 7.45 3.5 0
276 7.15 3.5 0
277 6.85 3.5 0
278 6.55 3.5 0
279 6.7 2.6 0
280 7.2 3.2 0
281 6.6 3.2 0
282 6.95 2.9 0
283 6.9 3.2 0
284 6.65 2.9 0
285 7.95 2.3 0
286 7.9 2.6 0
287 7.85 2.9 0
288 7.8 3.2 0
289 7.05 2.3 0
290 7.65 2.3 0
291 7.55 2.9 0
292 7.35 2.3 0
293 7.6 2.6 0
294 7.3 2.6 0
295 7.7 3.8 0
296 7.65 4.1 0
297 7.6 4.4 0
298 7.55 4.7 0
299 6.8 3.8 0
300 7.4 3.8 0
301 7.3 4.4 0
302 7.1 3.8 0
303 7.35 4.1 0
304 7.05 4.1 0
305 12.4461501111809 10.5997113541358 0
306 12.3923002223618 10.1994227082716 0
307 12.3384503335427 9.79913406240734 0
308 12.2846004447236 9.39884541654312 0
309 12.4836416334691 9.04292383218887 0
310 12.7365327110338 9.08729089369884 0
311 12.9894237885985 9.13165795520881 0
312 13.2423148661632 9.17602501671878 0
313 13.2961647549823 9.576313662583 0
314 13.0971235662367 9.93223524693725 0
315 12.8980823774911 10.2881568312915 0
316 12.6990411887456 10.6440784156457 0
317 12.6451912999265 10.2437897697815 0
318 12.5374915222883 9.44321247805309 0
319 13.0432736774176 9.53194660107303 0
320 12.5913414111074 9.84350112391731 0
321 12.7903825998529 9.48757953956306 0
322 12.844232488672 9.88786818542728 0
323 12.42979174465 8.64263518632465 0
324 12.6288329333956 8.2867136019704 0
325 12.8278741221412 7.93079201761615 0
326 13.0269153108867 7.5748704332619 0
327 13.2798063884514 7.61923749477187 0
328 13.3336562772705 8.01952614063609 0
329 13.3875061660896 8.41981478650031 0
330 13.4413560549087 8.82010343236453 0
331 12.6826828222147 8.68700224783462 0
332 13.0807651997058 7.97515907912612 0
333 13.1884649773441 8.77573637085456 0
334 12.8817240109603 8.33108066348037 0
335 13.134615088525 8.37544772499034 0
336 12.9355738997794 8.73136930934459 0
337 12.1769006670854 8.59826812481469 0
338 12.1230507782663 8.19797947895047 0
339 12.0692008894472 7.79769083308625 0
340 12.0153510006281 7.39740218722203 0
341 12.2143921893736 7.04148060286778 0
342 12.4672832669383 7.08584766437775 0
343 12.720174344503 7.13021472588771 0
344 12.9730654220676 7.17458178739768 0
345 12.3759418558309 8.24234654046044 0
346 12.2682420781927 7.441769248732 0
347 12.7740242333221 7.53050337175193 0
348 12.3220919670118 7.84205789459622 0
349 12.5211331557574 7.48613631024197 0
350 12.5749830445765 7.88642495610619 0
351 13.478847577197 7.26331591041762 0
352 13.7317386547617 7.30768297192759 0
353 13.9846297323263 7.35205003343756 0
354 14.237520809891 7.39641709494753 0
355 14.2913706987101 7.79670574081174 0
356 14.0923295099645 8.152627325166 0
357 13.893288321219 8.50854890952025 0
358 13.6942471324734 8.8644704938745 0
359 13.6403972436543 8.46418184801028 0
360 13.5326974660161 7.66360455628184 0
361 14.0384796211454 7.75233867930178 0
362 13.5865473548352 8.06389320214606 0
363 13.7855885435808 7.70797161779181 0
364 13.8394384323999 8.10826026365603 0
365 10.1961501111809 7.89971135413578 0
366 10.3923002223618 7.79942270827156 0
367 10.5884503335427 7.69913406240734 0
368 10.7846004447236 7.59884541654312 0
369 11.0346004447236 7.89884541654312 0
370 11.0884503335427 8.29913406240734 0
371 11.1423002223618 8.69942270827156 0
372 11.1961501111809 9.09971135413578 0
373 10.4461501111809 8.19971135413578 0
374 10.8384503335427 7.99913406240734 0
375 10.9461501111809 8.79971135413578 0
376 10.6423002223618 8.09942270827156 0
377 10.8923002223618 8.39942270827156 0
378 10.6961501111809 8.49971135413578 0
379 11.2307505559045 7.79855677067891 0
380 11.4807505559045 8.0985567706789 0
381 11.7307505559045 8.3985567706789 0
382 11.9807505559045 8.6985567706789 0
383 12.0346004447236 9.09884541654312 0
384 11.8384503335427 9.19913406240734 0
385 11.6423002223618 9.29942270827156 0
386 11.4461501111809 9.39971135413578 0
387 11.2846004447236 8.19884541654312 0
388 11.7846004447236 8.79884541654312 0
389 11.3923002223618 8.99942270827156 0
390 11.5346004447236 8.49884541654312 0
391 11.5884503335427 8.89913406240734 0
392 11.3384503335427 8.59913406240734 0
393 11.1769006670854 7.39826812481469 0
394 11.3730507782663 7.29797947895047 0
395 11.5692008894472 7.19769083308625 0
396 11.7653510006281 7.09740218722203 0
397 11.4269006670854 7.69826812481469 0
398 11.8192008894472 7.49769083308625 0
399 11.9269006670854 8.29826812481469 0
400 11.6230507782663 7.59797947895047 0
401 11.8730507782663 7.89797947895047 0
402 11.6769006670854 7.99826812481469 0
403 11.6961501111809 9.69971135413578 0
404 12.0884503335427 9.49913406240734 0
405 12.1961501111809 10.2997113541358 0
406 11.8923002223618 9.59942270827156 0
407 12.1423002223618 9.89942270827157 0
408 11.9461501111809 9.99971135413578 0
409 15.1409476957142 13.6474179004685 0
410 15.2818953914283 13.2948358009369 0
411 15.4228430871425 12.9422537014054 0
412 15.5637907828566 12.5896716018738 0
413 16.0637907828566 12.5896716018738 0
414 16.4228430871425 12.9422537014054 0
415 16.7818953914283 13.2948358009369 0
416 17.1409476957142 13.6474179004685 0
417 15.6409476957142 13.6474179004685 0
418 15.9228430871425 12.9422537014054 0
419 16.6409476957142 13.6474179004685 0
420 15.7818953914283 13.2948358009369 0
421 16.2818953914283 13.2948358009369 0
422 16.1409476957142 13.6474179004685 0
423 16.2047384785708 12.2370895023423 0
424 16.7047384785708 12.2370895023423 0
425 17.2047384785708 12.2370895023423 0
426 17.7047384785708 12.2370895023423 0
427 18.0637907828566 12.5896716018738 0
428 17.9228430871425 12.9422537014054 0
429 17.7818953914283 13.2948358009369 0
430 17.6409476957142 13.6474179004685 0
431 16.5637907828566 12.5896716018738 0
432 17.5637907828566 12.5896716018738 0
433 17.2818953914283 13.2948358009369 0
434 17.0637907828566 12.5896716018738 0
435 17.4228430871425 12.9422537014054 0
436 16.9228430871425 12.9422537014054 0
437 15.845686174285 11.8845074028107 0
438 15.9866338699991 11.5319253032792 0
439 16.1275815657133 11.1793432037476 0
440 16.2685292614274 10.8267611042161 0
441 16.7685292614274 10.8267611042161 0
442 17.1275815657133 11.1793432037476 0
443 17.4866338699991 11.5319253032792 0
444 17.845686174285 11.8845074028107 0
445 16.345686174285 11.8845074028107 0
446 16.6275815657133 11.1793432037477 0
447 17.345686174285 11.8845074028107 0
448 16.4866338699991 11.5319253032792 0
449 16.9866338699991 11.5319253032792 0
450 16.845686174285 11.8845074028107 0
451 18.5637907828566 12.5896716018738 0
452 18.9228430871425 12.9422537014054 0
453 19.2818953914283 13.2948358009369 0
454 19.6409476957142 13.6474179004685 0
455 18.1409476957142 13.6474179004685 0
456 18.4228430871425 12.9422537014054 0
457 19.1409476957142 13.6474179004685 0
458 18.2818953914283 13.2948358009369 0
459 18.7818953914283 13.2948358009369 0
460 18.6409476957142 13.6474179004685 0
461 7.76504936715891 4.95447835503315 0
462 8.03009873431782 4.90895671006631 0
463 8.29514810147673 4.86343506509946 0
464 8.56019746863564 4.81791342013262 0
465 8.81019746863564 5.11791342013262 0
466 8.79514810147673 5.46343506509946 0
467 8.78009873431782 5.80895671006631 0
468 8.76504936715891 6.15447835503315 0
469 8.01504936715891 5.25447835503316 0
470 8.54514810147673 5.16343506509946 0
471 8.51504936715891 5.85447835503316 0
472 8.28009873431782 5.20895671006631 0
473 8.53009873431782 5.50895671006631 0
474 8.26504936715891 5.55447835503316 0
475 9.07524683579455 5.07239177516577 0
476 9.32524683579455 5.37239177516577 0
477 9.57524683579455 5.67239177516577 0
478 9.82524683579455 5.97239177516577 0
479 9.81019746863564 6.31791342013262 0
480 9.54514810147673 6.36343506509946 0
481 9.28009873431782 6.40895671006631 0
482 9.01504936715891 6.45447835503315 0
483 9.06019746863564 5.41791342013262 0
484 9.56019746863564 6.01791342013262 0
485 9.03009873431782 6.10895671006631 0
486 9.31019746863564 5.71791342013262 0
487 9.29514810147673 6.06343506509946 0
488 9.04514810147673 5.76343506509946 0
489 9.09029620295346 4.72687013019893 0
490 9.35534557011237 4.68134848523208 0
491 9.62039493727129 4.63582684026523 0
492 9.8854443044302 4.59030519529839 0
493 10.1354443044302 4.89030519529839 0
494 10.1203949372713 5.23582684026523 0
495 10.1053455701124 5.58134848523208 0
496 10.0902962029535 5.92687013019893 0
497 9.34029620295346 5.02687013019893 0
498 9.87039493727129 4.93582684026523 0
499 9.84029620295346 5.62687013019893 0
500 9.60534557011238 4.98134848523208 0
501 9.85534557011238 5.28134848523208 0
502 9.59029620295346 5.32687013019893 0
503 10.0601974686356 6.61791342013262 0
504 10.0451481014767 6.96343506509946 0
505 10.0300987343178 7.30895671006631 0
506 10.0150493671589 7.65447835503315 0
507 9.26504936715891 6.75447835503316 0
508 9.79514810147673 6.66343506509946 0
509 9.76504936715891 7.35447835503316 0
510 9.53009873431782 6.70895671006631 0
511 9.78009873431782 7.00895671006631 0
512 9.51504936715891 7.05447835503316 0
513 13.2964663884514 6.91923749477187 0
514 13.3669762772705 6.61952614063609 0
515 13.4374861660896 6.31981478650031 0
516 13.5079960549087 6.02010343236453 0
517 14.0551396211454 7.05233867930178 0
518 13.5493574660161 6.96360455628184 0
519 13.6903772436543 6.36418184801028 0
520 13.8022485435808 7.00797161779181 0
521 13.6198673548352 6.66389320214606 0
522 13.8727584323999 6.70826026365603 0
523 13.0435753108867 6.8748704332619 0
524 12.8611941221412 6.53079201761615 0
525 12.6788129333956 6.1867136019704 0
526 12.49643174465 5.84263518632465 0
527 12.5669416334692 5.54292383218887 0
528 12.8198327110338 5.58729089369884 0
529 13.0727237885985 5.63165795520881 0
530 13.3256148661632 5.67602501671878 0
531 13.1140851997058 6.57515907912612 0
532 12.7493228222147 5.88700224783462 0
533 13.2551049773441 5.97573637085456 0
534 12.9317040109603 6.23108066348037 0
535 13.0022138997794 5.93136930934459 0
536 13.184595088525 6.27544772499034 0
537 12.0320110006281 6.69740218722203 0
538 12.1025208894472 6.39769083308625 0
539 12.1730307782663 6.09797947895047 0
540 12.2435406670854 5.79826812481469 0
541 12.7906842333221 6.83050337175193 0
542 12.2849020781927 6.741769248732 0
543 12.4259218558309 6.14234654046044 0
544 12.5377931557574 6.78613631024197 0
545 12.3554119670118 6.44205789459622 0
546 12.6083030445765 6.48642495610618 0
547 12.3845604447236 5.19884541654312 0
548 12.4550703335427 4.89913406240734 0
549 12.5255802223618 4.59942270827156 0
550 12.5960901111809 4.29971135413578 0
551 13.1432336774176 5.33194660107303 0
552 12.6374515222883 5.24321247805309 0
553 12.7784712999265 4.64378976978153 0
554 12.8903425998529 5.28757953956306 0
555 12.7079614111074 4.94350112391731 0
556 12.960852488672 4.98786818542728 0
557 10.9150493671589 2.25447835503316 0
558 10.8300987343178 2.50895671006631 0
559 10.7451481014767 2.76343506509946 0
560 10.6601974686356 3.01791342013262 0
561 10.3601974686356 3.01791342013262 0
562 10.1451481014767 2.76343506509946 0
563 9.93009873431782 2.50895671006631 0
564 9.71504936715891 2.25447835503316 0
565 10.6150493671589 2.25447835503316 0
566 10.4451481014767 2.76343506509946 0
567 10.0150493671589 2.25447835503315 0
568 10.5300987343178 2.50895671006631 0
569 10.2300987343178 2.50895671006631 0
570 10.3150493671589 2.25447835503316 0
571 10.2752468357945 3.27239177516577 0
572 9.97524683579455 3.27239177516577 0
573 9.67524683579455 3.27239177516577 0
574 9.37524683579456 3.27239177516577 0
575 9.16019746863564 3.01791342013262 0
576 9.24514810147673 2.76343506509946 0
577 9.33009873431782 2.50895671006631 0
578 9.41504936715891 2.25447835503316 0
579 10.0601974686356 3.01791342013262 0
580 9.46019746863564 3.01791342013262 0
581 9.63009873431782 2.50895671006631 0
582 9.76019746863565 3.01791342013262 0
583 9.54514810147673 2.76343506509946 0
584 9.84514810147673 2.76343506509946 0
585 10.4902962029535 3.52687013019893 0
586 10.4053455701124 3.78134848523208 0
587 10.3203949372713 4.03582684026524 0
588 10.2354443044302 4.29030519529839 0
589 9.9354443044302 4.29030519529839 0
590 9.72039493727129 4.03582684026524 0
591 9.50534557011238 3.78134848523208 0
592 9.29029620295347 3.52687013019893 0
593 10.1902962029535 3.52687013019893 0
594 10.0203949372713 4.03582684026523 0
595 9.59029620295347 3.52687013019893 0
596 10.1053455701124 3.78134848523208 0
597 9.80534557011238 3.78134848523208 0
598 9.89029620295346 3.52687013019893 0
599 8.86019746863565 3.01791342013262 0
600 8.64514810147674 2.76343506509946 0
601 8.43009873431782 2.50895671006631 0
602 8.21504936715891 2.25447835503316 0
603 9.11504936715891 2.25447835503316 0
604 8.94514810147673 2.76343506509946 0
605 8.51504936715892 2.25447835503315 0
606 9.03009873431782 2.50895671006631 0
607 8.73009873431782 2.50895671006631 0
608 8.81504936715891 2.25447835503316 0
609 18.5637907828566 12.0896716018738 0
610 18.9228430871425 11.9422537014054 0
611 19.2818953914283 11.7948358009369 0
612 19.6409476957142 11.6474179004685 0
613 19.6409476957142 13.1474179004685 0
614 18.9228430871425 12.4422537014054 0
615 19.6409476957142 12.1474179004685 0
616 19.2818953914283 12.7948358009369 0
617 19.2818953914283 12.2948358009369 0
618 19.6409476957142 12.6474179004685 0
619 18.2047384785708 11.7370895023423 0
620 18.2047384785708 11.2370895023423 0
621 18.2047384785708 10.7370895023423 0
622 18.2047384785708 10.2370895023423 0
623 18.5637907828566 10.0896716018738 0
624 18.9228430871425 10.4422537014054 0
625 19.2818953914283 10.7948358009369 0
626 19.6409476957142 11.1474179004685 0
627 18.5637907828566 11.5896716018738 0
628 18.5637907828566 10.5896716018738 0
629 19.2818953914283 11.2948358009369 0
630 18.5637907828566 11.0896716018738 0
631 18.9228430871425 10.9422537014054 0
632 18.9228430871425 11.4422537014054 0
633 16.7685292614274 10.3267611042161 0
634 17.1275815657133 10.1793432037476 0
635 17.4866338699991 10.0319253032792 0
636 17.845686174285 9.88450740281074 0
637 17.845686174285 11.3845074028107 0
638 17.1275815657133 10.6793432037477 0
639 17.845686174285 10.3845074028107 0
640 17.4866338699991 11.0319253032792 0
641 17.4866338699991 10.5319253032792 0
642 17.845686174285 10.8845074028107 0
643 18.5637907828566 9.58967160187383 0
644 18.9228430871425 9.44225370140537 0
645 19.2818953914283 9.29483580093691 0
646 19.6409476957142 9.14741790046846 0
647 19.6409476957142 10.6474179004685 0
648 18.9228430871425 9.94225370140537 0
649 19.6409476957142 9.64741790046845 0
650 19.2818953914283 10.2948358009369 0
651 19.2818953914283 9.79483580093691 0
652 19.6409476957142 10.1474179004685 0
653 8.81019746863564 3.31791342013262 0
654 8.54514810147673 3.36343506509946 0
655 8.28009873431782 3.40895671006631 0
656 8.01504936715891 3.45447835503315 0
657 8.16504936715891 2.55447835503315 0
658 8.59514810147673 3.06343506509946 0
659 8.06504936715891 3.15447835503315 0
660 8.38009873431782 2.80895671006631 0
661 8.33009873431782 3.10895671006631 0
662 8.11504936715891 2.85447835503316 0
663 9.02524683579455 3.57239177516577 0
664 8.97524683579455 3.87239177516577 0
665 8.92524683579455 4.17239177516577 0
666 8.87524683579455 4.47239177516577 0
667 8.61019746863564 4.51791342013262 0
668 8.39514810147673 4.26343506509946 0
669 8.18009873431782 4.00895671006631 0
670 7.96504936715891 3.75447835503316 0
671 8.76019746863564 3.61791342013262 0
672 8.66019746863564 4.21791342013262 0
673 8.23009873431782 3.70895671006631 0
674 8.71019746863564 3.91791342013262 0
675 8.44514810147673 3.96343506509946 0
676 8.49514810147673 3.66343506509946 0
677 9.24029620295346 3.82687013019893 0
678 9.67039493727129 4.33582684026524 0
679 9.14029620295346 4.42687013019893 0
680 9.45534557011238 4.08134848523208 0
681 9.40534557011238 4.38134848523208 0
682 9.19029620295347 4.12687013019893 0
683 7.91504936715891 4.05447835503315 0
684 8.34514810147673 4.56343506509946 0
685 7.81504936715891 4.65447835503315 0
686 8.13009873431782 4.30895671006631 0
687 8.08009873431782 4.60895671006631 0
688 7.86504936715891 4.35447835503315 0
689 19.744663776892 8.79829926322284 0
690 19.4893275537839 8.59659852644568 0
691 19.2339913306758 8.39489778966852 0
692 18.9786551075678 8.19319705289137 0
693 18.9786551075678 7.69319705289137 0
694 19.2339913306758 7.39489778966852 0
695 19.4893275537839 7.09659852644568 0
696 19.7446637768919 6.79829926322284 0
697 19.744663776892 8.29829926322284 0
698 19.2339913306758 7.89489778966853 0
699 19.7446637768919 7.29829926322284 0
700 19.4893275537839 8.09659852644568 0
701 19.4893275537839 7.59659852644568 0
702 19.744663776892 7.79829926322284 0
703 18.7233188844597 7.49149631611421 0
704 18.7233188844597 6.99149631611421 0
705 18.7233188844597 6.49149631611421 0
706 18.7233188844597 5.99149631611421 0
707 18.9786551075678 5.69319705289137 0
708 19.2339913306758 5.89489778966852 0
709 19.4893275537839 6.09659852644568 0
710 19.7446637768919 6.29829926322284 0
711 18.9786551075678 7.19319705289137 0
712 18.9786551075678 6.19319705289137 0
713 19.4893275537839 6.59659852644568 0
714 18.9786551075678 6.69319705289137 0
715 19.2339913306758 6.39489778966852 0
716 19.2339913306758 6.89489778966852 0
717 18.4679826613517 7.78979557933705 0
718 18.2126464382436 7.58809484255989 0
719 17.9573102151356 7.38639410578273 0
720 17.7019739920275 7.18469336900557 0
721 17.7019739920275 6.68469336900557 0
722 17.9573102151356 6.38639410578273 0
723 18.2126464382436 6.08809484255989 0
724 18.4679826613517 5.78979557933705 0
725 18.4679826613517 7.28979557933705 0
726 17.9573102151356 6.88639410578273 0
727 18.4679826613517 6.28979557933705 0
728 18.2126464382436 7.08809484255989 0
729 18.2126464382436 6.58809484255989 0
730 18.4679826613517 6.78979557933705 0
731 18.9786551075678 5.19319705289137 0
732 19.2339913306758 4.89489778966852 0
733 19.4893275537839 4.59659852644568 0
734 19.7446637768919 4.29829926322284 0
735 19.7446637768919 5.79829926322284 0
736 19.2339913306758 5.39489778966852 0
737 19.7446637768919 4.79829926322284 0
738 19.4893275537839 5.59659852644568 0
739 19.4893275537839 5.09659852644568 0
740 19.7446637768919 5.29829926322284 0
741 12.4149893671589 4.05447835503315 0
742 12.1633787343178 4.10895671006631 0
743 11.9117681014767 4.16343506509946 0
744 11.6601574686356 4.21791342013262 0
745 11.4934974686356 4.01791342013262 0
746 11.5784481014767 3.76343506509946 0
747 11.6633987343178 3.50895671006631 0
748 11.7483493671589 3.25447835503316 0
749 12.2483293671589 3.85447835503315 0
750 11.7451081014767 3.96343506509946 0
751 11.9150093671589 3.45447835503315 0
752 11.9967187343178 3.90895671006631 0
753 11.8300587343178 3.70895671006631 0
754 12.0816693671589 3.65447835503315 0
755 11.2418868357945 4.07239177516577 0
756 11.0752268357946 3.87239177516577 0
757 10.9085668357946 3.67239177516577 0
758 10.7419068357946 3.47239177516577 0
759 10.8268574686356 3.21791342013262 0
760 11.0784681014767 3.16343506509946 0
761 11.3300787343178 3.10895671006631 0
762 11.5816893671589 3.05447835503315 0
763 11.3268374686356 3.81791342013262 0
764 10.9935174686356 3.41791342013262 0
765 11.4967387343178 3.30895671006631 0
766 11.1601774686357 3.61791342013262 0
767 11.2451281014767 3.36343506509946 0
768 11.4117881014767 3.56343506509946 0
769 11.1569362029535 4.32687013019893 0
770 10.9053255701124 4.38134848523208 0
771 10.6537149372713 4.43582684026524 0
772 10.4021043044302 4.49030519529839 0
773 10.9902762029535 4.12687013019893 0
774 10.4870549372713 4.23582684026523 0
775 10.6569562029535 3.72687013019893 0
776 10.7386655701124 4.18134848523208 0
777 10.5720055701124 3.98134848523208 0
778 10.8236162029535 3.92687013019893 0
779 11.4150293671589 2.85447835503315 0
780 10.9118081014767 2.96343506509946 0
781 11.0817093671589 2.45447835503315 0
782 11.1634187343178 2.90895671006631 0
783 10.9967587343178 2.70895671006631 0
784 11.2483693671589 2.65447835503315 0
785 14.6823183944243 7.7441236412802 0
786 14.8742249013929 8.04746312610291 0
787 15.0661314083615 8.35080261092562 0
788 15.25803791533 8.65414209574832 0
789 15.0589967265845 9.01006368010258 0
790 14.6680490308703 9.06264577963412 0
791 14.2771013351562 9.11522787916566 0
792 13.886153639442 9.16780997869721 0
793 14.4832772056787 8.10004522563445 0
794 14.8670902196159 8.70672419527987 0
795 14.0851948281876 8.81188839434295 0
796 14.6751837126473 8.40338471045716 0
797 14.4761425239017 8.75930629481141 0
798 14.2842360169331 8.4559668099887 0
799 15.2509032335531 9.31340316492528 0
800 15.0518620448075 9.66932474927953 0
801 14.8528208560619 10.0252463336338 0
802 14.6537796673164 10.381167917988 0
803 14.2628319716022 10.4337500175196 0
804 14.0709254646336 10.1304105326969 0
805 13.879018957665 9.82707104787416 0
806 13.6871124506964 9.52373156305146 0
807 14.8599555378389 9.36598526445683 0
808 14.4618731603478 10.0778284331653 0
809 14.0780601464106 9.47114946351991 0
810 14.6609143490933 9.72190684881108 0
811 14.2699666533792 9.77448894834262 0
812 14.4690078421248 9.41856736398837 0
813 15.6418509292672 9.26082106539374 0
814 15.8337574362358 9.56416055021645 0
815 16.0256639432044 9.86750003503915 0
816 16.217570450173 10.1708395198619 0
817 16.0185292614274 10.5267611042161 0
818 15.6275815657133 10.5793432037476 0
819 15.2366338699991 10.6319253032792 0
820 14.845686174285 10.6845074028107 0
821 15.4428097405217 9.61674264974799 0
822 15.8266227544589 10.2234216193934 0
823 15.0447273630305 10.3285858184565 0
824 15.6347162474903 9.9200821345707 0
825 15.4356750587447 10.2760037189249 0
826 15.2437685517761 9.97266423410224 0
827 14.0637907828566 10.7896716018738 0
828 13.6728430871425 10.8422537014054 0
829 13.2818953914283 10.8948358009369 0
830 12.8909476957142 10.9474179004685 0
831 13.4880712619509 9.87965314740571 0
832 13.871884275888 10.4863321170511 0
833 13.0899888844597 10.5914963161142 0
834 13.6799777689195 10.1829926322284 0
835 13.4809365801739 10.5389142165827 0
836 13.2890300732053 10.23557473176 0
837 18.6119851075678 5.19319705289137 0
838 18.5006513306758 4.89489778966852 0
839 18.3893175537839 4.59659852644568 0
840 18.277983776892 4.29829926322284 0
841 19.377993776892 4.29829926322284 0
842 18.8673213306758 4.89489778966852 0
843 18.6446537768919 4.29829926322284 0
844 19.1226575537839 4.59659852644568 0
845 18.7559875537839 4.59659852644568 0
846 19.0113237768919 4.29829926322284 0
847 18.3566488844597 5.49149631611421 0
848 17.9899788844597 5.49149631611421 0
849 17.6233088844597 5.49149631611421 0
850 17.2566388844597 5.49149631611421 0
851 17.1453051075678 5.19319705289137 0
852 17.4006413306758 4.89489778966852 0
853 17.6559775537839 4.59659852644568 0
854 17.911313776892 4.29829926322284 0
855 18.2453151075678 5.19319705289137 0
856 17.5119751075678 5.19319705289137 0
857 18.0226475537839 4.59659852644568 0
858 17.8786451075678 5.19319705289137 0
859 17.7673113306758 4.89489778966852 0
860 18.1339813306758 4.89489778966852 0
861 17.3353039920275 6.68469336900557 0
862 17.2239702151356 6.38639410578273 0
863 17.1126364382436 6.08809484255989 0
864 17.0013026613517 5.78979557933705 0
865 18.1013126613517 5.78979557933705 0
866 17.5906402151356 6.38639410578273 0
867 17.3679726613517 5.78979557933705 0
868 17.8459764382436 6.08809484255989 0
869 17.4793064382436 6.08809484255989 0
870 17.7346426613517 5.78979557933705 0
871 16.7786351075678 5.19319705289137 0
872 16.6673013306758 4.89489778966852 0
873 16.5559675537839 4.59659852644568 0
874 16.444633776892 4.29829926322284 0
875 17.5446437768919 4.29829926322284 0
876 17.0339713306758 4.89489778966852 0
877 16.811303776892 4.29829926322284 0
878 17.2893075537839 4.59659852644568 0
879 16.9226375537839 4.59659852644568 0
880 17.1779737768919 4.29829926322284 0
881 10.3315944156111 4.79001654943417 0
882 10.5126951596331 5.0352495485368 0
883 10.6937959036551 5.28048254763942 0
884 10.874896647677 5.52571554674205 0
885 10.8598472805181 5.8712371917089 0
886 10.6636971693372 5.97152583757311 0
887 10.4675470581564 6.07181448343733 0
888 10.2713969469755 6.17210312930155 0
889 10.3165450484522 5.13553819440102 0
890 10.6787465364961 5.62600419260627 0
891 10.2864463141344 5.82658148433471 0
892 10.4976457924742 5.38077119350364 0
893 10.4825964253153 5.72629283847049 0
894 10.3014956812933 5.48105983936786 0
895 11.0409480245401 6.11647019081152 0
896 11.0258986573812 6.46199183577837 0
897 11.0108492902223 6.80751348074521 0
898 10.9957999230634 7.15303512571206 0
899 10.7996498118825 7.25332377157628 0
900 10.6185490678605 7.00809077247365 0
901 10.4374483238385 6.76285777337102 0
902 10.2563475798165 6.5176247742684 0
903 10.8447979133592 6.21675883667574 0
904 10.8146991790414 6.90780212660943 0
905 10.4524976909974 6.41733612840418 0
906 10.8297485462003 6.56228048164259 0
907 10.6335984350194 6.66256912750681 0
908 10.6486478021783 6.31704748253996 0
909 11.237098135721 6.0161815449473 0
910 11.418198879743 6.26141454404993 0
911 11.599299623765 6.50664754315256 0
912 11.780400367787 6.75188054225518 0
913 11.2220487685621 6.36170318991415 0
914 11.5842502566061 6.8521691881194 0
915 11.1919500342443 7.05274647984784 0
916 11.4031495125841 6.60693618901677 0
917 11.3881001454252 6.95245783398362 0
918 11.2069994014032 6.70722483488099 0
919 10.2412982126576 6.86314641923524 0
920 10.6034997007016 7.3536124174405 0
921 10.2111994783398 7.55418970916894 0
922 10.4223989566796 7.10837941833787 0
923 10.4073495895207 7.45390106330472 0
924 10.2262488454987 7.20866806420209 0
925 14.3137907828566 11.0896716018738 0
926 14.1728430871425 11.4422537014054 0
927 14.0318953914283 11.7948358009369 0
928 13.8909476957142 12.1474179004685 0
929 13.1409476957142 11.2474179004685 0
930 13.9228430871425 11.1422537014054 0
931 13.6409476957142 11.8474179004685 0
932 13.5318953914283 11.1948358009369 0
933 13.7818953914283 11.4948358009369 0
934 13.3909476957142 11.5474179004685 0
935 14.7047384785708 11.0370895023423 0
936 14.9547384785708 11.3370895023423 0
937 15.2047384785708 11.6370895023423 0
938 15.4547384785708 11.9370895023423 0
939 15.3137907828566 12.2896716018738 0
940 14.9228430871425 12.3422537014054 0
941 14.5318953914283 12.3948358009369 0
942 14.1409476957142 12.4474179004685 0
943 14.5637907828566 11.3896716018738 0
944 15.0637907828566 11.9896716018738 0
945 14.2818953914283 12.0948358009369 0
946 14.8137907828566 11.6896716018738 0
947 14.6728430871425 12.0422537014054 0
948 14.4228430871425 11.7422537014054 0
949 15.095686174285 10.9845074028107 0
950 15.8775815657133 10.8793432037477 0
951 15.595686174285 11.5845074028107 0
952 15.4866338699991 10.9319253032792 0
953 15.7366338699991 11.2319253032792 0
954 15.345686174285 11.2845074028107 0
955 14.3909476957142 12.7474179004685 0
956 15.1728430871425 12.6422537014054 0
957 14.8909476957142 13.3474179004685 0
958 14.7818953914283 12.6948358009369 0
959 15.0318953914283 12.9948358009369 0
960 14.6409476957142 13.0474179004685 0
961 14.786034475602 7.39500500403459 0
962 15.0816570637484 7.34922585161168 0
963 15.3772796518948 7.30344669918877 0
964 15.6729022400412 7.25766754676586 0
965 15.8648087470098 7.56100703158857 0
966 15.761092665832 7.91012566883419 0
967 15.6573765846542 8.2592443060798 0
968 15.5536605034764 8.60836294332542 0
969 14.9779409825707 7.69834448885729 0
970 15.5691861588634 7.60678618401148 0
971 15.3617539965078 8.30502345850271 0
972 15.273563570717 7.65256533643439 0
973 15.4654700776856 7.95590482125709 0
974 15.1698474895393 8.00168397368 0
975 16.1604313351562 7.51522787916566 0
976 16.3523378421248 7.81856736398837 0
977 16.5442443490934 8.12190684881108 0
978 16.7361508560619 8.42524633363378 0
979 16.6324347748842 8.7743649708794 0
980 16.3368121867378 8.82014412330231 0
981 16.0411895985914 8.86592327572522 0
982 15.745567010445 8.91170242814812 0
983 16.0567152539784 7.86434651641128 0
984 16.4405282679156 8.47102548605669 0
985 15.8492830916228 8.56258379090251 0
986 16.248621760947 8.16768600123398 0
987 16.1449056797692 8.5168046384796 0
988 15.9529991728006 8.21346515365689 0
989 16.2641474163339 7.16610924192005 0
990 16.5597700044803 7.12033008949714 0
991 16.8553925926267 7.07455093707423 0
992 17.1510151807731 7.02877178465132 0
993 17.3429216877417 7.33211126947403 0
994 17.2392056065639 7.68122990671964 0
995 17.1354895253861 8.03034854396526 0
996 17.0317734442083 8.37946718121088 0
997 16.4560539233025 7.46944872674275 0
998 17.0472990995953 7.37789042189694 0
999 16.8398669372397 8.07612769638817 0
1000 16.7516765114489 7.42366957431985 0
1001 16.9435830184175 7.72700905914255 0
1002 16.6479604302711 7.77278821156546 0
1003 16.8243412818527 9.07770445570211 0
1004 16.720625200675 9.42682309294772 0
1005 16.6169091194972 9.77594173019334 0
1006 16.5131930383194 10.1250603674389 0
1007 15.9374735174136 9.21504191297083 0
1008 16.5287186937064 9.12348360812502 0
1009 16.3212865313508 9.82172088261625 0
1010 16.23309610556 9.16926276054792 0
1011 16.4250026125286 9.47260224537063 0
1012 16.1293800243822 9.51838139779354 0
1013 16.5943462963134 5.53727546853712 0
1014 16.298723708167 5.58305462096002 0
1015 16.0031011200206 5.62883377338293 0
1016 15.7074785318742 5.67461292580584 0
1017 16.2603449656375 4.64237767886859 0
1018 16.4830125194214 5.23897620531427 0
1019 15.8917673431287 5.33053451016009 0
1020 16.3716787425295 4.94067694209143 0
1021 16.187389931275 5.28475535773718 0
1022 16.0760561543831 4.98645609451434 0
1023 16.7056800732053 5.83557473175996 0
1024 16.5213912619509 6.1796531474057 0
1025 16.3371024506964 6.52373156305146 0
1026 16.152813639442 6.8678099786972 0
1027 15.8571910512956 6.91358913112011 0
1028 15.7458572744037 6.61528986789727 0
1029 15.6345234975117 6.31699060467443 0
1030 15.5231897206198 6.01869134145159 0
1031 16.4100574850589 5.88135388418287 0
1032 16.0414798625501 6.56951071547436 0
1033 15.8188123087662 5.97291218902868 0
1034 16.2257686738045 6.22543229982861 0
1035 15.9301460856581 6.27121145225152 0
1036 16.1144348969125 5.92713303660577 0
1037 16.8170138500973 6.1338739949828 0
1038 17.0396814038811 6.73047252142848 0
1039 16.4484362275884 6.8220308262743 0
1040 16.9283476269892 6.43217325820564 0
1041 16.7440588157347 6.77625167385139 0
1042 16.6327250388428 6.47795241062855 0
1043 15.3389009093653 6.36276975709734 0
1044 15.5615684631492 6.95936828354302 0
1045 14.9703232868565 7.05092658838884 0
1046 15.4502346862573 6.66106902032018 0
1047 15.2659458750029 7.00514743596593 0
1048 15.1546120981109 6.70684817274309 0
1049 17.1833935861386 8.93028655523365 0
1050 17.4387298092466 9.13198729201081 0
1051 17.6940660323547 9.33368802878797 0
1052 17.9494022554628 9.53538876556513 0
1053 16.8722453426052 9.9776424669705 0
1054 17.0796775049608 9.27940519247927 0
1055 17.5903499511769 9.68280666603358 0
1056 16.975961423783 9.62852382972488 0
1057 17.3350137280689 9.48110592925642 0
1058 17.2312976468911 9.83022456650204 0
1059 17.2871096673164 8.58116791798803 0
1060 17.6461619716022 8.43375001751958 0
1061 18.0052142758881 8.28633211705112 0
1062 18.3642665801739 8.13891421658266 0
1063 18.6196028032819 8.34061495335982 0
1064 18.5158867221042 8.68973359060544 0
1065 18.4121706409264 9.03885222785105 0
1066 18.3084545597486 9.38797086509667 0
1067 17.5424458904244 8.78286865476519 0
1068 18.2605504989961 8.48803285382828 0
1069 18.0531183366405 9.18627012831951 0
1070 17.9014981947103 8.63545075429674 0
1071 18.1568344178183 8.8371514910739 0
1072 17.7977821135325 8.98456939154235 0
1073 17.3908257484942 8.23204928074242 0
1074 17.5982579108497 7.53381200625119 0
1075 18.1089303570658 7.9372134798055 0
1076 17.4945418296719 7.8829306434968 0
1077 17.8535941339578 7.73551274302835 0
1078 17.74987805278 8.08463138027396 0
1079 18.6675068640344 9.24055296462821 0
1080 18.87493902639 8.54231569013698 0
1081 19.3856114726061 8.9457171636913 0
1082 18.7712229452122 8.8914343273826 0
1083 19.1302752494981 8.74401642691414 0
1084 19.0265591683203 9.09313506415976 0
1085 12.1329498118825 5.25332377157628 0
1086 11.9518490678605 5.00809077247365 0
1087 11.7707483238385 4.76285777337102 0
1088 11.5896475798165 4.5176247742684 0
1089 12.3444794783398 4.35418970916893 0
1090 12.2034597007016 4.9536124174405 0
1091 11.8412582126576 4.46314641923524 0
1092 12.2739695895207 4.65390106330472 0
1093 12.0223589566796 4.70837941833787 0
1094 12.0928688454987 4.40866806420209 0
1095 12.0624399230634 5.55303512571206 0
1096 11.8108292902223 5.60751348074521 0
1097 11.5592186573812 5.66199183577837 0
1098 11.3076080245401 5.71647019081152 0
1099 11.1265072805181 5.4712371917089 0
1100 11.1970171693372 5.17152583757311 0
1101 11.2675270581563 4.87181448343733 0
1102 11.3380369469754 4.57210312930155 0
1103 11.8813391790414 5.30780212660943 0
1104 11.3781179133592 5.41675883667574 0
1105 11.5191376909974 4.81733612840418 0
1106 11.6297285462003 5.36228048164259 0
1107 11.4486278021783 5.11704748253996 0
1108 11.7002384350194 5.0625691275068 0
1109 11.9919300342443 5.85274647984784 0
1110 11.8509102566061 6.4521691881194 0
1111 11.4887087685621 5.96170318991415 0
1112 11.9214201454252 6.15245783398362 0
1113 11.6698095125841 6.20693618901678 0
1114 11.7403194014032 5.90722483488099 0
1115 11.0864263141344 4.62658148433471 0
1116 10.9454065364962 5.22600419260627 0
1117 10.5832050484522 4.73553819440102 0
1118 11.0159164253153 4.92629283847049 0
1119 10.7643057924742 4.98077119350364 0
1120 10.8348156812933 4.68105983936786 0
1121 14.2999766666667 2.4 0
1122 16.793322 2.08 0
1123 12.6499883333333 2.2 0
1124 13.4832883333333 3.2 0
1125 13.816655 1.2 0
1126 12.1666666666667 1 0
1127 15.3166383333333 3.2 0
1128 5.83333333333333 1 0
1129 7.33333333333333 1 0
1130 18.396661 3.04 0
1131 18.396661 1.04 0
1132 15.5466493333333 2.24 0
1133 16.563311 3.04 0
1134 2.5 1 0
1135 15.0633276666667 1.04 0
1136 8.83333333333333 1 0
1137 11.3299976666667 2.04 0
1138 11.6599953333333 2.08 0
1139 11.989993 2.12 0
1140 12.3199906666667 2.16 0
1141 12.4866506666667 2.36 0
1142 12.323313 2.52 0
1143 12.1599753333333 2.68 0
1144 11.9966376666667 2.84 0
1145 11.4966576666667 2.24 0
1146 12.156653 2.32 0
1147 11.8299776666667 2.64 0
1148 11.8266553333333 2.28 0
1149 11.9933153333333 2.48 0
1150 11.6633176666667 2.44 0
1151 12.8166483333333 2.4 0
1152 12.9833083333333 2.6 0
1153 13.1499683333333 2.8 0
1154 13.3166283333333 3 0
1155 13.1532906666667 3.16 0
1156 12.823293 3.12 0
1157 12.4932953333333 3.08 0
1158 12.1632976666667 3.04 0
1159 12.6533106666667 2.56 0
1160 12.9866306666667 2.96 0
1161 12.3266353333333 2.88 0
1162 12.8199706666667 2.76 0
1163 12.656633 2.92 0
1164 12.489973 2.72 0
1165 12.979986 2.24 0
1166 13.3099836666667 2.28 0
1167 13.6399813333333 2.32 0
1168 13.969979 2.36 0
1169 14.136639 2.56 0
1170 13.9733013333333 2.72 0
1171 13.8099636666667 2.88 0
1172 13.646626 3.04 0
1173 13.146646 2.44 0
1174 13.8066413333333 2.52 0
1175 13.479966 2.84 0
1176 13.4766436666667 2.48 0
1177 13.6433036666667 2.68 0
1178 13.313306 2.64 0
1179 13.3199506666667 3.36 0
1180 13.156613 3.52 0
1181 12.9932753333333 3.68 0
1182 12.8299376666667 3.84 0
1183 12.3299576666667 3.24 0
1184 12.989953 3.32 0
1185 12.6632776666667 3.64 0
1186 12.6599553333333 3.28 0
1187 12.8266153333333 3.48 0
1188 12.4966176666667 3.44 0
1189 13.4299976666667 0.24 0
1190 13.526662 0.48 0
1191 13.6233263333333 0.72 0
1192 13.7199906666667 0.96 0
1193 13.4866573333333 1.16 0
1194 13.1566596666667 1.12 0
1195 12.826662 1.08 0
1196 12.4966643333333 1.04 0
1197 12.4 0.8 0
1198 12.6333333333333 0.6 0
1199 12.8666666666667 0.4 0
1200 13.1 0.2 0
1201 13.1966643333333 0.44 0
1202 13.389993 0.92 0
1203 12.7299976666667 0.84 0
1204 13.2933286666667 0.68 0
1205 13.0599953333333 0.88 0
1206 12.963331 0.64 0
1207 13.5833216666667 1.4 0
1208 13.3499883333333 1.6 0
1209 13.116655 1.8 0
1210 12.8833216666667 2 0
1211 12.553324 1.96 0
1212 12.4566596666667 1.72 0
1213 12.3599953333333 1.48 0
1214 12.263331 1.24 0
1215 13.253324 1.36 0
1216 12.7866573333333 1.76 0
1217 12.5933286666667 1.28 0
1218 13.0199906666667 1.56 0
1219 12.689993 1.52 0
1220 12.9233263333333 1.32 0
1221 13.9133193333333 1.44 0
1222 14.0099836666667 1.68 0
1223 14.106648 1.92 0
1224 14.2033123333333 2.16 0
1225 13.679986 1.64 0
1226 13.8733146666667 2.12 0
1227 13.2133193333333 2.04 0
1228 13.7766503333333 1.88 0
1229 13.543317 2.08 0
1230 13.4466526666667 1.84 0
1231 11.2333333333333 1.8 0
1232 11.4666666666667 1.6 0
1233 11.7 1.4 0
1234 11.9333333333333 1.2 0
1235 12.0299976666667 1.44 0
1236 12.2233263333333 1.92 0
1237 11.563331 1.84 0
1238 12.126662 1.68 0
1239 11.8933286666667 1.88 0
1240 11.7966643333333 1.64 0
1241 13.6866206666667 3.36 0
1242 13.889953 3.52 0
1243 14.0932853333333 3.68 0
1244 14.2966176666667 3.84 0
1245 13.1966076666667 3.84 0
1246 13.523283 3.52 0
1247 13.9299476666667 3.84 0
1248 13.3599453333333 3.68 0
1249 13.7266153333333 3.68 0
1250 13.5632776666667 3.84 0
1251 13.8499583333333 3.2 0
1252 14.2166283333333 3.2 0
1253 14.5832983333333 3.2 0
1254 14.9499683333333 3.2 0
1255 15.1533006666667 3.36 0
1256 14.989963 3.52 0
1257 14.8266253333333 3.68 0
1258 14.6632876666667 3.84 0
1259 14.0532906666667 3.36 0
1260 14.7866306666667 3.36 0
1261 14.4599553333333 3.68 0
1262 14.4199606666667 3.36 0
1263 14.623293 3.52 0
1264 14.256623 3.52 0
1265 14.503309 2.56 0
1266 14.7066413333333 2.72 0
1267 14.9099736666667 2.88 0
1268 15.113306 3.04 0
1269 14.013296 3.04 0
1270 14.3399713333333 2.72 0
1271 14.746636 3.04 0
1272 14.1766336666667 2.88 0
1273 14.5433036666667 2.88 0
1274 14.379966 3.04 0
1275 15.5199706666667 3.36 0
1276 15.723303 3.52 0
1277 15.9266353333333 3.68 0
1278 16.1299676666667 3.84 0
1279 15.0299576666667 3.84 0
1280 15.356633 3.52 0
1281 15.7632976666667 3.84 0
1282 15.1932953333333 3.68 0
1283 15.5599653333333 3.68 0
1284 15.3966276666667 3.84 0
1285 5.16666666666667 1.8 0
1286 5.33333333333333 1.6 0
1287 5.5 1.4 0
1288 5.66666666666667 1.2 0
1289 5.96666666666667 1.2 0
1290 6.1 1.4 0
1291 6.23333333333333 1.6 0
1292 6.36666666666667 1.8 0
1293 5.46666666666667 1.8 0
1294 5.8 1.4 0
1295 6.06666666666667 1.8 0
1296 5.63333333333333 1.6 0
1297 5.93333333333333 1.6 0
1298 5.76666666666667 1.8 0
1299 6.13333333333333 1 0
1300 6.43333333333333 1 0
1301 6.73333333333333 1 0
1302 7.03333333333333 1 0
1303 7.16666666666667 1.2 0
1304 7 1.4 0
1305 6.83333333333333 1.6 0
1306 6.66666666666667 1.8 0
1307 6.26666666666667 1.2 0
1308 6.86666666666667 1.2 0
1309 6.53333333333333 1.6 0
1310 6.56666666666667 1.2 0
1311 6.7 1.4 0
1312 6.4 1.4 0
1313 6 0.8 0
1314 6.16666666666667 0.6 0
1315 6.33333333333333 0.4 0
1316 6.5 0.2 0
1317 6.8 0.2 0
1318 6.93333333333333 0.4 0
1319 7.06666666666667 0.6 0
1320 7.2 0.8 0
1321 6.3 0.8 0
1322 6.63333333333333 0.4 0
1323 6.9 0.8 0
1324 6.46666666666667 0.6 0
1325 6.76666666666667 0.6 0
1326 6.6 0.8 0
1327 7.46666666666667 1.2 0
1328 7.6 1.4 0
1329 7.73333333333334 1.6 0
1330 7.86666666666667 1.8 0
1331 6.96666666666667 1.8 0
1332 7.3 1.4 0
1333 7.56666666666667 1.8 0
1334 7.13333333333334 1.6 0
1335 7.43333333333334 1.6 0
1336 7.26666666666667 1.8 0
1337 19.6793322 3.808 0
1338 19.3586644 3.616 0
1339 19.0379966 3.424 0
1340 18.7173288 3.232 0
1341 18.7173288 2.832 0
1342 19.0379966 2.624 0
1343 19.3586644 2.416 0
1344 19.6793322 2.208 0
1345 19.6793322 3.408 0
1346 19.0379966 3.024 0
1347 19.6793322 2.608 0
1348 19.3586644 3.216 0
1349 19.3586644 2.816 0
1350 19.6793322 3.008 0
1351 18.396661 2.64 0
1352 18.396661 2.24 0
1353 18.396661 1.84 0
1354 18.396661 1.44 0
1355 18.7173288 1.232 0
1356 19.0379966 1.424 0
1357 19.3586644 1.616 0
1358 19.6793322 1.808 0
1359 18.7173288 2.432 0
1360 18.7173288 1.632 0
1361 19.3586644 2.016 0
1362 18.7173288 2.032 0
1363 19.0379966 1.824 0
1364 19.0379966 2.224 0
1365 18.0759932 2.848 0
1366 17.7553254 2.656 0
1367 17.4346576 2.464 0
1368 17.1139898 2.272 0
1369 17.1139898 1.872 0
1370 17.4346576 1.664 0
1371 17.7553254 1.456 0
1372 18.0759932 1.248 0
1373 18.0759932 2.448 0
1374 17.4346576 2.064 0
1375 18.0759932 1.648 0
1376 17.7553254 2.256 0
1377 17.7553254 1.856 0
1378 18.0759932 2.048 0
1379 18.7173288 0.832 0
1380 19.0379966 0.624 0
1381 19.3586644 0.416 0
1382 19.6793322 0.208 0
1383 19.6793322 1.408 0
1384 19.0379966 1.024 0
1385 19.6793322 0.608 0
1386 19.3586644 1.216 0
1387 19.3586644 0.816 0
1388 19.6793322 1.008 0
1389 14.5493112 2.368 0
1390 14.7986457333333 2.336 0
1391 15.0479802666667 2.304 0
1392 15.2973148 2.272 0
1393 15.5006471333333 2.432 0
1394 15.4546449333333 2.624 0
1395 15.4086427333333 2.816 0
1396 15.3626405333333 3.008 0
1397 14.7526435333333 2.528 0
1398 15.2513126 2.464 0
1399 15.1593082 2.848 0
1400 15.0019780666667 2.496 0
1401 15.2053104 2.656 0
1402 14.9559758666667 2.688 0
1403 15.7499816666667 2.4 0
1404 15.953314 2.56 0
1405 16.1566463333333 2.72 0
1406 16.3599786666667 2.88 0
1407 16.3139764666667 3.072 0
1408 16.0646419333333 3.104 0
1409 15.8153074 3.136 0
1410 15.5659728666667 3.168 0
1411 15.7039794666667 2.592 0
1412 16.1106441333333 2.912 0
1413 15.6119750666667 2.976 0
1414 15.9073118 2.752 0
1415 15.8613096 2.944 0
1416 15.6579772666667 2.784 0
1417 15.7959838666667 2.208 0
1418 16.0453184 2.176 0
1419 16.2946529333333 2.144 0
1420 16.5439874666667 2.112 0
1421 16.7473198 2.272 0
1422 16.7013176 2.464 0
1423 16.6553154 2.656 0
1424 16.6093132 2.848 0
1425 15.9993162 2.368 0
1426 16.4979852666667 2.304 0
1427 16.4059808666667 2.688 0
1428 16.2486507333333 2.336 0
1429 16.4519830666667 2.496 0
1430 16.2026485333333 2.528 0
1431 16.5173088 3.232 0
1432 16.4713066 3.424 0
1433 16.4253044 3.616 0
1434 16.3793022 3.808 0
1435 15.7693052 3.328 0
1436 16.2679742666667 3.264 0
1437 16.1759698666667 3.648 0
1438 16.0186397333333 3.296 0
1439 16.2219720666667 3.456 0
1440 15.9726375333333 3.488 0
1441 16.8839788 3.232 0
1442 17.2046466 3.424 0
1443 17.5253144 3.616 0
1444 17.8459822 3.808 0
1445 16.7459722 3.808 0
1446 16.8379766 3.424 0
1447 17.4793122 3.808 0
1448 16.7919744 3.616 0
1449 17.1586444 3.616 0
1450 17.1126422 3.808 0
1451 16.929981 3.04 0
1452 17.296651 3.04 0
1453 17.663321 3.04 0
1454 18.029991 3.04 0
1455 18.3506588 3.232 0
1456 18.3046566 3.424 0
1457 18.2586544 3.616 0
1458 18.2126522 3.808 0
1459 17.2506488 3.232 0
1460 17.9839888 3.232 0
1461 17.8919844 3.616 0
1462 17.6173188 3.232 0
1463 17.9379866 3.424 0
1464 17.5713166 3.424 0
1465 16.9759832 2.848 0
1466 17.0679876 2.464 0
1467 17.7093232 2.848 0
1468 17.0219854 2.656 0
1469 17.3886554 2.656 0
1470 17.3426532 2.848 0
1471 18.5793222 3.808 0
1472 18.6713266 3.424 0
1473 19.3126622 3.808 0
1474 18.6253244 3.616 0
1475 18.9919944 3.616 0
1476 18.9459922 3.808 0
1477 3.16666666666667 0.2 0
1478 3 0.4 0
1479 2.83333333333333 0.6 0
1480 2.66666666666667 0.8 0
1481 2 0.8 0
1482 1.5 0.6 0
1483 1 0.4 0
1484 0.5 0.2 0
1485 1.16666666666667 0.2 0
1486 2.5 0.2 0
1487 2.16666666666667 0.6 0
1488 1.83333333333333 0.2 0
1489 2.33333333333333 0.4 0
1490 1.66666666666667 0.4 0
1491 3.83333333333333 0.2 0
1492 4.33333333333333 0.4 0
1493 4.83333333333333 0.6 0
1494 5.33333333333333 0.8 0
1495 5.16666666666667 1 0
1496 4.5 1 0
1497 3.83333333333333 1 0
1498 3.16666666666667 1 0
1499 3.66666666666667 0.4 0
1500 4.66666666666667 0.8 0
1501 3.33333333333333 0.8 0
1502 4.16666666666667 0.6 0
1503 4 0.8 0
1504 3.5 0.6 0
1505 4.5 0.2 0
1506 5.83333333333333 0.2 0
1507 5.5 0.6 0
1508 5.16666666666667 0.2 0
1509 5.66666666666667 0.4 0
1510 5 0.4 0
1511 4.5 1.8 0
1512 4 1.6 0
1513 3.5 1.4 0
1514 3 1.2 0
1515 3.66666666666667 1.2 0
1516 5 1.2 0
1517 4.66666666666667 1.6 0
1518 4.33333333333333 1.2 0
1519 4.83333333333333 1.4 0
1520 4.16666666666667 1.4 0
1521 18.0506621333333 0.832 0
1522 17.7046632666667 0.624 0
1523 17.3586644 0.416 0
1524 17.0126655333333 0.208 0
1525 19.0126655333333 0.208 0
1526 18.3713299333333 0.624 0
1527 17.6793322 0.208 0
1528 18.6919977333333 0.416 0
1529 18.0253310666667 0.416 0
1530 18.3459988666667 0.208 0
1531 17.7299943333333 1.04 0
1532 17.0633276666667 1.04 0
1533 16.396661 1.04 0
1534 15.7299943333333 1.04 0
1535 15.3839954666667 0.832 0
1536 15.7046632666667 0.624 0
1537 16.0253310666667 0.416 0
1538 16.3459988666667 0.208 0
1539 17.3839954666667 0.832 0
1540 16.0506621333333 0.832 0
1541 16.6919977333333 0.416 0
1542 16.7173288 0.832 0
1543 16.3713299333333 0.624 0
1544 17.0379966 0.624 0
1545 16.4473231333333 1.872 0
1546 16.1013242666667 1.664 0
1547 15.7553254 1.456 0
1548 15.4093265333333 1.248 0
1549 17.4093265333333 1.248 0
1550 16.7679909333333 1.664 0
1551 16.0759932 1.248 0
1552 17.0886587333333 1.456 0
1553 16.4219920666667 1.456 0
1554 16.7426598666667 1.248 0
1555 14.7173288 0.832 0
1556 14.3713299333333 0.624 0
1557 14.0253310666667 0.416 0
1558 13.6793322 0.208 0
1559 15.6793322 0.208 0
1560 15.0379966 0.624 0
1561 14.3459988666667 0.208 0
1562 15.3586644 0.416 0
1563 14.6919977333333 0.416 0
1564 15.0126655333333 0.208 0
1565 9.76666666666667 0.2 0
1566 9.53333333333333 0.4 0
1567 9.3 0.6 0
1568 9.06666666666667 0.8 0
1569 8.4 0.8 0
1570 7.96666666666667 0.6 0
1571 7.53333333333333 0.4 0
1572 7.1 0.2 0
1573 7.76666666666666 0.2 0
1574 9.1 0.2 0
1575 8.63333333333333 0.6 0
1576 8.43333333333333 0.2 0
1577 8.86666666666667 0.4 0
1578 8.2 0.4 0
1579 10.4333333333333 0.2 0
1580 10.8666666666667 0.4 0
1581 11.3 0.6 0
1582 11.7333333333333 0.8 0
1583 11.5 1 0
1584 10.8333333333333 1 0
1585 10.1666666666667 1 0
1586 9.5 1 0
1587 10.2 0.4 0
1588 11.0666666666667 0.8 0
1589 9.73333333333333 0.8 0
1590 10.6333333333333 0.6 0
1591 10.4 0.8 0
1592 9.96666666666667 0.6 0
1593 11.1 0.2 0
1594 12.4333333333333 0.2 0
1595 11.9666666666667 0.6 0
1596 11.7666666666667 0.2 0
1597 12.2 0.4 0
1598 11.5333333333333 0.4 0
1599 10.5666666666667 1.8 0
1600 10.1333333333333 1.6 0
1601 9.7 1.4 0
1602 9.26666666666667 1.2 0
1603 9.93333333333333 1.2 0
1604 11.2666666666667 1.2 0
1605 10.8 1.6 0
1606 10.6 1.2 0
1607 11.0333333333333 1.4 0
1608 10.3666666666667 1.4 0
1609 8.53333333333333 1 0
1610 8.23333333333333 1 0
1611 7.93333333333333 1 0
1612 7.63333333333333 1 0
1613 7.23333333333333 0.4 0
1614 8.1 0.8 0
1615 7.5 0.8 0
1616 7.66666666666667 0.6 0
1617 7.8 0.8 0
1618 7.36666666666667 0.6 0
1619 8.96666666666667 1.2 0
1620 9.1 1.4 0
1621 9.23333333333333 1.6 0
1622 9.36666666666667 1.8 0
1623 9.06666666666667 1.8 0
1624 8.63333333333333 1.6 0
1625 8.2 1.4 0
1626 7.76666666666667 1.2 0
1627 8.66666666666667 1.2 0
1628 8.93333333333333 1.6 0
1629 8.06666666666667 1.2 0
1630 8.8 1.4 0
1631 8.5 1.4 0
1632 8.36666666666667 1.2 0
1633 9.4 1.4 0
1634 10.2666666666667 1.8 0
1635 9.66666666666667 1.8 0
1636 9.83333333333333 1.6 0
1637 9.96666666666667 1.8 0
1638 9.53333333333333 1.6 0
1639 7.9 1.4 0
1640 8.76666666666667 1.8 0
1641 8.16666666666667 1.8 0
1642 8.33333333333334 1.6 0
1643 8.46666666666667 1.8 0
1644 8.03333333333334 1.6 0
1645 14.8139931333333 1.072 0
1646 14.5646586 1.104 0
1647 14.3153240666667 1.136 0
1648 14.0659895333333 1.168 0
1649 13.7759965333333 0.448 0
1650 14.4679942666667 0.864 0
1651 13.9693252 0.928 0
1652 14.1219954 0.656 0
1653 14.2186597333333 0.896 0
1654 13.8726608666667 0.688 0
1655 15.159992 1.28 0
1656 15.2566563333333 1.52 0
1657 15.3533206666667 1.76 0
1658 15.449985 2 0
1659 15.2006504666667 2.032 0
1660 14.8546516 1.824 0
1661 14.5086527333333 1.616 0
1662 14.1626538666667 1.408 0
1663 14.9106574666667 1.312 0
1664 15.1039861333333 1.792 0
1665 14.4119884 1.376 0
1666 15.0073218 1.552 0
1667 14.7579872666667 1.584 0
1668 14.6613229333333 1.344 0
1669 15.5059908666667 1.488 0
1670 16.1979886 1.904 0
1671 15.6993195333333 1.968 0
1672 15.8519897333333 1.696 0
1673 15.9486540666667 1.936 0
1674 15.6026552 1.728 0
1675 14.2593182 1.648 0
1676 14.9513159333333 2.064 0
1677 14.4526468666667 2.128 0
1678 14.6053170666667 1.856 0
1679 14.7019814 2.096 0
1680 14.3559825333333 1.888 0
1681 2 1 0
1682 1.5 1 0
1683 1 1 0
1684 0.5 1 0
1685 0.5 0.4 0
1686 1.5 0.8 0
1687 0.5 0.8 0
1688 1 0.6 0
1689 1 0.8 0
1690 0.5 0.6 0
1691 2.5 1.2 0
1692 2.5 1.4 0
1693 2.5 1.6 0
1694 2.5 1.8 0
1695 2 1.8 0
1696 1.5 1.6 0
1697 1 1.4 0
1698 0.5 1.2 0
1699 2 1.2 0
1700 2 1.6 0
1701 1 1.2 0
1702 2 1.4 0
1703 1.5 1.4 0
1704 1.5 1.2 0
1705 3 1.4 0
1706 4 1.8 0
1707 3 1.8 0
1708 3.5 1.6 0
1709 3.5 1.8 0
1710 3 1.6 0
1711 0.5 1.4 0
1712 1.5 1.8 0
1713 0.5 1.8 0
1714 1 1.6 0
1715 1 1.8 0
1716 0.5 1.6 0
