0,0,0,0
0,2,0,-0.000519524197
0,1.714285714,0,-0.0006095871031
0,1.428571429,0,-0.0006270448225
0,1.142857143,0,-0.0006009401091
0,0.8571428571,0,-0.0005326504887
0,0.5714285714,0,-0.0004159887136
0,0.2857142857,0,-0.0002405809523
0.7142857143,2,-0.0005397564738,-0.0004551526732
0.7142857143,0.2857142857,-0.0001188958195,-0.0002331384983
0.7142857143,1.142857143,-0.0004091413117,-0.0005762329083
0.7142857143,1.428571429,-0.0004646907064,-0.0005807834523
0.7142857143,0.8571428571,-0.0003332836015,-0.0005214618425
0.7142857143,0.5714285714,-0.0002355393738,-0.000410498834
0.7142857143,1.714285714,-0.0005048139392,-0.0005424729095
0.9523809524,0,0,0
1.428571429,0.8571428571,-0.0007132846891,-0.0004578207086
1.428571429,1.714285714,-0.00106416048,-0.0005204480852
1.428571429,1.142857143,-0.000860256043,-0.0005170482222
1.428571429,1.428571429,-0.0009737642313,-0.0005414796233
1.428571429,2,-0.001166869125,-0.0004026056409
1.428571429,0.5714285714,-0.0005230143516,-0.0003614954935
1.666666667,0.2857142857,-0.0003421098548,-0.000204922404
1.904761905,0,0,0
2.142857143,1.428571429,-0.00161386279,-0.000315578507
2.142857143,2,-0.002122320435,0.0003571990334
2.142857143,0.8571428571,-0.001211907083,-0.0003556255729
2.142857143,1.142857143,-0.001417213551,-0.0003704444519
2.142857143,1.714285714,-0.001827818827,-0.0001099098484
2.380952381,0.5714285714,-0.001113823227,-0.0002014219706
2.619047619,0.2857142857,-0.0008516460057,-8.449383794e-05
2.857142857,2,-0.004009934126,0.001839253026
2.857142857,1.142857143,-0.002155360553,-1.998601776e-05
2.857142857,0,0,0
2.857142857,1.428571429,-0.002600624837,0.0001089011525
2.857142857,1.714285714,-0.003186407884,0.0006540113014
3.095238095,0.8571428571,-0.002150575277,-2.373343065e-05
3.333333333,0.5714285714,-0.002093981441,-3.96899674e-05
3.571428571,2,-0.007260731508,0.005337917705
3.571428571,1.428571429,-0.004104637202,0.001715505572
3.571428571,1.714285714,-0.005416046171,0.003055865778
3.571428571,0.2857142857,-0.001627555651,-1.46542918e-05
3.80952381,0,0,0
3.80952381,1.142857143,-0.004187784972,0.0005139646522
4.047619048,0.8571428571,-0.003801118579,-5.882331922e-05
4.285714286,2,-0.01330710741,0.01331627127
4.285714286,1.714285714,-0.01049976761,0.006570701423
4.285714286,0.5714285714,-0.003378786314,-0.0001809463302
4.523809524,1.428571429,-0.009293128718,0.001965929801
4.523809524,0.2857142857,-0.002326891933,-0.0001091793074
4.761904762,0,0,0
4.761904762,1.142857143,-0.006972423257,3.087179717e-05
5,2,-0.03096782598,0.01388188226
5,0.8571428571,-0.005488250574,-0.0005535004748
5.238095238,1.714285714,-0.01905698039,0.003392644985
5.238095238,0.5714285714,-0.004354796596,-0.000498440947
5.357142857,2.428571429,-0.06384921777,0.01484755165
5.428571429,2,-0.032926824,0.007971138025
5.476190476,1.428571429,-0.01221961355,0.0002089819972
5.476190476,0.2857142857,-0.002599995915,-0.0002788032735
5.666666667,1.714285714,-0.02006373138,0.002446258895
5.714285714,0,0,0
5.714285714,1.142857143,-0.008656669958,-0.0007552948422
5.714285714,2.857142857,-0.07330006966,0.01196681151
5.785714286,2.428571429,-0.05686088244,0.01047610991
5.857142857,2,-0.03246836671,0.005521949635
5.904761905,1.428571429,-0.01284336852,-0.0001489538693
5.952380952,0.8571428571,-0.006582982154,-0.0009241221891
6.071428571,3.285714286,-0.0784529751,0.01013484887
6.095238095,1.714285714,-0.0200714178,0.00120634071
6.142857143,1.142857143,-0.009034748473,-0.001107838424
6.142857143,2.857142857,-0.06950912256,0.008577510218
6.19047619,0.5714285714,-0.004745614508,-0.0007563434653
6.214285714,2.428571429,-0.05154818348,0.006556486092
6.285714286,2,-0.030562259,0.002864151504
6.333333333,1.428571429,-0.01296742588,-0.0009093610705
6.380952381,0.8571428571,-0.006784393762,-0.001182467812
6.428571429,3.714285714,-0.07985604139,0.005822886559
6.428571429,0.2857142857,-0.00248296475,-0.0004518591291
6.5,3.285714286,-0.07556615193,0.004984138584
6.523809524,1.714285714,-0.01935680004,-0.0002122876094
6.571428571,1.142857143,-0.009179132194,-0.001507108633
6.571428571,2.857142857,-0.06435861366,0.0044595627
6.619047619,0.5714285714,-0.004760868569,-0.0009296890397
6.642857143,2.428571429,-0.04656879349,0.003091788308
6.666666667,0,0,0
6.714285714,2,-0.02816599001,0.0006234100115
6.761904762,1.428571429,-0.01273758832,-0.001593614458
6.785714286,4.142857143,-0.07912406162,0.001713399842
6.80952381,0.8571428571,-0.006867832668,-0.001425517137
6.857142857,0.2857142857,-0.002356423602,-0.000523170899
6.857142857,3.714285714,-0.07782649942,0.001190739271
6.928571429,3.285714286,-0.07149742481,0.001083237921
6.952380952,1.714285714,-0.0182312205,-0.001404913119
7,1.142857143,-0.009166062969,-0.001898753579
7,2.857142857,-0.05878007114,0.001068937152
7.047619048,0.5714285714,-0.004654757719,-0.001095813958
7.071428571,2.428571429,-0.04180343048,0.000320662038
7.142857143,4.571428571,-0.0777755432,-0.001307154504
7.142857143,2,-0.02563346268,-0.001189644927
7.19047619,1.428571429,-0.01228456283,-0.002275090908
7.214285714,4.142857143,-0.07830066484,-0.002028421816
7.238095238,0.8571428571,-0.006806532866,-0.001697651752
7.285714286,0.2857142857,-0.002237884403,-0.0006079372086
7.285714286,3.714285714,-0.0753400456,-0.002229896859
7.357142857,3.285714286,-0.06688752633,-0.001961140086
7.380952381,1.714285714,-0.01687812039,-0.002520563803
7.428571429,1.142857143,-0.009015512711,-0.002297970793
7.428571429,2.857142857,-0.05323317626,-0.001714537385
7.476190476,0.5714285714,-0.004468345874,-0.001255148908
7.5,5,-0.07541021304,-0.005388525742
7.5,2.428571429,-0.03729798058,-0.002022333141
7.571428571,2,-0.02307211319,-0.002746296646
7.571428571,4.571428571,-0.07696849216,-0.005793501362
7.619047619,0,0,0
7.619047619,1.428571429,-0.01173587729,-0.002855870495
7.642857143,4.142857143,-0.07645938533,-0.00591234047
7.666666667,0.8571428571,-0.006622089182,-0.001934903842
7.714285714,3.714285714,-0.07163470378,-0.00547018467
7.785714286,3.285714286,-0.0616317289,-0.004633208243
7.80952381,1.714285714,-0.01552715547,-0.00335010575
7.857142857,2.857142857,-0.04781212409,-0.003962006515
7.857142857,5.428571429,-0.07305791097,-0.008689342014
7.857142857,1.142857143,-0.008764686001,-0.002633558243
7.878641953,4.934969079,-0.07536820984,-0.008648212521
7.904761905,0.5714285714,-0.004249157227,-0.001399919968
7.928571429,2.428571429,-0.03310213645,-0.003786595862
7.950070525,4.50639765,-0.07617111362,-0.008773370139
8,2,-0.0206477535,-0.003869982551
8.021499096,4.077826221,-0.07372618362,-0.008380453839
8.047619048,1.428571429,-0.01117241186,-0.003339494227
8.092927667,3.649254793,-0.06649923992,-0.007430387214
8.095238095,0.8571428571,-0.006347633755,-0.002155112484
8.164356239,3.220683364,-0.05498193621,-0.006303550429
8.214285714,5.857142857,-0.07063178141,-0.01185286028
8.23578481,5.363540507,-0.07319278287,-0.01179848032
8.23578481,2.792111936,-0.04118940372,-0.005452026936
8.238095238,0.2857142857,-0.001989972501,-0.0007610069911
8.238095238,1.714285714,-0.01428000694,-0.004046339024
8.257283906,4.869938157,-0.07505318684,-0.0115137839
8.285714286,1.142857143,-0.008426008854,-0.002941537625
8.307213382,2.363540507,-0.02782743121,-0.004978153362
8.328712478,4.441366729,-0.07446899537,-0.01122071554
8.400141049,4.0127953,-0.06970253131,-0.01031492959
8.428571429,2,-0.01841778558,-0.004779540636
8.47156962,3.584223872,-0.06051972661,-0.008967576807
8.476190476,1.428571429,-0.01061020426,-0.003754219966
8.523809524,0.8571428571,-0.006026269984,-0.002355738904
8.542998192,3.155652443,-0.04827466627,-0.007611557334
8.571428571,0,0,0
8.571428571,6.285714286,-0.06820233566,-0.01481012632
8.592927667,5.792111936,-0.07088301377,-0.01474819089
8.614426763,5.298509586,-0.07323302179,-0.01451341164
8.614426763,2.727081014,-0.03507031053,-0.006562285596
8.635925859,4.804907236,-0.07416336943,-0.01393004078
8.666666667,1.714285714,-0.01318593671,-0.004595731404
8.707354431,4.376335807,-0.07154853258,-0.01315448149
8.714285714,1.142857143,-0.008017586533,-0.003214829711
8.73578481,2.363540507,-0.02442636827,-0.00604235912
8.778783002,3.947764379,-0.06458117777,-0.01177633771
8.850211574,3.51919295,-0.05410893323,-0.01012790854
8.857142857,2,-0.01649707438,-0.005480778903
8.857142857,0.5714285714,-0.00375362668,-0.00167659327
8.904761905,1.428571429,-0.01004614811,-0.004108722446
8.921640145,3.090621522,-0.0417737086,-0.008599918074
8.928571429,6.714285714,-0.06575045686,-0.01763742577
8.950070525,6.220683364,-0.06851566641,-0.01757637032
8.97156962,5.727081014,-0.07109483657,-0.01737708513
8.993068716,5.233478664,-0.0729334267,-0.01693088037
9.014567812,4.739876314,-0.07225539121,-0.01591323275
9.042998192,2.727081014,-0.03073278147,-0.007682215743
9.085996384,4.311304886,-0.06736379282,-0.01462768972
9.095238095,1.714285714,-0.01225298977,-0.005041176139
9.142857143,1.142857143,-0.007574436865,-0.003455304065
9.157424955,3.882733457,-0.05870065669,-0.01285784744
9.164356239,2.363540507,-0.02140075706,-0.006865093229
9.19047619,0.2857142857,-0.00175634959,-0.000884006071
9.228853527,3.454162029,-0.04759469021,-0.01099369667
9.285714286,7.142857143,-0.06324894779,-0.02038346507
9.285714286,2,-0.01489902854,-0.006027755715
9.307213382,6.649254793,-0.06610960656,-0.02032943197
9.328712478,6.155652443,-0.06880205028,-0.02015309395
9.333333333,1.428571429,-0.009469729279,-0.004413785399
9.350211574,5.662050093,-0.07113390204,-0.01980647351
9.350211574,3.090621522,-0.03678176615,-0.009697835964
9.371710669,5.168447743,-0.0719106548,-0.01901714687
9.393209765,4.674845393,-0.06903990336,-0.01745871
9.464638337,4.246273965,-0.06215137317,-0.01568630692
9.47156962,2.727081014,-0.0267622323,-0.008544100925
9.476190476,0.8571428571,-0.005289608363,-0.002727898852
9.523809524,0,0,0
9.523809524,1.714285714,-0.0114355666,-0.005413302113
9.536066908,3.817702536,-0.05243269098,-0.01362356667
9.592927667,2.363540507,-0.01881269876,-0.007497001544
9.642857143,7.571428571,-0.06068807214,-0.02306961809
9.657424955,3.454162029,-0.04222926835,-0.01202725698
9.664356239,7.077826221,-0.06365367595,-0.02302682951
9.685855335,6.584223872,-0.06643606298,-0.02286722482
9.707354431,6.090621522,-0.06901692558,-0.02258566954
9.714285714,2,-0.01360490815,-0.006466623741
9.728853527,5.597019172,-0.07070413417,-0.02197898661
9.750352623,5.103416822,-0.06978587622,-0.02068951071
9.761904762,1.428571429,-0.008890475043,-0.004679626673
9.771851719,4.609814472,-0.06455513059,-0.01855787516
9.778783002,3.090621522,-0.03210071523,-0.01054000326
9.80952381,0.5714285714,-0.003295236409,-0.00189720107
9.84328029,4.181243043,-0.05629580047,-0.01640643658
9.900141049,2.727081014,-0.02323769043,-0.009203234507
9.952380952,1.714285714,-0.01068040448,-0.00573301617
9.964638337,3.817702536,-0.0469104911,-0.0145944851
10,8,-0.0581038124,-0.02571845189
10.0214991,7.50639765,-0.06112679024,-0.02568854013
10.0214991,2.363540507,-0.0166852864,-0.007991464964
10.04299819,7.0127953,-0.06401427026,-0.02554639444
10.06449729,6.51919295,-0.06673633698,-0.02530452716
10.08599638,6.0255906,-0.06894986668,-0.02483652216
10.08599638,3.454162029,-0.03707751578,-0.01281674427
10.0952381,1.142857143,-0.006596317804,-0.003896602625
10.10749548,5.53198825,-0.06940977772,-0.02380458047
10.12899458,5.0383859,-0.06632929625,-0.02190764784
10.14285714,2,-0.01254524378,-0.006835138658
10.14285714,0.2857142857,-0.001547837216,-0.0009840266914
10.15049367,4.54478355,-0.05922638746,-0.01925911062
10.20735443,3.090621522,-0.02781064259,-0.01117400239
10.27185172,4.181243043,-0.05078528184,-0.01732139259
10.28021444,7.856730506,-0.05900950118,-0.02761466231
10.30171354,7.363128156,-0.06198588813,-0.02750577174
10.32321264,6.869525806,-0.0647975747,-0.02728565051
10.32871248,2.727081014,-0.02022856679,-0.009708030849
10.34471173,6.375923456,-0.06730302442,-0.02690383431
10.35714286,8.428571429,-0.05547132029,-0.02834861234
10.36621083,5.882321106,-0.06863132171,-0.02608832135
10.38095238,1.714285714,-0.00996164174,-0.006011105023
10.38770992,5.388718756,-0.06713495501,-0.02446364718
10.39320977,3.817702536,-0.04148758088,-0.01531507158
10.40920902,4.895116406,-0.06163989309,-0.02195170722
10.42857143,0.8571428571,-0.004615089712,-0.003022984571
10.45007052,2.363540507,-0.01499144772,-0.008393172373
10.47619048,0,0,0
10.50993743,4.466957329,-0.0533229602,-0.01953905237
10.51456781,3.454162029,-0.03222371692,-0.01339342984
10.56042889,7.713461012,-0.05990228984,-0.0294568496
10.57142857,2,-0.01162585034,-0.007154164207
10.58192799,7.219858662,-0.06279978849,-0.02926418454
10.60342708,6.726256312,-0.06548085526,-0.02893563581
10.62492618,6.232653962,-0.06741138942,-0.02828419102
10.63129548,4.103416822,-0.04452967358,-0.01739717123
10.63592586,3.090621522,-0.02400820228,-0.01164617974
10.6373573,8.285301934,-0.05639604127,-0.03026023428
10.64642527,5.739051612,-0.06718596855,-0.02693140809
10.66792437,5.245449262,-0.063322208,-0.02462740628
10.71428571,1.428571429,-0.007671340909,-0.005166235207
10.71428571,8.857142857,-0.05279659177,-0.03098541209
10.75265353,3.739876314,-0.03547210308,-0.015282672
10.75728391,2.727081014,-0.01776765696,-0.01010503361
10.76190476,0.5714285714,-0.002886196502,-0.002076600188
10.76865278,4.817290185,-0.05619097879,-0.02224030776
10.84064333,7.570191518,-0.06075680229,-0.03123691569
10.86214243,7.076589168,-0.06354746484,-0.03094941662
10.86938119,4.389131107,-0.04716628037,-0.01954989079
10.87401157,3.376335807,-0.02702145137,-0.01331702962
10.87864195,2.363540507,-0.01365128248,-0.00873388511
10.88364153,6.582986818,-0.06587052315,-0.03041697497
10.90514062,6.089384468,-0.06663184512,-0.02930517491
10.91757175,8.14203244,-0.05729958685,-0.03211739864
10.92663972,5.595782118,-0.06425277199,-0.0272634032
10.99073924,4.0255906,-0.03841777897,-0.01727798523
10.99450016,8.713873363,-0.05373355884,-0.0329131984
10.99536962,3.0127953,-0.02014417008,-0.01157493677
11,2,-0.01077645474,-0.007430603454
11.02736813,5.167623041,-0.058358616,-0.02496771097
11.04761905,1.142857143,-0.00571504972,-0.0042463509
11.07142857,9.285714286,-0.0500727877,-0.03363342472
11.0952381,0.2857142857,-0.001359918106,-0.001066881924
11.11209729,3.662050093,-0.02993044904,-0.01511281418
11.11672767,2.649254793,-0.01535434664,-0.01005803118
11.12085778,7.426922024,-0.06155138853,-0.03295079213
11.12809654,4.739463963,-0.05026907121,-0.02222811347
11.14235687,6.933319674,-0.06411006586,-0.03250532608
11.16385597,6.439717324,-0.0655995238,-0.03159406206
11.18535507,5.946114974,-0.06451079712,-0.02982260028
11.19778619,7.998762946,-0.05817805813,-0.03391826407
11.22882496,4.311304886,-0.04102732979,-0.01935808113
11.23345533,3.298509586,-0.02260520514,-0.01316166581
11.23808571,2.285714286,-0.01217886702,-0.008682881808
11.2747146,8.570603869,-0.05464960646,-0.03478640746
11.28608348,5.517955896,-0.05986578206,-0.02768680275
11.33333333,1.714285714,-0.008514716339,-0.006521233013
11.350183,3.947764379,-0.03264868882,-0.01701718791
11.35164302,9.142444792,-0.05102155693,-0.03557714422
11.35481338,2.934969079,-0.01717069301,-0.01147053788
11.38095238,0.8571428571,-0.004014566104,-0.003264085874
11.38681189,5.089796819,-0.05275110478,-0.02495822571
11.40107222,7.28365253,-0.06221617066,-0.03456187693
11.42257132,6.79005018,-0.06420312847,-0.0338133073
11.42857143,9.714285714,-0.04730466475,-0.03629185059
11.42857143,0,0,0
11.44407041,6.29644783,-0.06418268411,-0.03229929515
11.47142524,2.057142857,-0.01026027136,-0.007925156646
11.47154105,3.584223872,-0.02506325391,-0.01486190546
11.47617143,2.571428571,-0.01356552172,-0.009990256927
11.47800064,7.855493452,-0.05901755037,-0.03565753641
11.4875403,4.661637742,-0.04418165351,-0.02197721534
11.54479883,5.868288752,-0.06074994395,-0.0303712402
11.55492905,8.427334375,-0.05554405114,-0.03660385713
11.58826872,4.233478664,-0.03511965878,-0.01900947075
11.5928991,3.220683364,-0.01908002721,-0.01297859752
11.63185746,8.999175298,-0.05194813955,-0.03746554513
11.64552724,5.440129675,-0.05463973328,-0.02770448866
11.66666667,1.428571429,-0.006596723737,-0.005553591153
11.68128667,7.140383035,-0.06255356172,-0.03597016279
11.70278576,6.646780685,-0.06336536567,-0.03469351892
11.70878587,9.57101622,-0.04826467281,-0.03825054601
11.70951095,2.342857143,-0.01149277072,-0.009204572566
11.70962676,3.869938157,-0.0274353913,-0.01666502813
11.71425714,2.857142857,-0.01497489093,-0.01136187569
11.71428571,0.5714285714,-0.002517304257,-0.002226000762
11.74625565,5.011970598,-0.04681308665,-0.0246627512
11.75821508,7.712223958,-0.05976255678,-0.03730837522
11.78571429,10.14285714,-0.04449438747,-0.03895674572
11.80351418,6.218621608,-0.06105969743,-0.03300069513
11.80475857,1.771428571,-0.008165114391,-0.006961261831
11.83098481,3.50639765,-0.0210358866,-0.01458360129
11.83514349,8.284064881,-0.05640983745,-0.0383646566
11.84698406,4.58381152,-0.03818082544,-0.02153888208
11.90424259,5.790462531,-0.05595802479,-0.03044530464
11.91207191,8.855905803,-0.05285292826,-0.03929769581
11.94285048,2.114285714,-0.009745798368,-0.008404897083
11.94759667,2.628571429,-0.01268433601,-0.01053059172
11.94771248,4.155652443,-0.029654266,-0.01855634005
11.95234286,3.142857143,-0.01642539556,-0.01280570304
11.96150111,6.997113541,-0.06216510627,-0.03700503294
11.98900032,9.427746726,-0.04920058698,-0.0401528853
12,1.142857143,-0.004934513695,-0.004533863816
12.004971,5.362303453,-0.04891420805,-0.0273897215
12.03842952,7.568954464,-0.06025814719,-0.03878993472
12.04761905,0.2857142857,-0.001187155854,-0.001136630932
12.06222952,6.568954464,-0.06086059966,-0.03555660673
12.06592873,9.999587649,-0.04546636296,-0.04093086546
12.06907052,3.792111936,-0.02297858461,-0.01628155522
12.10569941,4.934144376,-0.04081507039,-0.02415279355
12.11535794,8.140795387,-0.05720810852,-0.04005013174
12.1380919,1.485714286,-0.006375874142,-0.005949236155
12.14285714,10.57142857,-0.04163888637,-0.04163366056
12.16295794,6.140795387,-0.05674950182,-0.03315453473
12.18093619,2.4,-0.01083205489,-0.009707124107
12.18568238,2.914285714,-0.01384586445,-0.01190648291
12.19042857,3.428571429,-0.01791208426,-0.0143271427
12.19228635,8.712636309,-0.05373534697,-0.04107562025
12.20642783,4.505985299,-0.0324832006,-0.02097597201
12.26368635,5.712636309,-0.05050536528,-0.03012680002
12.26921476,9.284477232,-0.05011453467,-0.04199755709
12.27618381,1.828571429,-0.007807223021,-0.007394237566
12.30715624,4.077826221,-0.02484787519,-0.01806353161
12.32277408,7.060495058,-0.06045347818,-0.03867558908
12.33333333,0.8571428571,-0.003473824917,-0.003465552295
12.34614317,9.856318155,-0.04641378462,-0.04284626903
12.36441476,5.284477232,-0.04299751225,-0.02681757985
12.38095238,0,0,0
12.39970249,7.63233598,-0.05935577377,-0.04087947998
12.41427571,2.171428571,-0.009235532911,-0.008871898768
12.4190219,2.685714286,-0.01186272423,-0.01104906021
12.42307159,10.42815908,-0.04261988844,-0.04361888277
12.42350249,6.63233598,-0.05805121053,-0.03671409296
12.4237681,3.2,-0.01499012625,-0.01333695771
12.42851429,3.714285714,-0.01941053179,-0.01592689401
12.46514317,4.856318155,-0.03499295886,-0.02348909627
12.47142524,1.2,-0.004817510744,-0.004891448873
12.4766309,8.204176903,-0.05667244379,-0.04238305474
12.5,11,-0.03877994154,-0.04432996118
12.5242309,6.204176903,-0.05317447625,-0.0339106862
12.55355932,8.776017826,-0.05329955725,-0.04351040004
12.56587159,4.428159077,-0.02730747788,-0.02035350143
12.60951714,1.542857143,-0.006138921168,-0.006342475651
12.62495932,5.776017826,-0.04664068506,-0.03062969797
12.63048773,9.347858748,-0.04968261224,-0.0444769943
12.65236143,2.457142857,-0.01019103693,-0.01019365224
12.65710762,2.971428571,-0.01283772141,-0.01243115741
12.66185381,3.485714286,-0.01612253089,-0.01482571143
12.6666,4,-0.02088256766,-0.01760023647
12.66666667,0.5714285714,-0.00217902598,-0.002351798746
12.68404705,7.123876574,-0.05819029279,-0.04005200024
12.70741614,9.919699671,-0.04598558931,-0.04537517421
12.72568773,5.347858748,-0.03921619671,-0.02718149281
12.74760905,1.885714286,-0.007441291628,-0.007820591122
12.76097546,7.695717497,-0.05806487761,-0.04273672455
12.78434456,10.49154059,-0.04220970885,-0.04621447942
12.78477546,6.695717497,-0.05478787603,-0.03759274304
12.80475857,0.9142857143,-0.003444006258,-0.003790089449
12.82641614,4.919699671,-0.03159413494,-0.02379434785
12.83790387,8.26755842,-0.05595704537,-0.04458547904
12.85714286,11.42857143,-0.03587949598,-0.04701317462
12.88550387,6.26755842,-0.04936450361,-0.03444576018
12.88570095,2.228571429,-0.008728836831,-0.00932827417
12.89044714,2.742857143,-0.01108356127,-0.01155006053
12.89519333,3.257142857,-0.01376127099,-0.01385494032
12.89993952,3.771428571,-0.01723809835,-0.01637419082
12.91483229,8.839399342,-0.05281619344,-0.04589749688
12.92714456,4.491540594,-0.02459316511,-0.02067608819
12.94285048,1.257142857,-0.004679099572,-0.00525012354
12.98623229,5.839399342,-0.0427152433,-0.0309696922
12.9917607,9.411240265,-0.04924061898,-0.04693899164
13,0.2857142857,-0.001026204903,-0.00119565739
13.04532002,7.187258091,-0.0553739339,-0.04110077011
13.05849671,10.92488271,-0.03929472405,-0.04831868724
13.06868911,9.983081188,-0.0455239868,-0.04786802275
13.08094238,1.6,-0.005885930749,-0.00673330799
13.0869607,5.411240265,-0.03548857417,-0.02742601271
13.12224843,7.759099013,-0.05627512161,-0.04428990744
13.12378667,2.514285714,-0.009565284693,-0.01066741205
13.12853286,3.028571429,-0.01190964766,-0.01294011119
13.13327905,3.542857143,-0.01463667562,-0.01532171888
13.1380919,0.6285714286,-0.002225150309,-0.002647342692
13.14604843,6.759099013,-0.05115527519,-0.03819454035
13.18768911,4.983081188,-0.02835066096,-0.02402183541
13.19041429,4,-0.01754806956,-0.01767633058
13.19917684,8.330939936,-0.05493489142,-0.04657503217
13.21428571,11.85714286,-0.03299851829,-0.0497050339
13.21903429,1.942857143,-0.007066460327,-0.00824127674
13.24677684,6.330939936,-0.04540461505,-0.0347770175
13.27610525,8.902780859,-0.05220590239,-0.04817651933
13.27618381,0.9714285714,-0.003389314984,-0.004118283098
13.33333333,0,0,0
13.34284126,10.41642331,-0.04264648779,-0.0500128637
13.34750525,5.902780859,-0.03878563786,-0.03116271175
13.35303367,9.474621781,-0.04878831238,-0.04935923835
13.35712619,2.285714286,-0.008223189759,-0.009775905758
13.36187238,2.8,-0.01033459997,-0.0120368486
13.36661857,3.314285714,-0.01266763451,-0.01436282386
13.40659298,7.250639607,-0.05204736189,-0.04181610638
13.41427571,1.314285714,-0.004519508201,-0.005609439391
13.41563957,11.35345414,-0.03640219326,-0.0510020794
13.42375381,3.771428571,-0.0149061331,-0.01656670768
13.44823367,5.474621781,-0.03186130639,-0.02756804218
13.45095884,4.491540594,-0.02021280725,-0.02053440524
13.47142524,0.3428571429,-0.001141016237,-0.001465553364
13.4835214,7.82248053,-0.05391062275,-0.04548977451
13.5073214,6.82248053,-0.04726373783,-0.03854272165
13.55236762,1.657142857,-0.00561660837,-0.007121870831
13.56044981,8.394321452,-0.05346792829,-0.04827236083
13.57142857,12.28571429,-0.03014884409,-0.05237947425
13.5952119,2.571428571,-0.00895111651,-0.01113048669
13.5999581,3.085714286,-0.01103359832,-0.01343470252
13.60804981,6.394321452,-0.04137720794,-0.03493465612
13.60951714,0.6857142857,-0.002244242737,-0.002948403418
13.61699342,10.84976543,-0.03974610386,-0.05213362197
13.62718582,9.907963903,-0.04594800491,-0.05153937419
13.63737822,8.966162375,-0.0513408853,-0.0502655518
13.65709333,3.542857143,-0.01292230985,-0.01557140294
13.69045952,2,-0.006681656354,-0.008656687421
13.70877822,5.966162375,-0.03490248459,-0.03123367688
13.7115034,4.983081188,-0.0230499365,-0.02363670151
13.71422857,4,-0.0150763088,-0.01782192258
13.74760905,1.028571429,-0.003310020807,-0.004449228388
13.76786595,7.314021124,-0.04830866008,-0.0422177199
13.77278242,11.78202557,-0.03351257675,-0.05365755868
13.82761743,0.2971428571,-0.0009292207676,-0.001288877583
13.82855143,2.342857143,-0.007715926514,-0.01021502393
13.83329762,2.857142857,-0.009608125086,-0.01251071178
13.84479436,7.885862046,-0.05095331065,-0.0463001861
13.86859436,6.885862046,-0.04322705911,-0.03867963669
13.88570095,1.371428571,-0.004338684683,-0.005968712359
13.89043286,3.314285714,-0.01128984555,-0.01461929039
13.90133797,10.34130602,-0.0430657794,-0.05368633975
13.91153037,9.399504496,-0.04875258691,-0.05257499556
13.92172278,8.457702969,-0.05142961579,-0.049600854
13.92857143,12.71428571,-0.02735534186,-0.05501996886
13.9475681,3.771428571,-0.01308895958,-0.01679194752
13.96570933,0.64,-0.001964556023,-0.002791177838
13.96932278,6.457702969,-0.03734147123,-0.03494180749
13.97204795,5.474621781,-0.0258569453,-0.02695030155
13.97413627,11.27833686,-0.03684678783,-0.05478400499
13.97477313,4.491540594,-0.01689688557,-0.02049609527
14.02379286,1.714285714,-0.005330580522,-0.007507507076
14.06663714,2.628571429,-0.008344677064,-0.01158282688
14.10380124,0.9828571429,-0.002960563303,-0.004310188238
14.12377238,3.085714286,-0.009868362667,-0.01367674153
14.12913892,7.37740264,-0.04432271409,-0.04233817897
14.12992528,12.210597,-0.03065262334,-0.0562707208
14.16188476,2.057142857,-0.0062861048,-0.009066232354
14.17549012,10.77464814,-0.04016309285,-0.05580550737
14.18090762,3.542857143,-0.0114639825,-0.01581696658
14.18568253,9.832846617,-0.04602776111,-0.05482427781
14.19587493,8.89104509,-0.04949566511,-0.05219583585
14.20606733,7.949243563,-0.04745821094,-0.04670915082
14.22986733,6.949243563,-0.0391282485,-0.03863575788
14.23259251,5.966162375,-0.02843669448,-0.03041661548
14.23531768,4.983081188,-0.01885151197,-0.02335861958
14.23804286,4,-0.01316762326,-0.0180218228
14.24189314,1.325714286,-0.003917337635,-0.005846384277
14.28571429,0,0,0
14.28571429,13.14285714,-0.02465456831,-0.05760130593
14.29997667,2.4,-0.007205888985,-0.01064558371
14.32190152,0.5942857143,-0.001706219623,-0.00262590083
14.33127913,11.70690829,-0.0339509437,-0.05738781936
14.3571119,2.857142857,-0.008609573627,-0.01273374715
14.37998505,1.668571429,-0.00483497564,-0.007400196015
14.41424714,3.314285714,-0.0100505297,-0.01485630501
14.45983468,10.26618874,-0.04321423587,-0.05700964876
14.45999343,0.9371428571,-0.002634801762,-0.00416191372
14.47002708,9.324387211,-0.04728116421,-0.05467968686
14.47138238,3.771428571,-0.01155610989,-0.01702531951
14.48021948,8.382585684,-0.04652206225,-0.04962483322
14.48706814,12.63916843,-0.02784800304,-0.05881526795
14.49041189,7.440784156,-0.04027509474,-0.04228682088
14.49313706,6.457702969,-0.03062951842,-0.03396649295
14.49586224,5.474621781,-0.0208519425,-0.0264041924
14.49858741,4.491540594,-0.0144219384,-0.02057584228
14.51807695,2.011428571,-0.005713545638,-0.008972006146
14.53263298,11.20321957,-0.03726099189,-0.05840568264
14.59045143,2.628571429,-0.007477027893,-0.01178430335
14.59808533,1.28,-0.003522525743,-0.005713757993
14.64285714,13.57142857,-0.02208434574,-0.06006883879
14.64758667,3.085714286,-0.008799026592,-0.01389823592
14.65616886,2.354285714,-0.006553034341,-0.01056217558
14.68842199,12.13547972,-0.03107904706,-0.0599193982
14.7047219,3.542857143,-0.01015452466,-0.01604700878
14.73398683,10.69953086,-0.0403531558,-0.05912537406
14.73617724,1.622857143,-0.004369295102,-0.007281691481
14.74417924,9.757729332,-0.04484932419,-0.05704584835
14.75368162,6.949243563,-0.03232152376,-0.03753355137
14.75437164,8.815927805,-0.04514917936,-0.05239207238
14.75640679,5.966162375,-0.02277167426,-0.0296035218
14.75913197,4.983081188,-0.01569062361,-0.02325024506
14.76185714,4,-0.01156693416,-0.01824158539
14.76456404,7.874126278,-0.04012120084,-0.04528528903
14.77999838,0.2971428571,-0.0007765246243,-0.001333036728
14.81618562,0.8914285714,-0.002331371844,-0.004005086994
14.84421099,13.06773986,-0.02513552425,-0.06124995915
14.87426914,1.965714286,-0.005174983649,-0.008865927036
14.88092619,2.857142857,-0.007675186875,-0.0129367044
14.88977584,11.631791,-0.03433991312,-0.06092478814
14.91272987,7.375385367,-0.03419010973,-0.0407597761
14.93806143,3.314285714,-0.008913281175,-0.01507407705
14.94664362,2.582857143,-0.006786713845,-0.01170087322
14.95427752,1.234285714,-0.003152374412,-0.00557154258
14.99519667,3.771428571,-0.01018080008,-0.01724617148
15,14,-0.01961029497,-0.06233858626
15.01236105,2.308571429,-0.005939378083,-0.01046663407
15.01695135,6.457702969,-0.02448284512,-0.03290961311
15.01833139,10.19107145,-0.04225092076,-0.0592924554
15.01967652,5.474621781,-0.01696935898,-0.02605574586
15.0224017,4.491540594,-0.01248613316,-0.02073745652
15.02852379,9.249269926,-0.04341454598,-0.05500500926
15.03871619,8.307468399,-0.03956363468,-0.04818855286
15.04556484,12.56405114,-0.02826331998,-0.062344525
15.09112969,11.12810229,-0.03738090486,-0.06159613089
15.09236943,1.577142857,-0.003931059752,-0.007152701514
15.17140095,3.085714286,-0.007800442647,-0.01410066327
15.1759996,6.883844774,-0.02649708191,-0.03597695745
15.18688202,7.808727488,-0.03421479685,-0.04370321145
15.20135385,13.49631129,-0.02256640295,-0.06353156039
15.22853619,3.542857143,-0.008952963314,-0.01625888027
15.23046133,1.92,-0.004667150424,-0.008748622497
15.23711838,2.811428571,-0.006948656212,-0.01285188353
15.23809524,0,0,0
15.2469187,12.06036243,-0.03143914987,-0.06332719754
15.27428248,0.5942857143,-0.001403527581,-0.002705877042
15.28022108,5.966162375,-0.01820659465,-0.02898198125
15.28294625,4.983081188,-0.01330761169,-0.02329575751
15.28567143,4,-0.01013021901,-0.01845104402
15.29248354,10.62441357,-0.03953001362,-0.06141222532
15.30267594,9.682612047,-0.04138413356,-0.05745785962
15.30283581,2.537142857,-0.006136775533,-0.01160531561
15.31046971,1.188571429,-0.002805339113,-0.005420374092
15.31286835,8.74081052,-0.03859764486,-0.05096391185
15.33504785,7.309986578,-0.02827176097,-0.03909204471
15.36855324,2.262857143,-0.00536032011,-0.01035930912
15.4027077,12.99262257,-0.02554754881,-0.06463271851
15.43926933,6.39230418,-0.01977220621,-0.03169683465
15.44827255,11.55667372,-0.0343812685,-0.06393180677
15.44856162,1.531428571,-0.003518202621,-0.007013833444
15.46103418,8.24206961,-0.03381580306,-0.04653093345
15.46187571,3.314285714,-0.007853350839,-0.01527394211
15.51901095,3.771428571,-0.008919028793,-0.01745030536
15.52759314,3.04,-0.007039240755,-0.01401311626
15.54349081,5.474621781,-0.01406386077,-0.02592657654
15.54621598,4.491540594,-0.01083416509,-0.02092583745
15.5768281,10.11595417,-0.03911444812,-0.05974215448
15.58665352,1.874285714,-0.004187381336,-0.00862065181
15.5870205,9.174152641,-0.03726165782,-0.0535809614
15.59331057,2.765714286,-0.00626372515,-0.01275499857
15.59831758,6.818445984,-0.02133969445,-0.03452715421
15.60406155,12.48893386,-0.02857790625,-0.06558019523
15.60920001,7.743328699,-0.02834796921,-0.04191083855
15.6496264,11.052985,-0.03641132912,-0.06362551641
15.659028,2.491428571,-0.00552250912,-0.01149791622
15.70253906,5.900763586,-0.01503191191,-0.02829832259
15.71428571,14,-0.01986122339,-0.06652808238
15.72474543,2.217142857,-0.004812461304,-0.01024067905
15.73237933,0.2971428571,-0.0006290174942,-0.001369133385
15.73518633,8.675411731,-0.03302708802,-0.04922768733
15.75235048,3.542857143,-0.007834555219,-0.01645432301
15.75736584,7.244587789,-0.02282230113,-0.03743852024
15.76856657,0.8914285714,-0.00188158058,-0.00411274616
15.80475381,1.485714286,-0.003129037695,-0.006865657212
15.8054154,11.98524515,-0.03137283233,-0.06608743956
15.80676054,4.983081188,-0.01139038768,-0.02343052039
15.80948571,4,-0.008812603955,-0.01864631249
15.8180679,3.268571429,-0.007058976754,-0.01518244034
15.85098025,10.54929629,-0.03662815203,-0.06186653776
15.86117265,9.607494762,-0.03560377682,-0.05601867636
15.86158731,6.326905391,-0.01605648371,-0.03076991964
15.88335216,8.17667082,-0.02804174157,-0.04463438426
15.88378533,2.994285714,-0.00632064361,-0.01391367792
15.91563957,13.49631129,-0.02253914699,-0.06757633729
15.94284571,1.828571429,-0.003733465016,-0.008482534479
15.94950276,2.72,-0.005615329004,-0.01264626617
15.96580879,5.409222992,-0.01202346344,-0.02561764671
16.00676926,11.48155643,-0.03324758627,-0.06561686756
16.00933848,9.108753852,-0.03189155602,-0.05176760011
16.01522019,2.445714286,-0.004940222041,-0.01137907467
16.02063557,6.753047195,-0.01711492663,-0.03334306997
16.03151799,7.67792991,-0.02285520323,-0.04011684651
16.04282524,3.771428571,-0.007744427598,-0.01763968661
16.07003027,4.491540594,-0.009324034242,-0.0211073366
16.08093762,2.171428571,-0.004292992375,-0.01011120886
16.10854267,3.497142857,-0.007008426063,-0.01635787091
16.11699342,12.99262257,-0.02525301816,-0.06835926406
16.12485704,5.835364797,-0.01263563627,-0.0278501648
16.1353248,10.04083688,-0.03365092355,-0.05827909575
16.15750431,8.610012942,-0.02738305368,-0.04722970953
16.1742601,3.222857143,-0.006307974864,-0.01507941273
16.17968382,7.179189,-0.01815949648,-0.03601030882
16.19047619,0,0,0
16.20812311,10.97786772,-0.03338241857,-0.06369604715
16.22666343,0.5942857143,-0.001110790783,-0.00277021043
16.22907852,4.917682398,-0.009862306643,-0.02323873876
16.23997752,2.948571429,-0.005639180671,-0.01380250012
16.26285067,1.188571429,-0.002211423149,-0.005547797427
16.28349063,9.542095973,-0.03043421285,-0.05413986543
16.2839053,6.261506601,-0.01324370934,-0.03014086758
16.2990379,1.782857143,-0.003303594035,-0.008334795416
16.30567014,8.111272031,-0.02256935025,-0.04270650691
16.30569495,2.674285714,-0.004999499932,-0.01252604541
16.31834727,12.48893386,-0.02767294114,-0.06855164193
16.3333,4,-0.007583281328,-0.01882774675
16.37141238,2.4,-0.004386874264,-0.01124922254
16.38812678,5.343824203,-0.0103321432,-0.02538615105
16.39901743,3.725714286,-0.006888328765,-0.01753757104
16.40947696,10.474179,-0.03145734169,-0.06033739861
16.42857143,14,-0.02018867902,-0.06995018556
16.43165646,9.043355063,-0.02639590688,-0.04967686812
16.43712981,2.125714286,-0.003799572802,-0.009971371119
16.44295355,6.687648406,-0.01385185597,-0.03249987848
16.45383597,7.612531121,-0.01806528026,-0.03851959288
16.46473486,3.451428571,-0.006226219264,-0.01625034524
16.49234825,4.426141805,-0.00806135548,-0.02092919563
16.51970112,11.98524515,-0.02901188442,-0.06764038438
16.53045229,3.177142857,-0.005594472681,-0.01496477265
16.54717503,5.769966008,-0.01073567258,-0.02755193025
16.55764279,9.975438094,-0.02868467733,-0.05633283663
16.5798223,8.544614152,-0.02197447187,-0.04518100796
16.59616971,2.902857143,-0.004990712645,-0.0136798302
16.6020018,7.113790211,-0.01445611205,-0.03492464781
16.62992528,13.49631129,-0.02210778241,-0.0705728635
16.65139651,4.852283609,-0.008472306193,-0.02304387995
16.66188714,2.628571429,-0.004413043292,-0.01239470731
16.68476029,0.2971428571,-0.0004852852343,-0.001397619381
16.70580862,9.476697184,-0.02509616879,-0.05196937991
16.70622328,6.196107812,-0.01108168028,-0.02974048991
16.72094752,0.8914285714,-0.001445909123,-0.004197595373
16.72105497,11.48155643,-0.02868249596,-0.06530374171
16.72760457,2.354285714,-0.003859977141,-0.01110878945
16.72798813,8.045873242,-0.01771729822,-0.04095643685
16.75713476,1.485714286,-0.002393924412,-0.007005124605
16.793322,2.08,-0.003330288083,-0.009821640529
16.81044476,5.278425414,-0.008816689459,-0.02517181991
16.83127913,12.99262257,-0.02380730343,-0.07041459718
16.85397445,8.977956274,-0.021078664,-0.04753061758
16.85711429,4,-0.006412627549,-0.01898764039
16.86527153,6.622249617,-0.01138292775,-0.03195371355
16.87615396,7.547132332,-0.01418406542,-0.03726819406
16.92240882,10.97786772,-0.02669626038,-0.06174206735
16.92240882,10.263582,-0.02531121627,-0.05690399301
16.92283171,3.725714286,-0.005817174963,-0.0176895702
16.96949301,5.704567218,-0.009089351796,-0.02730976417
16.98854914,3.451428571,-0.005249392429,-0.01639285748
17.00214028,8.479215363,-0.01711130419,-0.04330665463
17.01616254,4.426141805,-0.00675466107,-0.02108512991
17.02431979,7.048391421,-0.01164710606,-0.03419532403
17.03263298,12.48893386,-0.02456132321,-0.06903861607
17.05426657,3.177142857,-0.00470741117,-0.01509663103
17.07057465,9.764841094,-0.02196246955,-0.05260387408
17.119984,2.902857143,-0.004189708745,-0.0138001994
17.12854126,6.130709023,-0.009289539194,-0.02945207908
17.14285714,0,0,0
17.14285714,14,-0.0207394494,-0.07147393877
17.15030611,7.980474453,-0.0137168007,-0.03956561238
17.17521079,4.852283609,-0.007027759863,-0.02319138717
17.17904438,0.5942857143,-0.0008251106289,-0.002819637465
17.18570143,2.628571429,-0.00369510482,-0.01250305923
17.21523162,1.188571429,-0.001635025641,-0.00564557067
17.21874048,9.266100183,-0.01831297043,-0.04829887348
17.23398683,11.98524515,-0.02382580029,-0.06632359501
17.25141886,1.782857143,-0.002430024843,-0.008478783587
17.25141886,2.354285714,-0.00322265299,-0.01120486765
17.28758952,6.556850828,-0.009417315923,-0.03159611979
17.29847194,7.481733543,-0.01120871952,-0.03642110091
17.33425904,5.278425414,-0.007230806258,-0.02530414284
17.34421099,13.49631129,-0.02092567461,-0.07112974829
17.36690631,8.767359273,-0.01481007626,-0.04426127661
17.38092857,4,-0.005286161833,-0.01912455003
17.43534068,11.48155643,-0.02184027181,-0.06265660218
17.43534068,10.052985,-0.01883524994,-0.05310899102
17.43534068,10.76727072,-0.02079007484,-0.05807011249
17.44663777,6.982992632,-0.00947128834,-0.03374095361
17.446646,3.725714286,-0.004781593025,-0.01781885224
17.4933073,5.704567218,-0.007363508406,-0.02741905781
17.51236343,3.451428571,-0.004300829644,-0.01651331729
17.51507214,8.268618363,-0.01190319631,-0.04072212169
17.53997682,4.426141805,-0.005502635795,-0.02121922093
17.54556484,12.99262257,-0.02049842692,-0.06949564982
17.57808086,3.177142857,-0.003842684891,-0.01520739217
17.58350651,9.554244093,-0.01556521668,-0.04897839322
17.63714124,0.2971428571,-0.0003441958235,-0.001418779336
17.64379829,2.902857143,-0.003406276259,-0.01390070603
17.65235555,6.130709023,-0.007423550427,-0.02953257536
17.66323797,7.769877452,-0.009801598976,-0.03774441733
17.67332848,0.8914285714,-0.001019946788,-0.004260489308
17.69902508,4.852283609,-0.005649658014,-0.02331835681
17.70951571,1.485714286,-0.001678804105,-0.007108347876
17.70951571,2.628571429,-0.002990904697,-0.01259303567
17.70951571,2.057142857,-0.002332346947,-0.009848637193
17.73167234,9.055503183,-0.01252513858,-0.0451633397
17.7469187,12.48893386,-0.01915012194,-0.0666602832
17.8114038,6.556850828,-0.0074078214,-0.03164141131
17.8114038,7.271136542,-0.008323822588,-0.03515802615
17.85714286,14,-0.02024906288,-0.07059041335
17.85807333,5.278425414,-0.005727574996,-0.02541893404
17.87983817,8.556762272,-0.01008545158,-0.04185166833
17.90474286,4,-0.004193318304,-0.01923803846
17.94827255,11.98524515,-0.01705967697,-0.06311359798
17.94827255,9.842388003,-0.0128726227,-0.04958615521
17.94827255,11.27095943,-0.01621567065,-0.05890843176
17.94827255,10.55667372,-0.01476963615,-0.05428886129
17.97046029,3.725714286,-0.003772871682,-0.01792506667
18.01712158,5.704567218,-0.005735873757,-0.02751816363
18.028004,8.058021362,-0.008358057496,-0.0390497586
18.03617771,3.451428571,-0.003373574166,-0.01661140795
18.05849671,13.49631129,-0.01805969423,-0.06883455862
18.06379111,4.426141805,-0.004291175798,-0.02132944923
18.0952381,0,0,0
18.09643838,9.343647092,-0.01028692657,-0.04602959888
18.10189514,3.177142857,-0.0029948299,-0.01529684533
18.13142533,0.5942857143,-0.0005441858142,-0.002854593974
18.16761257,1.188571429,-0.001070233336,-0.00571450862
18.16761257,2.902857143,-0.002636170809,-0.01398128263
18.16761257,1.76,-0.001589189731,-0.008466809343
18.16761257,2.331428571,-0.002111116856,-0.01122246131
18.17616983,6.130709023,-0.005672717979,-0.02961298352
18.17616983,7.559280452,-0.007106531696,-0.03655256218
18.17616983,6.844994737,-0.006384273034,-0.03308026904
18.22283936,4.852283609,-0.004320265725,-0.02342166112
18.24460421,8.844906182,-0.00828606732,-0.04296380953
18.25985056,12.99262257,-0.01566070681,-0.06611970279
18.38188762,5.278425414,-0.004280799367,-0.02551221477
18.39277004,8.346165272,-0.00689020901,-0.04033837543
18.42855714,4,-0.003125261552,-0.01932711069
18.46120441,12.48893386,-0.01317744507,-0.06293397913
18.46120441,9.631791002,-0.008107172614,-0.04688988834
18.46120441,10.34607672,-0.009365684394,-0.05099425385
18.46120441,11.77464814,-0.01193787716,-0.05935823575
18.46120441,11.06036243,-0.01070012247,-0.05526698133
18.49427457,3.725714286,-0.002783818401,-0.01800744343
18.54093587,5.704567218,-0.004172199941,-0.0275986531
18.54093587,7.847424361,-0.005825586969,-0.03792273887
18.54093587,6.418852933,-0.004721250879,-0.03105220853
18.54093587,7.133138647,-0.005275509193,-0.0344973403
18.559992,3.451428571,-0.0024619836,-0.0166866692
18.57142857,14,-0.01637033221,-0.06833846047
18.5876054,4.426141805,-0.003109464508,-0.02141459197
18.58952219,0.2971428571,-0.0002048294232,-0.001432780269
18.60937024,9.133050092,-0.006512550139,-0.04407497906
18.62570943,3.177142857,-0.002159467038,-0.0153648093
18.62570943,0.8914285714,-0.0006002211139,-0.004301879119
18.62570943,2.605714286,-0.001767026413,-0.01259549027
18.62570943,1.462857143,-0.0009873763237,-0.007063459022
18.62570943,2.034285714,-0.001376323059,-0.009828125806
18.74665365,4.852283609,-0.003025619984,-0.0235002945
18.75753607,8.634309181,-0.005400374274,-0.04161486393
18.77278242,13.49631129,-0.01307201185,-0.06555779529
18.9057019,8.135568271,-0.004483571122,-0.03926787149
18.9057019,5.278425414,-0.00287333647,-0.02558186662
18.9057019,5.992711128,-0.003272724756,-0.02903203844
18.9057019,7.421282557,-0.004086673742,-0.03588899373
18.9057019,6.706996842,-0.003678001824,-0.03247122124
18.95237143,4,-0.002074379487,-0.01939102061
18.97413627,12.99262257,-0.0101401009,-0.0626069503
18.97413627,9.421194001,-0.004749274518,-0.04521398156
18.97413627,10.13547972,-0.0052017235,-0.04865021567
18.97413627,10.84976543,-0.005965435367,-0.05226011928
18.97413627,12.27833686,-0.008514580525,-0.05938825566
18.97413627,11.56405114,-0.007084619725,-0.05591111804
19.01808886,3.725714286,-0.001808571386,-0.01806561645
19.04761905,0,0,0
19.08380629,3.451428571,-0.001561481277,-0.01673896987
19.08380629,0.5942857143,-0.000266163604,-0.002875301165
19.08380629,2.88,-0.001300582017,-0.01396296075
19.08380629,1.165714286,-0.0005232655765,-0.005643141338
19.08380629,2.308571429,-0.001040547677,-0.01118758823
19.08380629,1.737142857,-0.0007814189691,-0.008414041053
19.11141968,4.426141805,-0.001947597109,-0.02147368446
19.1223021,8.922453091,-0.003871268908,-0.0428939073
19.27046793,8.423712181,-0.003069333166,-0.04059703096
19.27046793,4.852283609,-0.001753377189,-0.0235528051
19.27046793,7.709426466,-0.00281832303,-0.03725645642
19.27046793,5.566569323,-0.002014768323,-0.02700714936
19.27046793,6.280855038,-0.00227780609,-0.03044724223
19.27046793,6.995140752,-0.002545981925,-0.03386693354
19.28571429,14,-0.008746551191,-0.06681432429
19.47618571,4,-0.001034558004,-0.01942966992
19.48706814,13.49631129,-0.005973367415,-0.06369009892
19.48706814,9.210597001,-0.00228599806,-0.04418001782
19.48706814,9.924882715,-0.002308999817,-0.04728018699
19.48706814,10.63916843,-0.002488064693,-0.05029303838
19.48706814,11.35345414,-0.003027891593,-0.05332851619
19.48706814,12.78202557,-0.005155371299,-0.05994100139
19.48706814,12.06773986,-0.003979846698,-0.05650781105
19.54190314,3.725714286,-0.0008420708461,-0.01809952345
19.54190314,0.2971428571,-6.642546628e-05,-0.001439701357
19.54190314,2.011428571,-0.0004524018665,-0.009761596164
19.54190314,3.154285714,-0.0007118252381,-0.01532030527
19.54190314,0.8685714286,-0.0001945960446,-0.004210664151
19.54190314,1.44,-0.0003232714615,-0.006984732982
19.54190314,2.582857143,-0.0005819399491,-0.01254050328
19.63523397,8.71185609,-0.001571862716,-0.04191954046
19.63523397,4.426141805,-0.0007973407909,-0.0215060931
19.63523397,6.568998947,-0.001188089838,-0.03184217803
19.63523397,7.997570376,-0.001460151126,-0.03860878422
19.63523397,5.140427519,-0.0009277139788,-0.02496818305
19.63523397,5.854713233,-0.001057497311,-0.02841586003
19.63523397,7.283284662,-0.001323215567,-0.03524183467
20,0,0,0
20,4,0,-0.01944247219
20,14,0,-0.06627928462
20,9,0,-0.04323985639
20,0.5714285714,0,-0.002770946352
20,4.714285714,0,-0.02291079895
20,9.714285714,0,-0.04635736262
20,1.714285714,0,-0.008322034789
20,6.142857143,0,-0.02980672251
20,11.14285714,0,-0.05196148222
20,1.142857143,0,-0.005544998933
20,5.428571429,0,-0.02636767608
20,10.42857143,0,-0.04924444401
20,2.285714286,0,-0.01110149613
20,6.857142857,0,-0.03322011629
20,11.85714286,0,-0.05482903838
20,3.428571429,0,-0.01666336312
20,8.285714286,0,-0.03995287399
20,13.28571429,0,-0.06232317013
20,2.857142857,0,-0.01388240971
20,7.571428571,0,-0.03660378443
20,12.57142857,0,-0.0582459931
