1 16.2901744511965 4.02693226826228 0
2 15.4120052602755 5.6665275417042 0
3 14.5429262322558 4.02693226826228 0
4 15.4150353145759 4.57346402607625 0
5 15.4156737281667 4.34316234341418 0
6 15.5987832727244 4.68861486740728 0
7 15.2306489428367 4.68861486740728 0
8 15.368879711472 5.69345980996647 0
9 13.6216314925314 5.69345980996647 0
10 14.4998006834523 4.05386453652455 0
11 14.4967706291519 5.1469280521525 0
12 14.6811570008911 5.03177721082146 0
13 14.4961322155611 5.37722973481457 0
14 14.3130226710035 5.03177721082146 0
15 15.3687303949243 5.74732434649102 0
16 14.4905612040034 7.38691961993294 0
17 13.6214821759837 5.74732434649102 0
18 14.4935912583038 6.293856104305 0
19 14.4942296718946 6.06355442164292 0
20 14.6773392164522 6.40900694563603 0
21 14.3092048865646 6.40900694563603 0
22 14.4568244511965 4.02693226826228 0
23 13.5786552602755 5.6665275417042 0
24 12.7095762322559 4.02693226826228 0
25 13.5816853145759 4.57346402607625 0
26 13.5823237281667 4.34316234341418 0
27 13.7654332727244 4.68861486740728 0
28 13.3972989428367 4.68861486740728 0
29 5.04305049916151 2.02348209045173 0
30 6.47260422780631 2.02348209045173 0
31 6.23434527303218 3.45303581909653 0
32 5.91666666666667 2.5 0
33 5.79953408108956 2.6003993590661 0
34 5.8497337606226 2.29920128186781 0
35 6.10073215828784 2.6003993590661 0
36 6.51565472696782 2.04696418090347 0
37 7.70694950083849 3.47651790954827 0
38 6.27739577219369 3.47651790954827 0
39 6.83333333333333 3 0
40 6.64926784171216 2.8996006409339 0
41 6.95046591891045 2.8996006409339 0
42 6.9002662393774 3.20079871813219 0
43 6.54305049916151 2.02348209045173 0
44 7.97260422780631 2.02348209045173 0
45 7.73434527303218 3.45303581909653 0
46 7.41666666666667 2.5 0
47 7.29953408108956 2.6003993590661 0
48 7.34973376062261 2.29920128186781 0
49 7.60073215828784 2.6003993590661 0
50 6.29305049916151 3.52348209045173 0
51 7.72260422780631 3.52348209045173 0
52 7.48434527303218 4.95303581909653 0
53 7.16666666666667 4 0
54 7.04953408108956 4.1003993590661 0
55 7.0997337606226 3.79920128186781 0
56 7.35073215828784 4.1003993590661 0
57 12.5113646507923 10.9408086765783 0
58 12.2547602862974 9.03336158914704 0
59 13.4598315625427 9.24477858318233 0
60 12.7419854998774 9.73964961630255 0
61 12.8446408212916 9.88846010972072 0
62 12.5907398002813 9.84391586432825 0
63 12.7905758780594 9.48657287485869 0
64 12.2661249370897 8.97417026572532 0
65 13.2145918488401 7.27814017232937 0
66 13.4711962133349 9.18558725976061 0
67 12.9839709997549 8.4792992326051 0
68 12.9353806215729 8.73237597404896 0
69 12.8813156783407 8.33048873918693 0
70 13.135216699351 8.3750329845794 0
71 12.2421152066967 8.93936544725718 0
72 11.9855108422019 7.03191835982594 0
73 13.1905821184471 7.24333535386124 0
74 12.4727360557819 7.73820638698146 0
75 12.5753913771961 7.88701688039962 0
76 12.3214903561858 7.84247263500715 0
77 12.5213264339639 7.48512964553759 0
78 13.5065705945201 9.16120075480703 0
79 13.2499662300252 7.25375366737578 0
80 14.4550375062705 7.46517066141108 0
81 13.7371914436053 7.9600416945313 0
82 13.8398467650194 8.10885218794946 0
83 13.5859457440092 8.064307942557 0
84 13.7857818217872 7.70696495308743 0
85 10.034921790886 8.01563213360685 0
86 10.9696122002618 7.53773877482041 0
87 11.2262165647567 9.44518586225165 0
88 10.7435835186348 8.33285225689297 0
89 10.6959606815679 8.50037772106823 0
90 10.6418957383357 8.0984904862062 0
91 10.8928941360009 8.39968856340448 0
92 11.0045339911478 7.55337090842725 0
93 12.1958287650185 8.98292463707206 0
94 11.2611383556427 9.4608179958585 0
95 11.4871670372697 8.66570451378593 0
96 11.3378564199036 8.59886820727442 0
97 11.5347898743366 8.49817904961068 0
98 11.5888548175688 8.90006628447271 0
99 11.0156723467905 7.51418890428575 0
100 11.9503627561663 7.03629554549931 0
101 12.2069671206611 8.94374263293055 0
102 11.7243340745393 7.83140902757187 0
103 11.6767112374724 7.99893449174713 0
104 11.6226462942402 7.5970472568851 0
105 11.8736446919054 7.89824533408339 0
106 11.284921790886 9.51563213360685 0
107 12.2196122002618 9.03773877482041 0
108 12.4762165647567 10.9451858622517 0
109 11.9935835186348 9.83285225689297 0
110 11.9459606815679 10.0003777210682 0
111 11.8918957383357 9.5984904862062 0
112 12.1428941360009 9.89968856340448 0
113 15.0501693058853 13.9724021174905 0
114 15.7218103190589 12.2922852673614 0
115 17.4327588536266 13.9724021174905 0
116 16.0682461595236 13.4123631674474 0
117 16.1412380358901 13.6483566128551 0
118 15.7807518236751 13.2943664447436 0
119 16.2827486190056 13.2943664447436 0
120 15.7719796249442 12.2646873848518 0
121 18.1545691726855 12.2646873848518 0
122 17.4829281595119 13.9448042349809 0
123 17.1364923190472 12.8247263348949 0
124 16.9219898595652 12.9427230575987 0
125 17.0635004426807 12.5887328894872 0
126 17.4239866548957 12.9427230575987 0
127 15.7549077844561 12.2094916198327 0
128 16.4265487976297 10.5293747697036 0
129 18.1374973321974 12.2094916198327 0
130 16.7729846380944 11.6494526697897 0
131 16.8459765144609 11.8854461151973 0
132 16.4854903022459 11.5314559470859 0
133 16.9874870975764 11.5314559470859 0
134 17.5501693058853 13.9724021174905 0
135 18.2218103190589 12.2922852673614 0
136 19.9327588536266 13.9724021174905 0
137 18.5682461595236 13.4123631674474 0
138 18.6412380358901 13.6483566128551 0
139 18.2807518236751 13.2943664447436 0
140 18.7827486190056 13.2943664447436 0
141 7.54031478608911 5.01991894583632 0
142 8.80332248974566 4.80300015484833 0
143 8.73160955995978 6.44947267448112 0
144 8.35841561193152 5.42413059172192 0
145 8.26467650059574 5.55499891064339 0
146 8.27978596876679 5.20809739366205 0
147 8.53078436643203 5.50929547086033 0
148 8.84363727583477 4.82291910068465 0
149 10.0349320497054 6.25247282932945 0
150 8.77192434604889 6.46939162031745 0
151 9.21683122386303 5.84826118344385 0
152 9.04446246936253 5.76309630430544 0
153 9.31057033519881 5.71739286452238 0
154 9.29546086702776 6.06429438150372 0
155 8.86556162188366 4.79231072100209 0
156 10.1285693255402 4.5753919300141 0
157 10.0568563957543 6.2218644496469 0
158 9.68366244772607 5.1965223668877 0
159 9.58992333639029 5.32739068580916 0
160 9.60503280456134 4.98048916882782 0
161 9.85603120222658 5.28168724602611 0
162 8.79031478608911 6.51991894583632 0
163 10.0533224897457 6.30300015484833 0
164 9.98160955995978 7.94947267448112 0
165 9.60841561193152 6.92413059172192 0
166 9.51467650059574 7.05499891064339 0
167 9.52978596876679 6.70809739366205 0
168 9.78078436643203 7.00929547086033 0
169 14.4563415450269 7.4103791170237 0
170 13.2512702687817 7.19896212298841 0
171 13.5872625170073 5.77078384358178 0
172 13.7649581102719 6.79337502786463 0
173 13.8731889427596 6.70792035012857 0
174 13.802397466307 7.00882862872921 0
175 13.6192879217493 6.66337610473611 0
176 13.2171999263529 7.16855708355462 0
177 12.3481208983332 5.52896181011269 0
178 13.5531921745785 5.74037880414799 0
179 13.0395043330882 6.14596589927177 0
180 13.1851745216109 6.27596482240029 0
181 12.9312735006006 6.23142057700782 0
182 13.0020649770532 5.93051229840718 0
183 13.1918861572036 7.18854380947386 0
184 11.9868148809583 6.97712681543856 0
185 12.3228071291839 5.54894853603194 0
186 12.5005027224486 6.57153972031479 0
187 12.6087335549362 6.48608504257873 0
188 12.5379420784836 6.78699332117937 0
189 12.3548325339259 6.44154079718626 0
190 13.5444356012991 5.68998703879496 0
191 12.3393643250538 5.47857004475966 0
192 12.6753565732794 4.05039176535303 0
193 12.8530521665441 5.07298294963588 0
194 12.9612829990317 4.98752827189983 0
195 12.8904915225791 5.28843655050047 0
196 12.7073819780215 4.94298402650736 0
197 10.9698685147339 2.01991894583632 0
198 10.5650635349715 3.23255388349313 0
199 9.54031478608911 2.01991894583632 0
200 10.3584156119315 2.42413059172192 0
201 10.3148761801288 2.2538008334451 0
202 10.530784366432 2.50929547086033 0
203 10.2295862892337 2.50929547086033 0
204 10.5349320497054 3.25247282932945 0
205 9.10537832106064 3.25247282932945 0
206 9.51018330082302 2.03983789167264 0
207 9.71683122386304 2.84826118344385 0
208 9.84566054656081 2.76309630430544 0
209 9.76037065566577 3.01859094172067 0
210 9.54446246936253 2.76309630430544 0
211 10.5451153505285 3.29231072100209 0
212 10.1403103707661 4.5049456586589 0
213 9.11556162188367 3.29231072100209 0
214 9.93366244772607 3.6965223668877 0
215 9.89012301592334 3.52619260861088 0
216 10.1060312022266 3.78168724602611 0
217 9.8048331250283 3.78168724602611 0
218 9.46986851473391 2.01991894583632 0
219 9.06506353497153 3.23255388349313 0
220 8.04031478608911 2.01991894583632 0
221 8.85841561193152 2.42413059172192 0
222 8.81487618012879 2.2538008334451 0
223 9.03078436643203 2.50929547086033 0
224 8.72958628923374 2.50929547086033 0
225 19.9718956710462 13.9332653000709 0
226 18.2609471364784 12.2531484499418 0
227 19.9718956710462 11.5506757523296 0
228 19.4015794928569 12.5790298341141 0
229 19.6419036343336 12.6476910144116 0
230 19.2814174221186 12.7956976416306 0
231 19.2814174221186 12.2937008463001 0
232 18.2328428075246 12.1864137500127 0
233 18.2328428075246 9.80382420227138 0
234 19.9437913420924 11.4839410524005 0
235 18.8031589857139 11.1580596682282 0
236 18.9233210564522 11.4433886560422 0
237 18.5628348442372 11.0893984879307 0
238 18.9233210564522 10.9413918607117 0
239 18.176634149617 12.1703548024132 0
240 16.4656856150492 10.4902379522841 0
241 18.176634149617 9.78776525467186 0
242 17.6063179714277 10.8161193364564 0
243 17.8466421129044 10.8847805167539 0
244 17.4861559006894 11.0327871439729 0
245 17.4861559006894 10.5307903486424 0
246 19.9718956710462 11.4332653000709 0
247 18.2609471364784 9.75314844994181 0
248 19.9718956710462 9.05067575232957 0
249 19.4015794928569 10.0790298341141 0
250 19.6419036343336 10.1476910144116 0
251 19.2814174221186 10.2956976416306 0
252 19.2814174221186 9.79370084630012 0
253 8.01291901389543 2.04340103628806 0
254 9.03766776277784 3.25603597394486 0
255 7.77466005912129 3.47295476493286 0
256 8.27508227859819 2.92413059172192 0
257 8.11441026121834 2.8542001925112 0
258 8.38051812705463 2.80849675272814 0
259 8.33031844752158 3.10969482992643 0
260 9.05058677667327 3.29943701023292 0
261 8.81232782189913 4.72899073887772 0
262 7.78757907301671 3.51635580122091 0
263 8.55016455719637 3.84826118344385 0
264 8.49492838827297 3.66269694523934 0
265 8.71083657457621 3.91819158265457 0
266 8.44472870873992 3.96389502243763 0
267 9.08816584968998 3.31579281145383 0
268 10.1129145985724 4.52842774911063 0
269 8.84990689491584 4.74534654009863 0
270 9.35032911439274 4.1965223668877 0
271 9.1896570970129 4.12659196767697 0
272 9.45576496284919 4.08088852789392 0
273 9.40556528331614 4.3820866050922 0
274 7.76291901389542 3.54340103628806 0
275 8.78766776277784 4.75603597394486 0
276 7.52466005912129 4.97295476493286 0
277 8.02508227859819 4.42413059172192 0
278 7.86441026121834 4.3542001925112 0
279 8.13051812705463 4.30849675272814 0
280 8.08031844752158 4.60969482992643 0
281 19.9800139057112 8.94507533276317 0
282 18.7632910730372 7.9839351983292 0
283 19.9800139057112 6.56248578502183 0
284 19.5744396281532 7.83049877203807 0
285 19.7453435824626 7.79817067156515 0
286 19.4889876509986 8.09766121993977 0
287 19.4889876509986 7.59566442460929 0
288 18.7433049787485 7.92901053109237 0
289 18.7433049787485 5.54642098335104 0
290 19.9600278114225 6.50756111778501 0
291 19.1488792563065 6.66099754407614 0
292 19.2343312334612 6.89583189150492 0
293 18.9779753019971 6.69332564454906 0
294 19.2343312334612 6.39383509617444 0
295 18.703332790171 7.93657164887738 0
296 17.486609957497 6.97543151444341 0
297 18.703332790171 5.55398210113604 0
298 18.297758512613 6.82199508815228 0
299 18.4686624669223 6.78966698767936 0
300 18.2123065354583 7.08915753605397 0
301 18.2123065354583 6.5871607407235 0
302 19.9800139057112 6.44507533276317 0
303 18.7632910730372 5.4839351983292 0
304 19.9800139057112 4.06248578502183 0
305 19.5744396281532 5.33049877203807 0
306 19.7453435824626 5.29817067156515 0
307 19.4889876509986 5.59766121993977 0
308 19.4889876509986 5.09566442460929 0
309 12.6338604372211 3.98860949190068 0
310 11.4348907094055 4.24820861046095 0
311 11.8396956891679 3.03557367280414 0
312 11.9694822785982 3.75746392505526 0
313 12.0821173964681 3.6540670728225 0
314 11.996827505573 3.90956171023773 0
315 11.8295019337535 3.70876299210554 0
316 11.4021511466266 4.23681810236163 0
317 10.6079863985735 3.28378228326509 0
318 11.806956126389 3.02418316470482 0
319 11.2723645571964 3.51492785011052 0
320 11.4123449020411 3.56362878306023 0
321 11.1597294393265 3.61832470234327 0
322 11.2450193302215 3.36283006492804 0
323 11.3758072730156 4.26100126706645 0
324 10.1768375452001 4.52060038562672 0
325 10.5816425249625 3.30796544796992 0
326 10.7114291143927 4.02985570022103 0
327 10.8240642322626 3.92645884798827 0
328 10.7387743413676 4.1819534854035 0
329 10.571448769548 3.98115476727131 0
330 11.8005604372211 2.98860949190068 0
331 10.6015907094055 3.24820861046095 0
332 11.0063956891679 2.03557367280414 0
333 11.1361822785982 2.75746392505526 0
334 11.2488173964681 2.6540670728225 0
335 11.163527505573 2.90956171023773 0
336 10.9962019337535 2.70876299210554 0
337 14.4898534299796 7.49238691664989 0
338 15.4043223052734 8.93785388856154 0
339 13.5413865182292 9.18841701004584 0
340 14.4785207511607 8.53955260508576 0
341 14.283460123233 8.45563300253801 0
342 14.6759691040136 8.40284091162485 0
343 14.4761330262356 8.76018390109441 0
344 15.4037638477973 8.98945664875394 0
345 14.4552969360469 10.6854867421499 0
346 13.5408280607531 9.24001977023824 0
347 14.4666296148658 9.63832105371402 0
348 14.4690173397909 9.41768975770537 0
349 14.6616902427935 9.72224065626176 0
350 14.2691812620128 9.77503274717493 0
351 15.4493859648225 9.00908434076343 0
352 16.3638548401164 10.4545513126751 0
353 14.5009190530721 10.7051144341594 0
354 15.4380532860037 10.0562500291993 0
355 15.2429926580759 9.97233042665155 0
356 15.6355016388566 9.91953833573839 0
357 15.4356655610785 10.2768813252079 0
358 13.4946474862517 9.27199483842115 0
359 14.4091163615456 10.7174618103328 0
360 12.5461805745013 10.9680249318171 0
361 13.4833148074329 10.319160526857 0
362 13.2882541795051 10.2352409243093 0
363 13.6807631602858 10.1824488333961 0
364 13.4809270825077 10.5397918228657 0
365 19.9513133120248 4.02334896760228 0
366 18.7345904793508 5.44479838090965 0
367 18.2040650930842 4.02334896760228 0
368 18.9633229614866 4.49716543870474 0
369 19.0115154725001 4.29750507312166 0
370 19.1232938709237 4.59699562149628 0
371 18.755159541036 4.59699562149628 0
372 18.6859037913756 5.46814734851193 0
373 16.9386555724349 5.46814734851193 0
374 18.1553784051089 4.04669793520456 0
375 17.9266459229732 4.99433087740947 0
376 18.1348093434237 4.89450069461793 0
377 17.8784534119597 5.19399124299255 0
378 17.7666750135361 4.89450069461793 0
379 18.6746321964845 5.51484528371649 0
380 17.4579093638105 6.93629469702385 0
381 16.9273839775439 5.51484528371649 0
382 17.6866418459463 5.98866175481894 0
383 17.7348343569598 5.78900138923586 0
384 17.8466127553834 6.08849193761048 0
385 17.4784784254957 6.08849193761048 0
386 18.1179633120248 4.02334896760228 0
387 16.9012404793508 5.44479838090965 0
388 16.3707150930842 4.02334896760228 0
389 17.1299729614866 4.49716543870474 0
390 17.1781654725001 4.29750507312166 0
391 17.2899438709237 4.59699562149628 0
392 16.921809541036 4.59699562149628 0
393 10.1634911164262 4.59102406362095 0
394 11.0264685960161 5.7596032244673 0
395 10.0917781866403 6.23749658325374 0
396 10.4272459663609 5.52937462378066 0
397 10.3009934861292 5.48086688989604 0
398 10.4979269405623 5.3801777322323 0
399 10.4828174723912 5.72707924921365 0
400 11.0394660408532 5.8058437377567 0
401 10.9677531110674 7.4523162573895 0
402 10.1047756314774 6.28373709654315 0
403 10.7039982611327 6.51396569722978 0
404 10.6484267551024 6.3162610717968 0
405 10.8302507413644 6.5624734311144 0
406 10.6333172869313 6.66316258877815 0
407 11.0689948365361 5.81718905913408 0
408 11.9319723161261 6.98576821998043 0
409 10.9972819067503 7.46366157876688 0
410 11.3327496864708 6.75553961929379 0
411 11.2064972062391 6.70703188540918 0
412 11.4034306606722 6.60634272774543 0
413 11.3883211925011 6.95324424472678 0
414 10.0882442806317 6.31863228845517 0
415 10.9512217602216 7.48721144930153 0
416 10.0165313508458 7.96510480808797 0
417 10.3519991305663 7.25698284861489 0
418 10.2257466503347 7.20847511473027 0
419 10.4226801047677 7.10778595706653 0
420 10.4075706365967 7.45468747404787 0
421 12.5501693058853 11.0193662983939 0
422 14.4131050929295 10.7688031769096 0
423 13.741464079756 12.4489200270387 0
424 13.5682461595236 11.4123631674474 0
425 13.3902396382249 11.547957253789 0
426 13.5317502213403 11.1939670856775 0
427 13.7827486190056 11.4951651628758 0
428 14.4632743988148 10.7881694753036 0
429 15.6545691726855 12.2177232039484 0
430 13.7916333856413 12.4682863254327 0
431 14.6364923190472 11.8247263348949 0
432 14.4219898595652 11.7419243394665 0
433 14.8144988403459 11.6891322485533 0
434 14.6729882572305 12.0431224166648 0
435 14.5049077844561 10.7564558007362 0
436 16.3678435715003 10.5058926792519 0
437 15.6962025583268 12.186009529381 0
438 15.5229846380944 11.1494526697897 0
439 15.3449781167957 11.2850467561312 0
440 15.4864886999111 10.9310565880198 0
441 15.7374870975764 11.2322546652181 0
442 13.8001693058853 12.5193662983939 0
443 15.6631050929295 12.2688031769096 0
444 14.991464079756 13.9489200270387 0
445 14.8182461595236 12.9123631674474 0
446 14.6402396382249 13.047957253789 0
447 14.7817502213403 12.6939670856775 0
448 15.0327486190056 12.9951651628758 0
449 14.5285725618202 7.4609443398648 0
450 15.9372671390078 7.24279847973024 0
451 15.443041437114 8.90641131177644 0
452 15.302960379314 7.87005137712383 0
453 15.1693158911458 8.00220966038829 0
454 15.2734461718968 7.6516967862134 0
455 15.4661190748994 7.95624768476979 0
456 15.9754278133722 7.26295866313754 0
457 16.8898966886661 8.70842563504919 0
458 15.4812021114785 8.92657149518375 0
459 16.1155088711722 8.29931859779016 0
460 15.9523501755869 8.21312229014419 0
461 16.2491533593404 8.1671603145257 0
462 16.1450230785895 8.51767318870058 0
463 16.006685502552 7.23204857775026 0
464 17.4153800797396 7.0139027176157 0
465 16.9211543778459 8.6775155496619 0
466 16.7810733200459 7.64115561500929 0
467 16.6474288318777 7.77331389827375 0
468 16.7515591126286 7.42280102409886 0
469 16.9442320156312 7.72735192265525 0
470 15.4881050966631 8.97764176397833 0
471 16.8967996738507 8.75949590384378 0
472 16.402573971957 10.42310873589 0
473 16.2624929141569 9.38674880123736 0
474 16.1288484259887 9.51890708450182 0
475 16.2329787067397 9.16839421032694 0
476 16.4256516097423 9.47294510888333 0
477 16.3275895442806 4.05028123586456 0
478 16.8581149305473 5.47173064917192 0
479 15.4494203533597 5.68987650930648 0
480 16.2117082760625 5.07062946478098 0
481 16.0755144153368 4.98611994052894 0
482 16.3723175990904 4.94015796491045 0
483 16.1872928137604 5.28561048890356 0
484 16.8524044748279 5.52201188503648 0
485 15.9742352839069 7.1616071584784 0
486 15.4437098976403 5.74015774517103 0
487 16.090116552125 6.14125892956197 0
488 16.1145320144272 5.92627790543939 0
489 16.2263104128508 6.22576845381401 0
490 15.9295072290972 6.2717304294325 0
491 16.8842584287404 5.54177755197876 0
492 17.414783815007 6.96322696528613 0
493 16.0060892378194 7.18137282542068 0
494 16.7683771605223 6.56212578089519 0
495 16.6321832997965 6.47761625664315 0
496 16.9289864835501 6.43165428102466 0
497 16.7439616982201 6.77710680501777 0
498 15.4061454880085 5.7706733140933 0
499 15.9366708742751 7.19212272740067 0
500 14.5279762970875 7.41026858753523 0
501 15.2902642197904 6.79102154300973 0
502 15.1540703590646 6.70651201875769 0
503 15.4508735428182 6.6605500431392 0
504 15.2658487574882 7.00600256713231 0
505 16.4456995207605 10.4353132850473 0
506 16.9399252226542 8.77170045300106 0
507 18.1566480553282 9.73284058743503 0
508 17.180757599581 9.64661810849445 0
509 17.231499483152 9.83095781553803 0
510 16.975143551688 9.62845156858217 0
511 17.335629763903 9.48044494136314 0
512 16.9761477862731 8.73283473336375 0
513 18.6870963208409 8.03036203575151 0
514 18.1928706189471 9.69397486779772 0
515 17.9520382420204 8.81905721230433 0
516 17.7971660776984 8.98523037943563 0
517 17.9012963584493 8.63471750526075 0
518 18.1576522899134 8.83722375221661 0
519 16.9642799266494 8.68972009881918 0
520 17.4585056285432 7.02610726677298 0
521 18.6752284612172 7.98724740120695 0
522 17.6993380054699 7.90102492226637 0
523 17.7500798890409 8.08536462930995 0
524 17.4937239575769 7.88285838235409 0
525 17.8542101697919 7.73485175513507 0
526 18.2409610421897 9.69822378270498 0
527 18.7351867440834 8.03461095065877 0
528 19.9519095767574 8.99575108509274 0
529 18.9760191210102 8.90952860615216 0
530 19.0267610045812 9.09386831319575 0
531 18.7704050731171 8.89136206623989 0
532 19.1308912853322 8.74335543902086 0
533 12.6413864559134 4.02772371595926 0
534 12.3053942076878 5.45590199536589 0
535 11.4424167280979 4.28732283451953 0
536 12.1297324638997 4.59031618194822 0
537 12.0927216272965 4.40794263597548 0
538 12.2745456135585 4.65415499529308 0
539 12.0219301508439 4.70885091457612 0
540 12.2801806636012 5.48362571132515 0
541 11.0812109357856 5.74322482988542 0
542 11.4172031840112 4.31504655047879 0
543 11.5928649277994 5.18063236389645 0
544 11.7006672408551 5.06209763126856 0
545 11.6298757644025 5.3630059098692 0
546 11.4480517781405 5.1167935505516 0
547 12.2888370118179 5.52628048663816 0
548 11.9528447635923 6.95445876604479 0
549 11.0898672840023 5.78587960519843 0
550 11.7771830198042 6.08887295262713 0
551 11.740172183201 5.90649940665438 0
552 11.921996169463 6.15271176597198 0
553 11.6693807067484 6.20740768525502 0
554 11.3833332917079 4.30011549112503 0
555 11.0473410434823 5.72829377053166 0
556 10.1843635638924 4.5597146096853 0
557 10.8716792996942 4.862707957114 0
558 10.8346684630911 4.68033441114125 0
559 11.0164924493531 4.92654677045885 0
560 10.7638769866385 4.98124268974189 0
561 11.0388752008407 2.01878567236139 0
562 12.6113731835988 2.20939283618069 0
563 11.8330399488939 2.97182149145792 0
564 11.8277627777778 2.4 0
565 11.6626609402067 2.44015974362644 0
566 11.8266509106535 2.27952076912069 0
567 11.9939764824731 2.48031948725288 0
568 12.6502483844395 2.22817850854208 0
569 13.4444131324926 3.18121432763861 0
570 11.8719151497346 2.99060716381931 0
571 12.6555255555556 2.8 0
572 12.4893118508602 2.71968051274712 0
573 12.8206273931266 2.75984025637356 0
574 12.6566374226798 2.92047923087932 0
575 12.688863534174 2.21878567236139 0
576 14.2613615169321 2.40939283618069 0
577 13.4830282822272 3.17182149145792 0
578 13.4777511111111 2.6 0
579 13.31264927354 2.64015974362644 0
580 13.4766392439869 2.47952076912069 0
581 13.6439648158064 2.68031948725288 0
582 11.8721752008407 3.01878567236139 0
583 13.4446731835988 3.20939283618069 0
584 12.6663399488939 3.97182149145792 0
585 12.6610627777778 3.4 0
586 12.4959609402067 3.44015974362644 0
587 12.6599509106535 3.27952076912069 0
588 12.8272764824731 3.48031948725288 0
589 13.3226357539335 0.0344403993292084 0
590 13.7832586144123 1.17808338224505 0
591 12.2107606316542 0.987476218425742 0
592 13.1055516666667 0.733333333333333 0
593 12.9627630288738 0.639627264871644 0
594 13.2940785711402 0.679787008498082 0
595 13.059813399986 0.880585726630273 0
596 13.7725610350124 1.21252378157426 0
597 12.6606859127332 2.16555960067079 0
598 12.2000630522544 1.02191661775495 0
599 12.87777 1.46666666666667 0
600 12.9235082666807 1.31941427336973 0
601 13.0205586377929 1.56037273512836 0
602 12.6892430955265 1.52021299150192 0
603 13.8059574206002 1.23444039932921 0
604 14.2665802810789 2.37808338224505 0
605 12.6940822983209 2.18747621842574 0
606 13.5888733333333 1.93333333333333 0
607 13.4460846955405 1.83962726487164 0
608 13.7774002378069 1.87978700849808 0
609 13.5431350666527 2.08058572663027 0
610 12.1559690872668 1.03444039932921 0
611 12.6165919477456 2.17808338224505 0
612 11.0440939649876 1.98747621842574 0
613 11.938885 1.73333333333333 0
614 11.7960963622071 1.63962726487164 0
615 12.1274119044735 1.67978700849808 0
616 11.8931467333193 1.88058572663027 0
617 12.7080856265626 3.98747621842574 0
618 13.4864188612675 3.22504756314852 0
619 14.4553338455032 3.98747621842574 0
620 13.5499461111111 3.73333333333333 0
621 13.5633309074424 3.84042598300384 0
622 13.3591865480016 3.67978700849808 0
623 13.7273208778893 3.67978700849808 0
624 13.5279044878301 3.21252378157426 0
625 15.2751527067707 3.21252378157426 0
626 14.4968194720658 3.97495243685148 0
627 14.4332922222222 3.46666666666667 0
628 14.2559174554441 3.52021299150192 0
629 14.4199074258909 3.35957401699616 0
630 14.6240517853317 3.52021299150192 0
631 13.5247739598959 3.18747621842574 0
632 14.3031071946008 2.42504756314852 0
633 15.2720221788366 3.18747621842574 0
634 14.3666344444444 2.93333333333333 0
635 14.3800192407758 3.04042598300384 0
636 14.175874881335 2.87978700849808 0
637 14.5440092112226 2.87978700849808 0
638 14.5414356265626 3.98747621842574 0
639 15.3197688612675 3.22504756314852 0
640 16.2886838455032 3.98747621842574 0
641 15.3832961111111 3.73333333333333 0
642 15.3966809074424 3.84042598300384 0
643 15.1925365480016 3.67978700849808 0
644 15.5606708778893 3.67978700849808 0
645 5.03652769625825 1.98434527303218 0
646 5.83072421217203 1.03130945393564 0
647 6.46608142490305 1.98434527303218 0
648 5.77777777777778 1.66666666666667 0
649 5.7666222934371 1.80053247875479 0
650 5.63275648134897 1.5997337606226 0
651 5.93395455854726 1.5997337606226 0
652 5.86725190843028 1.01565472696782 0
653 7.29680563707508 1.01565472696782 0
654 6.50260912116131 1.96869054606436 0
655 6.55555555555556 1.33333333333333 0
656 6.39937877478607 1.4002662393774 0
657 6.56671103989623 1.19946752124521 0
658 6.70057685198436 1.4002662393774 0
659 5.86986102959158 0.984345273032178 0
660 6.66405754550536 0.031309453935644 0
661 7.29941475823639 0.984345273032178 0
662 6.61111111111111 0.666666666666667 0
663 6.59995562677043 0.800532478754794 0
664 6.46608981468231 0.599733760622603 0
665 6.76728789188059 0.599733760622603 0
666 6.53652769625825 1.98434527303218 0
667 7.33072421217203 1.03130945393564 0
668 7.96608142490306 1.98434527303218 0
669 7.27777777777778 1.66666666666667 0
670 7.2666222934371 1.80053247875479 0
671 7.13275648134898 1.5997337606226 0
672 7.43395455854726 1.5997337606226 0
673 19.9749001657181 3.95366200817525 0
674 18.4468606685637 3.03874762184257 0
675 19.9749001657181 2.04759036998218 0
676 19.4655536666667 3.01333333333333 0
677 19.6801859439542 3.00797870084981 0
678 19.3582375280229 3.21680936770729 0
679 19.3582375280229 2.8152119314429 0
680 18.4217608342819 2.99240963001782 0
681 18.4217608342819 1.08633799182475 0
682 19.9498003314363 2.00125237815743 0
683 18.9311073333333 2.02666666666667 0
684 19.0384234719771 2.2247880685571 0
685 18.7164750560458 2.03202129915019 0
686 19.0384234719771 1.82319063229271 0
687 18.3715611657181 2.99366200817525 0
688 16.8435216685637 2.07874762184257 0
689 18.3715611657181 1.08759036998218 0
690 17.8622146666667 2.05333333333333 0
691 18.0768469439542 2.04797870084981 0
692 17.7548985280229 2.25680936770729 0
693 17.7548985280229 1.8552119314429 0
694 19.9749001657181 1.95366200817525 0
695 18.4468606685637 1.03874762184257 0
696 19.9749001657181 0.0475903699821789 0
697 19.4655536666667 1.01333333333333 0
698 19.6801859439542 1.00797870084981 0
699 19.3582375280229 1.21680936770729 0
700 19.3582375280229 0.815211931442905 0
701 14.3354085476919 2.41001902525941 0
702 15.5235322537138 2.25753329420396 0
703 15.3043235319276 3.17244768053663 0
704 15.0544214444444 2.61333333333333 0
705 14.9555827153266 2.68829818810268 0
706 15.0017686292829 2.49553141869578 0
707 15.2059129887237 2.65617039320153 0
708 15.5589641347391 2.26755231946337 0
709 16.5278791189748 3.02998097474059 0
710 15.3397554129528 3.18246670579604 0
711 15.8088662222222 2.82666666666667 0
712 15.6573746779429 2.78382960679847 0
713 15.90770495134 2.75170181189732 0
714 15.8615190373837 2.94446858130422 0
715 15.5820812143586 2.25001902525941 0
716 16.7702049203805 2.09753329420396 0
717 16.5509961985943 3.01244768053663 0
718 16.3010941111111 2.45333333333333 0
719 16.2022553819933 2.52829818810268 0
720 16.2484412959496 2.33553141869578 0
721 16.4525856553904 2.49617039320153 0
722 15.3520702143586 3.21001902525941 0
723 16.5401939203805 3.05753329420396 0
724 16.3209851985943 3.97244768053663 0
725 16.0710831111111 3.41333333333333 0
726 15.9722443819933 3.48829818810268 0
727 16.0184302959496 3.29553141869578 0
728 16.2225746553904 3.45617039320153 0
729 16.3656013530911 3.98497146211089 0
730 16.5848100748773 3.07005707577822 0
731 18.1128495720317 3.98497146211089 0
732 17.021087 3.68 0
733 17.1130078339917 3.8085111796046 0
734 16.7910594180603 3.6157444101977 0
735 17.159193747948 3.6157444101977 0
736 16.6171114279683 3.05502853788911 0
737 18.3643596469089 3.05502853788911 0
738 18.1451509251227 3.96994292422178 0
739 17.708874 3.36 0
740 17.570767252052 3.4242555898023 0
741 17.6169531660083 3.2314888203954 0
742 17.9389015819397 3.4242555898023 0
743 16.5956123530911 3.02497146211089 0
744 16.8148210748773 2.11005707577822 0
745 18.3428605720317 3.02497146211089 0
746 17.251098 2.72 0
747 17.3430188339917 2.8485111796046 0
748 17.0210704180603 2.6557444101977 0
749 17.389204747948 2.6557444101977 0
750 18.1989513530911 3.98497146211089 0
751 18.4181600748773 3.07005707577822 0
752 19.9461995720317 3.98497146211089 0
753 18.854437 3.68 0
754 18.9463578339917 3.8085111796046 0
755 18.6244094180603 3.6157444101977 0
756 18.992543747948 3.6157444101977 0
757 0.0913192406456283 0.015654726967822 0
758 3.26810530430074 0.015654726967822 0
759 2.47390878838696 0.968690546064356 0
760 1.94444444444444 0.333333333333333 0
761 1.66555733592751 0.400266239377397 0
762 1.83288960103767 0.199467521245206 0
763 2.33488639636815 0.400266239377397 0
764 3.35942454494637 0.031309453935644 0
765 5.7420140926877 0.984345273032178 0
766 2.56522802903259 0.984345273032178 0
767 3.88888888888889 0.666666666666666 0
768 3.49844693696518 0.599733760622603 0
769 4.16777599740582 0.599733760622603 0
770 4.00044373229566 0.800532478754794 0
771 3.42465257397896 0.015654726967822 0
772 6.60143863763408 0.015654726967822 0
773 5.8072421217203 0.968690546064356 0
774 5.27777777777778 0.333333333333333 0
775 4.99889066926085 0.400266239377397 0
776 5.166222934371 0.199467521245206 0
777 5.66821972970148 0.400266239377397 0
778 2.59131924064563 1.01565472696782 0
779 5.76810530430074 1.01565472696782 0
780 4.97390878838696 1.96869054606436 0
781 4.44444444444444 1.33333333333333 0
782 4.16555733592751 1.4002662393774 0
783 4.33288960103767 1.19946752124521 0
784 4.83488639636815 1.4002662393774 0
785 19.9227177424921 0.0162809160465349 0
786 18.3946782453377 1.00743816790693 0
787 16.745931678837 0.0162809160465349 0
788 18.3544425555556 0.346666666666666 0
789 18.3459651460296 0.207446222095014 0
790 18.6933457905389 0.416276888952493 0
791 18.0240167300982 0.416276888952493 0
792 18.3173959878297 1.02371908395347 0
793 15.1406099241746 1.02371908395347 0
794 16.668649421329 0.0325618320930698 0
795 16.7088851111111 0.693333333333334 0
796 17.0393109365684 0.623723111047507 0
797 16.7173625206371 0.832553777904986 0
798 16.3699818761278 0.623723111047507 0
799 18.3193787424921 1.05628091604653 0
800 16.7913392453376 2.04743816790693 0
801 15.142592678837 1.05628091604653 0
802 16.7511035555556 1.38666666666667 0
803 16.7426261460296 1.24744622209501 0
804 17.0900067905389 1.45627688895249 0
805 16.4206777300982 1.45627688895249 0
806 16.5893844091587 0.0162809160465349 0
807 15.0613449120043 1.00743816790693 0
808 13.4125983455036 0.0162809160465349 0
809 15.0211092222222 0.346666666666666 0
810 15.0126318126962 0.207446222095014 0
811 15.3600124572055 0.416276888952493 0
812 14.6906833967649 0.416276888952493 0
813 6.75276766498969 0.015654726967822 0
814 9.9295537286448 0.015654726967822 0
815 8.81767860636551 0.968690546064356 0
816 8.5 0.333333333333333 0
817 8.19880192280171 0.400266239377397 0
818 8.43306709395594 0.199467521245206 0
819 8.86813098324235 0.400266239377397 0
820 10.0156547269678 0.031309453935644 0
821 12.0805656683436 0.984345273032178 0
822 8.90377960468853 0.984345273032178 0
823 10.3333333333333 0.666666666666666 0
824 9.96520235009098 0.599733760622603 0
825 10.6345314105316 0.599733760622603 0
826 10.4002662393774 0.800532478754794 0
827 10.086100998323 0.015654726967822 0
828 13.2628870619781 0.015654726967822 0
829 12.1510119396988 0.968690546064356 0
830 11.8333333333333 0.333333333333333 0
831 11.532135256135 0.400266239377397 0
832 11.7664004272893 0.199467521245206 0
833 12.2014643165757 0.400266239377397 0
834 8.91943433165635 1.01565472696782 0
835 12.0962203953115 1.01565472696782 0
836 10.9843452730322 1.96869054606436 0
837 10.6666666666667 1.33333333333333 0
838 10.3654685894684 1.4002662393774 0
839 10.5997337606226 1.19946752124521 0
840 11.034797649909 1.4002662393774 0
841 6.71102172640883 0.031309453935644 0
842 8.77593266778465 0.984345273032178 0
843 7.34637893913985 0.984345273032178 0
844 7.61111111111111 0.666666666666666 0
845 7.36569045561621 0.599733760622603 0
846 7.6668885328145 0.599733760622603 0
847 7.80075434490263 0.800532478754794 0
848 8.82028772752681 1.01565472696782 0
849 9.45564494025784 1.96869054606436 0
850 7.39073399888202 1.01565472696782 0
851 8.55555555555556 1.33333333333333 0
852 8.36591232176404 1.19946752124521 0
853 8.80097621105046 1.4002662393774 0
854 8.49977813385217 1.4002662393774 0
855 8.87768839307549 1.03130945393564 0
856 10.9425993344513 1.98434527303218 0
857 9.51304560580652 1.98434527303218 0
858 9.77777777777778 1.66666666666667 0
859 9.53235712228288 1.5997337606226 0
860 9.83355519948116 1.5997337606226 0
861 9.96742101156929 1.80053247875479 0
862 7.3776883930755 1.03130945393564 0
863 9.44259933445132 1.98434527303218 0
864 8.01304560580652 1.98434527303218 0
865 8.27777777777778 1.66666666666667 0
866 8.03235712228288 1.5997337606226 0
867 8.33355519948117 1.5997337606226 0
868 8.46742101156929 1.80053247875479 0
869 13.3679821910068 0.0350665884079213 0
870 15.0167287575075 1.02622384026832 0
871 13.8286050514856 1.17870957132376 0
872 14.0711053333333 0.746666666666666 0
873 13.8718683606979 0.687765709347891 0
874 14.122198634095 0.65563791444674 0
875 14.2192490052072 0.896596376205369 0
876 15.0513776151811 1.06129042867624 0
877 15.5120004756598 2.20493341159208 0
878 13.8632539091591 1.21377615973168 0
879 14.8088773333333 1.49333333333333 0
880 14.6607336614595 1.34340362379463 0
881 15.0081143059688 1.55223429065211 0
882 14.7577840325717 1.58436208555326 0
883 15.0979765243402 1.07506658840792 0
884 16.7467230908409 2.06622384026832 0
885 15.5585993848189 2.21870957132376 0
886 15.8010996666667 1.78666666666667 0
887 15.6018626940312 1.72776570934789 0
888 15.8521929674283 1.69563791444674 0
889 15.9492433385405 1.93659637620537 0
890 13.8513038576735 1.23506658840792 0
891 15.5000504241742 2.22622384026832 0
892 14.3119267181523 2.37870957132376 0
893 14.554427 1.94666666666667 0
894 14.3551900273645 1.88776570934789 0
895 14.6055203007616 1.85563791444674 0
896 14.7025706718738 2.09659637620537 0
897 0.039136817419555 0.031309453935644 0
898 2.42172636516089 0.984345273032178 0
899 0.039136817419555 0.984345273032178 0
900 0.833333333333332 0.666666666666666 0
901 0.498668803113015 0.599733760622603 0
902 1.00066559844349 0.599733760622603 0
903 1.00066559844349 0.800532478754794 0
904 2.46086318258044 1.01565472696782 0
905 2.46086318258044 1.96869054606436 0
906 0.07827363483911 1.01565472696782 0
907 1.66666666666667 1.33333333333333 0
908 1.49933440155651 1.19946752124521 0
909 2.00133119688698 1.4002662393774 0
910 1.49933440155651 1.4002662393774 0
911 2.53913681741956 1.03130945393564 0
912 4.92172636516089 1.98434527303218 0
913 2.53913681741956 1.98434527303218 0
914 3.33333333333333 1.66666666666667 0
915 2.99866880311302 1.5997337606226 0
916 3.50066559844349 1.5997337606226 0
917 3.50066559844349 1.80053247875479 0
918 0.039136817419555 1.03130945393564 0
919 2.42172636516089 1.98434527303218 0
920 0.039136817419555 1.98434527303218 0
921 0.833333333333332 1.66666666666667 0
922 0.498668803113015 1.5997337606226 0
923 1.00066559844349 1.5997337606226 0
924 1.00066559844349 1.80053247875479 0
