0.00031921451329799955
0.0004062889971860016
0.00038414778400679833
0.00035124474968439845
0.0003773932098751001
0.00033765536620150235
0.0002823338306956018
0.0003504066733133991
0.00039064590337629934
0.00033727994028950187
0.0003603985193665997
0.00030927100794810036
0.0003778674952143006
0.0004103565073299009
0.00031490473106629904
0.00039249779118969916
0.0004342246437160982
0.0003915553482499029
0.00039587870250640256
0.0003411258983463984
0.0003414321841099001
0.0003821928659371969
0.00048213560888850024
0.000418609674275202
0.0004239088585939986
0.00033522463784950093
0.0004242100775231003
0.00045548062353790303
0.00028873904244920007
0.0003428952083402992
0.00045966213208539775
0.0004611865670786988
0.0003659426566429008
0.0004313095786126972
0.0003097816066959004
0.00044523829297769824
0.0003865604643375001
0.0004769636399885001
0.00027537904469589897
0.0004454237486612028
0.0003089870490156979
0.00033718554688860064
0.00034295472344740216
0.0004388860648803991
0.0003390234568241002
0.0003334597994901975
0.00040407181207429907
0.00033967978321429795
0.0003947929533531999
0.00035191286803419944
0.0003823722351410999
0.00032833979659840223
0.0004040599037251971
0.00031685306920389844
0.0003944217628934002
0.0003169973091803023
0.0004464047254219977
0.0003843644576527021
0.0004487972918589024
0.00036701288367359947
0.0003544835053093977
0.00040623664199880213
0.0003949495373447992
0.0003290350214504023
0.00039942550111739944
0.00032449530383090244
0.00022866210760860012
0.00030691783207389967
0.0003497864528874024
0.00038142734403160197
0.0004581838321344005
0.0002759171994356005
0.0003219891029861005
0.0004624653985506981
0.000488601997948198
0.00033095122698719934
0.0003768388840349017
0.00034327810616389953
0.00032167581898590036
0.0004460392680926996
0.0003725678353935988
0.00036619657634269845
0.00045390513710700034
0.0005361588549424
0.00042951804291440146
0.0002977168658215984
0.00039408396477669944
0.00042340422878819894
0.00035976076822919964
0.0004144312446163999
0.00047168476630789907
0.0003829612129144025
0.00027771532197199897
0.00033481070191269946
0.0003356404556556017
0.0003427732884409007
0.00043800315617809754
0.00031915425169410164
0.0003290697678271018
0.0003548288516531002
0.0003573417469797009
0.0002602272274795994
0.00035108644872289957
0.0004380856465421995
0.0004099804428517005
0.00034003674787149926
0.0003737274714483013
0.00041674567773120064
0.00038936366140709944
0.000307900581789599
0.00035931751516580027
0.0003050507659334012
0.00030493183810399727
0.0003683617535552991
0.00042988691768259743
0.00035384509695660094
0.0004456004827389018
0.00043458770814179884
0.00035208210855320124
0.0003299650173168994
0.00035612330758119995
0.0003850985299090996
0.00037783678950010016
0.0004965613910451021
0.0004063879156828015
0.000417945875084199
0.00035203643720880043
0.00041157427757870096
0.0003018059532106966
0.00045828341450439986
0.00037137059957429927
0.00030585269326369874
0.00036528478773899947
0.00038353375423820155
0.0004342324040800989
0.00033166921368750144
0.0003669787377322993
0.0003698861266747018
0.00043709907759729993
0.00038035981628439797
0.0003505568637841988
0.00034035086933750097
0.0002724463344204002
0.0002935897031423017
0.0004981918761575999
0.0003963298129629027
0.00038161394971130205
0.00040539278009920146
0.0003579278156275005
0.0004002424363768013
0.00038981669827900176
0.0004228900256760017
0.0004033693042127008
0.0003730870598830996
0.0004114987132935004
0.0004270419244330019
0.00041995467006889983
0.000374810080766598
0.0004930812807566014
0.00045552976099540177
0.000387771612041201
0.00043877742463269837
0.00033493827081779864
0.0003901307004516019
0.000387187654573299
0.00032826658731379896
0.00042765582096980156
0.0003781822256864985
0.00040555577736079915
0.00026894051519000053
0.0004360989192518025
0.0004412609987456996
0.0002852172022548005
0.00036085113759269996
0.0005063879688400989
0.0003650222572255009
0.0003853355236800998
0.00030566961097749923
0.00029699233418890164
0.00041426825048879873
0.00035404633259379995
0.0004304243799262003
0.00038691860140130027
0.0004805373061022994
0.00036624544228959846
0.0003518430864410012
0.00037550287524980297
0.00035282721021080016
0.0002583363796193998
0.0003304376644777014
0.0004740568263530004
