0.0287412471577051
0.0286933162190948
0.0292107455539809
0.0289169461134151
0.0285228752898395
0.0288396764559867
0.0282940736431643
0.0285366501141142
0.0290905091282274
0.0289543824815933
0.0284918475543605
0.029083120037222
0.0285753472874656
0.0285890362599892
0.0291679811453383
0.0287807964382709
0.0285285958303003
0.0281558832029591
0.0293497128644654
0.0284977912052399
0.0291159897392464
0.0283914376925376
0.028760633791256
0.028995804730003
0.0290252128745981
0.0283229150455617
0.0287709212745401
0.0288934435297198
0.0287578410186063
0.0292315656975232
0.0290929433847903
0.0284848633953519
0.028472049716234
0.0285832269691222
0.0286254782225394
0.0289789996597297
0.0287766013661566
0.0294324542511737
0.0287203555717389
0.0286961260775013
0.0290468345672961
0.0291039856756865
0.0287657003932725
0.0289624841908184
0.028840026323579
0.0286373352138922
0.0285338830078405
0.0280675615272981
0.0283509999014218
0.0288405225366104
0.0292121230370474
0.0285294533140644
0.0280304407827285
0.0285599253379247
0.0287132708288778
0.028421938954848
0.029244246715223
0.0285989562484099
0.0289977113669279
0.0289352334819603
0.028911454942152
0.0288855404824256
0.0287500380086372
0.0291976589948836
0.0289727883432744
0.0283020408217764
0.0289542466131514
0.0284549643786931
0.0288775367472192
0.0280792240110744
0.0286594347690798
0.0285767768677832
0.0289380038572429
0.0284646805216834
0.0285661351511796
0.028845750480962
0.0289822988966576
0.0285783795904157
0.0285953040266534
0.0284504376566177
0.0286910046470994
0.029069051375338
0.0292643158299527
0.0283665234347027
0.0291022827412074
0.0289359493135964
0.0288852334842266
0.0291919590384301
0.0287780321228097
0.0284445603524528
0.0291404859488124
0.0286145154248615
0.0292514304081756
0.0289983137500396
0.0284151207681275
0.0291502050309076
0.0281788190676392
0.0289514599718311
0.0290772831006366
0.0290444005771018
0.0286388768795744
0.0291843897189137
0.0284469368948823
0.029399473828505
0.0286842264697372
0.0287988548198921
0.0289523555726463
0.0285185414267631
0.0286399582325805
0.0284924250545751
0.0286003911641856
0.0287971587883812
0.0288002669458016
0.0281784206283358
0.0291001493777495
0.0290773294572469
0.0292968114610438
0.0286319699914054
0.0289618365465989
0.028749262592517
0.0284521750335064
0.0285595771945436
0.0287454344998285
0.0285988282074939
0.0287697915630971
0.0286780764513198
0.0283695020773417
0.0283228404031498
0.0292091318795463
0.0288192616575651
0.0291625364861716
0.0285365724951092
0.0284650915716471
0.029387573341667
0.028574984708324
0.0290246608611849
0.0290490689035589
0.0290910311150334
0.0288120335080938
0.02906531581198
0.0287448618104183
0.0283813695165437
0.028679658271026
0.0284142707611813
0.0289811112567115
0.0288574167918845
0.0281905677030367
0.028645769385361
0.0287198610408306
0.0288515454083156
0.0289760264852396
0.029413492834839
0.0286873664744778
0.0289705252182059
0.0286537254114525
0.0286744868789149
0.0292581222160321
0.0285836858505884
0.0287340501683985
0.028957673027638
0.0287929107374459
0.0288260696404686
0.0282870289155094
0.0284956075369854
0.0283692374721774
0.028907680224583
0.0287774775515773
0.0291248328362516
0.0289012869258953
0.0284302689280554
0.0285601492309178
0.0285057893322913
0.0284321755617175
0.0290281516455247
0.0289393125966774
0.0285442608319116
0.0290238910613792
0.0292614290618153
0.0284845196112905
0.0285142445099044
0.0282392163163901
0.0288456636062785
0.0287555609318023
0.0286536429271431
0.0286768067745705
0.0287237521553599
0.0289189998719681
0.0290538781116785
0.0289216376485565
0.0286291993159358
0.0291190925716979
0.0287390774182663
0.0285154280477376
0.0287438283477073
0.0291867513234903
0.0288843835015771
0.0288187407103617
0.0287056640427204
0.0287131552777675
0.0283770073834484
0.0284029045211512
0.028728469320035
0.0287732762559546
0.0284657160511071
0.0288313608024358
0.029063980060238
0.028519179074933
0.028698465843597
0.0286827018595363
0.0285722119291273
0.0285637923901376
0.0287133672166016
0.0290341791352291
0.0284640175032567
0.0287235947890489
0.0285289175817185
0.0287419977632529
0.0288068491905811
0.0288291978933596
0.0283713723944427
0.0290638773293703
0.028559847381933
0.0286720569852379
0.0291364725021539
0.0285889668831599
0.0289904037061977
0.0286949695910383
0.0286056623278454
0.0292523097443641
0.0284881590679523
0.0289872259288287
0.0285470866188828
0.0291505885550556
0.0291108555780703
0.02842016015707
0.0288700193642198
0.0292748612141758
0.028679425113287
0.0285816198256404
0.0291702421189966
0.02839178165819
0.0288451698420686
0.0285806974687907
0.0289859406943989
0.0290787475041353
0.0289294869392872
0.0288536990442814
0.0291145699908805
0.0283133036348202
0.0283777477952046
0.0286823542896604
0.0289510722799208
0.0284579237467688
0.0284535418978421
0.0285152411684788
0.0291162157983336
0.0286065372305611
0.0286631429621013
0.0297363918007445
0.0290314821442219
0.028430401075687
0.029436264654497
0.0285230678973625
0.028413836984579
0.028856202487323
0.0289132779493601
0.0289037718485106
0.0285508686689258
0.0288162422914584
0.0284019078863106
0.0286216997710275
0.0290408541730823
0.0286434447787477
0.0292384410398178
0.0286946916814785
0.0287416615856285
0.0288095270644983
0.0290696159384311
0.028494252074446
0.0283791868267615
0.0290995272585491
0.0285824429711476
0.02890792224675
0.0284512288545289
0.0289091288858683
0.0280206060696861
0.0286538384960579
0.0287830068648823
0.0282235171256321
0.0284490217293644
0.0288579654662301
0.0289938925818737
0.0289704391662029
0.0287675137897681
0.0288504412562017
0.0288433512849528
0.0284600151697044
0.0290700692948416
0.028864936268727
0.0289088915343243
0.0287513970919312
0.0291136746294242
0.0283448521981487
0.0287655775124783
0.0285093674256693
0.028620023805045
0.0286561801393734
0.0286882518591917
0.0279070315108581
0.0285506345111068
0.0284603617399099
0.0287055954644245
0.0288131879200529
0.029387918403976
0.0283068778226234
0.0293744417810776
0.0284937212057941
0.0286110788555262
0.0285344059996286
0.0292599061151975
0.0297858337497975
0.0287010551190433
0.0284300439932848
0.0288538331735116
0.0289003795835042
0.0289572716330508
0.0286161517838212
0.0291472902084809
0.0283896696377818
0.0287845618414167
0.0295286595349938
0.0290025485448724
0.028911393558545
0.0287498085874079
0.028727958808213
0.0286517356180266
0.0286499556698042
0.0289266553943267
0.0289344490959802
0.0285466094128704
0.0287256670112621
0.0285891825551267
0.0283982616236667
0.0289343781421358
0.0292751164014696
0.0288502778338985
0.0287998045475808
0.0287687312854904
0.0284147054247382
0.0283748450115282
0.0286221482717296
0.0287104554534982
0.0294078896653333
0.0286477936890239
0.028256313982844
0.0288638090349065
0.0288329692129382
0.028877572020615
0.0289355494741041
0.0286917799058228
0.0289941921213677
0.0287376617460187
0.0297665999676415
0.0284640657684372
0.0291663192501048
0.0292079845938789
0.0286437519493632
0.0291966457518907
0.0283364488276969
0.0287844103964696
0.0286241682296073
0.0291872017034632
0.0292670098277563
0.0289251331255268
0.0281584309009455
0.0285507234024421
0.0285487791842849
0.0296470561473844
0.0283979977093076
0.0287175710050654
0.0289247710739359
0.0290977731446716
0.029284002439898
0.0287695329428825
0.0284461007052891
0.0285035621426471
0.0289345108070052
0.0286446233336816
0.0291906710045474
0.0287524227213685
0.028543156614503
0.0294175187687684
0.0291271610294249
0.0287902906532985
0.0289302929441404
0.0290075051681106
0.0292382608394671
0.0286507366982625
0.0285327481950028
0.0288758108976664
0.0283713611603629
0.0290659013950381
0.0290109576628117
0.0282273493886832
0.0285786448671085
0.0281204958387849
0.0283477012048718
0.0285734880518695
0.0289567911742613
0.0292923178033592
0.0289380765278478
0.028532344019577
0.0288749876815215
0.0288534550329687
0.0282853870377521
0.0290170108129948
0.0287269416084463
0.0284494423808674
0.0286033020657855
0.0287342145726129
0.0286379587774988
0.0291590458733733
0.0284831869879102
0.0287187959829382
0.0285965564811627
0.0290174402335993
0.0286956519989211
0.0287423529872022
0.0286725956448907
0.0285978726909461
0.029195661287971
0.0286602189056532
0.0288225892766275
0.0286472448327295
0.0286544622703109
0.0285474811635754
0.0284316680063056
0.0288076346304384
0.0286413492753633
0.0288673028675472
0.0285105173275632
0.0287240238432165
0.0283297483630362
0.0282766019322985
0.0285179439785314
0.0289696736186567
0.0286343717982368
0.0287666528014288
0.0282654720531964
0.0282902818182658
0.0286013201790468
0.0292666557168818
0.0289998251353101
0.0286504161085849
0.0285334957982243
0.0293883265778698
0.0283342275548481
0.0282974769346868
0.0285295690868346
0.0292041955643226
0.028880363865389
0.0288857060863408
0.0287380681152209
0.0285947218371877
0.0286364333686327
0.0288312041175835
0.0292296660754216
0.0288904350603202
0.0289293080008607
0.029160710687417
0.0284178385160365
0.0287133008709506
0.0289091314227619
0.0282822340450858
0.0288265559469279
0.0291914595187261
0.0285512836592164
0.0287288118521731
0.0291064926028043
0.0289374187893952
0.0292001665413469
0.0293788976458467
0.0291008954065741
0.0289475494441812
0.0282894242493819
0.0291480944659869
0.0284624594235194
0.0289989387267265
0.029785928936204
0.0288141276003378
0.0284625707827679
0.0292440894606737
0.0285956470049074
0.0284985370679287
0.0287191098532627
0.0288884915788849
0.0290384718006698
0.0286154789111386
0.02855609771334
0.0288992138746704
0.0284846483527674
0.0285595436767915
0.0287316168463165
0.0288413257782654
0.029024341663519
0.0288371569637479
0.0290176030585693
0.0286608080688196
0.0285386216561271
0.0289477471338303
0.0290582739002139
0.0287510529442192
0.0288493480055979
0.0290790217550708
0.028333098778928
0.0290297740293389
0.0286163063685199
0.0286384274928132
0.0287738500403807
0.0289085642643596
0.0285451101684651
0.0286050228917432
0.0287721472581816
0.0287053865596621
0.0290127084032691
0.0286543520558989
0.028609428670588
0.029053042805875
0.0287369973836327
0.0286106444438453
0.0287293415602097
0.0284932163642776
0.0286619684591132
0.0287619129071347
0.0288936763149022
0.0285712648544565
0.0290537932669948
0.0292570158566196
0.0283690033126746
0.028821100301502
0.029147801627148
0.0284875669762387
0.0286429045719803
0.0285102176302757
0.0292902304709723
0.0287264642023057
0.0288787626762349
0.029127633094991
0.0285843379306377
0.0288499668228665
0.0289316859807431
0.0288850736262793
0.0286234990932123
0.0290305530119083
0.0284047948216672
0.0283945948794397
0.0287117894300097
0.0282974412180213
0.028801253732248
0.0287725179537272
0.0284242065500718
0.028738883359306
0.0289089231511532
0.0289130670701089
0.028877411418986
0.0290017555274596
0.0291502422203785
0.0285908001455445
0.0287902542660895
0.0286224200012908
0.0285506480399022
0.0286499120042868
0.0287393797586946
0.0286785648104303
0.0288015617813123
0.0292106400295492
0.028722897203234
0.0285769110722033
0.0287696616196824
0.0288798232086778
0.0286780168350057
0.0281534099845757
0.0287501930744189
0.028689146402341
0.0284891538624626
0.0283710975306881
0.0289418442086019
0.0288803471631424
0.028690766557391
0.0286775464783068
0.0288178070847776
0.0289378879086567
0.0281191921532019
0.0285911381388266
0.0285301891868167
0.0285166816619831
0.0289019605776706
0.0288983478080022
0.0287265861223514
0.0293208950288219
0.0289660381908292
0.0290626901016396
0.0288801741720719
0.0282999699882699
0.0284381298929408
0.0290978842158315
0.0290866073571075
0.0290919543758
0.0282090309436645
0.0286595089662148
0.0285474815047207
0.0289144260693958
0.0285971647006784
0.0286571041426665
0.0283781177598432
0.0286252228690288
0.0285966324484098
0.0289569992952633
0.0289162244706152
0.0295013472024105
0.0290288405262657
0.0286282617103393
0.0289665905395545
0.0291484955074521
0.0290702236393455
0.028850480213352
0.0291089066123039
0.0291203278458023
0.0285373948645311
0.0289860069658064
0.0286066600596644
0.0285225894078015
0.0293015150308776
0.0286581166636553
0.0285469450737209
0.0286677917420701
0.028427590590347
0.0286359497490426
0.0290281355881058
0.0289039247372873
0.0288146749435791
0.0288146200871392
0.0292945083019461
0.0289058199509621
0.0285874465379314
0.0284071341642164
0.0285814315405385
0.0291074699719099
0.0286980936596233
0.0283801935259246
0.0285971322412375
0.0286102167327691
0.028906150382066
0.0293222591215352
0.0286913428278251
0.0285827289106475
0.0279361791096384
0.028791007518402
0.0286970047749642
0.0282166373061488
0.0291155151381578
0.0284239136271927
0.0288667172142892
0.0286119778617495
0.0283705782163485
0.0287419806754076
0.0286239499496546
0.0285305755266964
0.0288783097250915
0.0289521473439648
0.0287473230801575
0.0286268269149454
0.0288732507856006
0.0290493408614878
0.0286786988614728
0.0288640813131774
0.028803091544604
0.028935307158023
0.0291269442643266
0.028592511334952
0.0290699793930666
0.0282020077479834
0.0283091312127487
0.0285158418115319
0.0288590711556169
0.028507887612513
0.0283688027804254
0.0287239388695466
0.0284039941885056
0.0282991111201901
0.0287652531758582
0.028613733367811
0.0286627977143663
0.0287957797227347
0.0289578944513813
0.028903121939329
0.028639559287394
0.0289216484485032
0.0295896663062301
0.0285403188607509
0.029107386731914
0.0285720122515763
0.0292489463513044
0.028432331763555
0.0286093164234836
0.028516501442203
0.0284651083943843
0.0285300788398645
0.0286435445704511
0.0283237631723162
0.029029576571988
0.028681252270366
0.0296412217385438
0.029187364007314
0.0291670341505577
0.0284734520613763
0.0288456839338646
0.0286300596642739
0.0290323856391274
0.028423873634794
0.0290451457925256
0.0287051268810075
0.0288917178414258
0.0285080015193107
0.0288895511922104
0.0289507012125178
0.028131128654203
0.0285940585828926
0.0279991134685585
0.0288055205416978
0.0286181634399389
0.0286070396069666
0.0287097836246251
0.0288625485230904
0.0294007768519139
0.0291882584604
0.0285994147482761
0.0291068941202785
0.0290553911690103
0.0285514509187749
0.0292800348687684
0.0281145279722787
0.0286588308557012
0.0284918178971209
0.0285095749105555
0.0283328643010103
0.0289769327447794
0.0284924146916232
0.0283968364772893
0.0288108842074787
0.0283700579469609
0.0286205332969483
0.0288467199810574
0.0286881490028203
0.0287328793676105
0.0286537784081236
0.0287676573942304
0.0286045344391807
0.0283125872565358
0.028528817486695
0.0286659406284387
0.0287445462171772
0.0286358729965837
0.0287597641095375
0.0288705287092841
0.029116603593848
0.0286877101671674
0.0286750426645854
0.028712206961005
0.0286854558193229
0.0286191229084465
0.0288151300554711
0.0282207977488092
0.0285489584906507
0.029053974422466
0.0282166649229981
0.0291861679003184
0.0290083238890854
0.0285712406272005
0.0282179619200111
0.0284217838453429
0.0287445339694409
0.0291135168979792
0.0294190508775858
0.0288262835690967
0.0283673245008219
0.028404256797623
0.0288518598937442
0.0291538140976376
0.0292800130540361
0.0285889394973984
0.0286694628580633
0.0286898780638113
0.0285872470482491
0.0288390805481139
0.0287020359036209
0.0285864023288154
0.0292586091239494
0.0285004297206418
0.0286403707493508
0.0289291482818761
0.0286850850119184
0.0284302195697766
0.029075829686317
0.0287523454235041
0.0290270088088487
0.0284923268959702
0.0284636222193266
0.0289735010344699
0.0284893458145519
0.0284090445244524
0.0288022790278398
0.0287149675502895
0.0292578561307589
0.0285361744171935
0.0289372852760216
0.0282780913071943
0.0286762511049532
0.0286780596667382
0.0289956298156052
0.0290042133931493
0.0286614653763902
0.0284673259688762
0.0287309695364479
0.0293452125848346
0.0290939906467953
0.0287246729941382
0.0289607979597397
0.0290247814705924
0.0290625375157409
0.0287337910261692
0.0288872998245899
0.0288565358503116
0.0292842082988352
0.02901294474098
0.0287430214263777
0.0289022592014062
0.0287670016440495
0.0286586077310698
0.0289667275434703
0.0287413715656766
0.0281139355275358
0.0282675350202771
0.029182866641351
0.0284830111889915
0.0288906354289501
0.0287632230323142
0.0284120433876617
0.0284612409592564
0.0289487797652152
0.0285582897370544
0.0288908102798228
0.0287699161173156
0.028608459316403
0.0290628110950486
0.0291690848269062
0.0284924729623151
0.0288633370522567
0.0286248627174851
0.0293023641232366
0.0285925888537549
0.0288740931259757
0.0291409128497122
0.0288638038150803
0.028273884953535
0.0288213772109874
0.0287000261339882
0.0280718537178012
0.0285880921022368
0.0284938566938163
0.0285167086213242
0.0282047015512513
0.0281468558430005
0.0287488932925736
0.0291396374741934
0.028950657794406
0.0288383834452682
0.0289680449007014
0.0292918993319187
0.0292202924250468
0.0288226414499716
0.0286874015421686
0.0290928595048621
0.0290699614295094
0.0284627818843824
0.0288695296781759
0.0288031009622569
0.0284970606099416
0.0283018844752529
0.0282365884589523
0.0292697407441434
0.0290079708803958
0.0286570348302469
0.0289505706939738
0.0292306653499819
0.0289989607856605
0.0288158595062562
0.0288999980381375
0.0286939966168743
0.0283699233558793
0.028620569568136
0.0290316572171789
0.0291477458037308
0.0289346651775801
0.0289688522965186
0.0287144904843823
0.0286565027011562
0.0287599760247655
0.0287534638508079
0.0288041208694781
0.0286777208866825
0.0288184078841779
0.0285303759369401
0.0292597763497794
0.029175367658233
0.0290611180772411
0.0284932454147209
0.0286350073019988
0.0281373410062041
0.0289960277101519
0.0289677067456782
0.0288060094851803
0.0288016942640127
0.0284110464972933
0.0295562562357308
0.0285975778848308
0.0287612351236177
0.0285480267404423
0.0287758667265796
0.0282793634556403
0.0289095996177818
0.028886379418359
0.0284044816722987
0.0288823597035987
0.0282728515363605
0.0282605497247012
0.0287392719658866
0.0289994906596871
0.0286942982658789
0.0288779508462426
0.0289401949816736
0.0285954161779881
0.0286462105402419
0.0289500673940722
0.0288798272151588
0.0285902235549069
0.0288709650176935
0.0286876506023299
0.0292514783495689
0.0288402270810248
0.02838424678297
0.029290112669369
0.0284315545283595
0.0285995227387598
0.0289409554878579
0.0285977637246262
0.0287012066435476
0.0285046274724798
0.0285850731881194
0.0291544104989154
0.0292237614590612
0.0286547351677033
0.0283938589163573
0.0288329234065141
0.0288179181639951
0.0291982300736755
0.0290589786032147
0.0286970164032069
0.0291564816768602
0.0282525776562645
0.0281097337397651
0.029287862965322
0.0297422776582121
0.0288135108161602
0.0288045764494263
0.0288393758586002
0.0282390966624965
0.0289747082968227
0.0287918877255602
0.0285581717333712
0.0284385007523154
0.0284880591717585
0.0287068584812221
0.0288589244696705
0.0286234415792138
0.0285956971559329
0.0288481393877301
0.0289983120734661
0.0291346116795815
0.028362975411746
0.0289120735852715
0.0284655353860079
0.0290928963478531
0.0287074017872635
0.0289253261946615
0.028659767136801
0.028527756939506
0.029304463608638
0.0288255005171896
0.0287948866747879
0.0283559650633361
0.028941744731854
0.0291426295964546
0.0286021399098405
0.0286041682553534
0.0282030743385834
0.0291137725098053
0.0287473216829167
0.0285939810149845
0.029280697707962
0.0291234868440877
0.0284945373860324
0.0288916845249035
0.0287414209663539
0.0286853043567369
0.0291610801879547
0.0288625069444747
0.0283907504520289
0.0288675190683512
0.0285549258594804
0.029210425580827
0.0283698260602861
0.0287878009836583
0.0288744082520915
0.0289813864471733
0.0289239883435376
0.0281315155501445
0.0292473870791044
0.0291854452105761
0.0286375366623626
0.0280497770337784
0.0286956194996767
0.0287558178800671
0.028870434544575
0.0287057267025716
0.0287886704743714
0.0284450438137932
0.0283482707636475
0.0284998655331219
0.0283087268159578
0.0286370745227866
0.0287639571856007
0.0292199659915024
0.028888729511144
0.0288252197941934
0.0284726274704401
0.0289277061765792
0.028869571596207
0.028473415079552
0.0283640973026079
0.0283640248287697
0.0289300159999312
0.0287718024279447
0.0286475428967143
0.0287561836699655
0.0289876465366004
0.0287137242985687
0.0284743857583573
0.0283427785086321
0.0288550271451853
0.0284998028024366
0.0292135979434319
0.0288558017400673
0.0288380954793629
0.028977823901678
0.0286925017129527
0.0284985139544083
0.0288171733892207
0.0285272606400032
0.0288796699470626
0.0286906869751263
0.0286743600898428
0.0290484805429399
0.0286764601638055
0.0287486244970869
0.028680940458153
0.028671979772517
0.028217841804665
0.0286204375715054
0.0286494646920345
0.0283564504238737
0.0287756365273597
0.0287818267065639
0.0288184145769284
0.0289433120760545
0.0286229200219347
0.0285969545998315
0.0287049866757493
0.0289027570909521
0.0288544551250142
0.0287077431721253
0.0285341247649896
0.0289797352298361
0.0287944193338245
0.028726173368916
0.0287404254535193
0.0292628223414623
0.0287486531086681
0.0288374714774399
0.0286975503439942
0.0287201778116552
0.0289073905977748
0.0287995905773243
0.029281976153624
0.0284766213471796
0.0288091593153407
0.0288737183595088
0.0284755926319324
0.0288914450951872
0.0285513096438123
0.0284614541803374
0.0290676554477285
0.0287339156616664
0.0285773340460265
0.0286862408261614
0.0291277116910528
0.0284555313568049
0.0287287574980452
0.0284446373741549
0.028560078092507
0.0282450524521599
0.0291479742757664
0.028582692821189
0.0287734419747946
0.0293342983952889
0.0288700254288222
0.0287682106284491
0.0289858283374171
0.0292079001570039
0.0288083156507552
0.0286047066777807
0.02848593524901
0.0288555575202532
0.0292717120953019
0.0287724611550149
0.0291555728412168
0.0285480743183296
0.0286093864700963
0.0288688124508377
0.0290013005574935
0.0290927389895092
0.028914460214659
0.0288366679779602
0.028578608090102
0.0284953606787292
0.029257951984181
0.0293975808350514
0.0285380742937836
0.0286005814247663
0.02844296283472
0.028615189658704
0.0290689606121596
0.0290036156309455
0.0291328949430917
0.0288216834699863
0.0288054131663263
0.028202449262479
0.0282845454974548
0.0286494885246728
0.0283235000468376
0.0286251105349013
0.0288768252609193
0.0291876129484235
0.029072499496088
0.0283523921553526
0.028504184621161
0.0288222824075637
0.0291336958395064
0.0284552835801655
0.0287330883782659
0.0286342788171133
0.0289958256952251
0.0284494024496219
0.0288202598239172
0.028492297468907
0.02834474182685
0.0292255346892156
0.0285124275976631
0.0290143972842414
0.0287540200270629
0.0289773636218435
0.0286469421790311
0.0291062392130513
0.028999299956414
0.0289750929768748
0.0289357107394125
0.0286951859493537
0.0286520531195053
0.0290447520239121
0.0290178702883155
0.0284250165633086
0.0287793500723136
0.0288070756926585
0.028743780314149
0.029032250585869
0.0287071135513042
0.0289059917215567
0.0285968725999194
0.0291444625082554
0.0290172924009189
0.0285164490328321
0.0285363479327716
0.0286023097712197
0.0285467276664971
0.0288608132345914
0.0287659628597686
0.0290137781836312
0.0291616491081931
0.0286074887589811
0.028734332326242
0.0285112361461222
0.028058448323169
0.0290127092297807
0.0286824696278696
0.0290396279554771
0.0287446822604174
0.028753990837102
0.0289637171664524
0.0285770369890501
0.0288182257254528
0.0286848776186406
0.029119713964507
0.0286326906806425
0.028843932734001
0.0288438452976869
0.0288043539712122
0.0287526541390904
0.0289227083700536
0.029360885516011
0.028923779632542
0.0287615990818552
0.0288117070247981
0.0288291781609933
0.0286628275171459
0.0287741173787752
0.0287627576889186
0.0291328273540518
0.0284103492592682
0.0286965739113752
0.0281862535878804
0.0287819413241178
0.0285900888740296
0.02887539661211
0.0290536237115876
0.0284821429352362
0.0290251194223153
0.0287606234808265
0.0290800854315134
0.0287732135991689
0.0286902503158864
0.0283592127084083
0.0286492618064554
0.0291555258998065
0.0291858821320809
0.0290749051324671
0.0290652753189762
0.0288647436108824
0.0290623961528179
0.0282834040588064
0.0283390353546203
0.0291907817973876
0.0285887931094052
0.0283460723749285
0.0284773193781934
0.0291874167579459
0.0283919417006314
0.0292554474698141
0.0294320953863973
0.0283958489210384
0.0284857501465948
0.0283308720339292
0.0287743084764786
0.0288708107308396
0.0286895376967359
0.0289014414441385
0.0283774557091445
0.0289033673929192
0.0286931663212008
0.0286547994729243
0.0286601387085757
0.0286629011951743
0.0289830808647517
0.0291195733498735
0.0284297037027324
0.0285115232840849
0.0287578602978617
0.0285577521579321
0.0290820593726779
0.02882158434879
0.0286928378019345
0.0284730029925471
0.0283415676187605
0.0290203448685825
0.0288576949927686
0.0286977188464757
0.0289010642008321
0.0288003293612827
0.028436972877444
0.0285264129832153
0.0281476396733752
0.0289014657537263
0.0291186392080617
0.0286931065309642
0.0289547748342885
0.0288837233153372
0.0291717124377596
0.0284989873232123
0.0284675036253951
0.0286759916094055
0.0289217901910616
0.0288529771725989
0.0288495282048569
0.028568637013097
0.0290724869407344
0.0287109506733444
0.0293312347056257
0.0287083590561797
0.0285846504638442
0.0287277014717264
0.0288543433661865
0.0291170833950175
0.0287995571041198
0.0286606633038106
0.0286680609377689
0.0284398732664659
0.0286611660914046
0.0292320138127075
0.0284462033456475
0.0286504686891767
0.0290030489571489
0.028207597994972
0.0285537233528088
0.0289757235920823
0.0285263841218908
0.0288694038968927
0.0289857670255044
0.0293168592682783
0.0289868882542098
0.0282343259490222
0.0292708782375686
0.0290066749766441
0.028354996404651
0.029329354877552
0.0286281648636412
0.0287981434315926
0.0288954805334725
0.0289250772450317
0.0286210935016652
0.0287329181638404
0.0288531630439681
0.0285742484208384
0.0290376206594992
0.0285482423061929
0.0290183426046755
0.0289931864135726
0.02858567874324
0.028813598611861
0.0285135625271699
0.0292284528949268
0.0285773533876031
0.0290689694233851
0.028299174578514
0.0287722450266048
0.0289277604022754
0.0287331227999002
0.0287725796197458
0.0286672719891058
0.0292407229344215
0.0289877658826704
0.0282820134547646
0.0286740641263438
0.0286547774053493
0.0282344510297581
0.0286481684135822
0.028837009647075
0.028467609299914
0.0289935580891976
0.02885339360375
0.0286532599501519
0.0287851629215406
0.0286377900343212
0.0288905683694276
0.0293899113126487
0.0285246808028141
0.0287171556023365
0.0288442821982634
0.0287868570135337
0.0292409674936093
0.028307289382936
0.0284598180100989
0.0289082765844955
0.0290509488198675
0.0291358174013882
0.0282309688581934
0.0280115122424309
0.0286834592586131
0.0285811811472391
0.0284871470653807
0.0283266464886485
0.0286732372809946
0.0291361811252474
0.0287292819727413
0.0285664904214924
0.0291787506831475
0.028533055077679
