0.025914152853024
0.0258844461642408
0.026290628868965
0.0260626963427688
0.0257383024681865
0.0259969483571243
0.0255527616700994
0.0257532564888232
0.0261938767656523
0.0260858667874189
0.0257149886351412
0.0261880999942246
0.0257840025754776
0.0257953750099163
0.0262556864700745
0.0259501128177108
0.0257488329990048
0.0254370729247075
0.0264004922636328
0.0257240686479491
0.0262141962642906
0.0256344091206364
0.0259332736914433
0.0261207905004623
0.0261402097342524
0.0255789655739791
0.0259423421430819
0.0260394715814284
0.0259301381263324
0.0263077505632526
0.026194918539962
0.0257096536975095
0.0256992681672108
0.0257887959836607
0.0258210652495382
0.0261071249907718
0.0259464427814415
0.0264582037818021
0.0259013259697384
0.0258802676260949
0.0261614195224457
0.0262042923477465
0.025937061789706
0.0260965187520562
0.0259941386206322
0.0258346623660014
0.0257515775501544
0.0253666850342526
0.0256004585891085
0.025997956371513
0.0262922157118718
0.0257445371688146
0.025335380590864
0.0257717783912095
0.0258956403087989
0.0256606152589569
0.0263157538342452
0.0258013410557942
0.026123529798197
0.0260733157161098
0.0260485892981276
0.0260334945669929
0.0259275027015604
0.0262800852377197
0.0260986351923895
0.0255603007207616
0.0260877595827941
0.0256855746827779
0.0260292396185114
0.0253782959761335
0.0258493365179976
0.0257853550716798
0.0260707403128104
0.025696069124646
0.0257756681978187
0.0260024802287566
0.0261073531335883
0.02578399594766
0.0257971320303714
0.025683688821901
0.0258808432942199
0.0261811318256988
0.0263225486194415
0.025614854509062
0.0262029505832383
0.0260762063967621
0.0260327327074982
0.0262743991470169
0.0259505782255912
0.0256762489011067
0.0262342161991062
0.0258168240645997
0.0263216980878714
0.0261196899652608
0.0256539637900664
0.0262460706303784
0.0254603749392418
0.0260854575704854
0.0261837138760482
0.0261599320381174
0.0258333074361049
0.0262681209525489
0.0256821308672676
0.0264316675517404
0.0258712956260034
0.0259696224420348
0.0260871861988671
0.0257366035572724
0.0258375402074879
0.0257142109453046
0.0258033290385366
0.0259620701906251
0.025961142271211
0.0254601644186472
0.0262033694909212
0.0261840689412479
0.0263528948397158
0.0258285376711304
0.0260950519915624
0.0259246006841557
0.0256844907022859
0.025770620149517
0.0259213693314739
0.0258012681097036
0.025942050164075
0.025864014986792
0.0256137990215404
0.0255784761075886
0.0262850259308427
0.0259805206636208
0.0262527044574462
0.0257523335515748
0.0256948352391321
0.0264257244756729
0.0257853330840914
0.0261456551286953
0.0261628948676814
0.0261943471762567
0.0259749643551553
0.0261733737596224
0.0259221993011906
0.0256280453018632
0.0258729586979847
0.0256524599854889
0.0261113006110015
0.0260097338697482
0.0254684735757374
0.0258415132171934
0.0258983909564508
0.0260094999075968
0.0261061858168874
0.026441762679149
0.0258745451581492
0.0261018142657369
0.025846218799161
0.0258689094225292
0.0263296395388695
0.0257871477826555
0.0259116397129405
0.0260887758312046
0.02595847558314
0.0259858370579622
0.0255475524465539
0.0257169353827814
0.0256181572064444
0.0260515267090134
0.0259479865750969
0.0262227178620595
0.0260459917750931
0.0256639993744264
0.0257719680975166
0.0257268462441128
0.0256670503841607
0.0261462871729601
0.0260777450403844
0.0257577916584229
0.0261396932619911
0.0263207155891141
0.025709773640066
0.0257319078489374
0.0255086874234204
0.0260013045683799
0.0259282487361138
0.0258454827463576
0.0258669482691332
0.02590434697286
0.0260570572504611
0.0261658886554433
0.0260608094798269
0.0258308630711802
0.0262172122085813
0.0259176034869265
0.0257329009235857
0.0259181458798142
0.0262702541796955
0.0260371985879558
0.0259794748154039
0.0258931616633461
0.0258954552805469
0.0256220344318321
0.0256440422390802
0.0259071789792138
0.0259409684691523
0.0256941091211527
0.0259904915425473
0.0261753249419783
0.0257382328435338
0.0258843078434553
0.0258689406152367
0.0257801987900694
0.0257738934694794
0.0258961813213473
0.0261530734190272
0.0256954761815196
0.0259069995145775
0.0257500039892182
0.0259196579797465
0.0259730552310319
0.0259877680102809
0.0256177991590381
0.0261734288045213
0.0257670036417425
0.0258603181491382
0.0262337238147891
0.0257959978432197
0.0261190898211657
0.0258788939488933
0.0258063120934499
0.026324066026995
0.0257107849859408
0.0261116490676586
0.025757970866294
0.026238464505239
0.0262132500491759
0.0256570544124484
0.0260210065411635
0.0263394937806601
0.0258686506167036
0.0257871559595554
0.0262560753146676
0.0256351437910974
0.025999630535234
0.0257881100434574
0.0261177559673574
0.0261855943646245
0.0260651558740057
0.0260053839811639
0.0262199588291941
0.0255745742627032
0.0256217070513733
0.0258670546910318
0.0260851506227458
0.0256881104999258
0.0256827776188562
0.025734535691276
0.0262135834176669
0.0258071431153161
0.0258554570305019
0.0266819440857784
0.0261480855916004
0.0256681810635402
0.0264577898488088
0.0257392187164897
0.0256531192930799
0.0260099443682278
0.0260589171921708
0.0260495737135253
0.0257638069565732
0.025977751961819
0.0256415493117945
0.0258241959289287
0.0261531278515721
0.0258403722681114
0.0263135548133487
0.0258768166569689
0.0259163423054547
0.0259732364270275
0.0261796022365801
0.0257180962294514
0.0256237812249144
0.0262011751271598
0.0257882486729327
0.0260502114562278
0.0256806592982062
0.0260531036557481
0.0253358000731823
0.0258478508603428
0.02594983130756
0.0254946097977527
0.0256815318918653
0.0260110467442565
0.0261184421152112
0.026100531596549
0.025941091874112
0.0260087049249425
0.0259989521671269
0.0256887176422756
0.0261782236221533
0.0260132046423956
0.0260519890118565
0.0259275435101156
0.0262147084199858
0.0255950725587099
0.0259373458152534
0.0257283732470243
0.0258194632069947
0.0258512903724746
0.0258750622157086
0.0252482868625655
0.0257644239717164
0.0256890780286259
0.0258907308778504
0.0259758275585403
0.0264261805455924
0.0255710361826141
0.0264144342691557
0.0257189700509515
0.0258101212617497
0.0257493423617735
0.0263325529875372
0.0267236205468989
0.0258870142967034
0.0256649463635092
0.0260083690519402
0.0260467334639612
0.0260922095205772
0.0258216874867642
0.0262376197368578
0.0256311506188769
0.0259541306695079
0.0265317038611789
0.0261254831393448
0.0260551507954128
0.025927505645843
0.0259075511252544
0.0258455660726284
0.025843589209001
0.0260678278538999
0.0260695425318379
0.0257624822020684
0.0259067646390811
0.0257916228187957
0.0256368256420984
0.0260728435509715
0.0263382558765265
0.0260054936108718
0.0259675358419845
0.0259430983549125
0.0256522210132974
0.0256206613888103
0.0258187964174848
0.0258957521065614
0.0264332150359205
0.0258431171318258
0.0255218042674267
0.0260172216728563
0.025992969864293
0.0260233067274113
0.0260766032452443
0.0258757525259746
0.0261179986346257
0.0259156055491406
0.0267089929792764
0.0256950721379062
0.0262545304803287
0.0262908824649801
0.0258380081322727
0.0262797213798388
0.0255862126155704
0.0259513851723514
0.0258198250190525
0.0262712893234531
0.0263342186626165
0.0260654587732944
0.0254434866385877
0.0257653985604161
0.0257619765752246
0.0266189944601542
0.0256363222410525
0.0258934162934469
0.0260628333122025
0.0261998401986181
0.0263482379770642
0.0259394645869321
0.0256783212878554
0.0257251798623133
0.0260744289673641
0.0258354066738762
0.0262766328375796
0.0259333450795277
0.0257600960338521
0.0264470892201519
0.0262248127128916
0.0259580848714106
0.0260695962689534
0.0261297938951417
0.0263088969922935
0.0258420690383101
0.0257471354784284
0.0260254284859806
0.0256157053763413
0.026177736359124
0.0261338029876948
0.0254981775067572
0.0257862895720937
0.0254123791402378
0.0255990553992411
0.0257799695716203
0.026087379273232
0.0263521576381082
0.0260717695065361
0.025747691703571
0.0260269127003945
0.0260082847308147
0.0255483802682316
0.0261390266133307
0.0259073186038999
0.0256819582241953
0.0258037000848047
0.025912442128772
0.0258339623595442
0.0262527985416345
0.0257068874760477
0.0259006882739864
0.0258070687834513
0.0261377671855563
0.0258814396611155
0.025919587801315
0.025862192202399
0.0257984317655479
0.026276424648238
0.0258515579170263
0.0259842922268626
0.0258412809912569
0.0258464225994811
0.0257591522057598
0.0256647379297429
0.0259688408506333
0.0258330644394241
0.0260193962984399
0.0257285676572762
0.0259066189303282
0.0255822091615113
0.0255372431430855
0.0257417137587385
0.0261027887735136
0.0258341886448223
0.0259422891147906
0.0255291326149454
0.0255510033449917
0.0258047164958316
0.0263305819462559
0.0261238500114181
0.0258436309071468
0.0257477993866128
0.0264245531557145
0.0255856405958366
0.0255541738568497
0.0257487244658292
0.0262823279464958
0.0260300444007556
0.0260308763626168
0.0259134407420314
0.0257963031338736
0.0258314996860281
0.0259940098380439
0.0263012752586594
0.0260397176032577
0.0260694707554528
0.0262512230483383
0.0256541511620531
0.0258926989864663
0.0260545468928015
0.0255441067106649
0.0259873230152391
0.0262741130407516
0.0257670060397815
0.0259086417760569
0.0262075116443241
0.0260772539970079
0.0262862961744932
0.0264203043483105
0.0262028651392354
0.0260804435849846
0.0255494506328758
0.0262398998975782
0.0256924828597765
0.0261255659942754
0.026718080721832
0.0259772323237688
0.025689824065991
0.0263111444988818
0.0258024748068561
0.0257231298918784
0.0258988308147848
0.0260357956601929
0.0261556209225491
0.0258191607334261
0.0257704223279191
0.0260461943893022
0.0257090373690966
0.0257683437818851
0.0259115639286445
0.0259996301283247
0.0261456744839905
0.025995381348641
0.0261402377362373
0.0258550028842736
0.0257510110987654
0.0260843047496149
0.0261730796529924
0.0259275402830959
0.0259999338398346
0.026185926587085
0.0255833697090172
0.0261473710135541
0.0258158561826499
0.0258340315144392
0.0259481308837328
0.0260530247050415
0.0257593812296461
0.0258084913816914
0.0259426085136933
0.0258904180761069
0.0261375545304401
0.0258476011488176
0.0258128203956352
0.0261665701552775
0.0259128025335118
0.025812355286971
0.0259062473626693
0.0257192054120692
0.025853618728587
0.025930907982589
0.0260430117288528
0.0257779593209568
0.0261684557201116
0.0263241787835848
0.0256156247431456
0.0259808159858872
0.0262414860067203
0.0257101693791272
0.0258371285575277
0.0257302773368621
0.0263377184402052
0.0259060906438561
0.0260246540864464
0.026223098024064
0.025787855148749
0.026004870275317
0.0260682250763533
0.0260334487882784
0.0258225554434301
0.0261456699234641
0.0256431662301339
0.0256357680690538
0.0258918223859907
0.0255564689785203
0.0259656392547907
0.0259421921431814
0.0256621045661778
0.0259186626085029
0.0260519193642199
0.0260567665918146
0.0260273110748451
0.0261264219722141
0.0262450742998304
0.0257946864877043
0.0259547112079397
0.0258237234178459
0.0257625202889068
0.0258451427695862
0.0259178153461014
0.0258673268512137
0.0259708386472605
0.0262892292881792
0.0259042024789875
0.0257902608381688
0.0259438962922952
0.0260274807900332
0.0258632344856234
0.025441508496543
0.0259258471700092
0.0258749020566072
0.0257124566974439
0.0256145744221651
0.0260756068156894
0.0260325794789539
0.0258779531378976
0.0258656554938358
0.025980267480242
0.0260776540011302
0.0254111788578267
0.0257939483297667
0.0257444597724536
0.0257362692151599
0.0260502299708969
0.0260458520978472
0.0259091386307845
0.0263791662206897
0.0260969703083874
0.0261735767938018
0.0260311973281015
0.0255597230661687
0.0256725378583843
0.0261992312377024
0.0261936187833221
0.0261973222144187
0.0254846177637678
0.0258520493406435
0.0257595456129334
0.0260552701772676
0.0257985890857514
0.0258505587621258
0.025623029244544
0.0258198854915498
0.0258034603149047
0.0260927196574678
0.0260593422525852
0.0265042395464061
0.0261459557096157
0.0258280781830224
0.0260958806451978
0.0262405670324365
0.0261798621249742
0.0260077548540508
0.0261965339992725
0.0262177037111227
0.0257501877904389
0.0261170011362858
0.0258069337115081
0.0257426526455213
0.0263605894179527
0.0258506200961653
0.0257615279313257
0.0258578689300735
0.0256660279298355
0.0258336135168876
0.0261473234416646
0.026047156603078
0.0259767665033702
0.0259767710740991
0.0263547281206482
0.0260445911600382
0.0257935329745738
0.025646334549936
0.0257882369771344
0.0262090574714318
0.0258806546069928
0.025622489977911
0.02580553281481
0.0258170976818697
0.0260503261696629
0.0263717432963469
0.0258780470461927
0.0257916551128339
0.0252682136605223
0.0259568403239154
0.0258807468868364
0.0254964700743202
0.0262176843048792
0.0256612587309069
0.0260219155073621
0.0258153167799519
0.025615962552311
0.0259164848689164
0.025821337620772
0.0257438741065261
0.0260251100132937
0.0260878941672521
0.0259256168040983
0.0258238058991685
0.0260251217333273
0.0261639968786485
0.0258693144275618
0.0260168920810327
0.0259684503840012
0.0260722789512448
0.0262241682763622
0.0257970272499482
0.0261784534842036
0.0254828431081726
0.0255644460743836
0.0257338141685218
0.0260169249171785
0.0257293466999886
0.0256144089156747
0.0259019075270843
0.0256434942827429
0.0255556675923469
0.0259358730380895
0.0258113828079253
0.0258577108679846
0.0259604524203645
0.0260907114178845
0.0260491098147676
0.0258336686070703
0.0260601999908879
0.0265770452584827
0.025758446523338
0.0262110287899575
0.0257798934513712
0.0263206603426216
0.0256657614587257
0.0258087813128015
0.0257341175848039
0.0256922746228486
0.0257484881456562
0.0258367141821054
0.0255822762503346
0.0261446738974708
0.025866324769511
0.0266234420312088
0.0262683950478671
0.0262573814978795
0.0256992316432369
0.0260007444563696
0.0258325741124509
0.0261508694085422
0.0256701010493188
0.0261580982062511
0.0258846618679905
0.0260390676599984
0.0257332268361921
0.0260392052854838
0.0260851216569872
0.025422658641039
0.0257980909316429
0.0253115053859173
0.0259720424661477
0.0258195517749463
0.0258101309193199
0.0258917856921959
0.0260145498971832
0.026433307329915
0.0262710648278787
0.0258023331701017
0.0262111379568286
0.0261689762658944
0.0257616728824463
0.0263432958255454
0.0254113875607466
0.0258475809582037
0.025713542008907
0.0257326206556071
0.025586527530345
0.0261043382604852
0.0257166022963966
0.025641690840684
0.0259754739419513
0.025615433796668
0.025820168385442
0.0260010874159785
0.0258744491798194
0.0259070730066951
0.0258495296310579
0.0259380885458532
0.0258058987809719
0.0255677487991604
0.0257422273132426
0.0258537672076973
0.0259214229272908
0.0258290334729209
0.0259327055369214
0.0260229561482144
0.0262164301068295
0.025877145838488
0.025860768822343
0.0258941109921235
0.0258737348236465
0.0258168878437407
0.0259782424190621
0.025493646312455
0.0257665736185404
0.026166180747006
0.025489542983738
0.0262723351390052
0.0261341695120392
0.0257765019219327
0.025495582518361
0.0256562814164637
0.0259175813419895
0.0262137190089207
0.026452237460688
0.0259881712840662
0.0256144787310315
0.0256442616722689
0.0260093001242859
0.0262457300823326
0.0263401242269483
0.0257962214054569
0.025860896637377
0.0258768034044424
0.0257939659121111
0.0259972882351218
0.0258860270581284
0.0257965485354478
0.0263252048669316
0.0257251332534578
0.0258341666866935
0.0260697156369609
0.0258756747992813
0.0256657256903801
0.0261825246521595
0.0259285980143279
0.0261453469065236
0.0257166646677131
0.025692782671301
0.0261031087690119
0.0257133204389251
0.0256503834731436
0.0259666359028144
0.0258975272024473
0.026329222281958
0.0257534435001268
0.0260744417163604
0.0255412238469429
0.025865344756034
0.0258646698457807
0.0261220580517946
0.0261269245604784
0.0258491129892401
0.0256971664023264
0.0259121736503681
0.0263961690048059
0.0261977608644497
0.0259063382178679
0.0260956888247228
0.0261424728633757
0.0261751098067752
0.0259134073606229
0.0260350545991793
0.0260123348451537
0.0263455734524384
0.0261333655715319
0.0259183872240959
0.0260490166489409
0.0259373389656334
0.0258489640857106
0.0260976238375635
0.025920479233384
0.0254075442723103
0.0255313217412624
0.0262671464923468
0.0257089698425048
0.0260380399683612
0.0259403316233584
0.0256537435279407
0.0256917948479692
0.0260846506117028
0.0257723469934363
0.026042369457971
0.0259417025599308
0.0258094863490267
0.0261723835378189
0.0262591778034869
0.0257145608052175
0.0260167281990553
0.0258271854899971
0.0263545892218353
0.0257950939651372
0.0260259350301168
0.0262311511983911
0.0260134457502781
0.0255348131536199
0.0259825730695631
0.0258801872286434
0.0253720205786765
0.0257915005887024
0.0257166006736536
0.0257345735280863
0.025479154177797
0.0254311357861802
0.025924837627018
0.0262340431843698
0.026086388472412
0.0259939445777818
0.0260987718015944
0.0263547915109805
0.0262974711878884
0.0259846179749368
0.025876428788943
0.0261929507122141
0.0261807387996707
0.02569057530157
0.0260211543308828
0.0259683542405517
0.0257193844635363
0.0255600567512366
0.0255061909565157
0.0263338325202006
0.0261301422242519
0.025850413618649
0.0260846077894338
0.0263064995456035
0.0261250713454159
0.0259802779801765
0.0260459774559467
0.0258816271955034
0.0256144162828934
0.0258195558945736
0.0261476134345291
0.0262401500995968
0.0260721658831815
0.0261001904661606
0.0258993710824946
0.0258477913510315
0.0259312545838518
0.0259294691917285
0.0259693876351158
0.0258680449172812
0.0259783696215806
0.0257447829281703
0.0263294032033212
0.0262632548425424
0.0261736432349502
0.0257187612893369
0.0258322520594026
0.0254303368314674
0.0261244062041558
0.0260987372942968
0.0259725626586293
0.0259666776750436
0.0256487376951212
0.0265536540122036
0.0258008490438579
0.0259321240285095
0.0257594381634358
0.025946113194953
0.0255405412827502
0.0260526913456939
0.0260369884735099
0.0256444928998811
0.02602956686877
0.0255357135253481
0.0255252523988191
0.0259147846852262
0.0261212972832328
0.0258810964234306
0.0260232145604555
0.0260742738000819
0.0257999132839664
0.02583970165136
0.0260861952213498
0.0260300748107327
0.0257996764417664
0.0260200494324105
0.025876000593103
0.0263201602299475
0.0259977002496455
0.0256296693436199
0.02634732595627
0.0256677392911482
0.0258030435466908
0.0260769926008171
0.0257993946238005
0.0258888428687822
0.0257254577834115
0.0257906787538678
0.026248789331232
0.0262998869244944
0.0258496917726671
0.025634306087829
0.0259940938016232
0.0259789525220643
0.0262764541152004
0.0261708840840642
0.0258793036704445
0.0262486194256816
0.025519478883126
0.0254063329883262
0.0263421399627687
0.0266834790423494
0.0259778829956352
0.0259673521806676
0.0259970664663586
0.0255089663441513
0.0261028847839719
0.0259577777209035
0.0257740489304335
0.025671521957486
0.0257109055537897
0.0258898673453486
0.0260136665652837
0.0258210577106628
0.0257999786332417
0.0260045085902418
0.0261219918892602
0.0262281244627848
0.0256112542165522
0.0260546921504029
0.0256947213575422
0.0262001186740328
0.0258858924432213
0.026064120892284
0.0258482152102864
0.0257437938703806
0.0263636319676698
0.0259852633377747
0.0259601290523465
0.0256054877883249
0.026075952203523
0.0262336936379903
0.0258025592191384
0.0258053092800261
0.0254812259749345
0.0262136482140848
0.025925303073242
0.0257982990943663
0.0263438162946383
0.0262257441539383
0.0257173869346101
0.0260393707231425
0.0259180043018879
0.0258753617291507
0.0262506610994511
0.0260153808156
0.0256334386274273
0.0260202008542703
0.0257663985859466
0.0262903748053385
0.0256151922943044
0.0259557306726634
0.0260249456840623
0.0261089312929293
0.0260609451009865
0.0254202944678817
0.0263154897401454
0.0262723512944746
0.0258340920777148
0.0253577649739276
0.0258807550688899
0.0259329619044044
0.0260199330238047
0.0258916183382246
0.0259542085114826
0.0256761807137589
0.0255954571605771
0.0257224943896314
0.0255634826365546
0.0258351826813823
0.0259352024631276
0.0262976680893839
0.0260357277844414
0.0259864248824839
0.0257015154562472
0.0260659953055986
0.0260222160863999
0.0257034795827836
0.0256097316583818
0.0256129651598264
0.0260727790068154
0.025939863437426
0.0258453770458363
0.0259294917703204
0.026112221061173
0.0258957563005893
0.0257038044955416
0.0255938843607148
0.0260072688644138
0.0257216405991907
0.0262893056143995
0.026010910985591
0.0259944885425272
0.0261061093505806
0.0258769762817029
0.0257216576839529
0.0259787415195163
0.0257444410130131
0.0260320454996504
0.025875709267134
0.0258635011475034
0.0261626288150597
0.0258626459013317
0.0259218520243383
0.0258685779082221
0.025859471243304
0.0254935835906206
0.0258176933627926
0.0258465877878282
0.0256034401971902
0.0259437828347003
0.0259487735542832
0.0259776799558818
0.0260736318090738
0.025821528263564
0.0258034146477891
0.0258893726061938
0.0260498305557135
0.0260089984960687
0.0258895515558821
0.0257493511846863
0.0261107693506349
0.0259634181840397
0.0259080500495678
0.0259165406883428
0.0263326547264262
0.0259223837738327
0.0259954610763965
0.0258791821902816
0.0258979077696345
0.0260525491354951
0.025961447781732
0.0263444523505497
0.0257012087347196
0.0259729552304006
0.0260246789745023
0.0257038767843496
0.0260413437432618
0.025767676262698
0.0256924093885018
0.0261773484961407
0.0259121741386821
0.0257860831596626
0.0258737952708987
0.0262204547748388
0.0256851405509911
0.0259134817887401
0.0256751534873466
0.0257706777557521
0.0255108650807022
0.0262395427298487
0.0257879461229006
0.0259456612069278
0.0263863213628496
0.0260176782027267
0.0259431460584308
0.026112469914497
0.0262876074143687
0.0259701896272568
0.0258065107334091
0.0257123568839163
0.0260068635983163
0.0263417541407737
0.0259410436442948
0.0262444882659426
0.0257618845086901
0.0258098398299116
0.0260202760310945
0.0261241851035157
0.0262019367187615
0.0260580773544404
0.0259991782944359
0.0257889878094189
0.0257178795053485
0.0263233252329642
0.0264312915535178
0.0257543824049086
0.0258025969915892
0.0256761756278937
0.0258173056399562
0.0261770799203209
0.0261255629986998
0.0262279843009416
0.0259832442899271
0.0259677677736141
0.0254755100857338
0.025545637140976
0.0258492888431636
0.0255795828185419
0.0258231334254029
0.0260233697690334
0.0262711815535905
0.0261794338277174
0.0256009249265934
0.0257243154812283
0.0259822858560678
0.0262275932392139
0.0256855671097653
0.0259126157429111
0.0258295160681402
0.0261209825069599
0.0256807491790823
0.0259877254738051
0.0257164805762336
0.0255955174001518
0.0262982102384891
0.0257320340307239
0.0261329459312685
0.0259267558675025
0.0261035355286228
0.0258407876225508
0.0262059913847481
0.026119517857454
0.0261017158788352
0.02607628930443
0.025883123020345
0.0258433016384298
0.0261584219574514
0.0261371100564381
0.0256624996793041
0.0259479656153424
0.0259717606204294
0.025919449788969
0.0261499314642637
0.0258899693956647
0.0260479310628314
0.0257990289417006
0.0262386428703596
0.0261362721051588
0.0257343912617384
0.0257525385911294
0.0258082171771257
0.0257601515450605
0.0260149682577928
0.0259344805758168
0.0261373200500535
0.0262504316586801
0.025808889479696
0.0259096970792536
0.0257311814430527
0.02535731443422
0.026136159944599
0.0258692268673409
0.0261584051221188
0.025918449383412
0.025927563759395
0.0260992806709042
0.0257866159270246
0.0259837914385923
0.0258728353557991
0.0262188664924406
0.0258331858666286
0.0260065931444158
0.0259963757653847
0.0259684374901214
0.0259305994338656
0.0260636690386231
0.0264071017745373
0.0260629169439102
0.0259327659831588
0.0259735154060627
0.02598813973041
0.0258558849753395
0.0259419964220871
0.0259349704290628
0.026227561094458
0.0256504074242746
0.0258827617067654
0.0254656692043222
0.0259509998761872
0.0257955198808796
0.0260270644770108
0.0261675314906354
0.0257066712123619
0.0261447021907964
0.0259365782693557
0.0261882549548633
0.0259449420252757
0.0258726739841527
0.0256067857475442
0.0258421229242209
0.0262461933921633
0.0262757110567914
0.0261824126391396
0.0261729239884786
0.0260151858590752
0.0261723349126988
0.0255440902822161
0.0255909229437877
0.0262706502795092
0.0257923459378505
0.025594510109787
0.0257026582788796
0.0262740386884924
0.0256351025138577
0.0263262558037843
0.02646076408313
0.0256348350749428
0.0257107691946965
0.0255816959345997
0.0259439987216513
0.0260216136223265
0.0258728519330865
0.0260436938407123
0.0256236371223657
0.0260499577058827
0.0258859892295602
0.0258452561370605
0.0258500435161874
0.0258575175157481
0.026109710884615
0.0262197939833498
0.0256651095859489
0.025729497503081
0.0259271830865979
0.0257701347410182
0.0261868748234514
0.0259818916754111
0.0258819875821178
0.0256992361038552
0.0255927176455023
0.0261387296113495
0.0260094302252909
0.0258828993435133
0.0260455725570411
0.0259643090261428
0.0256696522654798
0.0257438790217231
0.0254350064447232
0.0260457844611262
0.0262179478809829
0.0258785439301496
0.0260847465187248
0.026033058767994
0.0262596450413185
0.025719311177798
0.0256954293626751
0.025868807085714
0.026061646079543
0.0260041952962435
0.0260029156041992
0.0257823540866983
0.0261815858227641
0.0258915127321813
0.0263859032361341
0.0258927371110952
0.0257898413909089
0.025904864649425
0.0260087596905029
0.026216103908105
0.0259659636817408
0.0258533768381738
0.0258641505769228
0.025671632747328
0.0258486273886599
0.0263037291957379
0.025677490784886
0.0258450171074773
0.026126427390973
0.0254864345819666
0.0257649857069631
0.0261045005345015
0.0257443238210181
0.0260198376619564
0.0261131978978655
0.026372572706745
0.0261141680141841
0.0255030532502942
0.0263410821837466
0.0261306949893378
0.0256009525363236
0.0263816267965987
0.0258281947479648
0.0259621442960099
0.0260411952412181
0.026064608721945
0.0258201713417542
0.0259097843929313
0.0260078992255942
0.0257852482901602
0.0261522300691854
0.025764306471411
0.0261386485715116
0.02612009195906
0.0257900975569461
0.0259779272763105
0.0257322499007253
0.02630016278186
0.0257855211823495
0.0261796983512179
0.0255577867353504
0.0259463532387327
0.026065670802996
0.0259160529831575
0.0259412735020924
0.0258569383983137
0.0263133800515815
0.0261159953278485
0.0255446132684404
0.0258634046226899
0.0258463138636937
0.0255021318422534
0.0258422625913448
0.0259965752369559
0.0256972501197639
0.0261181102212904
0.0260115999397229
0.025845388251126
0.0259552189697374
0.025832548604346
0.0260390509777199
0.0264314827193594
0.0257460872247262
0.0259000005750148
0.0260003410663215
0.0259531681377
0.0263159511771388
0.0255642526761244
0.0256903786167556
0.0260535923081606
0.0261665212369927
0.0262315819815953
0.0255007060464853
0.0253244762987514
0.0258736960239049
0.0257857061631188
0.0257105715332688
0.0255780529220266
0.0258630527321598
0.026230376529916
0.0259048025883377
0.0257739903478856
0.0262639676427232
0.0257457751641094
