0.018958380147409998
0.017625148554319195
0.0185592725234002
0.0172430121964847
0.0187298183997058
0.0187272814608083
0.015737593972147197
0.018536848435158598
0.0171301225697282
0.0184225643739084
0.0188528682136967
0.017747039078954405
0.018054908851141603
0.018110003128955797
0.0158043429111335
0.018460124016461597
0.016913957457000597
0.0164445969785591
0.016618621204456403
0.019717292325061003
0.0175956660199226
0.017383830291926798
0.0198776294327375
0.0202631773282309
0.0180949422715666
0.017761375525857798
0.0182326736492108
0.016406405704822602
0.0174964334437124
0.0179308775705469
0.017581709314728702
0.0178897778784166
0.018325701776881996
0.017694463314585906
0.018437576611087497
0.0165972289154065
0.0179916717561373
0.019055772276261297
0.0177706741098018
0.017932734846866298
0.017500165367729602
0.014873606570697605
0.0180381918358423
0.019425179082819204
0.017744576658489997
0.017653602522241997
0.015771187785571204
0.018160449082797202
0.018250230820690397
0.016171162401550296
0.018744912034418804
0.015075065929964097
0.018784368858485098
0.019771178057313897
0.018684686275497298
0.0182194455856668
0.017803229508991505
0.016902228571598697
0.0187421742912212
0.0171387619859859
0.018588285898095802
0.0162543038576363
0.018199045632396396
0.0194833699988674
0.015938862285908198
0.017483173805487695
0.016384906951125496
0.0183352262281856
0.0192032105216713
0.0161094481570994
0.018074889604296096
0.017139203160351002
0.015963330039123
0.0176752300158579
0.0172113163116758
0.0192059303737322
0.0169358969074977
0.018140966581881697
0.019459669190648503
0.017606968214531095
0.017125079813253903
0.0182081155218334
0.0179705508172553
0.016598542202047303
0.018697623392465397
0.019183587071242403
0.017213841622810006
0.018266708994994302
0.0182279581256991
0.017844149978034102
0.0189419854366649
0.016981908508109204
0.0170135831440065
0.015743377006037403
0.017302637996185796
0.0171085726113304
0.0165721396028653
0.018306035173470202
0.0172826248308321
0.020063162730634902
0.0175127061998775
0.018148751874640705
0.0178821443455683
0.018098870859765394
0.019366769020155702
0.019192383315895803
0.017286400668017406
0.017857802303396404
0.018675507957152303
0.018051870175125904
0.017876259413723096
0.0201267413764116
0.0189753003755486
0.019002493916530902
0.018317913729807102
0.017592195182251996
0.0185040167897237
0.017394904549234307
0.016875662748710003
0.014855951532512297
0.018477520022366904
0.017241311503004703
0.0202749490717051
0.0160764097519061
0.018520879096494594
0.0183702628936225
0.0184764503320421
0.016357960321734005
0.018085462533106403
0.0178869601365102
0.0182366026538439
0.0179167545828742
0.018153924909987504
0.0188985963725646
0.016819987971308695
0.018101490347844
0.017397381994443198
0.0179718120208402
0.015719001858908198
0.018856333293195894
0.017423413439337503
0.017969004445126696
0.017856940235521798
0.018009368643828697
0.0189092121869434
0.018063861454894803
0.0177236501580446
0.017933598790919894
0.0184459176429852
0.0166406539468459
0.0180061358766411
0.0153928653609152
0.018823445404998196
0.0171942155339896
0.018405155264908102
0.017770652584367296
0.017662392470817204
0.0193861544586987
0.018285732681074696
0.0187289859275322
0.018689860896277395
0.0169942550621826
0.0189162819229802
0.0194441273223609
0.019574171903876995
0.0172852436836027
0.0187066055845162
0.0190561277120957
0.018313752247617096
0.0176551491611451
0.0186186597014069
0.018994550063850597
0.016632584541926898
0.0162309066299963
0.018762655066273802
0.016751056652985402
0.018205273983065998
0.018093270506333296
0.016176712533653798
0.019161707972509802
0.0177764620301835
0.019393904329576106
0.019443990450069698
0.019287184638657
0.018202321688643698
0.0177494207340978
0.016967300840779104
0.0152146748363568
0.017672917227730706
0.016848728327083402
0.017707447925254097
0.018915233918852505
0.0186453665643507
0.017584401432845398
0.0186824216271487
0.017074791929056504
0.017250207806904005
0.017977114655111197
0.0174134137606917
0.0181781737923392
0.018368735612846805
0.018511091214234297
0.018626604649432096
0.0168934922099004
0.0183291379351265
0.017887350413295804
0.019043067565770698
0.0170284872331683
0.016646883269799503
0.0169983248868776
0.016961022580187696
0.017746679398455
0.0175608052386357
0.0179616987935433
0.0189191987177154
0.018961276225402404
0.017456164289672095
0.018590769760125803
0.017328610944922294
0.014359741238984002
0.016907152707783105
0.018450574830852405
0.0186978353746012
0.015217845968827498
0.0186077981602348
0.018077497169537604
0.017949341400180605
0.0178004965865234
0.018794846183147994
0.017218337096689802
0.018141628660114296
0.018796277317037903
0.017583831943468
0.017550591797227497
0.016538729537549104
0.0146948246683433
0.0178884498885468
0.018089425651048603
0.019331128243670503
0.016505284905512
0.017874733930214097
0.0184086692745729
0.0158052834858715
0.0176066368812854
0.016309773872531103
0.017201270681256098
0.0185885778353019
0.016307053341412095
0.016768556848459
0.019391447847342605
0.0176352518897043
0.015435145777393897
0.0174964200839949
0.017682509684094197
0.018474492987708
0.0175268237291948
0.017419912063041096
0.018413650108550096
0.015410712392147398
0.017465239863727097
0.0185032371855295
0.015125119913275198
0.018957733003103695
0.016842767085920703
0.0194727068524245
0.017305867001147
0.018906598194462103
0.016859815645775697
0.018265020538625595
0.017453870464462097
0.018521581286197998
0.0184015116440713
0.018211416131550903
0.0157669643397796
0.017700130335255797
0.018026303357700404
0.0188610215803464
0.019206663645270003
0.016075521287696397
0.018033102765909803
0.019591640411282897
0.0169911406430635
0.018106467803117497
0.018462957927286403
0.019062072779847603
0.017112866956380104
0.017266198020698002
0.018346199897065298
0.017964506195964305
0.017164904589399302
0.017265224190867498
0.0178026611772514
0.0175516920163896
0.018752444810213396
0.019011095388849403
0.018185540752744103
0.0159433161403559
0.018856665244116798
0.0193558047105215
0.0184823689407728
0.016852199561240302
0.018894313326555195
0.017565342913182305
0.0157148714427627
0.018584325254691503
0.017593367347956794
0.0158373220080653
0.0179440991103966
0.017002361770536198
0.0186225180721964
0.017534738372205802
0.019761451870631296
0.018043024799048596
0.018692870703931296
0.019490193263484897
0.0188742069205953
0.016820036053094997
0.0173856372970529
0.0164836725847244
0.017787369221431898
0.019287879599659198
0.0193577432328898
0.018844801316500404
0.0179295014951696
0.0184520803419934
0.0179033508998628
0.017940334561108703
0.017541365396284904
0.0186581198438604
0.0202582705007488
0.015895111081747203
0.018930009337108998
0.019897248961991805
0.0197779764976238
0.019136945468374703
0.018199420199284097
0.015243110042031001
0.018920807347875004
0.0179508138222821
0.018845665582190897
0.016777221619073794
0.019811889521310203
0.0181738857659881
0.017919635735883198
0.0184399196050297
0.016606362519664304
0.017361830437842896
0.017220029380091997
0.017348881396599604
0.0196484562672126
0.0181189527007838
0.017797831856272997
0.017686555104609702
0.0188271310518539
0.017382054458683203
0.017754949979156998
0.017321094677313402
0.0174415848427633
0.016120235766315397
0.018130652212254898
0.019219549200940607
0.0192398524976713
0.018213351246535697
0.017121769360295094
0.018136938458358703
0.0186084876445333
0.0170364486052728
0.014674554979449896
0.017104956604729403
0.019043713909782004
0.020096327717795598
0.017656772028216
0.0197138907825066
0.019070955815568995
0.017286761978979798
0.0179955766720871
0.0197870089849891
0.019059218494856797
0.015221573742343203
0.017909778295956302
0.0190145200769523
0.018499186476995604
0.018100867119876303
0.018198900761086496
0.019831702760586205
0.018281437189516997
0.0187309633498114
0.018430823072597503
0.018328608472219503
0.0173376314276208
0.0166432470166634
0.017411172141768204
0.0158963776252408
0.018005392766233995
0.017932650174590697
0.017218629564741503
0.018872814039634096
0.01728141758664
0.015532540752618305
0.018412108153171396
0.0180935050535325
0.017186305218979597
0.017535808578942595
0.018423120965231903
0.0166284899971951
0.0160805208551617
0.018740581479338596
0.0199071579189532
0.015956016641691002
0.0191882748536749
0.017584868166005595
0.018583372243153498
0.018404891870780503
0.018749372567021402
0.018823611350674806
0.017072040616992898
0.018178754598659905
0.017320967681105096
0.0189191400411371
0.0174931731775015
0.017572907997568103
0.0176666920736943
0.016850013942680903
0.017602151418678103
0.0182325320563584
0.0195749498846408
0.018712011477284005
0.0185156902921962
0.017737104766379796
0.017721923776034397
0.016677447056057004
0.0179942120732842
0.019762663427551
0.017670832376462303
0.017455465179289698
0.016191152694012403
0.0160359639763909
0.019082246144238
0.017485657634365104
0.019093468284503805
0.017051410486831495
0.0187390815014416
0.017443490982256997
0.017982054280755798
0.0187548313449055
0.018294375440218405
0.0183476448812852
0.016929736224453797
0.018665433512898497
0.016944301266333305
0.0183806500699005
0.018977393210162
0.0173050405889991
0.017638554083890902
0.017967384854408595
0.018327676457407904
0.017457409337935395
0.016590890302373096
0.019306573832933605
0.0189235158898423
0.017895478700572898
0.017031615018219502
0.0194519983510971
0.018276857298386906
0.018540399528247598
0.0178057295095672
0.019348679241009303
0.019260423555915597
0.0184744796989407
0.0187230114948191
0.018965758211399807
0.018968730740143797
0.019878196760992603
0.0164498453560281
0.017588779279592598
0.018372176739329803
0.018893460146367794
0.018364840139389597
0.017212397294384098
0.0184399196302954
0.017141498272605103
0.0170080534932084
0.017130964166312802
0.0178362455587628
0.0197308963986043
0.0175154851215569
0.0175319262357092
0.017028303672870296
0.0179633006170608
0.017376166576129094
0.017765749643975495
0.018499817708789897
0.016712577223063504
0.0181286472555708
0.0185913440901593
0.019901691331987402
0.017209133446726303
0.017602523496299906
0.0159166042467149
0.017164945576268104
0.0163453842360105
0.019059025491025
0.018085448840917596
0.0183720924281877
0.017947430636387
0.018977748934340698
0.018668425633686397
0.017040642101396504
0.0183851083257167
0.017125758883954803
0.0196449161762529
0.015152369458527895
0.017975058164604797
0.0192137290237425
0.0170264042211297
0.018593320685688898
0.0174629954108919
0.0169143829841268
0.019469015274633898
0.0199198872933224
0.017914862918518
0.018402906094660595
0.017383030282173
0.018117595579278896
0.015810596862857296
0.016907538643019603
0.015760138962219998
0.0190130542172168
0.017950894628628797
0.018881853750729802
0.015473597672483505
0.0155425248743042
0.018269744221031704
0.0185493056767393
0.0198745037664238
0.017428626117747904
0.017972063236794997
0.019885907577415096
0.0168450815537093
0.018536046513809405
0.0172567851265703
0.0194576097033467
0.0204029800020658
0.0183109915851246
0.0170275380345477
0.0171926242407595
0.019182653454717098
0.017658336463990898
0.016827579543756598
0.019870475748389203
0.0176423529792204
0.018452084673593702
0.0174107741900136
0.0164599899012128
0.0185166949680743
0.017378750943188803
0.018430186737731696
0.018136825447013498
0.018970034873751304
0.018367549433411706
0.017864968186947702
0.0187528493231345
0.016705036372026298
0.018012263297214802
0.0181778109142001
0.0186911209539479
0.018203529479057103
0.016779262024251097
0.017344014770820197
0.0190069776191312
0.0172665467589214
0.019837720504649402
0.017552161326304605
0.016905025891966706
0.0173486100697789
0.018765891858865603
0.017577954805979498
0.0173913151414406
0.017307456775506103
0.018451268569109502
0.015679778748884696
0.0173052199863738
0.017010591291552503
0.018542499762927198
0.017619869275130498
0.0173307981228943
0.017762910024926
0.017096224342169605
0.0182339592118567
0.0179966137920917
0.0183356718785974
0.0194130661662971
0.020145158151514804
0.0177263936134864
0.018386236049677096
0.017826453990942195
0.018949226660794405
0.016777749438510105
0.018030311727288896
0.019344406035138803
0.015515820678158994
0.0180653224276298
0.017539158536797807
0.017777788290108607
0.019290062162442695
0.0184889203445466
0.019045946792848698
0.016875661102377898
0.017711928812189602
0.017905785635011898
0.0181465068990303
0.018683379020647796
0.020036093834473502
0.018708588208021897
0.0187565453984892
0.0181407933917238
0.019336632525490803
0.018467596326738403
0.0180990083735934
0.0191224643663567
0.0184770282459294
0.0177064940413418
0.0182721251424696
0.019695267275720206
0.0167690532227215
0.017629436281104298
0.016517572350853105
0.017611385984218
0.018942646603371395
0.019036094010457597
0.0170854670621709
0.019728800588000195
0.016897102298698105
0.018178312078705003
0.0185045031068981
0.017938023244669303
0.016770790857034895
0.016612167326537704
0.0178776869879409
0.0181210627262681
0.018795758903577098
0.0168315778351167
0.019627684893324497
0.0179394450142899
0.018045579010681802
0.0187692438855419
0.018560289375294595
0.0160992866799402
0.015882475811543596
0.016540911212890003
0.015067311150167302
0.018214435021099505
0.0177729892392808
0.0172493151055386
0.0165936204810884
0.0180688397680338
0.016630097575038902
0.018772183821138197
0.0160469267877345
0.0184972272995892
0.0175567732504988
0.0186761721832501
0.018186560485775397
0.0184327324187126
0.019196337709372797
0.017772238220222003
0.018533865799055298
0.019154210525731803
0.0166334513240914
0.0195208169089314
0.0174737579443627
0.0183322856253198
0.017632958888028696
0.018153296877447204
0.0178831866837321
0.018038751798725404
0.0184700686413724
0.0184071096866504
0.0183318059858903
0.0173050757276298
0.017683123535554804
0.017249308603127803
0.017608999224276195
0.017944566451058595
0.018543013287368605
0.016622591181073995
0.017784335252166
0.020325082679119297
0.0178521100865349
0.017239713700613904
0.0188599132188454
0.018088802603136903
0.0184372858434285
0.014779449844977699
0.0192899235369728
0.0185633144759225
0.016732496119126604
0.018095853206651594
0.017558839354614802
0.017344167170381702
0.017388461173457
0.0175407341863597
0.019582010605227795
0.016836764194152698
0.015471056995008198
0.018713859506353306
0.018765067007085204
0.017628166559725496
0.017413352907551
0.018532191776576896
0.018316825639586802
0.018116146165549102
0.019760857067238798
0.017244079796717396
0.018090607609830202
0.018311075208288598
0.0186539320842143
0.016940850751415805
0.0201300377592655
0.019166651226974696
0.017225345601127103
0.0173760890163245
0.018034849923773404
0.017517342840367503
0.016712020611019
0.017064710650520398
0.017770796460923402
0.0175820860276096
0.0186142973389559
0.0179977538466769
0.0181614654273518
0.0174404208454741
0.017799893100608997
0.017137901039552296
0.0197080226341012
0.016644093454021396
0.017685357691646898
0.0188556081360114
0.0172342579289394
0.0157691660560641
0.0185419633382998
0.016845672667490902
0.015547573416454602
0.017606297575458195
0.0181480267642753
0.0165800108244469
0.017571243281078897
0.018400761502974705
0.01846852896936
0.019859339798232706
0.017158719671606898
0.018104479136360804
0.0191132450712153
0.0167889549388862
0.018739488315767404
0.0189051355495446
0.015658016302772602
0.015433775139659399
0.017780495061860302
0.019272431275424697
0.0192480918107803
0.018234002692567898
0.0176449831409506
0.017167052014489703
0.0178519598783555
0.018156233694879204
0.0164998691450327
0.019287074438640098
0.019003374569869197
0.019224079823966005
0.018786961828547402
0.019364451425591102
0.016908182662403598
0.0168239799756104
0.017954382346324897
0.016981835361912702
0.018008821095960297
0.018028118391561
0.0191774320202625
0.0169062191308336
0.017150359830958
0.0196281793153653
0.018100108924670996
0.017966973576590398
0.017755904094804896
0.018251964513705102
0.020652375259247
0.016654357615812902
0.0196023790536016
0.019584521288037206
0.0169167050950541
0.019381848723162905
0.0156711806381857
0.017819451151753506
0.0193500047374461
0.0183319699687121
0.0175598342677177
0.018058484291885404
0.016881934993030298
0.019476874694696604
0.017855196888603098
0.019710790233574797
0.019720141475850196
0.015668734838842298
0.018520527663157406
0.018042393089920797
0.020176176744765302
0.0168306628666339
0.0151810271198898
0.0190235923946228
0.0178400939798301
0.0180289112006451
0.019197381499189398
0.0162823554504916
0.017738142924220594
0.018487073087741897
0.0172062468503124
0.0185251083635449
0.016889730000811697
0.0186756564670489
0.0162198481542163
0.015828230406561
0.016777707373218896
0.018721777782803296
0.016261323069278202
0.017401281498948797
0.0180988117867543
0.017524287422184502
0.0183764937812518
0.017909334352292
0.018751662112169998
0.017319149077821505
0.019329167770034197
0.0175843185386755
0.016014347130743997
0.0180217445931126
0.018789495814770102
0.018543018688503
0.017411055631960402
0.0182139276752476
0.019619081724890297
0.0202331051806396
0.017403892467933606
0.018689009642886903
0.018373650035559
0.016678875947686196
0.018734996212782302
0.0162893209988674
0.017550005938387202
0.017194967796308504
0.0176922978374386
0.017476337457927704
0.0166764914449396
0.017986052080878702
0.017652039971622895
0.019241386133199798
0.018139305480207202
0.0168529315732212
0.018042601522648104
0.019006622361524304
0.017165847729614103
0.018515139724790595
0.016693180144125096
0.019000587906587305
0.017062293328576804
0.0164342493282464
0.018826803863099602
0.017497088089565502
0.0196138183681564
0.0183629931910047
0.019471668946451096
0.016944500343506003
0.0165896296174844
0.020011643284158
0.018033428759080296
0.018209083374535598
0.0190620922099429
0.0180905017168322
0.018613339307662
0.015932575940073294
0.018118686574095398
0.017482517659779602
0.0171210484817957
0.018434434538830098
0.017907028054909097
0.0157817400754666
0.018669320870944098
0.0178721129958321
0.0175530575221338
0.015718553324105905
0.018630035974956702
0.0179998023056364
0.0165458499898975
0.0177237098428326
0.018171451252994
0.019987323749585
0.017435365736010996
0.020034216123113395
0.019054375475262002
0.019180008722849196
0.017403572570728103
0.017311210807082998
0.016978422004917094
0.018458454456357798
0.018488728321775602
0.016303856686675104
0.019050457357213203
0.018174330805384803
0.018859338379598897
0.0174663689252818
0.019379192255616802
0.0193499893827817
0.0206166759185811
0.017914984040329297
0.018867850146272604
0.0187682061074977
0.016871805815743296
0.0188515692073088
0.018998336840182206
0.018479214228986802
0.0181173660015854
0.019798030220786904
0.0188167007344352
0.016668503219606695
0.0189314380994777
0.018284167008349596
0.0191085960235019
0.015130188984680104
0.017029399680997502
0.017731135007933198
0.0178604377483928
0.0185467181432427
0.019584232381444903
0.018884756134981598
0.0169885175478261
0.017928736011343906
0.0176520965108952
0.014594173785844301
0.016977240892846794
0.0167269150943299
0.018269270320251003
0.017944350120723096
0.018475488714299507
0.0189002122077988
0.0168299651778457
0.0184100431443171
0.018454236246630396
0.018810141601621304
0.019553588136155202
0.016578710992025104
0.017213558057517397
0.017471279532849597
0.0196357146948331
0.0165459815347559
0.0187095568905385
0.0159819092465045
0.017756522866311006
0.016722554494090602
0.0187819099064142
0.019324507436101604
0.0176188092247102
0.017555388694971398
0.0176167570096422
0.0179708234031596
0.0181282366306377
0.0187447183872492
0.018536349961054403
0.0173048160276967
0.015395136853426805
0.0179690094075313
0.017704566329812196
0.0196457416520293
0.017060241420031902
0.0174726875862432
0.0195498746467827
0.0192798834195438
0.018040947112393298
0.0190984023872241
0.016718024271047204
0.0186567035075619
0.018103341433417297
0.017691875457458796
0.0173297348091868
0.0184133938683341
0.017207204725416404
0.015536745848195498
0.019645974876389596
0.0165605684989776
0.0179725939853419
0.016747356748471796
0.020098903090931694
0.019218027158514
0.018658001418675504
0.017255870373358496
0.0168489833023368
0.018245198124854096
0.015190873744318198
0.017912253174494006
0.017925550121224397
0.017731048169148597
0.0197905484334057
0.0202385131689364
0.015688524166385796
0.018099620668391894
0.0173762455068286
0.018666772195660195
0.017344854175022205
0.0150025638089221
0.0183488777079793
0.017869407791270102
0.0156382644823101
0.017214211315782706
0.019352332435946203
0.019255600053937498
0.016893785126263203
0.0176407502606217
0.017887021097732297
0.018576779010994998
0.018534085160701604
0.017540382268680994
0.0176879812551584
0.017935050415367297
0.016450430593350697
0.0187284889152401
0.0170071368607621
0.0179903103371198
0.016913065870372196
0.0195648090885941
0.016589032255643205
0.0177670471274428
0.017638388303094603
0.017593388570808
0.016618012984490595
0.0176632465264787
0.016873364867791306
0.0175201813859377
0.0192201983763116
0.017105755402204798
0.017273435923222002
0.0182861103199915
0.018561107281922402
0.019320682299637605
0.0149073136991556
0.016673168320924997
0.018379317183037695
0.0183237968920697
0.0185228334072643
0.018322939963324403
0.018455171792669894
0.017818982313189402
0.018569267583480695
0.019364476886456497
0.0175585523095515
0.016120537621473696
0.0178176766463884
0.017285386026274198
0.019738729581378102
0.018236790794751302
0.017795522153515896
0.0164717095252847
0.018178010719412496
0.018956535977153
0.018851629684003494
0.0153670536986426
0.017828538428664498
0.017125617394635598
0.017835548996577806
0.017974678656776003
0.018672817175723097
0.018214109032854003
0.0168755706364875
0.017276097292645502
0.0186759195091271
0.0192317811015641
0.018094092590272295
0.017962631385560396
0.017996784841739596
0.0199367369782922
0.017478982828327
0.017477507039932796
0.0174338512271481
0.0180564929116371
0.0175990662482094
0.020066325008112
0.0181061133411441
0.017706024340181502
0.019334959046096695
0.018389803710043798
0.0186229530521259
0.0192947814927514
0.017703430098906896
0.016044593231425
0.018228664238095
0.018586631623778098
0.017110701762575002
0.017114436634669897
0.0172196576996851
0.0180776071810161
0.015282130704497902
0.0183582958860175
0.018786130563060097
0.016963419695539002
0.020359316681656803
0.0166552538904959
0.0192551174642462
0.017307605026225803
0.016518272693556803
0.018030272528007603
0.0199504597408136
0.0178178664141333
0.018318983079987403
0.017307057396717097
0.018260175416356404
0.016879244354362805
0.018078905205514202
0.017284821745805902
0.0168652736826249
0.018302784057012002
0.0180713382857988
0.0169357242241771
0.0180662491037622
0.017589753884357795
0.0187079210078192
0.017893397855268903
0.0189971061917608
0.014678209543267498
0.018040137141288798
0.0188008596416867
0.0158569252221692
0.0181071189582888
0.017653661965172
0.018581936065775802
0.014873221258617494
0.019074004759292905
0.018497580021257204
0.018853222287886696
0.016286435228251205
0.017507166016837696
0.017087028247871998
0.0169538532989172
0.016775593791501994
0.018698537503482396
0.0180768890154782
0.018377122230888998
0.018564094964181002
0.0192190143674464
0.017456274102249203
0.0184117834245291
0.0172288299864648
0.017146450446810402
0.0183565533272997
0.019703100385523503
0.016654430488306997
0.018369341729855798
0.019582613395796998
0.019226854209227297
0.020126575518039903
0.01674992662422
0.018578676757366
0.0180335837913098
0.017327157603102196
0.0171388714717143
0.0163079002563076
0.0157578557200957
0.0181174697128269
0.018007468647739902
0.0196048208997176
0.0181962590083887
0.0197499803467613
0.018644120759455797
0.018664429077823598
0.017533213187933598
0.018137078154051398
0.017164788229966296
0.017986759881174104
0.017900101519232103
0.018307864276585102
0.017777197896656
0.0159654135070168
0.017176855492506804
0.0170619046641206
0.0201522482823289
0.0184132744333856
0.0166420416694738
0.017825332186222898
0.018542351417184702
0.018995893180703896
0.0194656404837339
0.0196941526281484
0.019138907081286606
0.017907994217689398
0.018614789496943895
0.0163806479356697
0.015994130080135498
0.0184084353052947
0.0201965248645253
0.017947473248588003
0.019287456939721295
0.017984665253357304
0.0176254841720214
0.017331342863502
0.019803793935232898
0.019414441734918
0.018128541005724495
0.0179052079680221
0.019276717968001497
0.0198142196991078
0.0172015202804333
0.0177018214064203
0.016291808009174
0.0177826824497129
0.017875555715607096
0.0182174469474774
0.016570525058774203
0.017356377665942703
0.0187129484023019
0.0183409543900468
0.017777328384066794
0.019176195879266
0.017359358279051905
0.019434516896888604
0.0186874101924406
0.016754803816364898
0.0186409579500385
0.017210547864732896
0.018430956532120096
0.0182904262244271
0.017513836226975596
0.017203116304749404
0.0191869703266829
0.0178167130602655
0.017779113320810697
0.0186967107440427
0.0179458893844672
0.018522717193969404
0.017760773543566602
0.019667989577143698
0.020039426368556698
0.0172321466939618
0.017022242495377198
0.0170782261097132
0.017376788150096703
0.018535951817188596
0.0202118854444117
0.016158131122643797
0.018686761683834104
0.0189226986961347
0.0184725771214791
0.0187617103171476
0.018204516941300097
0.0181410442892867
0.018845624083802998
0.018921243009225805
0.016296910160860698
0.018498783996852897
0.0180962329416239
0.017464319878497697
0.019547496625243493
0.0196130006491729
0.017785567540927104
0.017395161774056
0.0196788611302477
0.016855480209863098
0.018040102411384998
0.0168572831041192
0.019097592233181297
0.018627844578924496
0.0173987475840824
0.017343569229463
0.0188510972074164
0.0167876339463328
0.014881995441989496
0.0184870142128995
0.0188799670707323
0.01627220864987
0.0188235877160791
0.0169968504683351
0.017727800655397905
0.016051733122218297
0.020764851022989
0.016166464295046507
0.020212063847414502
0.0173634486599138
0.0198855661857903
0.018666006052160296
0.018582779195695696
0.018135697592990205
0.017522458219083506
0.0183187423270854
0.0194452317313318
0.016052967204952404
0.0173796204506007
0.0180980721272284
0.018726778939091797
0.018217798865122106
0.0172084626792966
0.018002873587803496
0.018642967089716196
0.0183134829013486
0.0180651334139171
0.017173279179693406
0.017795136952603
0.0168133822721174
0.017644500981619196
0.0173680231481187
0.0174083756145441
0.0189902764856342
0.018315660149879398
0.017954152015231997
0.015560929909812296
0.018115998087860997
0.0167648999819021
0.020295733336369304
0.018546840715837905
0.015019953573999698
0.0193863938684044
0.014697565013611698
0.016398383848408006
0.016944848562818
0.019241220277018294
0.019012333254835
0.017873865030081204
0.015972481744769
0.0193317642297375
0.018293543011545198
0.0183365730325108
0.018550792866676602
0.016318731854314497
0.018441512363585204
0.017567967504485797
0.016642553304316306
0.018040494459681297
0.0176002539900968
0.017587368157006303
0.016499052767312304
0.0171301326172622
0.0200833479360088
0.017701553685718303
0.0153388655966811
0.0183559076089663
0.018270422703693702
0.0194201431706799
0.019334554183271103
0.0175677106127615
0.0177892221474671
0.0185974468995721
0.0169777968439922
0.018007337155889605
0.0176807103287321
0.016549461248318402
0.0180326844189245
0.019274909871578004
0.017706149306573403
0.0178498198012862
0.018181135765147502
0.0190893116275591
0.018168900615978797
0.017685783807376898
0.018106123668762596
0.015936522272725802
0.017739312208685104
0.0187476182462121
0.0174533488575538
0.015383720491473803
0.016885405996291604
0.0173387155511341
0.0173000721502478
0.017307462001206697
0.01809898577177
0.018107289960482602
0.017999575943287
0.0186847164985166
0.016578592006611603
0.017971460437875897
0.0177382437055386
0.0199373099252788
0.0193419203237711
0.0186837369408216
0.0169952269215643
0.018153944868175904
0.0186495288530086
0.0184102697589945
0.017575641193782805
0.0185020703469823
0.0180026838591446
0.017038297431676896
0.0166685954764407
0.0175889360873749
0.0183232534412908
0.0172423263705846
0.016700745363695195
0.018040827690959098
0.017028056600109802
0.019221150052543996
0.0177258162725608
0.0178632526759508
0.019033065268036095
0.016234726364034405
0.019196657034855603
0.0178544028800355
0.017887885623453503
0.015721869393060604
0.016804276969709202
0.018273766891267494
0.016012803311371504
0.019832837388001803
0.018800095666127198
0.017437765745384498
0.0178998384038025
0.018721946633500595
0.015629019519456305
0.017628826396553506
0.0177937308582074
0.018836316077240997
0.020500323129325905
0.0182897399022802
0.016530454205056
0.0192021745229271
0.016905272879126305
0.0179845607656118
0.0184230170380182
0.0191936464480221
0.018096331364706397
0.0166387738932776
0.019800161680725605
0.0175789516917818
0.015986090278733302
0.018773622381359198
0.0155800977792174
0.0173395665882664
0.0177587468498702
0.0180226790636267
0.018998744205999202
0.0156997088592312
0.017779559559016105
0.0166450659858126
0.018038482919896896
0.0167545805125651
0.018495515276165803
0.017510801593744803
0.0161762966793252
0.0179351702250444
0.019797327631539498
0.0169812858964188
0.019119236177722
0.015698301255553604
0.018652341197003097
0.018983803737139496
0.018191764597421604
0.018802372769692904
0.0184374700564131
0.0203641314402095
0.017960028504563595
0.017135462858453694
0.0194366419924257
0.017733506528493703
0.0195669787349664
0.018590249132462294
0.017981118769512
0.0187222025376413
0.017798299732684902
0.0192770508140584
0.017515658991579496
0.0198650924622081
0.017079023846561597
0.018338401851242796
0.017696693975166704
0.0176412254044716
0.0159767666485637
0.018440385290165298
0.018663428377470904
0.018689367776886796
0.018065997948221696
0.016574986755246796
0.018046387227620697
0.0167671999818053
0.017961491066313902
0.019366060059043302
0.018480038246920794
0.018661613669531396
0.017191682961506
0.0187485849278336
0.018804452134119798
0.0188482838614289
0.0194124386215686
0.018240458674016004
0.016188523035263802
0.0188346225069657
0.017118806143157403
0.0173570286600893
0.0173077328261698
0.0187068926973264
0.017735617715439196
0.019283935753809697
0.0186236138427026
0.0173830545214771
0.016720869837491596
0.0185252343411475
0.019791398996690704
0.018248387551613697
0.017070055523297593
0.018871106249509606
0.018488353398011595
0.018539784023737495
0.016905073409335898
0.0192617995202018
0.017908680227223403
0.018422037356353102
0.0177977669755867
0.017599687523810595
0.016226291870827296
0.018935064355704995
0.018608287933470698
0.015411151499064496
0.017418192512007998
0.0150612674154008
0.018530485274779504
0.0182746891832673
0.0158881794452655
0.017499277682475403
0.0189217866811607
0.018958754142348197
0.0190821534528944
0.017778395458852
0.018363853437557302
0.018013847611265704
0.0192123256704895
0.017115697474680502
0.019057056482051804
0.0207380674554122
0.0178469242607038
0.017411196296336702
0.014839883424211699
0.017035363395813102
0.0175870512781175
0.017098669062365304
0.0166169284480202
0.016448148957958
0.0194731369337005
0.0189061281893066
0.0182644155643236
0.0189718038571714
0.016939872889833396
0.020119423383586403
0.0169596183915339
0.018267576401520602
0.018584723995198102
0.017021504942515295
0.0192347195309827
0.018922201660403003
0.0167171347832782
0.017384659049506403
0.0177081559581468
0.018154102420058903
0.0183772373832898
0.016291070346750106
0.016301644483562402
0.0168882316807037
0.018697609221386302
0.0178173953605471
0.0180272030879162
0.0183836010756026
0.017495118155142306
0.0170840553927274
0.0184401703350388
0.017093232380163498
0.0177182345999798
0.018554389190951003
0.0181378850216998
0.0182450065004464
0.017280793030988402
0.018377608460991096
0.017451206263319502
0.018745033548517295
0.018237279997869796
0.017553505429030607
0.018528636932046705
0.0190145504442858
0.0198385887451291
0.017230929863291895
0.0183130659208854
0.019344264641212604
0.0177214366866321
0.018919959523544798
0.018306534928368097
0.0183847864345787
0.019118449947125894
0.01813835664698
0.017983568520496998
0.016085197647548503
0.0173861311435681
0.018710329694927003
0.0185117593023629
0.017651651349942003
0.018649010971194098
0.0174333393303003
0.0174071881247133
0.017772673890720105
0.0180856574955197
0.0162874016164355
0.014276148473047603
0.0172339569189092
0.018043893619773002
0.0180170910038856
0.017316516511307306
0.016769100478117395
0.018354270740477498
0.0141290343186651
0.016838142139484195
0.018804097237789696
0.018710549264098805
0.019738940486228602
0.019295002449559298
0.018144257640205594
0.017126607412646204
0.019093612109344606
0.0180695434718081
0.0198666303295727
0.0184273896572383
0.016684273598792203
0.0146588278234411
0.019418400997983504
0.0181996278274267
0.017774684164976698
0.0197521698600866
0.017151195466744
0.017611204512652898
0.0172604363229341
0.017709251432383902
0.01838812879335
0.017864633740011605
0.016148215093800995
0.0181599339002025
0.018541023497795697
0.018324525685355697
0.019715322375422506
0.0186306028678489
0.0193936807015872
0.018390347420027903
0.017557353602462
0.016736849441990602
0.0188803540356884
0.016927383500528102
0.018513816900601505
0.016574613499501997
0.0183374064191468
0.0201008332568652
0.0157541758359368
0.017317873910263
0.019073945743806803
0.0178638268042257
0.016935023091180702
0.018262562325864803
0.018120761622068403
0.018219963483211005
0.01774419728993
0.0190540244429757
0.017602326795812195
0.0168344097362225
0.017255517011767703
0.0155949051000712
0.017624691402618305
0.0183687384291117
0.0168634966659975
0.019023312645465598
0.0161080947321112
0.018029061932977597
0.0187218954322579
0.0191591098574464
0.016289873285976704
0.016350172152588396
0.01884322992429
0.0190183234311743
0.018243341499414797
0.015669345376548197
0.017181652035556702
0.019083321275855505
0.016446579188664497
0.0178804492884653
0.0185534489325496
0.0169776112196926
0.017869489772927398
0.0173834578494639
0.0178200357690306
0.017159848745203904
0.016859269861991405
0.0162366508787418
0.017529757829780605
0.0175354834688925
0.017886090415240495
0.0179779299183023
0.016483364722918496
0.016915514843986
0.017535035761383502
0.0196173596285742
0.018542959755517598
0.0184725417009058
0.014910556817510703
0.0165042559872262
0.014678061486752395
0.016081390682342996
0.0174837975820097
0.018148946758438304
0.0191770889928514
0.0199680038840227
0.018303806472360795
0.015268152843122794
0.015895041268784403
0.017837786718420602
0.018959974254425603
0.0195651032452782
0.0188189440426816
0.017565192181989403
0.018744275796284703
0.018402633901664002
0.0188383000114759
0.0190036923820679
0.0187362589567521
0.0176350212383714
0.017600366492615996
0.017369899746966302
0.018206945011045104
0.017757926214124198
0.017595583045233905
0.0179435459916564
0.0181144533504536
0.0196640739326112
0.019452783031354705
0.0187685203807635
0.0181487652708665
0.015351668438719199
0.018307922745890402
0.0168481260879091
0.017786295818864296
0.0179403517493308
0.016994811064158205
0.018254825819682803
0.018827161004269198
0.019316746044152802
0.019377377690111004
0.0178968594324998
0.0178757893607306
0.018977832352562604
0.0185284039084398
0.017663699976119496
0.016386370855890904
0.019488531036007596
0.0186140234072385
0.018932091351024805
0.017972471939445303
0.0195571483626173
0.019250463162885
0.0177136950839396
0.0193179109235665
0.018992788445343196
0.017646113554701102
0.0176054150686085
0.017110415211117398
0.0178697455855577
0.016033070492833895
0.015418039311747705
0.0179683589458244
0.0167221517782283
0.0166813921599733
0.0182384722388112
0.0178120477280007
0.018290624100211705
0.018468499301902697
0.020334084267858703
0.0188094941094799
0.018956605981393003
0.017928282939007
0.017698152588641304
0.0169677697264174
0.0167704517127115
0.017775844198996
0.017820233659503998
0.0194354264235806
0.019145318419958
0.018176796806183004
0.0188280056616544
0.017845349797953602
0.017478015657088397
0.015832482877843897
0.0183743552031794
0.017627686013158
0.0171817028348031
0.0192832890514344
0.0175554773341024
0.0176622544075433
0.0188459388595068
0.017279415794352604
0.018932876639146397
0.018306519085188405
0.017947435703989004
0.018487692063417598
0.018631864280409298
0.019793540990713898
0.0189581812113718
0.0186966849536467
0.018629619827154602
0.0177170566420322
0.020605009968217104
0.018627922062955604
0.0179284808603632
0.0181736321904368
0.017935839854879003
0.0180892088099692
0.0178540113049179
0.017926450027598198
0.017220106013713606
0.0176694896664042
0.0167310292728073
0.0181680925823487
0.016805414901766298
0.0177839618371302
0.0178210046927315
0.019443634190381705
0.018757276054847498
0.0197620921260915
0.0166394464468334
0.017169393374605803
0.015622967803035903
0.017026655391701603
0.016581366915270297
0.0185980989129233
0.018502161874740804
0.0198373640500846
0.0184537026897081
0.015887945852001296
0.0175870278050873
0.018041023194306102
0.0178722420065237
0.014230133257368105
0.016596640744880896
0.0177105040508269
0.018853982212532802
0.018787933332804
0.0179499985733243
0.0176221480294246
0.017728734074108805
0.018514248785388397
0.018516077418685398
0.0173358138212288
0.0180920329083002
0.018605969351538
0.0179202085578484
0.0172398744739099
0.015259490228593804
0.0178299816271352
0.020021531627233795
0.017200228209723903
0.015758572156997303
0.0173747816167545
0.0189084199086563
0.0183606824172331
0.0171667548853007
0.0187144590623827
0.01896169548632
0.019141567821752498
0.0180363820120661
0.017602159952443505
0.0179931867630945
0.016235273836953605
0.014714299865875101
0.017043739019280003
0.018270482701483598
0.018775833539534395
0.018068908324537003
0.019224974613457797
0.0195227126477757
0.019367363342119796
0.018408746983797797
0.0181669815348212
0.019384558298176396
0.017682690024909596
0.019151726893085405
0.018413775557052897
0.018526361779269404
0.0168647545498326
0.016317135602102295
0.0187142592022257
0.017257379886343398
0.017751943857958002
0.0174574625434515
0.018172507339540796
0.019228176110364002
0.015872694189399898
0.017367675345787696
0.018196060593191198
0.0179753915992837
0.016837970052529495
0.0189891852394208
0.016338629027859902
0.017943578077050604
0.0173157113536236
0.0163742296426186
0.0182821886047725
0.017284111991950096
0.0182302490739761
0.0178053612204441
0.015172718065937306
0.0169939606825178
0.017731144308432603
0.017055499638167
0.018284172854081897
0.0183003602471195
0.0167280228929027
0.018486379229134195
0.0179928225613172
0.017323383749756102
0.019413366447544406
0.0154383737175902
0.016224020137143504
0.017233745736416603
0.016783448711765098
0.0166006249298185
0.017283320138966198
0.0176729407570655
0.0186922358121005
0.018639793166476196
0.0164100673002517
0.017561434563900198
0.020134346547609996
0.016477510735781506
0.018384857508489
0.0167528622016533
0.019612041963533902
0.0192851653012501
0.016469080080282097
0.0181509587032994
0.017523816788026197
0.019773457751967004
0.017043794590637797
0.0173079228558429
0.018093961876599104
0.018457629332793796
0.018019804632633904
0.019007342958597906
0.018177095280424903
0.017961576625880105
0.017454914327184004
0.017406786017319202
0.018959865462655802
0.0195226327400721
0.0189888435638322
0.014960451570405799
0.016817509365927998
0.016506295948630602
0.018213529983954903
0.017269853556736596
0.019159019781971598
0.0165644486067643
0.018025705220363897
0.018832042912916402
0.019571966843046698
0.020473606957549198
0.019394308496508
0.017194721324394806
0.0167696094590295
0.015747972716634195
0.019207812799057596
0.018676134881302695
0.017270894401831098
0.0178069280280762
0.018717769812006103
0.017927032697621803
0.0176316672286743
0.0185261796441194
0.0185896450983513
0.0191133934473341
0.019296797030494695
0.0183565185775426
0.019451729076513304
0.017609611820794
0.0184943049569952
0.0197685032503664
0.018464380822161605
0.0197238248794429
0.016415221370029896
0.018367648868546395
0.0189684599195602
0.017758646724562198
0.018823365042924298
0.017101950839035603
0.0184596062854474
0.0173729051574286
0.0180672493495478
0.018153038381215403
0.017950887725736796
0.014265541641578498
0.017901129307340002
0.017024543225779898
0.0173302550217413
0.0167192648226092
0.018331375310647602
0.017915930385081803
0.018315206104972004
0.0155005448748744
0.017291582562652598
0.016162286084328195
0.013949402793822202
0.018267301333120198
0.018417999427996504
0.017418495227500295
0.018548116164559994
0.017224762633192003
0.018436676983289504
0.0174008943350622
0.017483509425603498
0.0176961716855528
0.0167234360986612
0.019407723602794198
0.018516399735558103
