-2.1992208303900362e-6
-2.085199796060533e-6
-2.7841888474199397e-6
-2.914643212010258e-6
-1.884615842129636e-6
-1.9622977463001554e-6
-1.5772617984396997e-6
-2.427682848520074e-6
-2.141223117619641e-6
-1.8790102833902284e-6
-2.3979424940805127e-6
-2.4470243416997023e-6
-2.307015687279604e-6
-2.482146936900846e-6
-2.376953983959651e-6
-3.2433697494593447e-6
-1.9151836664604155e-6
-2.261521684989408e-6
-2.2052976213701725e-6
-2.1597162335601494e-6
-2.104097874969582e-6
-3.7376416214896305e-6
-2.4091685081094674e-6
-2.5288417596098373e-6
-1.905995669899789e-6
-2.1163176126704625e-6
-2.358132824459812e-6
-2.5319808703494137e-6
-2.1950859505799614e-6
-2.4838513988500316e-6
-2.1695364163399483e-6
-2.572348213230116e-6
-2.3784784535605535e-6
-2.5589374975602125e-6
-2.386765699590593e-6
-2.5978062419603626e-6
-2.4521202663697894e-6
-2.160156235560262e-6
-2.6783404646997175e-6
-2.001340605209574e-6
-2.181879392160191e-6
-2.0050579893600776e-6
-2.3024396577902423e-6
-2.421413952660191e-6
-2.154446410249783e-6
-2.0792164510397004e-6
-2.2189002887593526e-6
-1.951575725270445e-6
-2.3445385180093092e-6
-2.3911192431006617e-6
-2.125315976509237e-6
-2.3996181302199035e-6
-2.363359556160037e-6
-2.08936228380998e-6
-2.1935741961300395e-6
-2.3371716931794642e-6
-2.4554831758805476e-6
-2.21800004146077e-6
-2.3707307995795082e-6
-1.9054312492402734e-6
-1.7796493116794404e-6
-2.4495063823499683e-6
