1 1 1 1 31 35 21
2 1 1 1 22 31 21
3 1 1 1 26 35 31
4 1 1 1 10 41 31
5 1 1 1 10 31 9
6 1 1 1 27 40 24
7 1 1 1 24 30 27
8 1 1 1 6 36 23
9 1 1 1 24 40 28
10 1 1 1 18 34 32
11 1 1 1 18 32 4
12 1 1 1 15 28 14
13 1 1 1 31 41 26
14 1 1 1 32 34 25
15 1 1 1 20 29 19
16 1 1 1 5 33 22
17 1 1 1 9 33 8
18 1 1 1 24 39 30
19 1 1 1 4 32 17
20 1 1 1 25 38 28
21 1 1 1 15 45 28
22 1 1 1 28 38 24
23 1 1 1 30 39 26
24 1 1 1 40 42 13
25 1 1 1 29 34 19
26 1 1 1 16 37 15
27 1 1 1 20 35 29
28 1 1 1 8 33 5
29 1 1 1 27 42 40
30 1 1 1 22 33 31
31 1 1 1 37 45 15
32 1 1 1 14 40 13
33 1 1 1 11 41 10
34 1 1 1 30 41 11
35 1 1 1 19 34 18
36 1 1 1 32 44 17
37 1 1 1 3 44 16
38 1 1 1 23 36 7
39 1 1 1 21 35 20
40 1 1 1 28 45 25
41 1 1 1 31 33 9
42 1 1 1 2 42 12
43 1 1 1 13 42 2
44 1 1 1 28 40 14
45 1 1 1 1 36 6
46 1 1 1 24 38 29
47 1 1 1 35 39 29
48 1 1 1 37 44 32
49 1 1 1 29 39 24
50 1 1 1 29 38 34
51 1 1 1 26 41 30
52 1 1 1 12 43 11
53 1 1 1 30 43 27
54 1 1 1 11 43 30
55 1 1 1 17 44 3
56 1 1 1 25 37 32
57 1 1 1 27 43 42
58 1 1 1 42 43 12
59 1 1 1 34 38 25
60 1 1 1 26 39 35
61 1 1 1 16 44 37
62 1 1 1 25 45 37
63 1 1 1 7 36 1
64 1 1 1 7 8 5
65 1 1 1 23 7 5
