0.003586543090864501
0.0030581605285989015
0.003124829284352801
0.0036783411465471996
0.004146618905322599
0.0046874728218078004
0.003374849380779199
0.0032224142843072998
0.004574205151090898
0.0031679286458150026
0.002200859118642099
0.0024216819774852023
0.004417617125336202
0.0027828063538865994
0.003915161009566702
0.0037247138443336006
0.0030673914417036
0.003860833255958901
0.0031180640280572026
0.0030241930457901994
0.0042497226316979
0.003158498643806098
0.003462059408337298
0.003516714450746701
0.003347121909539199
0.004910300309821598
0.004073186329304902
0.0038796972676611967
0.0035333410460289018
0.0031057926114485997
0.0030079841473510983
0.0035990667347169
0.004089446727120201
0.0037940855849977993
0.0030838537279418987
0.0036313261380008996
0.003197736576017598
0.0027488016997597974
0.004160623925226297
0.002879236685058701
0.0034935790322174025
0.002882499948210597
0.002943966775407099
0.0023736644355917998
0.0023182676480535992
0.003760874449197999
0.0028573886807123014
0.0034248663180043992
0.003110424135516699
0.0039248352316184
0.003657346524211798
0.0032410095921531004
0.0031910399723295985
0.0027512749746442
0.0026495955447356015
0.0031675139034266983
0.0031839193926089006
0.003397641618762201
0.0029476954733343996
0.0034015574664879
0.0034557537319362987
0.004056396370048603
0.0038019240366942986
0.0033391527581535
0.0026744564822531007
0.0031205142188691012
0.003949042477466098
0.0028303646243266027
0.0034818396329499984
0.0033177864827070996
0.002910063548980598
0.002648793862944601
0.0030403839221739004
0.0022221709766558004
0.0029209078564611003
0.0030573466574742997
0.0031284193209476993
0.0041725412819987005
0.003064851121410299
0.0029692023550762017
0.0040392513803222015
0.0026632382729826
0.0028508098343253997
0.004585388971622702
0.0033684975590634984
0.0032451359300744997
0.003210365953336198
0.0030063933617242022
0.0034453530837733996
0.0043404519291915
0.0038600393057252984
0.003778261618493702
0.0039487459483980025
0.002913116979689403
0.002698228872750598
0.0026953129192045996
0.0034804704446359976
0.0042228989442274
0.0040789865218872
0.0028471342951394
0.0033188683935573005
0.003955604051502599
0.003506009473822999
0.0035992561296621997
0.0033346832490988992
0.0036424488757127
0.0034048072999283002
0.003065843215155399
0.0029158730078769
0.003066749721720899
0.003189404415962698
0.0029201548482816996
0.002609799571998899
0.0032595635223843997
0.003774005279993997
0.0032236982635684003
0.0034989308454185
0.002849937808231902
0.0034330241322455997
0.0034867912786584986
0.0030413251942443993
0.0029081264064003028
0.0035562284726141993
0.002709003616919302
0.004274600028751199
0.0039540160130455
0.0037742845229393994
0.0030162934689489974
0.0029312373730560996
0.0027355165782272997
0.0027425160109245984
0.003669335391563798
0.0027428062978217017
0.0036224479166876017
0.004022857158223498
0.0038344135703889982
0.0028280301330068022
0.003649676422315798
0.003282957782677301
0.0030169569342049993
0.0030717286369395004
0.002583168667989303
0.004917797307784702
0.003210977588529798
0.0036264105275246004
0.0037162993079709015
0.0034273976739740003
0.0028187655551252
0.0038544493910302007
0.003014654645832799
0.003547642681332501
0.0034223919695544024
0.003438650874181999
0.003508074848412302
0.0035680735809232
0.0025523868980076997
0.0040969292935976
0.0029347730406818
0.0033565479832010983
0.0027829745505327
0.0035617172603409977
0.0025303497690602993
0.0036005995218865022
0.0035460972430935017
0.0030872457102613
0.0027399733927715997
0.0035770288211288
0.004056463313286799
0.0039308652009503
0.003070246653216098
0.003660479521284399
0.003018143736373099
0.0025032031028780002
0.003711697081609098
0.003393057164729398
0.003861595208238703
0.002752569510108001
0.0037569281813177
0.0040945496077624995
0.003009824862433501
0.003568337597288501
0.004813300229425398
0.002864910634330798
0.003050792094744799
0.003781934125561201
0.0032970194825575998
0.003647161391905001
0.002697909003164998
0.0033131139642208
0.0026907635980618003
0.003438674325703099
0.003928540333356698
0.0028234697714753995
0.002872200399262597
0.002900354535645199
0.0033658491276248974
0.003195720764150402
0.0032287337931119
0.0029051600178390015
0.004189329991941798
0.00453459874385
0.0031057889369746003
0.002855136862270298
0.003126633968685698
0.004205893764413399
0.0026137342879035998
0.0029506397262112002
0.002484945688767202
0.0031254832812621022
0.002868006859461699
0.0032182601099813996
0.0029295092768607985
0.0040944359076590005
0.0036214509323636013
0.0029224906174303983
0.0027608025771214025
0.0034153824471909976
0.0031181087296357005
0.003308715393376599
0.003455996868763002
0.0035694600137691976
0.0032576634567631005
0.004028992675173301
0.0022046397186059018
0.003371837131669799
0.002817965290905399
0.0030399339452308986
0.0026481190396964
0.003094001364562199
0.003244753321836699
0.0033077376377711985
0.004514687342073699
0.0036031178851674006
0.0038024417824693013
0.0025093210655202994
0.0029964180502965974
0.0029754204108737997
0.004291127143992001
0.0028220135625673
0.004140591021077
0.003387116985215103
0.0032002442888858992
0.0036949905432206998
0.0028248664376955973
0.0031979505832881
0.002450498956394702
0.0027308920463389
0.0030428354512956994
0.0040044089755002996
0.003970860437860997
0.003996689898865001
0.004124640708846699
0.002923860280536098
0.0036170842938091016
0.0030414495278385002
0.004057896550445798
0.0028924515994548997
0.0037466494992896004
0.003862016366714599
0.004119916599387801
0.0028590894415888995
0.0022743477207354014
0.0035740275370578986
0.003300731491287002
0.002504165038827399
0.0032781975681505995
0.0026766848077066988
0.0035257154407483983
0.003625730630990899
0.003484964415579297
0.0028104588320918
0.0029454375492741977
0.0030925677852713974
0.0024078978779922995
0.0031970716276825996
0.0032747647342641004
0.0028526330904463
0.0031154082613757995
0.003136573431796401
0.0035222580227642006
0.0030764987936604017
0.003441691799174102
0.0032049855822702984
0.0026273516393146013
0.0030043551835244008
0.004015073292867599
0.003006121854195
0.0026819880269423994
0.004105951625192599
0.003018113677461
0.0034632781523979
0.003078239215629601
0.0035696413989009003
0.0031976180701977983
0.0030393410798835
0.004068235727528499
0.0033384227830226994
0.0036154202112264992
0.003486153119810202
0.0038877279309871005
0.0031744438332790004
0.004157611145825701
0.0029297681481787984
0.0033256896456339974
0.003487214486924302
0.003427038893538001
0.0037274955528445
0.0026882615719913995
0.003982903730029099
0.0030731369169104024
0.0032473892033709
0.002631930837178602
0.0026966330932814003
0.0034578919850267002
0.002854094059429598
0.003296722271601101
0.0027779304346924986
0.002419585821882498
0.0029552201585799007
0.004086541486413298
0.003250452854122201
0.0031610331258706027
0.0034171738470740974
0.003090648704025801
0.0038540594481438
0.0030487234822977015
0.0035822972160452007
0.0032326880654669
0.0032351716292581996
0.0036115137539692
0.0032782335562181013
0.0030805826413658026
0.003057849177044599
0.003981169971587699
0.0031613997872060005
0.0029949981554287
0.002913679527219902
0.0029334131125967992
0.0031508358426204017
0.0030183334275799
0.002720965091249
0.003117906222183501
0.0031423990689408016
0.003738251557180102
0.0029360382762912
0.0046946961212626995
0.0032352953842153982
0.0034456863295679006
0.0031818182491465986
0.0028850898545844
0.003653863380706099
0.0031472350232593024
0.003113280905009598
0.0034261883319079978
0.0027552100624597016
0.002763464608849398
0.002909353962338098
0.0036404266575864007
0.0028718909966805005
0.0033704328652465997
0.0038603652578728005
0.003974637442833898
0.0030632684399440023
0.0033584269722483004
0.0034740097935396994
0.002780031105079999
0.0024148066625620974
0.0028592623584755006
0.0033199624318143994
0.0032651776154968004
0.0036375703177610012
0.0037034636920221
0.003279497062049202
0.0033602185081055003
0.0031757617601453
0.002258365679746799
0.0033932284986210974
0.003260192057112501
0.003426768959320002
0.0030628512723727026
0.003949214429115801
0.0023547976344343996
0.003986141810158897
0.003196174187415999
0.0036865454724504983
0.0036137952115936
0.003960324670506301
0.004854430972288
0.004489557016246402
0.0025048598393857986
0.003935609579188801
0.003981026848746901
0.0023771676653441993
0.002589987939682601
0.0028251034262592005
0.002480532533706302
0.0032867526716286975
0.004248839102548498
0.0035374361643455005
0.0032012310870602016
0.003920217394347499
0.004239362342118101
0.0034965111307511017
0.0032131120052941997
0.002823907319746497
0.003077704067702001
0.003825975409912998
0.003851841077740399
0.0031494136755031987
0.004207588868601099
0.003521319040080302
0.002843428978878501
0.0023633787835237972
0.003452609219536499
0.0027128153291345013
0.0029750633862580984
0.003028706911202699
0.0036423221593390002
0.0035657222805232994
0.002662369934592599
0.0033047062900479
0.0025569749780551022
0.003187007989662302
0.0035319556451072973
0.0026939344763094
0.0030881558737860006
0.003139175246327699
0.0030534053056682983
0.0026493306184933
0.0028159090516190997
0.0032414005469141027
0.0029307122576116007
0.0031766736717011995
0.0039645362277784015
0.003554254234993299
0.0035227381112147016
0.0032283802612519986
0.0035465366071199995
0.0044507154698016985
0.0023423008285933
0.0029727738668791984
0.003102500217447599
0.0029266916347114
0.0032461884115236005
0.0027183652411309003
0.0027876819842992014
0.0033993020162010994
0.003128148121528
0.0040606556474676
0.003896691016396201
0.0028473583058833997
0.0037200400323619993
0.0034813795709513
0.0027218670077615997
0.0041408320972692
0.002767552421748299
0.003240452948706698
0.003786388012017902
0.002864654533793802
0.0036358008073363
0.0032983494874024993
0.0032658510302805976
0.003686799264954299
0.0031688990180611006
0.002557830984476799
0.004204663912778701
0.003316092598360701
0.003252134105561501
0.0026890015368542
0.002605476649061498
0.00327011217575
0.0030947798521133996
0.003520119412583799
0.0030020681978279
0.0025413305348590993
0.0022418731260770014
0.004083060505663601
0.003139631989729899
0.0038849254899707003
0.0040851972761022995
0.002680139640171903
0.002903012728004299
0.0042016624341843015
0.003740717299123203
0.0033396800054852974
0.004105359207521898
0.004300033195703601
0.0030731763110167024
0.002903998728171802
0.002441630628485198
0.0034930543785290993
0.0027259575358874015
0.0033088336135955014
0.0032357363855222976
0.003441405185986599
0.003612477443045801
0.0034643639772440026
0.0032639823841115016
0.0035979486621442007
0.0031061798138547966
0.003972482268649501
0.0029192568031491013
0.0030504458255632
0.0031797989782650013
0.0029533940717214983
0.0025336068885889983
0.003114355847833001
0.005065166335145199
0.003399315889354302
0.003555556779725102
0.0037897966433063993
0.0036078074192479985
0.0029048780128499985
0.0027676480595969985
0.0028662288277329015
0.0035669104898547015
0.003303128779925099
0.0028066063007026985
0.002493850147531
0.0034830006472191984
0.0028457245553124982
0.0032031222989166996
0.0032744185403981996
0.0029449411556398027
0.0034065249676125987
0.0029795230850175013
0.003244055413405899
0.0025986849635268004
0.0033161077991893002
0.003797147912121799
0.003553557512495597
0.002932092446561403
0.0025444766059651985
0.0035794175006416996
0.0025159801646462004
0.0028225931392815012
0.002586215650299102
0.0035056825769917976
0.003882635313027398
0.0032680479828468
0.0037671412239470986
0.003957219529927499
0.0031761663503519985
0.0045246523048353
0.0031703784805119997
0.0035354818563464
0.0031446294732238
0.004149497837279002
0.003408495426500499
0.0038665776875450968
0.0027397326837270003
0.0036678276259293
0.0036142899140293
0.0036883196720127985
0.004053612593939399
0.0035171112489043
0.003512005048817903
0.0029014542847666004
0.0029435632840217017
0.0025367359425518994
0.003869384696508899
0.002553046382492801
0.0030734345957509
0.003364019198031299
0.0026515018161150997
0.003682823951038597
0.003124133084590499
0.003155807721181899
0.004425366980799698
0.0033551976620542004
0.0030485785180224996
0.0032445782535518997
0.003333633512904402
0.002586255209797401
0.0033876104603635
0.0028984147880208
0.002451171976963002
0.003096707943079098
0.0033458865857972017
0.0030125728444457996
0.0039093504148172
0.002616540419319798
0.003446004673784399
0.0025999151452980006
0.0025596315877429027
0.0030912864603467004
0.0029919598955291983
0.0030670619025424013
0.0026239832331059997
0.003083246461095198
0.003278761134544197
0.0035420549633648005
0.0027077912528448017
0.0028948133272477007
0.004164178157580901
0.0036343820509642
0.0034189676645818012
0.003755451217731
0.0035229579710131
0.0028763849853599005
0.0036284306967619
0.0037360897909326993
0.0033324124891
0.004307983828998
0.0030500603680537024
0.002815604752420698
0.0025896199560710015
0.0039028151247599008
0.0034796266454683
0.0033081069550709996
0.0031573599362966012
0.004234097673116
0.0035354652230316017
0.0030969442654137994
0.004022977168625701
0.003745556980979399
0.0031599400770877008
0.0033722541122773
0.0035242262724023005
0.0028535387783262013
0.0041288920103411016
0.004074586474932699
0.002458270484649999
0.0037944328072030027
0.0030793972263777995
0.0028297571417081994
0.0039368137178909
0.003975283108453
0.003235513823351098
0.003776394861934401
0.002743760554199698
0.003560084158246598
0.003968709053755501
0.003032168774250301
0.002691401751169803
0.0034782082850525996
0.003729636526882199
0.0032791749460145993
0.0029849464911521004
0.0029476368019886977
0.0033465986576001992
0.0036436598741287005
0.004254989749930799
0.0032560164891689003
0.003097182156195897
0.0029800373670552
0.0028494170763432025
0.0030610038749064004
0.003931748203817399
0.0037919287641467007
0.0025630824016083
0.002644366585745999
0.0033176348168499
0.0033693811236440996
0.002937212026342801
0.0024902663245252032
0.0033822345392093
0.0028891862670491
0.0033673016062995
0.0037288820927284007
0.002997221491979299
0.003259342889276401
0.003030575205441203
0.0029917091494359033
0.002609814167722997
0.004354895288735401
0.0024410534373627
0.0026715403518350993
0.0030066303362134977
0.003365103008546002
0.003068398014403999
0.002812416826468201
0.004432084273564001
0.0039632192038429985
0.0031981847767595002
0.003079310494592199
0.0041549560773132994
0.003137082379827797
0.0038143418356775018
0.0028406639306517018
0.0036784919704743978
0.003642904060765801
0.0032994718609128983
0.0028488410941630987
0.003332024520290199
0.003198609077558298
0.004073374099410301
0.0032718434140468003
0.003621018808646799
0.0036886132097446976
0.0038774124854439006
0.0041791947562871
0.003255572776697399
0.0028093048495217987
0.0027458988432581995
0.0036989302233174995
0.0030015092885151
0.002498857137349101
0.003924708385542198
0.0029408725578218033
0.0025566180601360004
0.003418507031661199
0.0032259720706120966
0.0021862867835618013
0.0029961601426186993
0.0035399849182065
0.0026623574637466008
0.003160815554124497
0.0036524363962999983
0.0028073414724000025
0.0041945007231721995
0.0029796242873548
0.002810025294882501
0.0022717382513571006
0.0030801548468157025
0.0030286061663981
0.0040111809186004
0.003551359803455497
0.003416805532678497
0.0034171990577804012
0.0041951620238132
0.0036555516835911003
0.0030136890641928003
0.0035125859455074
0.003603953044345201
0.0032781961237344018
0.004453820261878398
0.003110750939215201
0.003807254110032899
0.0029658321822247993
0.003272023844429598
0.0029980162374520017
0.003787453369643201
0.0030248982992855007
0.0029771945703487984
0.0031111152063307
0.003742091957176799
0.003402272891536301
0.003105966497955401
0.003946562487429899
0.002996213038604603
0.0034980520095926997
0.004463155456491598
0.0040686837998841
0.0043371087396790985
0.0032355901682802023
0.0044897317708062
0.0027936265786188998
0.0027130749321322006
0.003122550764107203
0.0027249025721587
0.0035978568335851002
0.0030214950717019975
0.0030160530072174986
0.0032459060150773003
0.0030629001858671033
0.0032821691268211
0.003970271270202701
0.0032272868794635985
0.0031613743713583
0.003171463781073299
0.0033429567073514008
0.0032957942441826996
0.0028159254608708002
0.0029745637844069
0.0034020997394363026
0.003168509335198799
0.0038756766416601016
0.0040837267422431
0.0037739079272760996
0.0027695453163483
0.0029660527066555017
0.003428295894961398
0.0025419532707085003
0.002948270638772999
0.0035727526909372018
0.003382574172259699
0.0037212560932449006
0.0030104822381635983
0.003869297415135701
0.002795841586861702
0.0035464848480307974
0.0029667921130632005
0.003712822561378202
0.0031222433508099993
0.003302949306485902
0.003080568255954902
0.003412042629362101
0.0035432206802929987
0.0035485191046488
0.0035090352776070005
0.0028853929456891005
0.0033235715086068
0.003221828883301501
0.0022291961345805994
0.002805121067482399
0.0026013655715781993
0.003530085084110502
0.003559960229801401
0.003501697192324401
0.003503534743880002
0.0032001256208749017
0.0024297366805278997
0.0036798892989896997
0.0038149533179785006
0.003908133236001098
0.003481884104373601
0.0044306767229747995
0.0030612154244154983
0.0031614293553787996
0.0030534756480417
0.0027698546568464995
0.0038123146293326006
0.003651673037151599
0.0026688067531542986
0.0037115693681952014
0.0029063388832551995
0.0030357207333081976
0.0041498947280395986
0.0040295032527272005
0.0036143417942745976
0.0031192433415397
0.004645073689844698
0.0033034067687849993
0.003228919382805298
0.002916112315781899
0.0029322129393087003
0.003945538017043702
0.0034371524636145
0.0025050729836969994
0.0029491290355794994
0.0027363424436230993
0.0027724489498491996
0.0047418697767194
0.0032787944309151003
0.0036066303904467995
0.0027408305792923013
0.0022925305610440004
0.002768936390678999
0.0041230707633991
0.0034554629017266997
0.0034880751076379994
0.003459490890249002
0.002941113929797602
0.003602173085583898
0.003384086937985302
0.0035809236715673015
0.0029071982718788004
0.0035958334749897
0.004198540578339301
0.002934306714256898
0.003631605448013199
0.003844739552883801
0.0029353641804582
0.0028632091048243005
0.0027604523121181022
0.0033920716236656018
0.0033095115325354023
0.0024196002240601984
0.003254283722421602
0.0030333178053016975
0.004351157679427099
0.0033496844860092974
0.0033780449171770983
0.002723575452408398
0.0029334254306143982
0.0028553237057596
0.003835085589541397
0.002962678663384403
0.0032814843140933983
0.0037930857896486016
0.003474005955219
0.003515754386261602
0.0037440671845435994
0.004339177297501898
0.003051537233443199
0.0037378459075418993
0.002903431728095599
0.0029787940320978
0.0032800814602441004
0.0027570021692335
0.0026930326102154976
0.0046240025950994995
0.0041275965265949
0.0035044060109034013
0.004230881260281299
0.002764272847380799
0.002778655327784499
0.0030168980658629996
0.0033413973872253
0.0034090075683775
0.003239901391429
0.0032485229347444
0.0032657497536458975
0.0033091354892666007
0.0032419758692635997
0.0039045747224824012
0.003647052403002702
0.004063958969923599
0.003417288612558897
0.002816842100499997
0.0030265904137958995
0.002926412396541102
0.0022523086705999
0.0038013164337930005
0.0036648038739506977
0.0032606733466095
0.0032177750406979025
0.0034296986672703
0.0032013900052933995
0.0029883161658456996
0.0029598798331226008
0.0025525182626298
0.0030912424879213016
0.004292896806115897
0.0033645968319172027
