0.0227767507606997
0.0227392772035849
0.0230585906648082
0.0228804954322976
0.0226480746963507
0.0228308563188788
0.0224964308236552
0.0226592888073837
0.0229754220488394
0.0228979565517101
0.0226245721056078
0.0229740352519733
0.0226670217479937
0.0226823704843421
0.0230189706406309
0.0227944366509814
0.022641830239654
0.0224082941725189
0.0231373558004226
0.0226224199663465
0.0229974774397842
0.0225668689505012
0.0227852213405578
0.0229212329194009
0.0229354600590601
0.0225226825899841
0.0227900872998583
0.0228616712505081
0.0227874355962862
0.0230732735075585
0.0229789766735043
0.0226178827063471
0.022607543013684
0.0226813965158842
0.0227065856768385
0.0229071576677637
0.0227929677283478
0.0231738425900976
0.0227615479863653
0.022749994023446
0.0229512171231689
0.0229858275706486
0.0227906192510553
0.0228991863759276
0.0228296840848598
0.022709602041843
0.0226452393883358
0.0223494551671546
0.0225347150990107
0.022832755829407
0.0230524178870009
0.0226492515099679
0.022327671221018
0.0226590400624798
0.0227482926664974
0.02257608223283
0.0230678584488748
0.0226887872210942
0.0229312607626691
0.0228866753594009
0.0228810790751745
0.0228605859877732
0.0227760845459218
0.0230416762444087
0.0229088651115309
0.0225042521173358
0.0229043052778905
0.0225948190891151
0.022857726751058
0.0223623241439247
0.0227274995203959
0.0226830381907849
0.0228918159479873
0.022600165956719
0.022666706728541
0.0228401333599736
0.0229241388273468
0.0226834010003577
0.0226882052505922
0.0225941975454967
0.022743590343156
0.0229716853126992
0.0230706281938057
0.0225371195277301
0.0229842154536312
0.0228913514322154
0.0228544721838673
0.023044814772832
0.0227956860449752
0.0225953925796685
0.0230128747328252
0.0226946707623228
0.0230767712353474
0.0229259565646316
0.0225783317139478
0.0230175715678071
0.0224295796342346
0.0228975977328544
0.0229730643841686
0.0229572547211312
0.0227124017317012
0.0230346147484084
0.0225891037597304
0.0231625107325078
0.0227393217752323
0.0228002963755134
0.0228968899933164
0.0226453933160491
0.0227107293796506
0.0226237107774821
0.0226871964036769
0.0228079092323588
0.0228135299535281
0.0224265047050455
0.0229800139285271
0.0229728823751729
0.0231056107567862
0.0227077922884522
0.0229008106756863
0.0227741322370202
0.0225973973723023
0.0226651657684223
0.0227800843807838
0.022686768124568
0.0227924149432076
0.0227376889291492
0.0225490411011315
0.0225242538404628
0.0230400260286921
0.0228152738322142
0.0230213325142723
0.0226571611037175
0.0226034015569245
0.0231544470849627
0.0226709501635538
0.0229459121064402
0.0229572662791534
0.0229731647659636
0.0228138098578986
0.0229564416080703
0.0227714477805225
0.0225598531373307
0.022732699550554
0.022571926230718
0.0229194706542027
0.0228420553364465
0.0224253256788231
0.0227198094786426
0.022762586153344
0.0228326016858018
0.0229104824270194
0.0231677159550855
0.0227354787782445
0.0229096771822389
0.0227212200050075
0.0227270308543808
0.0230868890849837
0.0226808088544809
0.0227701670182052
0.0229033436677083
0.022800538200693
0.0228250370784469
0.0224938669442325
0.022626686772386
0.0225510613333683
0.0228760796610237
0.0227932127857583
0.022999107577679
0.0228616684677398
0.0225852531633961
0.0226617963996433
0.0226321171063974
0.0225911918169874
0.0229401736508771
0.0228879852774783
0.0226565137287567
0.0229389449469087
0.0230692560468592
0.0226159828096936
0.0226373492345514
0.0224633142585923
0.0228390894039439
0.0227816326998319
0.0227226306615855
0.0227272635295433
0.0227625644786466
0.0228793374213172
0.0229483195480639
0.0228827820121674
0.0227028450677644
0.0229923961668659
0.0227675708029219
0.0226407037165059
0.0227787529837765
0.0230362320085203
0.0228490970990244
0.0228190381187868
0.0227489538654125
0.0227586755522994
0.0225469172767603
0.0225768605276263
0.0227673333540184
0.0227996065641682
0.0226079085687208
0.0228273634906339
0.0229675747612022
0.0226382942031081
0.0227441221116282
0.0227388292988658
0.0226722370969096
0.0226670816122279
0.0227544597155368
0.0229462387478186
0.0225996495356806
0.0227601110003847
0.0226397072247973
0.022776679550777
0.0228114497740445
0.0228224748147902
0.0225424359224855
0.0229639750478263
0.0226701056325964
0.0227323050386452
0.0230014802738072
0.022681847978984
0.0229241648464658
0.0227435029232677
0.0226936383431996
0.0230800094162888
0.022619042709108
0.0229202960123773
0.0226571331003303
0.0230110353446824
0.0229914768888096
0.0225769226406715
0.0228479652055628
0.0230827489851124
0.0227371562989239
0.0226742961219343
0.0230200912104144
0.022555147783008
0.022838659601861
0.022676283583814
0.0229224033535915
0.0229664099742916
0.0228827316166689
0.0228414176095564
0.0230057683665504
0.022519612416089
0.0225499565588803
0.0227370575622806
0.0228991295932016
0.0225990134763227
0.0225996734591648
0.0226366915479225
0.0229927713561568
0.0226934872957907
0.022719330787479
0.0233434775552006
0.0229466036766296
0.0225784015580157
0.0231766277520291
0.0226454245439957
0.0225802055720846
0.0228485191265962
0.0228730313550798
0.0228718724837054
0.0226584315449938
0.0228259897837675
0.0225698394039626
0.0227021580248607
0.0229508851851007
0.0227063508362563
0.0230628159084953
0.0227530220920353
0.0227770086477505
0.0228215517511596
0.0229652543025136
0.0226241026750549
0.0225478196133607
0.0229835160379981
0.0226770205513429
0.0228783949598898
0.0226010076251803
0.0228698930293519
0.0223313871937946
0.0227185093940848
0.0227991571610986
0.0224469665676926
0.0225919756428125
0.0228357237098468
0.022923483296924
0.022901002277793
0.0227887340704639
0.0228346977793205
0.0228394957301594
0.0226039668131722
0.0229714915509741
0.0228532326092434
0.0228731985485262
0.022780904337495
0.0229948726486317
0.0225272168624185
0.0227873047149133
0.0226346971851915
0.0226994660570833
0.0227193594648805
0.0227425902322243
0.0222609820507598
0.0226577374341481
0.0226045798190212
0.0227550802710221
0.0228153051376709
0.0231584155190475
0.0225174016465564
0.0231393477289528
0.0226187905150442
0.0226985552929014
0.0226491333249214
0.0230831110557805
0.0233760293335005
0.0227468139783074
0.0225850335761741
0.0228429409470734
0.0228722192674479
0.0229049049337047
0.0227129792937527
0.0230098783097078
0.0225576832706803
0.0227984286735767
0.0232355783352739
0.0229263328065748
0.0228735413861165
0.0227801829622058
0.022767464011833
0.0227152788060984
0.0227187549675745
0.0228771875555749
0.0228845152604273
0.0226522661484378
0.0227634532011058
0.0226858153273778
0.0225675252442389
0.0228897675849449
0.0230813621734102
0.0228403655223784
0.0228078807862802
0.0227839571454169
0.0225811122025019
0.0225559574222685
0.0227082537619264
0.022755086136679
0.0231541628296386
0.0227146417007289
0.0224773661513988
0.0228436238530047
0.0228292812903068
0.0228504106620167
0.0228915929622566
0.0227454764350081
0.0229245504890167
0.0227732262277226
0.0233694050607798
0.0225990477458877
0.0230221469888825
0.0230550532628482
0.0227169262847947
0.0230401520820218
0.0225256162609897
0.0227967874008303
0.0227076088960285
0.0230446746932721
0.0230875152442273
0.0228797712736983
0.022417021285069
0.0226590107536356
0.0226565935591252
0.0232953526087565
0.0225652541469845
0.0227572936235649
0.0228828504447232
0.0229775279858297
0.0230956191824024
0.022791059757429
0.0225981759587121
0.0226310759264886
0.0228910413077374
0.0227191213338893
0.0230479406715159
0.0227755866645213
0.0226477873850881
0.0231704272842737
0.0230041400763071
0.022794392147109
0.0228857775255496
0.0229300295374258
0.0230619120443238
0.0227228323975417
0.0226505381505367
0.0228595617607528
0.0225462727785649
0.0229655159901764
0.0229431174379808
0.022451220869815
0.022674413853068
0.0223932925516224
0.0225391071113259
0.0226745311465904
0.0229014775401068
0.0231016638298466
0.0228919071547787
0.0226474183435952
0.0228467850608498
0.0228403318120752
0.0224999639936469
0.0229359705258204
0.0227619663831122
0.0225991368793066
0.0226937212858734
0.0227701243908362
0.0227124337773401
0.0230230597473486
0.0226195833694905
0.0227608424760268
0.0226805027529762
0.0229307517444192
0.0227458262159779
0.0227754007914991
0.0227322402816591
0.0226901123261785
0.0230376746903022
0.0227278102721483
0.022822659401089
0.0227166683922636
0.0227231270093482
0.0226600803191406
0.0225843769549545
0.0228192349966245
0.0227175183226428
0.0228523820516382
0.0226355114554765
0.0227608155607807
0.0225217493795774
0.0224845908277246
0.0226319075265173
0.0229078310152298
0.0227051815036441
0.0227858286410053
0.0224757408046273
0.0225023956404108
0.0226943864900016
0.0230810021077806
0.0229332570293499
0.0227187108644014
0.0226500139936574
0.0231557911275438
0.0225222386990558
0.0225051130685706
0.0226443531118083
0.0230554563777455
0.0228593654523557
0.0228699195369826
0.0227692947424953
0.0226871397042524
0.0227137135138246
0.0228188199542371
0.023053468040886
0.0228608125163922
0.0228852384880215
0.0230196801085147
0.0225790134434786
0.0227613865010496
0.0228707753628014
0.022497192864986
0.0228266824590773
0.0230390744956114
0.0226538130795878
0.0227638204454214
0.0229868236731518
0.0228866257352347
0.0230528098676902
0.0231500278042205
0.0229780697407479
0.0229026236206975
0.022500570935461
0.0230108039406334
0.0226026401216608
0.0229273697084105
0.0233721836630746
0.0228202735612874
0.0226080914640321
0.023064516041837
0.0226833089545878
0.0226230898573749
0.02276164507901
0.0228636622305306
0.0229468530049621
0.0226907804462633
0.0226542376787912
0.0228702458565481
0.0226181770252302
0.0226662641251239
0.0227704646567654
0.0228332526687601
0.0229450818043543
0.0228305097785658
0.0229404679925315
0.0227223260109967
0.022655248262014
0.022885149667677
0.0229626958938333
0.0227707883719964
0.0228413772233909
0.0229715232219816
0.0225186052850419
0.0229426080728912
0.022699211379557
0.0227141824420151
0.0227902398186385
0.0228714813792045
0.0226540992011129
0.022688817807342
0.0227876791371613
0.0227526869492395
0.0229350769733274
0.0227221209937135
0.0226963645853933
0.0229536128670164
0.0227686402779586
0.0226940590614451
0.0227667491593153
0.0226193323231017
0.0227267051713086
0.022782265413408
0.022863826288008
0.0226720233196688
0.0229548437668368
0.0230786710009439
0.0225415776011924
0.0228213268223273
0.0230232947329389
0.0226275912929772
0.0227159676794276
0.0226349633810419
0.0230888813533305
0.0227652702028453
0.0228594480794992
0.0230024903481084
0.0226822605434897
0.0228428671515996
0.0228856546640665
0.0228584621197215
0.0227017307557462
0.0229417060501876
0.0225713764495951
0.0225660208047763
0.0227595655898442
0.022495999947201
0.0228103220512919
0.0227929742224726
0.0225777082407503
0.0227693105305803
0.0228717607230892
0.0228756247389884
0.0228512890976268
0.0229324421512247
0.0230181547805754
0.022683270558423
0.0228093211129827
0.0226987745433795
0.0226583869656647
0.0227183282926782
0.0227715770829537
0.0227366565879297
0.022805257447018
0.0230571390891888
0.022762573963983
0.022670454071627
0.0227890498902037
0.0228561526517843
0.0227391975775459
0.0224106310256738
0.0227732962781799
0.0227370512075157
0.0226215058197226
0.0225483595482082
0.0228852833363015
0.0228574954101416
0.0227430243154006
0.0227362249388095
0.0228184141920721
0.0228872448839992
0.0223881290770795
0.0226854362429598
0.0226473221493319
0.022636836133757
0.0228681425244894
0.0228691255679393
0.0227616390773678
0.0231166811411481
0.0229087199826477
0.022969953357472
0.0228569550623701
0.0224952204493147
0.0225862840576214
0.0229823354660739
0.0229779698271448
0.0229868797701668
0.0224470320908179
0.0227227386195413
0.0226571762142983
0.0228714801767103
0.0226907552696979
0.0227220266867816
0.0225558275966749
0.022705898865236
0.0226856125037238
0.0228981623199018
0.0228786783116495
0.0232106166913961
0.0229475447008102
0.0227016689948108
0.0229091677989724
0.0230134653488213
0.0229663734406928
0.0228379431844854
0.0229764504766933
0.0229975549508117
0.022655346983077
0.0229103615130558
0.0226941190945979
0.0226382341969125
0.0231003802333519
0.0227229257758893
0.0226574614716074
0.0227315277160919
0.0225752209978125
0.0227068247932253
0.0229493848984122
0.0228697615670394
0.0228170393061345
0.02281793274606
0.0230996232826862
0.0228692247393304
0.022681583187096
0.0225688762594288
0.0226867727274557
0.022989439463398
0.0227512112186142
0.0225518090947674
0.0226818660829868
0.0226907153110846
0.0228689225033623
0.0231098414981215
0.0227431752473554
0.0226734459164343
0.0222755189994823
0.0228036653268506
0.0227561957499535
0.0224631047672694
0.0229962739257832
0.0225800107189431
0.0228437819089659
0.0226947488607951
0.0225446882316153
0.0227758979549567
0.0227053329553406
0.0226487512130513
0.0228552422267807
0.0228934262369612
0.0227752208575118
0.0227014001280648
0.0228491145646779
0.022955820300083
0.0227325786577955
0.0228419228460228
0.0228103274062582
0.022895509227321
0.023002869893289
0.0226839263787695
0.0229638972738624
0.0224464185610461
0.0225113086595961
0.022637895062752
0.0228372059245657
0.0226310765464306
0.0225454274962655
0.0227657459043328
0.0225631585437013
0.022501244924189
0.0227894396370736
0.0227034536550111
0.0227249904085074
0.0228060978318645
0.0229060907809284
0.0228693606927732
0.0227156003832713
0.0228727026241387
0.0232699873302384
0.0226469236756581
0.0229864846466567
0.0226692326063489
0.0230711596982418
0.0225877594742326
0.022696597852521
0.0226414178935436
0.0226070903312101
0.0226429503872522
0.0227194224789919
0.0225266365973175
0.0229464182294099
0.0227371294193182
0.0233048153491163
0.0230376237261532
0.0230282691015643
0.0226132031564167
0.0228325346677357
0.022698534760188
0.022954252995466
0.0225984552941964
0.0229539028403719
0.022755580561285
0.0228635883672615
0.0226247405969613
0.0228672491025894
0.0228995832684706
0.0224030223032078
0.0226841288989476
0.022308596914952
0.0228077449787841
0.0226967214868287
0.0226915342467686
0.0227536218899537
0.0228441174565413
0.0231604393593905
0.0230301619379572
0.0226882159912073
0.0229940889267238
0.0229604487755212
0.0226655373284859
0.0230881046232741
0.0223920373444252
0.0227225790293828
0.0226225717601332
0.0226283440643038
0.0225170513337962
0.0229095587024253
0.0226262459142468
0.0225548035815039
0.0228117636535032
0.0225484720131857
0.0226994928747528
0.0228360265418465
0.0227423341970604
0.0227660063914915
0.0227253162106734
0.0227931690442506
0.0226916993114128
0.0225121189727162
0.0226466338108013
0.022730721037267
0.0227675726527112
0.0227135110410065
0.0227844745760927
0.0228469675782193
0.0229998611438027
0.0227409451391649
0.0227396061138273
0.0227586110251524
0.022738305659947
0.0226999774071372
0.022812382479969
0.0224532992950437
0.0226503616194496
0.0229590179409333
0.0224463425855624
0.0230446619845242
0.022929480824688
0.0226734623121021
0.022459431861146
0.0225827475343538
0.0227758279765172
0.0229917537202642
0.0231703965159454
0.0228240751206738
0.0225415997131197
0.0225662561644648
0.0228360962485234
0.0230183658324541
0.0230861521122249
0.0226800214479577
0.0227302458385844
0.0227416513383353
0.0226781468871383
0.0228337102555128
0.0227522556080744
0.0226752185527
0.0230786459398094
0.0226215656724692
0.0227078795659619
0.0228873339561209
0.0227376199914571
0.0225809590186688
0.0229688915467845
0.0227762334911599
0.0229360488744259
0.0226266367552116
0.0226054014502366
0.0229072765494842
0.0226270476464437
0.0225649407756045
0.0228164178785386
0.0227489710793554
0.0230819887344095
0.0226465595192889
0.0228932231265498
0.0224899744088457
0.0227253870534597
0.022742330890688
0.0229287852830717
0.0229250886883458
0.0227271516066348
0.0226047173611546
0.0227663736885534
0.0231279244864438
0.0229756632318731
0.0227592353461982
0.0229035377351622
0.022941890740565
0.0229637175613438
0.022769633183986
0.0228586935898154
0.0228405270202434
0.0230915403102961
0.0229363542386525
0.0227751606858619
0.0228623321453997
0.0227912275542013
0.0227245671684722
0.0229023979150754
0.0227713421032324
0.0223866575405984
0.022479625016398
0.0230338774740936
0.0226150181932244
0.0228624140138899
0.0227795383401818
0.0225678640683506
0.0225985709586992
0.0229005577469714
0.0226586266217024
0.0228600252015964
0.0227886658495755
0.0226953723499971
0.0229591551806912
0.0230360118274759
0.0226273198945054
0.0228455064187187
0.0227038548480642
0.0231024327263324
0.0226882956451734
0.0228499138256512
0.023005636537325
0.0228514317580351
0.0224821580561207
0.0228167139869136
0.0227548615404319
0.0223567036209415
0.0226882981619271
0.0226244940970864
0.0226385144356344
0.0224428815615921
0.0224021017028968
0.02277148503248
0.0230171002815175
0.0228927011428071
0.0228439357911629
0.0229069320154624
0.0231012235018761
0.0230568032905451
0.0228211216691498
0.0227389190518784
0.022971857854629
0.0229685276831541
0.0226057784681814
0.0228475296689311
0.0228128812670612
0.0226247136968016
0.022499674741667
0.0224565331917569
0.0230865180486623
0.0229340285829422
0.022719638437636
0.0228999218080247
0.023058483434348
0.0229219936150411
0.0228172551960189
0.0228654458564508
0.0227436329237553
0.0225485135378743
0.0227026237494014
0.0229437743568092
0.023015081368834
0.0228896112810557
0.0229141745878003
0.0227514629366401
0.0227234297395557
0.0227897639762826
0.0227778804049518
0.0228056305088357
0.0227282926955641
0.0228269909709711
0.0226491728398499
0.0230793267808845
0.0230241883910159
0.0229607147695219
0.0226195407061662
0.0227092307508682
0.0224073535577275
0.0229262070075451
0.0229040446355574
0.0228035514959913
0.0228071754170547
0.0225742057144108
0.0232478617557581
0.0226892426204159
0.0227893504306442
0.0226594629835341
0.0227939797079202
0.02249290813653
0.022872319210364
0.0228553546878459
0.0225720574070734
0.0228577775464911
0.0224871207852268
0.0224786681222337
0.0227675329651908
0.0229254866324627
0.0227441156427777
0.0228538851793559
0.0228967109173098
0.0226854425868105
0.0227158864205943
0.0228886157582034
0.0228557950825418
0.0226736483242729
0.0228496377878117
0.022739810510538
0.023073192384883
0.0228354716634026
0.0225631970500526
0.0230948274861063
0.022581483286327
0.02268868991592
0.0228900308130213
0.022689192041797
0.0227466918931695
0.0226338846318469
0.0226792928365626
0.023022140670471
0.0230536061625729
0.0227192008969668
0.0225600447717527
0.0228218180822165
0.0228214692170046
0.0230373631566068
0.0229649060147293
0.0227508746606019
0.0230211375849426
0.0224665709447495
0.0223885400261617
0.0230865901556595
0.0233474669690151
0.0228165594758295
0.0228159470770334
0.0228368885830515
0.0224643217883026
0.0229088013761104
0.0228034265782641
0.0226520381014668
0.0225880917324276
0.0226246535142883
0.0227442596872304
0.0228366198984549
0.0226991908813538
0.022681124071576
0.0228401847054079
0.0229262266480087
0.0229985542766838
0.0225463557706034
0.022872214461249
0.0226029157575514
0.0229901539466143
0.022756684187746
0.0228785279740874
0.0227280546423483
0.0226447525651555
0.0231025568520505
0.0228265180177407
0.0228024533994414
0.0225403192612487
0.0228894820451591
0.0230071188452832
0.0226953346149563
0.0226906248627389
0.0224459392668487
0.0229898506775855
0.0227725131342291
0.0226837683935355
0.0230902660565315
0.0230042896637726
0.0226247771137318
0.0228631667051942
0.0227750071931385
0.0227403972745727
0.0230209116853365
0.0228432677699043
0.0225635951139712
0.0228503734014268
0.0226598308432142
0.0230450998739261
0.0225490074304675
0.0227980093221616
0.0228587323932976
0.0229099570794398
0.022884246059374
0.0223962779963142
0.0230723631799048
0.0230432662163224
0.0227091989019089
0.0223488085212842
0.0227461312681836
0.02278184175584
0.0228521874425311
0.0227498554277551
0.0228044166469518
0.0225945213302011
0.022531330230312
0.0226255749172287
0.0225092936097436
0.0227089783249309
0.0227890757292993
0.0230561111906073
0.0228606084651438
0.0228249355147067
0.0226084659201994
0.0228922153639612
0.0228468326809268
0.0226212960714429
0.0225432438928429
0.0225366559640564
0.0228782305305778
0.0227967650515179
0.022714816103439
0.0227836223729498
0.0229179073119588
0.0227566559608334
0.0226077694720071
0.0225284991058058
0.0228418710370354
0.022634627940537
0.0230513276230696
0.0228450198709005
0.0228306986345214
0.0229101713729707
0.0227452337901091
0.0226243627642171
0.0228205732147835
0.0226441671947598
0.0228547028539861
0.0227440683715809
0.02273639292174
0.0229506773776789
0.0227356685635625
0.022781257772647
0.022736826953713
0.0227361801535849
0.0224552429764611
0.0227020852920233
0.0227149179418383
0.0225392867730986
0.0227959964130294
0.0227956556297593
0.0228186658097995
0.0228962121902696
0.0227011872004701
0.0226963567379031
0.0227508593354895
0.0228651742697298
0.0228400934570053
0.0227549959719027
0.0226541705987654
0.0229123843577275
0.0228064294638972
0.0227632933272627
0.0227684961056117
0.0230824449666859
0.0227812193745188
0.0228271207650778
0.0227529532068691
0.0227627493296221
0.0228732414343079
0.0228154462727649
0.0230946409060331
0.0226187716736318
0.0228169424557449
0.0228479773015934
0.0226103540830017
0.0228642478202486
0.0226521967882117
0.0225999688070764
0.0229712557160139
0.0227722973954948
0.022672372502337
0.0227397567895382
0.0230013384981565
0.0226040954297103
0.0227566520197665
0.0225950648919685
0.0226640540678427
0.0224661623663696
0.0230106841397149
0.0226747016989499
0.0227936106126659
0.0231264001757197
0.0228574736045944
0.0227884553723058
0.0229191450990934
0.0230485016595602
0.02280557573269
0.0226912094248807
0.022614423432972
0.0228382199749731
0.0230887789495448
0.0227894294115848
0.0230182034230959
0.0226583445808774
0.0226916412633226
0.0228412653879243
0.0229298279628117
0.0229991434896188
0.0228783141684422
0.0228256561435624
0.0226722899206802
0.0226267344073336
0.0230695149444496
0.023157349233795
0.0226502973799858
0.0226942406617674
0.0225902621834762
0.0226957440339308
0.0229608186757224
0.0229275676460576
0.0229993482120514
0.0228242521157928
0.0228153856055983
0.0224369556737372
0.0224892805662373
0.0227142533162635
0.0225075292427258
0.0227046947739588
0.0228544513936405
0.0230350358705446
0.0229688055828258
0.0225323307503964
0.0226316895268171
0.0228331217633132
0.0229968614019131
0.0226054968452459
0.0227645717128647
0.0227092819189941
0.0229218955977443
0.0226010003601334
0.0228149808430251
0.0226220410039481
0.0225325244496286
0.0230564691283358
0.0226346075600489
0.0229320448596866
0.0227849511958052
0.0229126487211529
0.0227175955910113
0.022991203686265
0.0229251086047959
0.0229131822257195
0.0228882608995416
0.0227435370302468
0.0227239476192161
0.0229516105734247
0.0229334550501871
0.0225766179118777
0.0227979599533246
0.0228128123689463
0.0227749597776671
0.0229454562512844
0.0227531801565422
0.0228749393091346
0.0226881032744062
0.0230083319616085
0.0229450490834892
0.022641342892161
0.0226469221562853
0.0226883377711955
0.0226559583506298
0.0228472995598267
0.0227922780960159
0.0229329809779187
0.0230199141320818
0.0226905261752652
0.0227737828407124
0.0226339965227977
0.0223434034870115
0.0229291512598506
0.0227413829369264
0.0229543433019959
0.0227768783654205
0.0227815469363234
0.0229084669827347
0.0226721741434028
0.0228201741004724
0.0227370797740901
0.0229995377241927
0.0227010753312779
0.0228380211251415
0.022844851392183
0.0228139170728363
0.0227780468700501
0.0228848694918763
0.0231388788983508
0.0228784880495619
0.0227895485479218
0.0228173815689232
0.0228214638969208
0.0227285983078897
0.0227933428893952
0.0227864848167332
0.0230040285303728
0.0225684436325415
0.0227429434867879
0.0224211413164003
0.0227962721764575
0.0226828343311613
0.0228571619781523
0.0229575422632366
0.0226169553415294
0.0229462091534916
0.0227844230787373
0.0229809638134292
0.0227933580993232
0.0227482344325733
0.0225369613734718
0.0227205247733729
0.0230155716253807
0.0230448988085695
0.0229751436042843
0.0229667176665767
0.0228529899341284
0.0229742946055983
0.0224869985912557
0.0225211901226756
0.0230308991937107
0.0226861829163609
0.0225311163818345
0.0226147559730715
0.0230352764819869
0.0225642390018837
0.0230807525357154
0.0231793915591765
0.0225627676666817
0.0226181457205327
0.0225224323429328
0.0227960274221864
0.0228492623129812
0.022743782825716
0.0228671824337259
0.0225463250675669
0.0228692563636785
0.0227380744064698
0.0227244665657232
0.0227261222565382
0.0227243611879215
0.0229187262104217
0.022994567559944
0.0225819653631524
0.0226356213057485
0.0227851609669526
0.0226614731740781
0.0229729444308674
0.0228232878639005
0.0227411381370216
0.022612834001927
0.0225292932140639
0.0229386771183285
0.0228450052256751
0.0227468512119239
0.0228680475028908
0.0228127928803568
0.0225899701110073
0.0226508982950944
0.0224092960041293
0.0228636617935798
0.0229952390276489
0.0227370810954168
0.0229009318393125
0.0228546651414792
0.0230206509012463
0.0226296959446194
0.0226060624851905
0.0227275846583383
0.0228802150641999
0.0228454923002272
0.0228421488580003
0.022665299483457
0.0229697254862885
0.0227575433528081
0.0231255421847539
0.0227510297054946
0.0226786631511421
0.0227676338542383
0.022835863559655
0.022997087633585
0.022808581440507
0.0227242765392023
0.0227237111874019
0.0225912322672608
0.0227277107960442
0.023055705355275
0.0225941222936279
0.0227192810755933
0.0229231469609161
0.0224523517868262
0.0226602018286295
0.0229191222087979
0.0226445475785306
0.0228487619124632
0.0229198687886519
0.0231160154851713
0.0229199240273086
0.0224591780190181
0.0230874758482506
0.0229272689269855
0.0225372936776773
0.0231232370271755
0.0227046749472474
0.0228087335592128
0.022866040049421
0.0228837684933222
0.0227039779232435
0.0227696799879524
0.0228385626440845
0.0226698034784278
0.0229446593005308
0.0226503584539494
0.022935688482477
0.0229144387907597
0.0226805215668563
0.0228124494692555
0.0226356523287352
0.0230501660925195
0.0226744741469934
0.0229740197251738
0.0224975029614911
0.0227875867214041
0.0228858852194878
0.0227664431764645
0.0227954053269366
0.0227400147019299
0.0230718238611601
0.0229180478704918
0.0224955462248888
0.0227348641131692
0.0227277995051707
0.0224595084153151
0.0227183219414214
0.0228219191443712
0.0226043963033992
0.0229200725379296
0.0228386587921139
0.0227206394831327
0.0227925865175673
0.022711585873823
0.0228603120950249
0.0231562813849012
0.0226387118269203
0.0227568890404264
0.0228368331534655
0.0227979415525906
0.0230660369665856
0.0225033494405315
0.0225998463741642
0.0228757184217819
0.0229595759955097
0.0230053067179982
0.0224507697771541
0.0223206458069569
0.0227331945668671
0.022679536573556
0.0226215882637373
0.0225177246805313
0.0227365394483675
0.0230028010273888
0.0227716295910336
0.0226738838252352
0.0230216088079873
0.022652965736779
