1 1 1 1 12 25 26
2 1 1 1 25 12 48
3 1 1 1 12 2 48
4 1 1 1 1 12 49
5 1 1 1 2 7 48
6 1 1 1 12 26 49
7 1 1 1 26 8 49
8 1 1 1 8 1 49
9 1 1 1 7 25 48
10 1 1 1 14 21 22
11 1 1 1 15 20 21
12 1 1 1 15 16 50
13 1 1 1 13 14 51
14 1 1 1 16 18 19
15 1 1 1 13 23 24
16 1 1 1 16 3 52
17 1 1 1 2 13 53
18 1 1 1 18 16 52
19 1 1 1 13 24 53
20 1 1 1 3 6 52
21 1 1 1 7 2 53
22 1 1 1 23 13 51
23 1 1 1 16 19 50
24 1 1 1 14 22 51
25 1 1 1 20 15 50
26 1 1 1 19 20 50
27 1 1 1 22 23 51
28 1 1 1 6 18 52
29 1 1 1 24 7 53
30 1 1 1 15 21 14
31 1 1 1 6 3 55
32 1 1 1 3 4 55
33 1 1 1 4 5 54
34 1 1 1 5 17 54
35 1 1 1 17 6 55
36 1 1 1 54 17 55
37 1 1 1 4 54 55
38 1 1 1 36 37 57
39 1 1 1 31 32 56
40 1 1 1 36 57 58
41 1 1 1 56 32 59
42 1 1 1 28 29 59
43 1 1 1 27 28 58
44 1 1 1 17 5 57
45 1 1 1 9 30 56
46 1 1 1 37 6 60
47 1 1 1 10 31 61
48 1 1 1 56 30 61
49 1 1 1 17 57 60
50 1 1 1 31 56 61
51 1 1 1 57 37 60
52 1 1 1 57 27 58
53 1 1 1 29 56 59
54 1 1 1 35 36 58
55 1 1 1 32 33 59
56 1 1 1 6 17 60
57 1 1 1 30 10 61
58 1 1 1 5 27 57
59 1 1 1 29 9 56
60 1 1 1 28 33 34
61 1 1 1 33 28 59
62 1 1 1 35 28 34
63 1 1 1 28 35 58
64 1 1 1 69 20 80
65 1 1 1 38 11 71
66 1 1 1 69 64 85
67 1 1 1 11 39 71
68 1 1 1 64 69 81
69 1 1 1 20 69 85
70 1 1 1 70 64 77
71 1 1 1 64 70 76
72 1 1 1 62 81 90
73 1 1 1 81 69 90
74 1 1 1 67 78 84
75 1 1 1 78 62 84
76 1 1 1 64 72 94
77 1 1 1 6 37 83
78 1 1 1 75 35 89
79 1 1 1 99 79 100
80 1 1 1 18 6 83
81 1 1 1 20 19 80
82 1 1 1 38 71 93
83 1 1 1 7 24 47
84 1 1 1 36 35 75
85 1 1 1 72 64 81
86 1 1 1 70 99 100
87 1 1 1 73 66 92
88 1 1 1 72 43 94
89 1 1 1 67 75 89
90 1 1 1 43 72 88
91 1 1 1 66 73 95
92 1 1 1 40 41 73
93 1 1 1 64 76 85
94 1 1 1 66 71 92
95 1 1 1 71 39 92
96 1 1 1 86 42 88
97 1 1 1 77 64 94
98 1 1 1 34 33 74
99 1 1 1 68 86 88
100 1 1 1 44 45 77
101 1 1 1 22 21 76
102 1 1 1 40 73 92
103 1 1 1 73 63 95
104 1 1 1 31 10 93
105 1 1 1 62 78 91
106 1 1 1 24 23 79
107 1 1 1 46 47 79
108 1 1 1 71 66 87
109 1 1 1 77 45 99
110 1 1 1 22 76 100
111 1 1 1 78 68 91
112 1 1 1 87 31 93
113 1 1 1 33 32 82
114 1 1 1 41 42 86
115 1 1 1 32 31 87
116 1 1 1 34 74 89
117 1 1 1 10 38 93
118 1 1 1 47 24 79
119 1 1 1 70 77 99
120 1 1 1 76 70 100
121 1 1 1 21 20 85
122 1 1 1 68 88 91
123 1 1 1 88 72 91
124 1 1 1 63 73 101
125 1 1 1 73 41 86
126 1 1 1 74 33 82
127 1 1 1 43 44 94
128 1 1 1 71 87 93
129 1 1 1 82 32 87
130 1 1 1 75 67 84
131 1 1 1 42 43 88
132 1 1 1 63 74 95
133 1 1 1 89 74 97
134 1 1 1 65 75 84
135 1 1 1 79 23 100
136 1 1 1 46 79 99
137 1 1 1 37 36 96
138 1 1 1 78 67 97
139 1 1 1 76 21 85
140 1 1 1 63 78 97
141 1 1 1 35 34 89
142 1 1 1 66 82 87
143 1 1 1 39 40 92
144 1 1 1 74 63 97
145 1 1 1 75 65 96
146 1 1 1 84 62 90
147 1 1 1 19 18 98
148 1 1 1 78 63 101
149 1 1 1 65 80 98
150 1 1 1 68 78 101
151 1 1 1 23 22 100
152 1 1 1 45 46 99
153 1 1 1 74 82 95
154 1 1 1 36 75 96
155 1 1 1 83 65 98
156 1 1 1 44 77 94
157 1 1 1 80 65 90
158 1 1 1 83 37 96
159 1 1 1 73 86 101
160 1 1 1 69 80 90
161 1 1 1 81 62 91
162 1 1 1 65 84 90
163 1 1 1 72 81 91
164 1 1 1 65 83 96
165 1 1 1 67 89 97
166 1 1 1 80 19 98
167 1 1 1 82 66 95
168 1 1 1 18 83 98
169 1 1 1 86 68 101
