1 1 1 1 78 79 203
2 1 1 1 191 199 200
3 1 1 1 79 193 203
4 1 1 1 80 81 195
5 1 1 1 190 195 200
6 1 1 1 75 7 203
7 1 1 1 193 79 197
8 1 1 1 7 78 203
9 1 1 1 15 2 201
10 1 1 1 195 191 200
11 1 1 1 198 190 201
12 1 1 1 190 200 201
13 1 1 1 199 14 200
14 1 1 1 82 83 196
15 1 1 1 192 13 199
16 1 1 1 80 195 197
17 1 1 1 206 85 207
18 1 1 1 198 76 209
19 1 1 1 77 76 198
20 1 1 1 193 198 209
21 1 1 1 79 80 197
22 1 1 1 13 14 199
23 1 1 1 2 77 201
24 1 1 1 205 192 206
25 1 1 1 13 192 205
26 1 1 1 76 75 209
27 1 1 1 82 196 202
28 1 1 1 195 81 202
29 1 1 1 8 86 207
30 1 1 1 194 206 207
31 1 1 1 84 85 206
32 1 1 1 81 82 202
33 1 1 1 190 193 197
34 1 1 1 194 205 206
35 1 1 1 14 15 200
36 1 1 1 77 198 201
37 1 1 1 196 83 204
38 1 1 1 195 190 197
39 1 1 1 86 194 207
40 1 1 1 193 190 198
41 1 1 1 83 84 204
42 1 1 1 85 8 207
43 1 1 1 196 192 199
44 1 1 1 192 196 204
45 1 1 1 12 13 205
46 1 1 1 205 194 208
47 1 1 1 191 196 199
48 1 1 1 194 86 208
49 1 1 1 191 195 202
50 1 1 1 196 191 202
51 1 1 1 200 15 201
52 1 1 1 86 1 208
53 1 1 1 1 12 208
54 1 1 1 12 205 208
55 1 1 1 192 204 206
56 1 1 1 204 84 206
57 1 1 1 75 203 209
58 1 1 1 203 193 209
59 1 1 1 73 74 282
60 1 1 1 38 39 283
61 1 1 1 48 49 235
62 1 1 1 233 73 282
63 1 1 1 39 234 283
64 1 1 1 3 37 250
65 1 1 1 77 2 248
66 1 1 1 243 210 258
67 1 1 1 212 244 259
68 1 1 1 220 257 260
69 1 1 1 256 215 261
70 1 1 1 213 26 249
71 1 1 1 17 211 247
72 1 1 1 254 216 256
73 1 1 1 219 255 257
74 1 1 1 221 260 264
75 1 1 1 261 214 265
76 1 1 1 253 217 254
77 1 1 1 218 253 255
78 1 1 1 221 226 266
79 1 1 1 232 219 267
80 1 1 1 73 233 243
81 1 1 1 234 39 244
82 1 1 1 26 213 264
83 1 1 1 211 17 265
84 1 1 1 219 257 267
85 1 1 1 258 210 304
86 1 1 1 212 259 305
87 1 1 1 222 258 304
88 1 1 1 259 224 305
89 1 1 1 27 3 250
90 1 1 1 2 16 248
91 1 1 1 260 221 266
92 1 1 1 213 224 245
93 1 1 1 222 211 246
94 1 1 1 225 213 245
95 1 1 1 211 223 246
96 1 1 1 48 235 251
97 1 1 1 235 49 252
98 1 1 1 37 36 263
99 1 1 1 76 77 262
100 1 1 1 7 75 282
101 1 1 1 35 6 283
102 1 1 1 257 24 260
103 1 1 1 19 256 261
104 1 1 1 72 73 243
105 1 1 1 39 40 244
106 1 1 1 260 25 264
107 1 1 1 18 261 265
108 1 1 1 74 7 282
109 1 1 1 6 38 283
110 1 1 1 20 254 256
111 1 1 1 255 23 257
112 1 1 1 21 253 254
113 1 1 1 253 22 255
114 1 1 1 257 220 267
115 1 1 1 42 43 245
116 1 1 1 69 70 246
117 1 1 1 220 260 266
118 1 1 1 26 27 249
119 1 1 1 16 17 247
120 1 1 1 77 248 262
121 1 1 1 250 37 263
122 1 1 1 240 230 286
123 1 1 1 247 210 248
124 1 1 1 212 249 250
125 1 1 1 47 48 251
126 1 1 1 49 50 252
127 1 1 1 75 76 303
128 1 1 1 36 35 302
129 1 1 1 216 254 289
130 1 1 1 218 255 290
131 1 1 1 226 221 236
132 1 1 1 214 227 242
133 1 1 1 215 228 237
134 1 1 1 216 229 238
135 1 1 1 217 230 239
136 1 1 1 218 231 240
137 1 1 1 219 232 241
138 1 1 1 215 256 288
139 1 1 1 233 210 243
140 1 1 1 212 234 244
141 1 1 1 213 225 293
142 1 1 1 223 211 294
143 1 1 1 214 261 287
144 1 1 1 264 213 293
145 1 1 1 211 265 294
146 1 1 1 210 247 304
147 1 1 1 249 212 305
148 1 1 1 227 214 287
149 1 1 1 228 215 288
150 1 1 1 229 216 289
151 1 1 1 231 218 290
152 1 1 1 248 210 262
153 1 1 1 212 250 263
154 1 1 1 236 225 270
155 1 1 1 25 26 264
156 1 1 1 17 18 265
157 1 1 1 223 242 271
158 1 1 1 226 236 268
159 1 1 1 242 227 269
160 1 1 1 227 237 273
161 1 1 1 24 25 260
162 1 1 1 237 228 272
163 1 1 1 18 19 261
164 1 1 1 228 238 275
165 1 1 1 238 229 274
166 1 1 1 229 239 277
167 1 1 1 239 230 276
168 1 1 1 230 240 278
169 1 1 1 240 231 279
170 1 1 1 231 241 280
171 1 1 1 241 232 281
172 1 1 1 71 72 258
173 1 1 1 40 41 259
174 1 1 1 19 20 256
175 1 1 1 23 24 257
176 1 1 1 20 21 254
177 1 1 1 22 23 255
178 1 1 1 21 22 253
179 1 1 1 218 240 286
180 1 1 1 254 217 289
181 1 1 1 255 219 290
182 1 1 1 211 222 304
183 1 1 1 224 213 305
184 1 1 1 72 243 258
185 1 1 1 244 40 259
186 1 1 1 256 216 288
187 1 1 1 210 233 262
188 1 1 1 234 212 263
189 1 1 1 247 211 304
190 1 1 1 213 249 305
191 1 1 1 261 215 287
192 1 1 1 76 262 303
193 1 1 1 263 36 302
194 1 1 1 221 264 293
195 1 1 1 253 218 286
196 1 1 1 217 253 286
197 1 1 1 265 214 294
198 1 1 1 42 245 285
199 1 1 1 246 70 284
200 1 1 1 262 233 303
201 1 1 1 234 263 302
202 1 1 1 245 43 291
203 1 1 1 69 246 292
204 1 1 1 230 217 286
205 1 1 1 45 46 268
206 1 1 1 66 67 269
207 1 1 1 44 45 270
208 1 1 1 67 68 271
209 1 1 1 63 64 272
210 1 1 1 64 65 273
211 1 1 1 60 61 274
212 1 1 1 61 62 275
213 1 1 1 57 58 276
214 1 1 1 58 59 277
215 1 1 1 55 56 278
216 1 1 1 54 55 279
217 1 1 1 52 53 280
218 1 1 1 51 52 281
219 1 1 1 270 225 291
220 1 1 1 223 271 292
221 1 1 1 70 71 284
222 1 1 1 41 42 285
223 1 1 1 43 44 291
224 1 1 1 68 69 292
225 1 1 1 47 251 295
226 1 1 1 46 47 295
227 1 1 1 252 50 301
228 1 1 1 65 66 296
229 1 1 1 62 63 297
230 1 1 1 59 60 298
231 1 1 1 56 57 299
232 1 1 1 53 54 300
233 1 1 1 50 51 301
234 1 1 1 226 268 295
235 1 1 1 227 273 296
236 1 1 1 269 227 296
237 1 1 1 272 228 297
238 1 1 1 228 275 297
239 1 1 1 274 229 298
240 1 1 1 229 277 298
241 1 1 1 276 230 299
242 1 1 1 230 278 299
243 1 1 1 279 231 300
244 1 1 1 231 280 300
245 1 1 1 281 232 301
246 1 1 1 237 227 287
247 1 1 1 238 228 288
248 1 1 1 239 229 289
249 1 1 1 241 231 290
250 1 1 1 225 236 293
251 1 1 1 242 223 294
252 1 1 1 249 27 250
253 1 1 1 16 247 248
254 1 1 1 71 258 284
255 1 1 1 259 41 285
256 1 1 1 258 222 284
257 1 1 1 224 259 285
258 1 1 1 45 268 270
259 1 1 1 269 67 271
260 1 1 1 272 64 273
261 1 1 1 274 61 275
262 1 1 1 276 58 277
263 1 1 1 55 278 279
264 1 1 1 52 280 281
265 1 1 1 44 270 291
266 1 1 1 271 68 292
267 1 1 1 268 46 295
268 1 1 1 66 269 296
269 1 1 1 273 65 296
270 1 1 1 63 272 297
271 1 1 1 275 62 297
272 1 1 1 60 274 298
273 1 1 1 277 59 298
274 1 1 1 57 276 299
275 1 1 1 278 56 299
276 1 1 1 54 279 300
277 1 1 1 280 53 300
278 1 1 1 51 281 301
279 1 1 1 235 220 266
280 1 1 1 220 235 267
281 1 1 1 226 251 266
282 1 1 1 252 232 267
283 1 1 1 215 237 287
284 1 1 1 216 238 288
285 1 1 1 217 239 289
286 1 1 1 219 241 290
287 1 1 1 251 235 266
288 1 1 1 236 221 293
289 1 1 1 235 252 267
290 1 1 1 214 242 294
291 1 1 1 251 226 295
292 1 1 1 232 252 301
293 1 1 1 245 224 285
294 1 1 1 222 246 284
295 1 1 1 225 245 291
296 1 1 1 246 223 292
297 1 1 1 35 283 302
298 1 1 1 282 75 303
299 1 1 1 268 236 270
300 1 1 1 242 269 271
301 1 1 1 237 272 273
302 1 1 1 238 274 275
303 1 1 1 239 276 277
304 1 1 1 278 240 279
305 1 1 1 280 241 281
306 1 1 1 233 282 303
307 1 1 1 283 234 302
308 1 1 1 33 34 314
309 1 1 1 307 33 314
310 1 1 1 308 309 313
311 1 1 1 34 6 314
312 1 1 1 31 32 308
313 1 1 1 6 35 314
314 1 1 1 33 307 310
315 1 1 1 30 5 313
316 1 1 1 309 30 313
317 1 1 1 36 37 311
318 1 1 1 306 311 315
319 1 1 1 308 32 310
320 1 1 1 308 306 309
321 1 1 1 36 311 317
322 1 1 1 307 306 310
323 1 1 1 311 307 317
324 1 1 1 30 309 316
325 1 1 1 37 3 312
326 1 1 1 311 312 315
327 1 1 1 32 33 310
328 1 1 1 306 307 311
329 1 1 1 4 30 316
330 1 1 1 35 36 317
331 1 1 1 306 308 310
332 1 1 1 3 28 312
333 1 1 1 28 29 315
334 1 1 1 5 31 313
335 1 1 1 29 309 315
336 1 1 1 311 37 312
337 1 1 1 31 308 313
338 1 1 1 309 306 315
339 1 1 1 29 4 316
340 1 1 1 309 29 316
341 1 1 1 314 35 317
342 1 1 1 312 28 315
343 1 1 1 307 314 317
344 1 1 1 92 351 359
345 1 1 1 130 131 344
346 1 1 1 107 108 345
347 1 1 1 360 90 361
348 1 1 1 362 95 363
349 1 1 1 351 92 352
350 1 1 1 346 332 386
351 1 1 1 351 325 359
352 1 1 1 348 96 409
353 1 1 1 88 347 408
354 1 1 1 326 351 352
355 1 1 1 318 349 358
356 1 1 1 350 319 357
357 1 1 1 101 10 397
358 1 1 1 6 34 398
359 1 1 1 351 326 384
360 1 1 1 325 351 384
361 1 1 1 89 90 360
362 1 1 1 91 92 359
363 1 1 1 94 95 362
364 1 1 1 325 346 386
365 1 1 1 92 93 352
366 1 1 1 123 124 353
367 1 1 1 114 115 354
368 1 1 1 97 9 422
369 1 1 1 5 87 423
370 1 1 1 10 102 397
371 1 1 1 136 6 398
372 1 1 1 329 418 424
373 1 1 1 419 328 425
374 1 1 1 96 348 394
375 1 1 1 96 97 409
376 1 1 1 87 88 408
377 1 1 1 347 88 389
378 1 1 1 325 338 346
379 1 1 1 393 333 405
380 1 1 1 387 330 392
381 1 1 1 348 322 394
382 1 1 1 32 349 400
383 1 1 1 350 99 401
384 1 1 1 105 106 364
385 1 1 1 132 133 365
386 1 1 1 320 347 389
387 1 1 1 134 135 355
388 1 1 1 103 104 356
389 1 1 1 350 357 395
390 1 1 1 358 349 396
391 1 1 1 324 360 361
392 1 1 1 327 362 363
393 1 1 1 374 332 407
394 1 1 1 326 352 385
395 1 1 1 344 131 376
396 1 1 1 107 345 375
397 1 1 1 99 100 401
398 1 1 1 33 32 400
399 1 1 1 130 344 372
400 1 1 1 345 108 373
401 1 1 1 332 346 407
402 1 1 1 330 372 392
403 1 1 1 373 333 393
404 1 1 1 318 347 418
405 1 1 1 348 319 419
406 1 1 1 359 325 386
407 1 1 1 365 329 376
408 1 1 1 328 364 375
409 1 1 1 360 324 387
410 1 1 1 362 327 388
411 1 1 1 372 344 392
412 1 1 1 345 373 393
413 1 1 1 418 347 424
414 1 1 1 348 419 425
415 1 1 1 127 128 366
416 1 1 1 125 126 367
417 1 1 1 112 113 368
418 1 1 1 110 111 369
419 1 1 1 344 329 392
420 1 1 1 328 345 393
421 1 1 1 346 338 399
422 1 1 1 352 323 385
423 1 1 1 118 119 370
424 1 1 1 116 117 371
425 1 1 1 318 339 383
426 1 1 1 340 319 382
427 1 1 1 321 359 386
428 1 1 1 320 360 387
429 1 1 1 323 362 388
430 1 1 1 323 352 391
431 1 1 1 129 130 372
432 1 1 1 108 109 373
433 1 1 1 349 32 396
434 1 1 1 99 350 395
435 1 1 1 372 330 379
436 1 1 1 333 373 380
437 1 1 1 322 393 405
438 1 1 1 123 353 374
439 1 1 1 353 124 377
440 1 1 1 114 354 378
441 1 1 1 354 115 381
442 1 1 1 320 387 392
443 1 1 1 329 365 418
444 1 1 1 364 328 419
445 1 1 1 100 101 427
446 1 1 1 34 33 426
447 1 1 1 349 318 383
448 1 1 1 319 350 382
449 1 1 1 122 123 374
450 1 1 1 347 320 424
451 1 1 1 322 348 425
452 1 1 1 360 320 389
453 1 1 1 359 321 390
454 1 1 1 362 323 391
455 1 1 1 336 382 401
456 1 1 1 383 337 400
457 1 1 1 338 325 384
458 1 1 1 32 31 396
459 1 1 1 98 99 395
460 1 1 1 131 132 376
461 1 1 1 106 107 375
462 1 1 1 329 344 376
463 1 1 1 345 328 375
464 1 1 1 330 366 379
465 1 1 1 369 333 380
466 1 1 1 367 331 377
467 1 1 1 334 368 378
468 1 1 1 124 125 377
469 1 1 1 113 114 378
470 1 1 1 318 358 408
471 1 1 1 357 319 409
472 1 1 1 115 116 381
473 1 1 1 321 361 390
474 1 1 1 128 129 379
475 1 1 1 109 110 380
476 1 1 1 324 361 404
477 1 1 1 327 363 405
478 1 1 1 31 5 423
479 1 1 1 9 98 422
480 1 1 1 364 106 375
481 1 1 1 132 365 376
482 1 1 1 134 355 402
483 1 1 1 356 104 403
484 1 1 1 105 364 403
485 1 1 1 365 133 402
486 1 1 1 336 356 382
487 1 1 1 355 337 383
488 1 1 1 322 363 394
489 1 1 1 365 339 418
490 1 1 1 340 364 419
491 1 1 1 339 318 418
492 1 1 1 319 340 419
493 1 1 1 95 96 394
494 1 1 1 93 94 391
495 1 1 1 90 91 390
496 1 1 1 88 89 389
497 1 1 1 102 103 421
498 1 1 1 135 136 420
499 1 1 1 371 335 381
500 1 1 1 355 135 420
501 1 1 1 103 356 421
502 1 1 1 399 338 410
503 1 1 1 396 31 423
504 1 1 1 98 395 422
505 1 1 1 353 331 429
506 1 1 1 334 354 430
507 1 1 1 388 334 430
508 1 1 1 125 367 377
509 1 1 1 368 113 378
510 1 1 1 366 128 379
511 1 1 1 110 369 380
512 1 1 1 331 404 429
513 1 1 1 361 321 404
514 1 1 1 363 322 405
515 1 1 1 332 353 429
516 1 1 1 354 335 430
517 1 1 1 116 371 381
518 1 1 1 361 90 390
519 1 1 1 104 105 403
520 1 1 1 133 134 402
521 1 1 1 120 121 399
522 1 1 1 347 318 408
523 1 1 1 319 348 409
524 1 1 1 127 366 416
525 1 1 1 367 126 416
526 1 1 1 112 368 417
527 1 1 1 369 111 417
528 1 1 1 97 357 409
529 1 1 1 358 87 408
530 1 1 1 370 119 410
531 1 1 1 129 372 379
532 1 1 1 373 109 380
533 1 1 1 121 122 407
534 1 1 1 118 370 428
535 1 1 1 371 117 428
536 1 1 1 119 120 410
537 1 1 1 335 385 430
538 1 1 1 331 353 377
539 1 1 1 354 334 378
540 1 1 1 339 355 383
541 1 1 1 356 340 382
542 1 1 1 363 95 394
543 1 1 1 386 332 429
544 1 1 1 324 341 412
545 1 1 1 341 324 411
546 1 1 1 342 327 414
547 1 1 1 327 342 413
548 1 1 1 392 329 424
549 1 1 1 328 393 425
550 1 1 1 366 330 412
551 1 1 1 331 367 411
552 1 1 1 333 369 414
553 1 1 1 368 334 413
554 1 1 1 122 374 407
555 1 1 1 382 350 401
556 1 1 1 349 383 400
557 1 1 1 385 335 406
558 1 1 1 330 387 412
559 1 1 1 334 388 413
560 1 1 1 400 337 426
561 1 1 1 336 401 427
562 1 1 1 335 371 406
563 1 1 1 126 127 416
564 1 1 1 111 112 417
565 1 1 1 326 343 415
566 1 1 1 352 93 391
567 1 1 1 343 326 406
568 1 1 1 397 102 421
569 1 1 1 136 398 420
570 1 1 1 335 354 381
571 1 1 1 117 118 428
572 1 1 1 337 355 420
573 1 1 1 356 336 421
574 1 1 1 387 324 412
575 1 1 1 388 327 413
576 1 1 1 358 396 423
577 1 1 1 395 357 422
578 1 1 1 353 332 374
579 1 1 1 340 356 403
580 1 1 1 355 339 402
581 1 1 1 399 121 407
582 1 1 1 120 399 410
583 1 1 1 404 331 411
584 1 1 1 405 333 414
585 1 1 1 89 360 389
586 1 1 1 91 359 390
587 1 1 1 94 362 391
588 1 1 1 33 400 426
589 1 1 1 401 100 427
590 1 1 1 404 321 429
591 1 1 1 326 385 406
592 1 1 1 370 338 415
593 1 1 1 338 370 410
594 1 1 1 87 358 423
595 1 1 1 357 97 422
596 1 1 1 324 404 411
597 1 1 1 327 405 414
598 1 1 1 323 388 430
599 1 1 1 338 384 415
600 1 1 1 339 365 402
601 1 1 1 364 340 403
602 1 1 1 343 370 415
603 1 1 1 385 323 430
604 1 1 1 366 341 416
605 1 1 1 341 367 416
606 1 1 1 368 342 417
607 1 1 1 342 369 417
608 1 1 1 370 343 428
609 1 1 1 343 371 428
610 1 1 1 321 386 429
611 1 1 1 371 343 406
612 1 1 1 367 341 411
613 1 1 1 341 366 412
614 1 1 1 342 368 413
615 1 1 1 369 342 414
616 1 1 1 397 336 427
617 1 1 1 337 398 426
618 1 1 1 384 326 415
619 1 1 1 101 397 427
620 1 1 1 398 34 426
621 1 1 1 346 399 407
622 1 1 1 320 392 424
623 1 1 1 393 322 425
624 1 1 1 398 337 420
625 1 1 1 336 397 421
626 1 1 1 859 561 1006
627 1 1 1 670 859 1006
628 1 1 1 606 859 1077
629 1 1 1 746 159 796
630 1 1 1 557 801 811
631 1 1 1 621 897 1073
632 1 1 1 602 782 930
633 1 1 1 782 540 930
634 1 1 1 714 162 891
635 1 1 1 752 513 761
636 1 1 1 102 893 1040
637 1 1 1 853 584 987
638 1 1 1 987 584 1069
639 1 1 1 801 453 811
640 1 1 1 607 965 1152
641 1 1 1 181 182 792
642 1 1 1 931 464 1039
643 1 1 1 66 732 954
644 1 1 1 676 544 886
645 1 1 1 464 758 1039
646 1 1 1 577 740 809
647 1 1 1 712 455 981
648 1 1 1 768 590 1037
649 1 1 1 740 484 809
650 1 1 1 779 687 1210
651 1 1 1 499 779 1210
652 1 1 1 699 527 1220
653 1 1 1 906 600 908
654 1 1 1 530 677 1034
655 1 1 1 830 497 1041
656 1 1 1 681 490 845
657 1 1 1 544 676 1033
658 1 1 1 660 830 1041
659 1 1 1 677 530 974
660 1 1 1 600 842 1056
661 1 1 1 792 182 877
662 1 1 1 647 854 976
663 1 1 1 942 667 1064
664 1 1 1 854 461 976
665 1 1 1 171 172 720
666 1 1 1 752 46 1150
667 1 1 1 1056 842 1177
668 1 1 1 46 45 1150
669 1 1 1 521 746 796
670 1 1 1 536 689 883
671 1 1 1 689 470 883
672 1 1 1 601 714 1161
673 1 1 1 705 491 847
674 1 1 1 540 705 847
675 1 1 1 451 750 966
676 1 1 1 576 808 866
677 1 1 1 865 644 936
678 1 1 1 43 695 1079
679 1 1 1 859 606 1198
680 1 1 1 553 765 766
681 1 1 1 808 541 866
682 1 1 1 546 865 936
683 1 1 1 530 1034 1232
684 1 1 1 854 1102 1342
685 1 1 1 103 102 1040
686 1 1 1 590 768 1140
687 1 1 1 569 704 982
688 1 1 1 678 485 1156
689 1 1 1 798 555 864
690 1 1 1 470 689 1199
691 1 1 1 534 685 863
692 1 1 1 1037 590 1206
693 1 1 1 1034 674 1232
694 1 1 1 632 783 871
695 1 1 1 485 678 1031
696 1 1 1 765 518 766
697 1 1 1 158 159 746
698 1 1 1 709 473 1267
699 1 1 1 493 942 1064
700 1 1 1 434 729 1085
701 1 1 1 587 839 889
702 1 1 1 897 621 1120
703 1 1 1 769 467 1055
704 1 1 1 685 534 882
705 1 1 1 617 707 958
706 1 1 1 698 507 824
707 1 1 1 726 560 790
708 1 1 1 520 706 833
709 1 1 1 494 684 888
710 1 1 1 536 726 790
711 1 1 1 734 537 817
712 1 1 1 614 710 968
713 1 1 1 490 681 982
714 1 1 1 517 707 950
715 1 1 1 839 468 889
716 1 1 1 500 709 935
717 1 1 1 762 442 880
718 1 1 1 553 766 1443
719 1 1 1 507 698 1178
720 1 1 1 467 793 1055
721 1 1 1 957 483 1190
722 1 1 1 134 738 1235
723 1 1 1 736 675 1178
724 1 1 1 1098 843 1232
725 1 1 1 1297 535 1416
726 1 1 1 1220 527 1321
727 1 1 1 648 1155 1188
728 1 1 1 980 645 997
729 1 1 1 446 723 825
730 1 1 1 453 715 811
731 1 1 1 599 701 1175
732 1 1 1 595 691 1109
733 1 1 1 800 452 1024
734 1 1 1 920 123 1018
735 1 1 1 684 494 916
736 1 1 1 643 895 1237
737 1 1 1 577 690 1063
738 1 1 1 935 709 1267
739 1 1 1 1137 805 1192
740 1 1 1 819 1129 1274
741 1 1 1 716 1297 1416
742 1 1 1 724 104 1040
743 1 1 1 512 783 1071
744 1 1 1 783 632 1071
745 1 1 1 561 735 914
746 1 1 1 574 723 961
747 1 1 1 735 516 914
748 1 1 1 586 1011 1333
749 1 1 1 691 536 883
750 1 1 1 723 493 961
751 1 1 1 854 647 1102
752 1 1 1 850 509 1026
753 1 1 1 536 691 884
754 1 1 1 593 715 918
755 1 1 1 1041 807 1323
756 1 1 1 516 735 1126
757 1 1 1 776 648 1188
758 1 1 1 1228 702 1286
759 1 1 1 1119 544 1238
760 1 1 1 135 134 1235
761 1 1 1 714 857 1161
762 1 1 1 804 614 823
763 1 1 1 948 63 1110
764 1 1 1 734 817 1402
765 1 1 1 747 40 1246
766 1 1 1 508 791 851
767 1 1 1 556 730 810
768 1 1 1 64 63 948
769 1 1 1 791 605 851
770 1 1 1 64 948 1239
771 1 1 1 1103 844 1306
772 1 1 1 494 719 946
773 1 1 1 483 957 1164
774 1 1 1 739 557 811
775 1 1 1 808 149 933
776 1 1 1 909 607 1152
777 1 1 1 525 732 826
778 1 1 1 689 536 1043
779 1 1 1 448 713 833
780 1 1 1 67 66 954
781 1 1 1 522 805 1137
782 1 1 1 720 505 971
783 1 1 1 573 720 971
784 1 1 1 817 435 1402
785 1 1 1 535 787 1416
786 1 1 1 695 43 1133
787 1 1 1 1011 664 1333
788 1 1 1 550 906 908
789 1 1 1 800 1024 1322
790 1 1 1 632 871 1191
791 1 1 1 123 122 1018
792 1 1 1 985 836 1280
793 1 1 1 723 574 825
794 1 1 1 687 779 1288
795 1 1 1 859 670 1077
796 1 1 1 831 533 871
797 1 1 1 691 595 1047
798 1 1 1 587 721 839
799 1 1 1 575 700 870
800 1 1 1 451 966 1214
801 1 1 1 713 448 1245
802 1 1 1 1178 675 1299
803 1 1 1 675 736 1350
804 1 1 1 855 712 981
805 1 1 1 463 1020 1176
806 1 1 1 473 709 1295
807 1 1 1 1128 505 1252
808 1 1 1 690 577 926
809 1 1 1 895 643 1160
810 1 1 1 1330 810 1381
811 1 1 1 63 62 1110
812 1 1 1 518 765 1448
813 1 1 1 754 562 873
814 1 1 1 40 39 1246
815 1 1 1 514 980 997
816 1 1 1 447 1330 1381
817 1 1 1 770 454 1300
818 1 1 1 514 793 975
819 1 1 1 788 612 1262
820 1 1 1 602 807 1041
821 1 1 1 687 1288 1366
822 1 1 1 728 470 1199
823 1 1 1 1102 623 1342
824 1 1 1 591 745 1029
825 1 1 1 615 763 1087
826 1 1 1 721 432 878
827 1 1 1 745 498 1029
828 1 1 1 701 599 1144
829 1 1 1 763 508 1087
830 1 1 1 443 768 1037
831 1 1 1 711 565 1022
832 1 1 1 531 722 952
833 1 1 1 445 997 1188
834 1 1 1 1271 770 1300
835 1 1 1 434 1085 1335
836 1 1 1 612 1099 1262
837 1 1 1 566 727 962
838 1 1 1 726 536 884
839 1 1 1 744 435 817
840 1 1 1 61 745 1110
841 1 1 1 705 540 1316
842 1 1 1 477 795 947
843 1 1 1 142 1053 1146
844 1 1 1 762 500 935
845 1 1 1 727 489 962
846 1 1 1 798 461 854
847 1 1 1 555 798 854
848 1 1 1 475 978 1237
849 1 1 1 1130 649 1219
850 1 1 1 1049 173 1108
851 1 1 1 855 538 1120
852 1 1 1 171 720 990
853 1 1 1 714 535 857
854 1 1 1 702 965 1286
855 1 1 1 543 742 868
856 1 1 1 505 1128 1388
857 1 1 1 742 438 868
858 1 1 1 438 1228 1286
859 1 1 1 855 1120 1386
860 1 1 1 844 534 1306
861 1 1 1 843 530 1232
862 1 1 1 864 555 998
863 1 1 1 886 544 1119
864 1 1 1 462 739 835
865 1 1 1 1221 488 1434
866 1 1 1 590 849 1206
867 1 1 1 1063 690 1139
868 1 1 1 541 703 898
869 1 1 1 531 717 861
870 1 1 1 764 114 1125
871 1 1 1 722 531 856
872 1 1 1 504 734 943
873 1 1 1 587 889 1094
874 1 1 1 619 850 1026
875 1 1 1 889 1070 1094
876 1 1 1 982 704 1307
877 1 1 1 730 505 1388
878 1 1 1 55 54 763
879 1 1 1 710 614 1194
880 1 1 1 489 727 941
881 1 1 1 149 150 933
882 1 1 1 719 494 1243
883 1 1 1 829 692 1226
884 1 1 1 717 584 1086
885 1 1 1 453 829 1226
886 1 1 1 162 163 891
887 1 1 1 975 793 1121
888 1 1 1 572 731 967
889 1 1 1 469 857 904
890 1 1 1 532 809 1038
891 1 1 1 706 520 1171
892 1 1 1 727 560 941
893 1 1 1 762 880 1185
894 1 1 1 437 879 1234
895 1 1 1 810 696 1381
896 1 1 1 1053 686 1146
897 1 1 1 652 819 1274
898 1 1 1 703 541 933
899 1 1 1 169 170 785
900 1 1 1 594 771 945
901 1 1 1 144 988 1224
902 1 1 1 703 609 1134
903 1 1 1 508 851 1087
904 1 1 1 851 661 1087
905 1 1 1 503 875 1264
906 1 1 1 496 747 1309
907 1 1 1 498 745 1360
908 1 1 1 820 604 1032
909 1 1 1 758 578 872
910 1 1 1 631 985 1280
911 1 1 1 488 906 1434
912 1 1 1 897 439 1073
913 1 1 1 1126 735 1317
914 1 1 1 735 561 1302
915 1 1 1 700 575 1062
916 1 1 1 527 699 946
917 1 1 1 481 814 945
918 1 1 1 814 594 945
919 1 1 1 875 503 1132
920 1 1 1 581 806 1052
921 1 1 1 813 479 1318
922 1 1 1 852 624 1123
923 1 1 1 837 532 1038
924 1 1 1 713 571 1001
925 1 1 1 673 1049 1108
926 1 1 1 504 728 1275
927 1 1 1 947 795 1154
928 1 1 1 820 1032 1314
929 1 1 1 535 714 891
930 1 1 1 529 792 877
931 1 1 1 1173 813 1318
932 1 1 1 523 786 1251
933 1 1 1 638 812 1126
934 1 1 1 900 603 961
935 1 1 1 565 711 1248
936 1 1 1 760 504 943
937 1 1 1 701 585 963
938 1 1 1 731 572 869
939 1 1 1 517 950 1179
940 1 1 1 585 701 1024
941 1 1 1 633 1004 1060
942 1 1 1 734 504 1275
943 1 1 1 495 731 869
944 1 1 1 743 501 1244
945 1 1 1 491 705 1099
946 1 1 1 472 1063 1139
947 1 1 1 720 573 990
948 1 1 1 474 836 985
949 1 1 1 609 703 1016
950 1 1 1 823 614 1250
951 1 1 1 997 445 1372
952 1 1 1 728 504 969
953 1 1 1 747 654 1309
954 1 1 1 485 923 959
955 1 1 1 923 650 959
956 1 1 1 704 569 1018
957 1 1 1 649 964 1219
958 1 1 1 1202 799 1261
959 1 1 1 974 482 1165
960 1 1 1 786 1202 1251
961 1 1 1 44 43 1079
962 1 1 1 168 749 1249
963 1 1 1 812 516 1126
964 1 1 1 895 1146 1434
965 1 1 1 537 734 1275
966 1 1 1 905 643 978
967 1 1 1 747 496 1162
968 1 1 1 519 802 1035
969 1 1 1 153 154 778
970 1 1 1 802 611 1035
971 1 1 1 489 941 1052
972 1 1 1 706 1171 1187
973 1 1 1 709 500 1195
974 1 1 1 708 455 1141
975 1 1 1 800 528 845
976 1 1 1 716 547 904
977 1 1 1 660 1041 1323
978 1 1 1 610 794 1095
979 1 1 1 717 531 1181
980 1 1 1 492 708 1033
981 1 1 1 494 946 1341
982 1 1 1 455 712 1141
983 1 1 1 794 610 1193
984 1 1 1 941 694 1052
985 1 1 1 722 547 1356
986 1 1 1 570 905 978
987 1 1 1 707 617 1106
988 1 1 1 1052 806 1215
989 1 1 1 741 627 888
990 1 1 1 439 804 926
991 1 1 1 798 539 896
992 1 1 1 522 804 823
993 1 1 1 731 495 1147
994 1 1 1 104 103 1040
995 1 1 1 550 895 1434
996 1 1 1 126 125 822
997 1 1 1 470 728 1223
998 1 1 1 810 730 1388
999 1 1 1 1020 637 1176
1000 1 1 1 988 662 1224
1001 1 1 1 1004 552 1060
1002 1 1 1 831 871 1155
1003 1 1 1 819 497 830
1004 1 1 1 799 695 1362
1005 1 1 1 558 819 830
1006 1 1 1 159 160 796
1007 1 1 1 479 813 903
1008 1 1 1 505 720 1252
1009 1 1 1 813 571 903
1010 1 1 1 842 600 906
1011 1 1 1 1171 604 1187
1012 1 1 1 519 799 1362
1013 1 1 1 1078 949 1331
1014 1 1 1 908 475 1237
1015 1 1 1 598 706 1017
1016 1 1 1 706 598 1014
1017 1 1 1 114 764 960
1018 1 1 1 606 907 940
1019 1 1 1 715 453 1226
1020 1 1 1 729 434 1355
1021 1 1 1 611 747 1162
1022 1 1 1 715 593 1142
1023 1 1 1 770 675 1350
1024 1 1 1 114 113 1125
1025 1 1 1 967 731 1384
1026 1 1 1 454 770 1350
1027 1 1 1 756 128 1080
1028 1 1 1 1174 683 1410
1029 1 1 1 785 170 990
1030 1 1 1 552 780 944
1031 1 1 1 104 724 1021
1032 1 1 1 62 61 1110
1033 1 1 1 455 708 1260
1034 1 1 1 630 772 1298
1035 1 1 1 434 876 1220
1036 1 1 1 558 718 992
1037 1 1 1 701 963 1175
1038 1 1 1 547 716 977
1039 1 1 1 707 517 1437
1040 1 1 1 718 480 992
1041 1 1 1 876 699 1220
1042 1 1 1 480 718 936
1043 1 1 1 546 718 1023
1044 1 1 1 904 857 1297
1045 1 1 1 465 799 1202
1046 1 1 1 1189 816 1213
1047 1 1 1 1165 989 1420
1048 1 1 1 718 546 936
1049 1 1 1 732 66 1242
1050 1 1 1 770 564 983
1051 1 1 1 677 974 1165
1052 1 1 1 156 711 1061
1053 1 1 1 708 492 1046
1054 1 1 1 614 968 1250
1055 1 1 1 540 782 1316
1056 1 1 1 698 1220 1321
1057 1 1 1 560 726 1003
1058 1 1 1 752 761 1276
1059 1 1 1 621 816 1189
1060 1 1 1 759 436 930
1061 1 1 1 1002 827 1422
1062 1 1 1 538 981 1194
1063 1 1 1 616 949 1078
1064 1 1 1 571 713 1065
1065 1 1 1 714 601 1296
1066 1 1 1 557 739 1255
1067 1 1 1 562 989 1165
1068 1 1 1 638 755 1270
1069 1 1 1 744 1313 1352
1070 1 1 1 711 156 1248
1071 1 1 1 856 469 1197
1072 1 1 1 626 920 931
1073 1 1 1 920 569 931
1074 1 1 1 627 741 1264
1075 1 1 1 1129 440 1274
1076 1 1 1 739 510 1257
1077 1 1 1 624 852 1289
1078 1 1 1 763 54 892
1079 1 1 1 630 882 1258
1080 1 1 1 588 769 878
1081 1 1 1 759 540 980
1082 1 1 1 174 175 794
1083 1 1 1 493 723 942
1084 1 1 1 510 739 1358
1085 1 1 1 432 721 1136
1086 1 1 1 721 587 1136
1087 1 1 1 523 729 1308
1088 1 1 1 563 834 994
1089 1 1 1 981 710 1194
1090 1 1 1 499 742 1135
1091 1 1 1 579 814 874
1092 1 1 1 162 714 1296
1093 1 1 1 469 904 1197
1094 1 1 1 723 446 970
1095 1 1 1 683 929 1058
1096 1 1 1 929 502 1058
1097 1 1 1 785 539 1009
1098 1 1 1 1009 539 1400
1099 1 1 1 718 558 995
1100 1 1 1 730 556 976
1101 1 1 1 1313 653 1352
1102 1 1 1 461 730 976
1103 1 1 1 493 900 961
1104 1 1 1 526 924 1128
1105 1 1 1 672 777 1326
1106 1 1 1 777 511 1326
1107 1 1 1 784 462 912
1108 1 1 1 504 768 969
1109 1 1 1 924 696 1128
1110 1 1 1 578 827 1002
1111 1 1 1 584 717 1091
1112 1 1 1 147 1010 1344
1113 1 1 1 783 445 871
1114 1 1 1 617 958 1211
1115 1 1 1 126 822 1327
1116 1 1 1 748 435 910
1117 1 1 1 547 722 1197
1118 1 1 1 762 619 1182
1119 1 1 1 435 744 910
1120 1 1 1 442 762 1182
1121 1 1 1 634 1037 1206
1122 1 1 1 750 451 1294
1123 1 1 1 751 579 1166
1124 1 1 1 545 748 910
1125 1 1 1 1010 743 1344
1126 1 1 1 581 724 1007
1127 1 1 1 441 967 1384
1128 1 1 1 882 630 1298
1129 1 1 1 539 798 864
1130 1 1 1 551 772 954
1131 1 1 1 117 911 1170
1132 1 1 1 879 663 1234
1133 1 1 1 781 132 1045
1134 1 1 1 720 172 1049
1135 1 1 1 683 1058 1410
1136 1 1 1 907 448 940
1137 1 1 1 478 852 1123
1138 1 1 1 500 748 1195
1139 1 1 1 773 572 973
1140 1 1 1 805 597 1231
1141 1 1 1 949 506 964
1142 1 1 1 649 949 964
1143 1 1 1 501 773 973
1144 1 1 1 640 1012 1056
1145 1 1 1 711 1022 1164
1146 1 1 1 538 897 1120
1147 1 1 1 653 869 1015
1148 1 1 1 440 757 951
1149 1 1 1 757 555 951
1150 1 1 1 919 1222 1284
1151 1 1 1 732 525 1090
1152 1 1 1 724 581 1021
1153 1 1 1 516 751 914
1154 1 1 1 732 551 954
1155 1 1 1 792 529 1011
1156 1 1 1 586 792 1011
1157 1 1 1 646 957 1190
1158 1 1 1 727 566 1050
1159 1 1 1 505 730 971
1160 1 1 1 965 518 1152
1161 1 1 1 945 771 1234
1162 1 1 1 46 752 1276
1163 1 1 1 679 1119 1238
1164 1 1 1 560 727 1169
1165 1 1 1 866 541 1183
1166 1 1 1 508 763 1114
1167 1 1 1 919 551 1222
1168 1 1 1 484 740 1036
1169 1 1 1 851 1089 1373
1170 1 1 1 876 1335 1337
1171 1 1 1 128 756 1104
1172 1 1 1 542 876 1337
1173 1 1 1 740 568 1036
1174 1 1 1 738 134 986
1175 1 1 1 865 546 1067
1176 1 1 1 592 860 925
1177 1 1 1 860 567 925
1178 1 1 1 749 1009 1400
1179 1 1 1 815 533 1367
1180 1 1 1 521 796 1196
1181 1 1 1 490 982 1307
1182 1 1 1 766 471 1443
1183 1 1 1 877 182 1287
1184 1 1 1 573 785 990
1185 1 1 1 730 461 1208
1186 1 1 1 512 769 1055
1187 1 1 1 895 550 1237
1188 1 1 1 654 747 1246
1189 1 1 1 1183 541 1417
1190 1 1 1 1067 546 1382
1191 1 1 1 1076 685 1123
1192 1 1 1 568 740 1334
1193 1 1 1 772 919 1298
1194 1 1 1 603 968 1151
1195 1 1 1 667 942 1314
1196 1 1 1 739 462 1255
1197 1 1 1 729 523 1085
1198 1 1 1 814 481 874
1199 1 1 1 968 710 1151
1200 1 1 1 858 495 1180
1201 1 1 1 681 1019 1101
1202 1 1 1 55 763 1131
1203 1 1 1 879 437 1157
1204 1 1 1 513 752 1363
1205 1 1 1 158 746 955
1206 1 1 1 746 565 955
1207 1 1 1 167 168 1249
1208 1 1 1 182 183 1287
1209 1 1 1 636 1098 1232
1210 1 1 1 946 699 1341
1211 1 1 1 525 750 1090
1212 1 1 1 746 521 1027
1213 1 1 1 565 746 1027
1214 1 1 1 871 533 1191
1215 1 1 1 688 1002 1422
1216 1 1 1 787 535 1444
1217 1 1 1 668 858 1180
1218 1 1 1 176 177 862
1219 1 1 1 551 732 1090
1220 1 1 1 599 815 879
1221 1 1 1 901 743 1244
1222 1 1 1 742 499 983
1223 1 1 1 540 759 930
1224 1 1 1 509 850 1143
1225 1 1 1 779 499 1135
1226 1 1 1 501 743 1059
1227 1 1 1 861 717 1086
1228 1 1 1 944 780 1094
1229 1 1 1 691 883 1109
1230 1 1 1 767 633 1281
1231 1 1 1 862 568 938
1232 1 1 1 38 1167 1246
1233 1 1 1 610 862 938
1234 1 1 1 775 431 928
1235 1 1 1 640 806 1012
1236 1 1 1 763 615 1131
1237 1 1 1 467 769 1359
1238 1 1 1 847 645 980
1239 1 1 1 619 762 935
1240 1 1 1 750 525 966
1241 1 1 1 748 545 1195
1242 1 1 1 40 747 1057
1243 1 1 1 741 444 1042
1244 1 1 1 879 815 1367
1245 1 1 1 808 576 1378
1246 1 1 1 743 576 1059
1247 1 1 1 517 1179 1212
1248 1 1 1 438 742 1084
1249 1 1 1 740 577 1063
1250 1 1 1 686 1221 1434
1251 1 1 1 747 611 1057
1252 1 1 1 974 651 1078
1253 1 1 1 1167 136 1235
1254 1 1 1 578 758 1266
1255 1 1 1 444 741 1241
1256 1 1 1 536 790 1043
1257 1 1 1 562 754 1025
1258 1 1 1 841 439 926
1259 1 1 1 749 168 1009
1260 1 1 1 742 543 1135
1261 1 1 1 577 841 926
1262 1 1 1 772 551 919
1263 1 1 1 816 621 1073
1264 1 1 1 47 761 1083
1265 1 1 1 751 516 1218
1266 1 1 1 547 807 1356
1267 1 1 1 576 743 1010
1268 1 1 1 583 760 943
1269 1 1 1 918 692 1162
1270 1 1 1 496 918 1162
1271 1 1 1 795 606 940
1272 1 1 1 1270 755 1427
1273 1 1 1 111 884 1365
1274 1 1 1 461 798 896
1275 1 1 1 791 508 1114
1276 1 1 1 111 110 884
1277 1 1 1 786 549 932
1278 1 1 1 769 512 1439
1279 1 1 1 1179 737 1212
1280 1 1 1 719 1253 1270
1281 1 1 1 670 927 1077
1282 1 1 1 927 515 1077
1283 1 1 1 894 537 1199
1284 1 1 1 851 605 1089
1285 1 1 1 689 894 1199
1286 1 1 1 480 936 1013
1287 1 1 1 487 767 934
1288 1 1 1 905 139 1160
1289 1 1 1 572 773 1015
1290 1 1 1 176 862 1095
1291 1 1 1 548 775 928
1292 1 1 1 936 644 1013
1293 1 1 1 880 637 1185
1294 1 1 1 451 846 1294
1295 1 1 1 475 806 1007
1296 1 1 1 765 553 970
1297 1 1 1 185 186 863
1298 1 1 1 597 1028 1231
1299 1 1 1 542 784 912
1300 1 1 1 846 1254 1294
1301 1 1 1 880 442 1138
1302 1 1 1 824 729 1355
1303 1 1 1 446 765 970
1304 1 1 1 533 831 1367
1305 1 1 1 898 1295 1417
1306 1 1 1 745 61 1107
1307 1 1 1 786 523 1308
1308 1 1 1 555 757 998
1309 1 1 1 628 1202 1261
1310 1 1 1 745 591 1110
1311 1 1 1 117 116 911
1312 1 1 1 896 539 1376
1313 1 1 1 7 74 189
1314 1 1 1 881 463 1176
1315 1 1 1 773 460 1015
1316 1 1 1 757 558 992
1317 1 1 1 748 500 1329
1318 1 1 1 825 574 1046
1319 1 1 1 1019 589 1101
1320 1 1 1 994 834 1190
1321 1 1 1 653 1015 1392
1322 1 1 1 45 44 1150
1323 1 1 1 435 748 1075
1324 1 1 1 759 514 975
1325 1 1 1 782 602 956
1326 1 1 1 1155 445 1188
1327 1 1 1 868 607 1093
1328 1 1 1 812 638 1253
1329 1 1 1 558 757 1129
1330 1 1 1 806 581 1007
1331 1 1 1 113 112 1047
1332 1 1 1 514 759 980
1333 1 1 1 780 552 1004
1334 1 1 1 668 894 1278
1335 1 1 1 739 811 1358
1336 1 1 1 833 713 1001
1337 1 1 1 119 118 843
1338 1 1 1 822 665 1327
1339 1 1 1 624 1076 1123
1340 1 1 1 761 575 1083
1341 1 1 1 138 139 905
1342 1 1 1 997 645 1188
1343 1 1 1 71 70 844
1344 1 1 1 471 820 1443
1345 1 1 1 495 858 1147
1346 1 1 1 540 847 980
1347 1 1 1 618 1137 1192
1348 1 1 1 673 1128 1252
1349 1 1 1 756 580 1104
1350 1 1 1 831 1320 1367
1351 1 1 1 579 751 1218
1352 1 1 1 593 918 1127
1353 1 1 1 910 744 1352
1354 1 1 1 840 1144 1157
1355 1 1 1 465 786 932
1356 1 1 1 911 651 1170
1357 1 1 1 44 1079 1150
1358 1 1 1 754 873 1130
1359 1 1 1 491 1030 1349
1360 1 1 1 1030 776 1349
1361 1 1 1 504 760 1140
1362 1 1 1 760 590 1140
1363 1 1 1 849 463 1060
1364 1 1 1 768 613 969
1365 1 1 1 471 766 979
1366 1 1 1 764 506 1209
1367 1 1 1 855 498 1408
1368 1 1 1 712 855 1408
1369 1 1 1 758 524 1039
1370 1 1 1 108 107 867
1371 1 1 1 541 808 933
1372 1 1 1 613 768 1219
1373 1 1 1 482 974 1078
1374 1 1 1 768 443 1219
1375 1 1 1 511 777 996
1376 1 1 1 675 770 1345
1377 1 1 1 835 739 1257
1378 1 1 1 755 638 1126
1379 1 1 1 436 759 1279
1380 1 1 1 580 756 1149
1381 1 1 1 907 1077 1413
1382 1 1 1 757 440 1129
1383 1 1 1 524 758 1174
1384 1 1 1 761 47 1276
1385 1 1 1 758 464 1266
1386 1 1 1 39 38 1246
1387 1 1 1 950 642 1179
1388 1 1 1 671 994 1022
1389 1 1 1 833 706 1014
1390 1 1 1 994 483 1022
1391 1 1 1 115 114 960
1392 1 1 1 575 761 1062
1393 1 1 1 128 127 1080
1394 1 1 1 1312 754 1391
1395 1 1 1 1012 600 1056
1396 1 1 1 761 513 1062
1397 1 1 1 770 983 1345
1398 1 1 1 874 481 1394
1399 1 1 1 564 770 1271
1400 1 1 1 576 1010 1378
1401 1 1 1 1089 446 1373
1402 1 1 1 926 804 1230
1403 1 1 1 443 1130 1219
1404 1 1 1 456 812 1253
1405 1 1 1 500 762 1185
1406 1 1 1 760 583 1440
1407 1 1 1 783 512 1371
1408 1 1 1 978 475 1305
1409 1 1 1 165 166 865
1410 1 1 1 445 783 1372
1411 1 1 1 463 881 1060
1412 1 1 1 598 795 940
1413 1 1 1 957 629 1164
1414 1 1 1 803 513 1363
1415 1 1 1 590 760 1117
1416 1 1 1 475 1007 1305
1417 1 1 1 136 135 1235
1418 1 1 1 506 764 1163
1419 1 1 1 884 691 1365
1420 1 1 1 840 528 1144
1421 1 1 1 539 785 1376
1422 1 1 1 794 175 1095
1423 1 1 1 1138 442 1433
1424 1 1 1 526 794 1193
1425 1 1 1 1128 696 1388
1426 1 1 1 765 446 1089
1427 1 1 1 790 459 1043
1428 1 1 1 132 131 1045
1429 1 1 1 520 813 1173
1430 1 1 1 531 952 1181
1431 1 1 1 607 1005 1093
1432 1 1 1 485 959 1156
1433 1 1 1 1216 874 1394
1434 1 1 1 113 1047 1125
1435 1 1 1 826 65 1239
1436 1 1 1 520 821 1171
1437 1 1 1 509 957 1026
1438 1 1 1 957 646 1026
1439 1 1 1 185 863 1383
1440 1 1 1 153 778 1008
1441 1 1 1 538 855 981
1442 1 1 1 462 784 1255
1443 1 1 1 656 870 1153
1444 1 1 1 898 473 1295
1445 1 1 1 789 556 1330
1446 1 1 1 948 591 985
1447 1 1 1 631 948 985
1448 1 1 1 876 542 916
1449 1 1 1 862 610 1095
1450 1 1 1 488 842 906
1451 1 1 1 774 502 1419
1452 1 1 1 766 518 1361
1453 1 1 1 492 1033 1172
1454 1 1 1 460 773 1204
1455 1 1 1 775 548 1030
1456 1 1 1 446 825 1373
1457 1 1 1 821 520 1173
1458 1 1 1 955 565 1248
1459 1 1 1 738 986 1127
1460 1 1 1 1253 638 1270
1461 1 1 1 1005 466 1111
1462 1 1 1 432 780 1004
1463 1 1 1 801 557 984
1464 1 1 1 626 931 1039
1465 1 1 1 526 832 924
1466 1 1 1 840 589 1019
1467 1 1 1 528 840 1019
1468 1 1 1 618 832 1139
1469 1 1 1 832 472 1139
1470 1 1 1 789 517 1212
1471 1 1 1 57 56 885
1472 1 1 1 767 588 1096
1473 1 1 1 856 1291 1325
1474 1 1 1 846 664 1011
1475 1 1 1 784 542 1337
1476 1 1 1 773 501 1059
1477 1 1 1 588 767 1159
1478 1 1 1 51 50 890
1479 1 1 1 431 775 1240
1480 1 1 1 928 431 1405
1481 1 1 1 832 618 924
1482 1 1 1 767 487 1159
1483 1 1 1 633 767 1268
1484 1 1 1 768 504 1140
1485 1 1 1 132 781 1256
1486 1 1 1 54 53 892
1487 1 1 1 974 530 1304
1488 1 1 1 769 588 1359
1489 1 1 1 601 796 1097
1490 1 1 1 796 160 1097
1491 1 1 1 650 923 1093
1492 1 1 1 824 507 1186
1493 1 1 1 923 543 1093
1494 1 1 1 529 877 1289
1495 1 1 1 907 606 1077
1496 1 1 1 819 652 1292
1497 1 1 1 497 819 1292
1498 1 1 1 49 48 899
1499 1 1 1 816 1073 1339
1500 1 1 1 169 785 1009
1501 1 1 1 922 471 979
1502 1 1 1 781 593 1256
1503 1 1 1 771 594 1132
1504 1 1 1 777 672 1054
1505 1 1 1 452 800 1418
1506 1 1 1 751 928 1405
1507 1 1 1 744 817 1180
1508 1 1 1 772 630 1233
1509 1 1 1 11 144 1224
1510 1 1 1 790 560 1169
1511 1 1 1 791 1114 1324
1512 1 1 1 655 1103 1306
1513 1 1 1 593 781 1142
1514 1 1 1 524 1174 1410
1515 1 1 1 1107 60 1119
1516 1 1 1 1032 667 1314
1517 1 1 1 986 593 1127
1518 1 1 1 728 969 1223
1519 1 1 1 891 693 1444
1520 1 1 1 59 58 886
1521 1 1 1 793 514 1385
1522 1 1 1 778 154 1072
1523 1 1 1 502 774 1149
1524 1 1 1 525 836 966
1525 1 1 1 556 810 1330
1526 1 1 1 1013 644 1249
1527 1 1 1 749 1013 1249
1528 1 1 1 183 184 1076
1529 1 1 1 836 622 966
1530 1 1 1 924 618 1192
1531 1 1 1 780 432 1136
1532 1 1 1 587 780 1136
1533 1 1 1 603 913 961
1534 1 1 1 763 892 1114
1535 1 1 1 558 830 995
1536 1 1 1 549 786 1308
1537 1 1 1 559 818 947
1538 1 1 1 817 668 1180
1539 1 1 1 648 776 1343
1540 1 1 1 523 801 984
1541 1 1 1 566 953 1147
1542 1 1 1 544 1033 1141
1543 1 1 1 809 484 1038
1544 1 1 1 878 769 1439
1545 1 1 1 1033 708 1141
1546 1 1 1 894 459 1278
1547 1 1 1 643 905 1160
1548 1 1 1 681 845 1019
1549 1 1 1 785 573 1376
1550 1 1 1 813 520 1001
1551 1 1 1 448 833 1014
1552 1 1 1 571 813 1001
1553 1 1 1 1142 781 1432
1554 1 1 1 147 148 1010
1555 1 1 1 863 685 1383
1556 1 1 1 612 1240 1375
1557 1 1 1 978 643 1237
1558 1 1 1 1295 669 1417
1559 1 1 1 999 753 1274
1560 1 1 1 510 1142 1432
1561 1 1 1 440 999 1274
1562 1 1 1 517 789 1028
1563 1 1 1 1147 953 1384
1564 1 1 1 1062 513 1082
1565 1 1 1 181 792 1092
1566 1 1 1 780 587 1094
1567 1 1 1 700 1062 1082
1568 1 1 1 809 532 1435
1569 1 1 1 1081 582 1088
1570 1 1 1 140 141 895
1571 1 1 1 887 588 1159
1572 1 1 1 870 656 1404
1573 1 1 1 867 560 1003
1574 1 1 1 130 129 937
1575 1 1 1 657 1271 1300
1576 1 1 1 521 838 1263
1577 1 1 1 934 554 1138
1578 1 1 1 898 703 1134
1579 1 1 1 856 531 1291
1580 1 1 1 893 570 1040
1581 1 1 1 881 633 1060
1582 1 1 1 792 586 1092
1583 1 1 1 928 751 1166
1584 1 1 1 885 615 1172
1585 1 1 1 1017 706 1187
1586 1 1 1 850 609 1143
1587 1 1 1 179 180 917
1588 1 1 1 1240 775 1375
1589 1 1 1 484 1036 1044
1590 1 1 1 806 475 1012
1591 1 1 1 1036 680 1044
1592 1 1 1 507 1178 1299
1593 1 1 1 818 559 1228
1594 1 1 1 559 947 1154
1595 1 1 1 867 694 941
1596 1 1 1 521 797 1027
1597 1 1 1 560 867 941
1598 1 1 1 580 1149 1205
1599 1 1 1 1149 774 1205
1600 1 1 1 867 107 1431
1601 1 1 1 1054 515 1399
1602 1 1 1 889 468 963
1603 1 1 1 585 889 963
1604 1 1 1 38 6 1167
1605 1 1 1 829 519 1035
1606 1 1 1 106 105 939
1607 1 1 1 6 136 1167
1608 1 1 1 692 829 1035
1609 1 1 1 579 812 1051
1610 1 1 1 812 456 1051
1611 1 1 1 875 627 1264
1612 1 1 1 872 444 1328
1613 1 1 1 838 641 1263
1614 1 1 1 786 465 1202
1615 1 1 1 683 872 1328
1616 1 1 1 725 956 1292
1617 1 1 1 956 497 1292
1618 1 1 1 788 1054 1399
1619 1 1 1 634 1312 1391
1620 1 1 1 802 42 1377
1621 1 1 1 864 480 1013
1622 1 1 1 1048 120 1098
1623 1 1 1 825 661 1373
1624 1 1 1 924 1192 1381
1625 1 1 1 934 767 1281
1626 1 1 1 861 450 1124
1627 1 1 1 803 596 1145
1628 1 1 1 878 432 1096
1629 1 1 1 608 975 1121
1630 1 1 1 1125 595 1163
1631 1 1 1 650 1005 1111
1632 1 1 1 764 1125 1163
1633 1 1 1 596 803 1363
1634 1 1 1 880 554 1176
1635 1 1 1 637 880 1176
1636 1 1 1 1149 756 1303
1637 1 1 1 486 944 1094
1638 1 1 1 800 845 1184
1639 1 1 1 612 788 1399
1640 1 1 1 802 519 1362
1641 1 1 1 822 125 1000
1642 1 1 1 694 867 1431
1643 1 1 1 934 1138 1390
1644 1 1 1 42 802 1133
1645 1 1 1 561 859 1074
1646 1 1 1 648 831 1155
1647 1 1 1 105 104 1021
1648 1 1 1 848 562 1025
1649 1 1 1 65 64 1239
1650 1 1 1 882 534 1258
1651 1 1 1 684 1081 1088
1652 1 1 1 676 886 1347
1653 1 1 1 564 818 1084
1654 1 1 1 795 598 1154
1655 1 1 1 164 1067 1229
1656 1 1 1 805 522 1148
1657 1 1 1 597 805 1148
1658 1 1 1 819 558 1129
1659 1 1 1 129 128 1104
1660 1 1 1 844 70 1112
1661 1 1 1 614 804 1353
1662 1 1 1 951 623 999
1663 1 1 1 440 951 999
1664 1 1 1 1077 515 1413
1665 1 1 1 795 477 1198
1666 1 1 1 1033 676 1172
1667 1 1 1 528 800 1322
1668 1 1 1 870 700 1153
1669 1 1 1 606 795 1198
1670 1 1 1 174 794 1108
1671 1 1 1 1022 483 1164
1672 1 1 1 843 118 1170
1673 1 1 1 179 917 1290
1674 1 1 1 726 884 1395
1675 1 1 1 459 790 1169
1676 1 1 1 793 467 1121
1677 1 1 1 678 899 1031
1678 1 1 1 899 575 1031
1679 1 1 1 894 668 1423
1680 1 1 1 556 789 1212
1681 1 1 1 826 732 1242
1682 1 1 1 450 853 1066
1683 1 1 1 611 802 1377
1684 1 1 1 635 1200 1425
1685 1 1 1 155 1061 1072
1686 1 1 1 923 656 1282
1687 1 1 1 570 893 1406
1688 1 1 1 605 791 1414
1689 1 1 1 623 903 999
1690 1 1 1 594 814 1201
1691 1 1 1 569 920 1018
1692 1 1 1 577 809 1435
1693 1 1 1 502 1149 1303
1694 1 1 1 1186 507 1319
1695 1 1 1 441 953 1056
1696 1 1 1 948 631 1239
1697 1 1 1 1082 635 1425
1698 1 1 1 695 799 1387
1699 1 1 1 758 872 1174
1700 1 1 1 794 526 1348
1701 1 1 1 900 493 1064
1702 1 1 1 520 833 1001
1703 1 1 1 617 900 1064
1704 1 1 1 946 719 1270
1705 1 1 1 453 801 1105
1706 1 1 1 615 1115 1172
1707 1 1 1 685 882 1123
1708 1 1 1 862 177 972
1709 1 1 1 953 640 1056
1710 1 1 1 696 810 1388
1711 1 1 1 905 570 1406
1712 1 1 1 896 573 1208
1713 1 1 1 807 547 1323
1714 1 1 1 146 901 1311
1715 1 1 1 1101 464 1158
1716 1 1 1 909 466 1005
1717 1 1 1 482 873 1165
1718 1 1 1 814 579 1051
1719 1 1 1 1025 754 1312
1720 1 1 1 607 909 1005
1721 1 1 1 917 586 1044
1722 1 1 1 680 917 1044
1723 1 1 1 679 1107 1119
1724 1 1 1 470 828 1109
1725 1 1 1 796 601 1196
1726 1 1 1 828 595 1109
1727 1 1 1 589 827 1101
1728 1 1 1 825 1046 1225
1729 1 1 1 827 464 1101
1730 1 1 1 801 523 1251
1731 1 1 1 668 817 1423
1732 1 1 1 566 858 1050
1733 1 1 1 797 521 1263
1734 1 1 1 582 929 1088
1735 1 1 1 860 52 1389
1736 1 1 1 815 468 1315
1737 1 1 1 799 465 1145
1738 1 1 1 799 519 1261
1739 1 1 1 509 1143 1207
1740 1 1 1 1143 778 1207
1741 1 1 1 183 1076 1287
1742 1 1 1 583 943 1075
1743 1 1 1 817 537 1423
1744 1 1 1 987 1390 1436
1745 1 1 1 902 73 1364
1746 1 1 1 836 474 1213
1747 1 1 1 477 947 993
1748 1 1 1 622 836 1213
1749 1 1 1 568 862 972
1750 1 1 1 145 146 1311
1751 1 1 1 562 848 989
1752 1 1 1 519 829 1261
1753 1 1 1 942 553 1314
1754 1 1 1 729 824 1447
1755 1 1 1 567 860 1389
1756 1 1 1 693 1067 1382
1757 1 1 1 829 628 1261
1758 1 1 1 142 143 1053
1759 1 1 1 563 853 987
1760 1 1 1 804 439 1353
1761 1 1 1 1024 701 1322
1762 1 1 1 535 891 1444
1763 1 1 1 513 803 1354
1764 1 1 1 57 885 1347
1765 1 1 1 73 72 1364
1766 1 1 1 812 579 1218
1767 1 1 1 441 1056 1177
1768 1 1 1 804 522 1230
1769 1 1 1 594 875 1132
1770 1 1 1 811 715 1358
1771 1 1 1 1288 449 1366
1772 1 1 1 663 945 1234
1773 1 1 1 807 602 1380
1774 1 1 1 826 631 1280
1775 1 1 1 152 1008 1016
1776 1 1 1 850 473 1134
1777 1 1 1 525 826 1280
1778 1 1 1 609 850 1134
1779 1 1 1 629 1061 1164
1780 1 1 1 1061 711 1164
1781 1 1 1 459 894 1043
1782 1 1 1 1233 68 1398
1783 1 1 1 622 816 1265
1784 1 1 1 834 563 1436
1785 1 1 1 682 834 1436
1786 1 1 1 152 153 1008
1787 1 1 1 806 640 1215
1788 1 1 1 816 532 1265
1789 1 1 1 474 1189 1213
1790 1 1 1 693 891 1229
1791 1 1 1 818 564 1412
1792 1 1 1 529 846 1011
1793 1 1 1 149 808 1378
1794 1 1 1 922 979 1397
1795 1 1 1 1065 713 1326
1796 1 1 1 917 680 1290
1797 1 1 1 987 487 1390
1798 1 1 1 822 524 1410
1799 1 1 1 665 822 1410
1800 1 1 1 1069 887 1159
1801 1 1 1 527 1270 1427
1802 1 1 1 448 907 1245
1803 1 1 1 907 672 1245
1804 1 1 1 188 189 1068
1805 1 1 1 1144 599 1157
1806 1 1 1 144 145 988
1807 1 1 1 482 1078 1331
1808 1 1 1 52 860 1118
1809 1 1 1 48 47 1083
1810 1 1 1 818 438 1084
1811 1 1 1 915 1352 1392
1812 1 1 1 591 948 1110
1813 1 1 1 628 829 1105
1814 1 1 1 870 485 1031
1815 1 1 1 677 1165 1420
1816 1 1 1 479 903 1102
1817 1 1 1 885 676 1347
1818 1 1 1 903 623 1102
1819 1 1 1 1044 586 1333
1820 1 1 1 829 453 1105
1821 1 1 1 664 837 1038
1822 1 1 1 845 528 1019
1823 1 1 1 967 625 973
1824 1 1 1 480 864 998
1825 1 1 1 1026 646 1182
1826 1 1 1 1192 805 1231
1827 1 1 1 436 952 1356
1828 1 1 1 952 722 1356
1829 1 1 1 487 987 1069
1830 1 1 1 447 1192 1231
1831 1 1 1 908 600 1012
1832 1 1 1 462 1205 1272
1833 1 1 1 921 620 1244
1834 1 1 1 652 996 1292
1835 1 1 1 154 155 1072
1836 1 1 1 996 725 1292
1837 1 1 1 821 433 1428
1838 1 1 1 861 1124 1291
1839 1 1 1 873 649 1130
1840 1 1 1 585 848 1070
1841 1 1 1 848 486 1070
1842 1 1 1 486 848 1025
1843 1 1 1 151 152 1016
1844 1 1 1 475 908 1012
1845 1 1 1 188 902 1357
1846 1 1 1 890 567 1389
1847 1 1 1 1055 793 1385
1848 1 1 1 658 1055 1385
1849 1 1 1 1291 641 1325
1850 1 1 1 572 967 973
1851 1 1 1 172 173 1049
1852 1 1 1 1067 693 1229
1853 1 1 1 108 867 1003
1854 1 1 1 839 721 1071
1855 1 1 1 827 589 1422
1856 1 1 1 516 812 1218
1857 1 1 1 1048 636 1307
1858 1 1 1 939 581 1052
1859 1 1 1 1085 666 1335
1860 1 1 1 820 471 1187
1861 1 1 1 464 827 1266
1862 1 1 1 604 820 1187
1863 1 1 1 468 815 1175
1864 1 1 1 913 455 1260
1865 1 1 1 815 599 1175
1866 1 1 1 841 577 1435
1867 1 1 1 579 874 1166
1868 1 1 1 433 821 1396
1869 1 1 1 1171 821 1428
1870 1 1 1 151 1016 1340
1871 1 1 1 573 971 1208
1872 1 1 1 846 529 1254
1873 1 1 1 1065 511 1273
1874 1 1 1 828 470 1223
1875 1 1 1 532 816 1339
1876 1 1 1 613 828 1223
1877 1 1 1 1182 646 1285
1878 1 1 1 662 988 1122
1879 1 1 1 74 73 1068
1880 1 1 1 983 499 1345
1881 1 1 1 753 1065 1273
1882 1 1 1 694 939 1052
1883 1 1 1 173 174 1108
1884 1 1 1 885 56 1131
1885 1 1 1 187 188 1357
1886 1 1 1 615 885 1131
1887 1 1 1 866 460 1204
1888 1 1 1 886 58 1347
1889 1 1 1 639 852 1284
1890 1 1 1 852 478 1284
1891 1 1 1 533 815 1191
1892 1 1 1 954 772 1398
1893 1 1 1 966 622 1214
1894 1 1 1 1089 605 1152
1895 1 1 1 912 462 1272
1896 1 1 1 1205 774 1272
1897 1 1 1 1023 457 1416
1898 1 1 1 787 1023 1416
1899 1 1 1 1035 611 1162
1900 1 1 1 869 572 1015
1901 1 1 1 529 852 1254
1902 1 1 1 157 158 955
1903 1 1 1 692 1035 1162
1904 1 1 1 938 568 1334
1905 1 1 1 840 437 1113
1906 1 1 1 589 840 1113
1907 1 1 1 939 105 1021
1908 1 1 1 632 839 1071
1909 1 1 1 512 1055 1371
1910 1 1 1 595 828 1163
1911 1 1 1 930 436 1380
1912 1 1 1 52 51 1389
1913 1 1 1 803 1145 1442
1914 1 1 1 816 622 1213
1915 1 1 1 988 620 1122
1916 1 1 1 1089 1152 1448
1917 1 1 1 1120 697 1386
1918 1 1 1 164 165 1067
1919 1 1 1 800 1184 1418
1920 1 1 1 439 841 1073
1921 1 1 1 522 823 1148
1922 1 1 1 823 476 1338
1923 1 1 1 838 469 1325
1924 1 1 1 641 838 1325
1925 1 1 1 511 1065 1326
1926 1 1 1 140 895 1160
1927 1 1 1 109 108 1003
1928 1 1 1 546 1023 1382
1929 1 1 1 120 119 1098
1930 1 1 1 177 178 972
1931 1 1 1 921 1244 1301
1932 1 1 1 462 835 1205
1933 1 1 1 636 1048 1098
1934 1 1 1 575 899 1083
1935 1 1 1 698 824 1355
1936 1 1 1 72 71 1103
1937 1 1 1 109 1003 1395
1938 1 1 1 913 574 961
1939 1 1 1 588 878 1096
1940 1 1 1 552 849 1060
1941 1 1 1 869 653 1313
1942 1 1 1 495 869 1313
1943 1 1 1 438 818 1228
1944 1 1 1 681 1101 1158
1945 1 1 1 575 870 1031
1946 1 1 1 478 882 1298
1947 1 1 1 831 648 1394
1948 1 1 1 444 872 1042
1949 1 1 1 915 545 1352
1950 1 1 1 847 491 1349
1951 1 1 1 645 847 1349
1952 1 1 1 452 989 1426
1953 1 1 1 524 822 1217
1954 1 1 1 1202 628 1251
1955 1 1 1 853 563 1066
1956 1 1 1 651 911 1078
1957 1 1 1 915 669 1259
1958 1 1 1 545 915 1259
1959 1 1 1 838 521 1196
1960 1 1 1 553 942 970
1961 1 1 1 65 826 1242
1962 1 1 1 476 823 1250
1963 1 1 1 155 156 1061
1964 1 1 1 60 59 1119
1965 1 1 1 853 450 1086
1966 1 1 1 489 1052 1215
1967 1 1 1 584 853 1086
1968 1 1 1 119 843 1098
1969 1 1 1 1024 452 1426
1970 1 1 1 661 825 1225
1971 1 1 1 875 456 1227
1972 1 1 1 627 875 1227
1973 1 1 1 168 169 1009
1974 1 1 1 561 914 1006
1975 1 1 1 837 664 1421
1976 1 1 1 469 838 1161
1977 1 1 1 838 601 1161
1978 1 1 1 1145 465 1442
1979 1 1 1 872 578 1042
1980 1 1 1 640 953 962
1981 1 1 1 631 826 1239
1982 1 1 1 654 1167 1235
1983 1 1 1 472 832 1277
1984 1 1 1 890 50 1368
1985 1 1 1 1184 674 1418
1986 1 1 1 678 890 1368
1987 1 1 1 772 1233 1398
1988 1 1 1 71 844 1103
1989 1 1 1 463 849 1117
1990 1 1 1 849 590 1117
1991 1 1 1 704 1048 1307
1992 1 1 1 859 477 1074
1993 1 1 1 828 613 1424
1994 1 1 1 141 142 1146
1995 1 1 1 165 865 1067
1996 1 1 1 842 488 1441
1997 1 1 1 827 578 1266
1998 1 1 1 532 837 1265
1999 1 1 1 599 879 1157
2000 1 1 1 832 526 1193
2001 1 1 1 916 542 1081
2002 1 1 1 601 1097 1296
2003 1 1 1 684 916 1081
2004 1 1 1 830 660 1283
2005 1 1 1 134 133 986
2006 1 1 1 125 124 1000
2007 1 1 1 460 866 1183
2008 1 1 1 543 923 1282
2009 1 1 1 170 171 990
2010 1 1 1 1003 726 1395
2011 1 1 1 834 646 1190
2012 1 1 1 656 923 1404
2013 1 1 1 649 873 1331
2014 1 1 1 1167 654 1246
2015 1 1 1 873 482 1331
2016 1 1 1 450 861 1086
2017 1 1 1 981 455 1151
2018 1 1 1 710 981 1151
2019 1 1 1 1228 559 1397
2020 1 1 1 839 632 1315
2021 1 1 1 718 995 1023
2022 1 1 1 995 457 1023
2023 1 1 1 468 839 1315
2024 1 1 1 937 129 1104
2025 1 1 1 121 120 1048
2026 1 1 1 953 566 962
2027 1 1 1 899 48 1083
2028 1 1 1 53 52 1118
2029 1 1 1 437 840 1157
2030 1 1 1 601 838 1196
2031 1 1 1 846 451 1421
2032 1 1 1 834 682 1433
2033 1 1 1 860 592 1118
2034 1 1 1 942 723 970
2035 1 1 1 646 834 1285
2036 1 1 1 741 888 1241
2037 1 1 1 664 846 1421
2038 1 1 1 543 868 1093
2039 1 1 1 925 567 1111
2040 1 1 1 573 896 1376
2041 1 1 1 874 548 1166
2042 1 1 1 471 922 1017
2043 1 1 1 863 186 1100
2044 1 1 1 922 598 1017
2045 1 1 1 836 525 1280
2046 1 1 1 156 157 1248
2047 1 1 1 844 1112 1258
2048 1 1 1 1114 592 1324
2049 1 1 1 69 68 1233
2050 1 1 1 466 925 1111
2051 1 1 1 1061 629 1072
2052 1 1 1 133 132 1256
2053 1 1 1 49 899 1368
2054 1 1 1 899 678 1368
2055 1 1 1 1008 609 1016
2056 1 1 1 186 187 1100
2057 1 1 1 1016 703 1340
2058 1 1 1 1088 929 1328
2059 1 1 1 843 1170 1304
2060 1 1 1 716 904 1297
2061 1 1 1 842 625 1177
2062 1 1 1 894 689 1043
2063 1 1 1 912 582 1081
2064 1 1 1 1173 642 1396
2065 1 1 1 161 162 1296
2066 1 1 1 821 1173 1396
2067 1 1 1 1075 943 1402
2068 1 1 1 1130 443 1391
2069 1 1 1 858 566 1147
2070 1 1 1 887 584 1091
2071 1 1 1 1099 705 1262
2072 1 1 1 845 490 1184
2073 1 1 1 584 887 1069
2074 1 1 1 888 627 1243
2075 1 1 1 1346 797 1407
2076 1 1 1 180 181 1092
2077 1 1 1 727 1050 1169
2078 1 1 1 889 585 1070
2079 1 1 1 1324 466 1414
2080 1 1 1 884 110 1395
2081 1 1 1 991 637 1020
2082 1 1 1 42 41 1377
2083 1 1 1 47 46 1276
2084 1 1 1 1050 459 1169
2085 1 1 1 644 865 1393
2086 1 1 1 530 843 1304
2087 1 1 1 494 888 1243
2088 1 1 1 502 929 1419
2089 1 1 1 877 624 1289
2090 1 1 1 857 469 1161
2091 1 1 1 849 552 1206
2092 1 1 1 932 635 1442
2093 1 1 1 881 554 1281
2094 1 1 1 633 881 1281
2095 1 1 1 473 850 1267
2096 1 1 1 850 619 1267
2097 1 1 1 625 842 1441
2098 1 1 1 960 764 1209
2099 1 1 1 567 959 1111
2100 1 1 1 124 123 1370
2101 1 1 1 757 992 998
2102 1 1 1 992 480 998
2103 1 1 1 467 887 1091
2104 1 1 1 883 470 1109
2105 1 1 1 534 844 1258
2106 1 1 1 586 917 1092
2107 1 1 1 931 569 1158
2108 1 1 1 598 940 1014
2109 1 1 1 661 851 1373
2110 1 1 1 940 448 1014
2111 1 1 1 123 920 1370
2112 1 1 1 902 188 1068
2113 1 1 1 722 856 1197
2114 1 1 1 848 585 1426
2115 1 1 1 699 876 1341
2116 1 1 1 1186 733 1247
2117 1 1 1 932 549 1247
2118 1 1 1 1181 608 1401
2119 1 1 1 882 478 1123
2120 1 1 1 921 488 1122
2121 1 1 1 876 916 1341
2122 1 1 1 658 997 1372
2123 1 1 1 456 875 1201
2124 1 1 1 537 894 1423
2125 1 1 1 477 859 1198
2126 1 1 1 581 939 1021
2127 1 1 1 852 639 1254
2128 1 1 1 1040 570 1305
2129 1 1 1 498 855 1386
2130 1 1 1 73 902 1068
2131 1 1 1 779 1282 1288
2132 1 1 1 754 1130 1391
2133 1 1 1 555 854 1342
2134 1 1 1 580 937 1104
2135 1 1 1 995 830 1283
2136 1 1 1 958 476 1211
2137 1 1 1 871 445 1155
2138 1 1 1 1282 656 1288
2139 1 1 1 1070 486 1094
2140 1 1 1 464 931 1158
2141 1 1 1 852 529 1289
2142 1 1 1 554 880 1138
2143 1 1 1 576 866 1204
2144 1 1 1 1146 686 1434
2145 1 1 1 592 892 1118
2146 1 1 1 518 965 1361
2147 1 1 1 43 42 1133
2148 1 1 1 873 562 1165
2149 1 1 1 469 856 1325
2150 1 1 1 59 886 1119
2151 1 1 1 965 702 1361
2152 1 1 1 534 863 1306
2153 1 1 1 588 887 1359
2154 1 1 1 724 1040 1305
2155 1 1 1 189 74 1068
2156 1 1 1 620 921 1122
2157 1 1 1 893 137 1406
2158 1 1 1 651 974 1304
2159 1 1 1 607 868 1286
2160 1 1 1 872 683 1174
2161 1 1 1 983 564 1084
2162 1 1 1 857 535 1297
2163 1 1 1 865 166 1393
2164 1 1 1 755 1126 1317
2165 1 1 1 1222 639 1284
2166 1 1 1 1231 789 1330
2167 1 1 1 892 592 1114
2168 1 1 1 41 40 1057
2169 1 1 1 1023 787 1382
2170 1 1 1 737 1318 1379
2171 1 1 1 782 956 1369
2172 1 1 1 539 864 1400
2173 1 1 1 858 668 1278
2174 1 1 1 1254 639 1294
2175 1 1 1 892 53 1118
2176 1 1 1 561 1074 1302
2177 1 1 1 549 1186 1247
2178 1 1 1 759 975 1279
2179 1 1 1 531 861 1291
2180 1 1 1 993 657 1074
2181 1 1 1 477 993 1074
2182 1 1 1 985 591 1236
2183 1 1 1 994 671 1066
2184 1 1 1 563 994 1066
2185 1 1 1 742 983 1084
2186 1 1 1 1124 450 1407
2187 1 1 1 797 1124 1407
2188 1 1 1 554 881 1176
2189 1 1 1 671 1346 1407
2190 1 1 1 690 926 1230
2191 1 1 1 875 594 1201
2192 1 1 1 993 947 1412
2193 1 1 1 548 874 1216
2194 1 1 1 911 616 1078
2195 1 1 1 447 1231 1330
2196 1 1 1 1106 617 1203
2197 1 1 1 497 956 1041
2198 1 1 1 868 438 1286
2199 1 1 1 593 986 1256
2200 1 1 1 915 460 1183
2201 1 1 1 569 982 1158
2202 1 1 1 542 912 1081
2203 1 1 1 791 1324 1414
2204 1 1 1 517 1028 1437
2205 1 1 1 51 890 1389
2206 1 1 1 676 885 1172
2207 1 1 1 578 1002 1351
2208 1 1 1 1320 663 1367
2209 1 1 1 890 678 1156
2210 1 1 1 567 890 1156
2211 1 1 1 895 141 1146
2212 1 1 1 635 1354 1442
2213 1 1 1 972 178 1290
2214 1 1 1 485 870 1404
2215 1 1 1 457 977 1416
2216 1 1 1 977 716 1416
2217 1 1 1 918 496 1127
2218 1 1 1 721 878 1439
2219 1 1 1 904 547 1197
2220 1 1 1 733 1186 1319
2221 1 1 1 617 1064 1203
2222 1 1 1 956 602 1041
2223 1 1 1 175 176 1095
2224 1 1 1 591 1029 1236
2225 1 1 1 160 161 1097
2226 1 1 1 473 898 1134
2227 1 1 1 583 991 1020
2228 1 1 1 61 60 1107
2229 1 1 1 548 928 1166
2230 1 1 1 917 180 1092
2231 1 1 1 897 538 1194
2232 1 1 1 582 912 1272
2233 1 1 1 614 897 1194
2234 1 1 1 624 877 1287
2235 1 1 1 999 903 1430
2236 1 1 1 876 434 1335
2237 1 1 1 835 1257 1374
2238 1 1 1 598 922 1154
2239 1 1 1 1257 659 1374
2240 1 1 1 166 167 1393
2241 1 1 1 958 707 1437
2242 1 1 1 597 958 1437
2243 1 1 1 1335 666 1337
2244 1 1 1 925 466 1324
2245 1 1 1 663 879 1367
2246 1 1 1 640 962 1215
2247 1 1 1 1042 578 1351
2248 1 1 1 635 932 1247
2249 1 1 1 1352 653 1392
2250 1 1 1 70 69 1112
2251 1 1 1 559 922 1397
2252 1 1 1 1124 641 1291
2253 1 1 1 697 1120 1189
2254 1 1 1 1120 621 1189
2255 1 1 1 483 994 1190
2256 1 1 1 697 1189 1236
2257 1 1 1 972 1290 1438
2258 1 1 1 616 911 1168
2259 1 1 1 911 116 1168
2260 1 1 1 891 163 1229
2261 1 1 1 939 694 1431
2262 1 1 1 888 684 1241
2263 1 1 1 137 138 1406
2264 1 1 1 451 1214 1421
2265 1 1 1 937 659 1293
2266 1 1 1 1214 837 1421
2267 1 1 1 547 977 1323
2268 1 1 1 130 937 1293
2269 1 1 1 583 1020 1440
2270 1 1 1 913 603 1151
2271 1 1 1 1005 650 1093
2272 1 1 1 106 939 1431
2273 1 1 1 56 55 1131
2274 1 1 1 503 1002 1310
2275 1 1 1 433 950 1106
2276 1 1 1 1002 688 1310
2277 1 1 1 950 707 1106
2278 1 1 1 552 944 1206
2279 1 1 1 605 909 1152
2280 1 1 1 944 634 1206
2281 1 1 1 503 1264 1351
2282 1 1 1 918 715 1226
2283 1 1 1 612 927 1240
2284 1 1 1 962 489 1215
2285 1 1 1 461 896 1208
2286 1 1 1 956 725 1369
2287 1 1 1 455 913 1151
2288 1 1 1 814 1051 1201
2289 1 1 1 457 995 1283
2290 1 1 1 717 1181 1401
2291 1 1 1 887 467 1359
2292 1 1 1 523 984 1085
2293 1 1 1 952 608 1181
2294 1 1 1 137 893 1429
2295 1 1 1 864 1013 1400
2296 1 1 1 642 1173 1318
2297 1 1 1 544 1141 1238
2298 1 1 1 1141 712 1238
2299 1 1 1 667 1032 1203
2300 1 1 1 1032 433 1203
2301 1 1 1 139 140 1160
2302 1 1 1 1127 496 1309
2303 1 1 1 922 559 1154
2304 1 1 1 116 115 1168
2305 1 1 1 909 605 1414
2306 1 1 1 900 617 1211
2307 1 1 1 738 1127 1309
2308 1 1 1 439 897 1353
2309 1 1 1 118 117 1170
2310 1 1 1 1030 491 1375
2311 1 1 1 1038 484 1333
2312 1 1 1 571 1065 1430
2313 1 1 1 1065 753 1430
2314 1 1 1 620 901 1244
2315 1 1 1 984 557 1336
2316 1 1 1 102 10 1429
2317 1 1 1 984 666 1085
2318 1 1 1 686 1053 1221
2319 1 1 1 959 650 1111
2320 1 1 1 776 1188 1349
2321 1 1 1 1188 645 1349
2322 1 1 1 72 1103 1364
2323 1 1 1 903 571 1430
2324 1 1 1 901 620 1311
2325 1 1 1 745 1107 1360
2326 1 1 1 1107 679 1360
2327 1 1 1 674 1116 1232
2328 1 1 1 1112 630 1258
2329 1 1 1 669 915 1183
2330 1 1 1 433 1032 1428
2331 1 1 1 609 1008 1143
2332 1 1 1 1008 778 1143
2333 1 1 1 66 65 1242
2334 1 1 1 550 908 1237
2335 1 1 1 1189 474 1236
2336 1 1 1 450 1066 1407
2337 1 1 1 163 164 1229
2338 1 1 1 1099 612 1375
2339 1 1 1 602 930 1380
2340 1 1 1 122 121 1445
2341 1 1 1 481 945 1320
2342 1 1 1 148 149 1378
2343 1 1 1 988 145 1311
2344 1 1 1 945 663 1320
2345 1 1 1 1057 611 1377
2346 1 1 1 897 614 1353
2347 1 1 1 991 500 1185
2348 1 1 1 637 991 1185
2349 1 1 1 1053 662 1221
2350 1 1 1 971 730 1208
2351 1 1 1 968 476 1250
2352 1 1 1 608 952 1279
2353 1 1 1 541 898 1417
2354 1 1 1 938 472 1277
2355 1 1 1 996 777 1332
2356 1 1 1 121 1048 1445
2357 1 1 1 143 11 1224
2358 1 1 1 68 67 1398
2359 1 1 1 967 441 1177
2360 1 1 1 500 991 1329
2361 1 1 1 923 485 1404
2362 1 1 1 957 509 1207
2363 1 1 1 629 957 1207
2364 1 1 1 476 958 1338
2365 1 1 1 625 967 1177
2366 1 1 1 1050 858 1278
2367 1 1 1 752 1150 1363
2368 1 1 1 1150 596 1363
2369 1 1 1 692 918 1226
2370 1 1 1 1191 815 1315
2371 1 1 1 1138 682 1390
2372 1 1 1 893 102 1429
2373 1 1 1 476 968 1409
2374 1 1 1 979 766 1361
2375 1 1 1 574 913 1260
2376 1 1 1 920 626 1370
2377 1 1 1 927 612 1399
2378 1 1 1 743 901 1344
2379 1 1 1 655 902 1364
2380 1 1 1 603 900 1409
2381 1 1 1 660 977 1283
2382 1 1 1 1264 741 1351
2383 1 1 1 977 457 1283
2384 1 1 1 1027 797 1346
2385 1 1 1 902 655 1357
2386 1 1 1 1079 596 1150
2387 1 1 1 901 146 1344
2388 1 1 1 150 151 1340
2389 1 1 1 1087 661 1115
2390 1 1 1 138 905 1406
2391 1 1 1 1029 498 1386
2392 1 1 1 697 1029 1386
2393 1 1 1 975 608 1279
2394 1 1 1 959 567 1156
2395 1 1 1 977 660 1323
2396 1 1 1 1115 492 1172
2397 1 1 1 557 1255 1336
2398 1 1 1 1318 479 1379
2399 1 1 1 1255 784 1336
2400 1 1 1 127 126 1327
2401 1 1 1 115 960 1168
2402 1 1 1 178 179 1290
2403 1 1 1 960 616 1168
2404 1 1 1 684 1088 1241
2405 1 1 1 1046 492 1225
2406 1 1 1 131 130 1293
2407 1 1 1 625 921 1301
2408 1 1 1 949 616 1209
2409 1 1 1 1088 444 1241
2410 1 1 1 666 984 1336
2411 1 1 1 1015 460 1392
2412 1 1 1 906 550 1434
2413 1 1 1 1180 495 1313
2414 1 1 1 1071 721 1439
2415 1 1 1 993 564 1271
2416 1 1 1 657 993 1271
2417 1 1 1 545 910 1352
2418 1 1 1 937 580 1374
2419 1 1 1 659 937 1374
2420 1 1 1 146 147 1344
2421 1 1 1 991 583 1329
2422 1 1 1 737 1179 1318
2423 1 1 1 744 1180 1313
2424 1 1 1 478 919 1284
2425 1 1 1 1170 651 1304
2426 1 1 1 1116 674 1184
2427 1 1 1 490 1116 1184
2428 1 1 1 963 468 1175
2429 1 1 1 976 556 1269
2430 1 1 1 647 976 1269
2431 1 1 1 672 907 1413
2432 1 1 1 919 478 1298
2433 1 1 1 921 625 1441
2434 1 1 1 616 960 1209
2435 1 1 1 506 949 1209
2436 1 1 1 58 57 1347
2437 1 1 1 466 909 1414
2438 1 1 1 982 681 1158
2439 1 1 1 1222 750 1294
2440 1 1 1 112 111 1365
2441 1 1 1 639 1222 1294
2442 1 1 1 916 494 1341
2443 1 1 1 481 1320 1394
2444 1 1 1 50 49 1368
2445 1 1 1 1320 831 1394
2446 1 1 1 702 1228 1397
2447 1 1 1 1390 682 1436
2448 1 1 1 184 185 1383
2449 1 1 1 619 935 1267
2450 1 1 1 933 150 1340
2451 1 1 1 613 964 1424
2452 1 1 1 110 109 1395
2453 1 1 1 472 938 1334
2454 1 1 1 1029 697 1236
2455 1 1 1 773 1059 1204
2456 1 1 1 1163 828 1424
2457 1 1 1 511 996 1273
2458 1 1 1 107 106 1431
2459 1 1 1 460 915 1392
2460 1 1 1 996 652 1273
2461 1 1 1 592 925 1324
2462 1 1 1 1115 661 1225
2463 1 1 1 1059 576 1204
2464 1 1 1 914 751 1405
2465 1 1 1 67 954 1398
2466 1 1 1 554 934 1281
2467 1 1 1 512 1071 1439
2468 1 1 1 1047 595 1125
2469 1 1 1 965 607 1286
2470 1 1 1 767 1096 1268
2471 1 1 1 522 1137 1230
2472 1 1 1 1137 690 1230
2473 1 1 1 610 938 1277
2474 1 1 1 1199 537 1275
2475 1 1 1 728 1199 1275
2476 1 1 1 488 921 1441
2477 1 1 1 951 555 1342
2478 1 1 1 582 1272 1419
2479 1 1 1 696 924 1381
2480 1 1 1 725 996 1332
2481 1 1 1 1339 841 1435
2482 1 1 1 929 683 1328
2483 1 1 1 1240 927 1411
2484 1 1 1 157 955 1248
2485 1 1 1 964 613 1219
2486 1 1 1 615 1087 1115
2487 1 1 1 1002 503 1351
2488 1 1 1 1048 704 1445
2489 1 1 1 1227 719 1243
2490 1 1 1 627 1227 1243
2491 1 1 1 532 1339 1435
2492 1 1 1 1000 626 1217
2493 1 1 1 1051 456 1201
2494 1 1 1 1100 187 1357
2495 1 1 1 527 946 1270
2496 1 1 1 969 613 1223
2497 1 1 1 958 597 1338
2498 1 1 1 515 1054 1413
2499 1 1 1 682 1138 1433
2500 1 1 1 703 933 1340
2501 1 1 1 10 137 1429
2502 1 1 1 515 927 1399
2503 1 1 1 1074 657 1302
2504 1 1 1 756 1080 1303
2505 1 1 1 1195 545 1259
2506 1 1 1 927 670 1411
2507 1 1 1 709 1195 1259
2508 1 1 1 952 436 1279
2509 1 1 1 630 1112 1233
2510 1 1 1 944 486 1312
2511 1 1 1 664 1038 1333
2512 1 1 1 1028 789 1231
2513 1 1 1 634 944 1312
2514 1 1 1 929 582 1419
2515 1 1 1 1244 501 1301
2516 1 1 1 487 934 1390
2517 1 1 1 583 1075 1329
2518 1 1 1 778 1072 1207
2519 1 1 1 1072 629 1207
2520 1 1 1 1053 143 1224
2521 1 1 1 619 1026 1182
2522 1 1 1 551 1090 1222
2523 1 1 1 1090 750 1222
2524 1 1 1 1105 801 1251
2525 1 1 1 474 985 1236
2526 1 1 1 471 1017 1187
2527 1 1 1 465 932 1442
2528 1 1 1 487 1069 1159
2529 1 1 1 1045 659 1432
2530 1 1 1 973 625 1301
2531 1 1 1 506 1163 1424
2532 1 1 1 822 1000 1217
2533 1 1 1 604 1171 1428
2534 1 1 1 715 1142 1358
2535 1 1 1 647 1269 1379
2536 1 1 1 167 1249 1393
2537 1 1 1 949 649 1331
2538 1 1 1 1142 510 1358
2539 1 1 1 788 1262 1403
2540 1 1 1 1262 458 1403
2541 1 1 1 1055 658 1371
2542 1 1 1 1018 122 1445
2543 1 1 1 626 1039 1217
2544 1 1 1 623 951 1342
2545 1 1 1 986 133 1256
2546 1 1 1 1007 724 1305
2547 1 1 1 690 1137 1139
2548 1 1 1 720 1049 1252
2549 1 1 1 1137 618 1139
2550 1 1 1 1006 914 1405
2551 1 1 1 492 1115 1225
2552 1 1 1 626 1000 1370
2553 1 1 1 620 988 1311
2554 1 1 1 1022 565 1346
2555 1 1 1 671 1022 1346
2556 1 1 1 654 1235 1309
2557 1 1 1 943 734 1402
2558 1 1 1 775 1030 1375
2559 1 1 1 467 1091 1401
2560 1 1 1 1039 524 1217
2561 1 1 1 708 1046 1260
2562 1 1 1 1235 738 1309
2563 1 1 1 1046 574 1260
2564 1 1 1 642 950 1396
2565 1 1 1 1079 695 1387
2566 1 1 1 596 1079 1387
2567 1 1 1 662 1053 1224
2568 1 1 1 953 441 1384
2569 1 1 1 608 1121 1401
2570 1 1 1 433 1106 1203
2571 1 1 1 950 433 1396
2572 1 1 1 947 818 1412
2573 1 1 1 432 1004 1268
2574 1 1 1 501 973 1301
2575 1 1 1 669 1183 1417
2576 1 1 1 442 1182 1285
2577 1 1 1 1121 467 1401
2578 1 1 1 701 1144 1322
2579 1 1 1 1144 528 1322
2580 1 1 1 459 1050 1278
2581 1 1 1 1205 835 1374
2582 1 1 1 580 1205 1374
2583 1 1 1 1004 633 1268
2584 1 1 1 1290 680 1438
2585 1 1 1 570 978 1305
2586 1 1 1 1314 553 1443
2587 1 1 1 444 1088 1328
2588 1 1 1 1211 476 1409
2589 1 1 1 820 1314 1443
2590 1 1 1 1064 667 1203
2591 1 1 1 1356 807 1380
2592 1 1 1 436 1356 1380
2593 1 1 1 1234 771 1415
2594 1 1 1 437 1234 1415
2595 1 1 1 449 1200 1366
2596 1 1 1 1200 733 1366
2597 1 1 1 636 1116 1307
2598 1 1 1 719 1227 1253
2599 1 1 1 1227 456 1253
2600 1 1 1 1082 513 1354
2601 1 1 1 968 603 1409
2602 1 1 1 458 1316 1369
2603 1 1 1 1316 782 1369
2604 1 1 1 1269 737 1379
2605 1 1 1 702 979 1361
2606 1 1 1 989 848 1426
2607 1 1 1 1108 794 1348
2608 1 1 1 443 1037 1391
2609 1 1 1 1049 673 1252
2610 1 1 1 679 1238 1408
2611 1 1 1 1058 502 1303
2612 1 1 1 665 1058 1303
2613 1 1 1 964 506 1424
2614 1 1 1 1020 463 1440
2615 1 1 1 1299 687 1319
2616 1 1 1 1122 488 1221
2617 1 1 1 514 997 1385
2618 1 1 1 997 658 1385
2619 1 1 1 837 1214 1265
2620 1 1 1 662 1122 1221
2621 1 1 1 979 702 1397
2622 1 1 1 1210 687 1299
2623 1 1 1 431 1240 1411
2624 1 1 1 1192 447 1381
2625 1 1 1 568 972 1438
2626 1 1 1 1212 737 1269
2627 1 1 1 556 1212 1269
2628 1 1 1 1124 797 1263
2629 1 1 1 670 1006 1411
2630 1 1 1 1006 431 1411
2631 1 1 1 486 1025 1312
2632 1 1 1 1063 472 1334
2633 1 1 1 1030 548 1343
2634 1 1 1 1000 124 1370
2635 1 1 1 1216 648 1343
2636 1 1 1 659 1045 1293
2637 1 1 1 863 1100 1306
2638 1 1 1 781 1045 1432
2639 1 1 1 1360 679 1408
2640 1 1 1 1045 131 1293
2641 1 1 1 564 993 1412
2642 1 1 1 733 1200 1247
2643 1 1 1 1066 671 1407
2644 1 1 1 989 452 1420
2645 1 1 1 431 1006 1405
2646 1 1 1 1112 69 1233
2647 1 1 1 563 987 1436
2648 1 1 1 659 1257 1432
2649 1 1 1 1076 624 1287
2650 1 1 1 1116 636 1232
2651 1 1 1 779 1135 1282
2652 1 1 1 565 1027 1346
2653 1 1 1 1096 432 1268
2654 1 1 1 1010 148 1378
2655 1 1 1 628 1105 1251
2656 1 1 1 452 1034 1420
2657 1 1 1 1034 677 1420
2658 1 1 1 776 1030 1343
2659 1 1 1 435 1075 1402
2660 1 1 1 1200 449 1425
2661 1 1 1 1034 452 1418
2662 1 1 1 674 1034 1418
2663 1 1 1 1013 749 1400
2664 1 1 1 713 1245 1326
2665 1 1 1 753 999 1430
2666 1 1 1 484 1044 1333
2667 1 1 1 1054 672 1413
2668 1 1 1 1080 127 1327
2669 1 1 1 741 1042 1351
2670 1 1 1 1371 658 1372
2671 1 1 1 783 1371 1372
2672 1 1 1 1102 647 1379
2673 1 1 1 656 1153 1288
2674 1 1 1 685 1076 1383
2675 1 1 1 691 1047 1365
2676 1 1 1 1047 112 1365
2677 1 1 1 1076 184 1383
2678 1 1 1 1073 841 1339
2679 1 1 1 771 1310 1415
2680 1 1 1 641 1124 1263
2681 1 1 1 1080 665 1303
2682 1 1 1 1036 568 1438
2683 1 1 1 777 1054 1403
2684 1 1 1 1054 788 1403
2685 1 1 1 680 1036 1438
2686 1 1 1 1300 454 1317
2687 1 1 1 735 1300 1317
2688 1 1 1 1103 655 1364
2689 1 1 1 740 1063 1334
2690 1 1 1 1097 161 1296
2691 1 1 1 1272 774 1419
2692 1 1 1 597 1148 1338
2693 1 1 1 1037 634 1391
2694 1 1 1 731 1147 1384
2695 1 1 1 1310 688 1415
2696 1 1 1 585 1024 1426
2697 1 1 1 655 1100 1357
2698 1 1 1 463 1117 1440
2699 1 1 1 1075 748 1329
2700 1 1 1 1332 777 1403
2701 1 1 1 458 1332 1403
2702 1 1 1 1100 655 1306
2703 1 1 1 665 1080 1327
2704 1 1 1 704 1018 1445
2705 1 1 1 1028 597 1437
2706 1 1 1 41 1057 1377
2707 1 1 1 1032 604 1428
2708 1 1 1 657 1300 1302
2709 1 1 1 1300 735 1302
2710 1 1 1 1135 543 1282
2711 1 1 1 1116 490 1307
2712 1 1 1 635 1082 1354
2713 1 1 1 1200 635 1247
2714 1 1 1 771 1132 1310
2715 1 1 1 688 1113 1415
2716 1 1 1 799 1145 1387
2717 1 1 1 1113 437 1415
2718 1 1 1 709 1259 1295
2719 1 1 1 1153 449 1288
2720 1 1 1 458 1262 1316
2721 1 1 1 1262 705 1316
2722 1 1 1 648 1216 1394
2723 1 1 1 673 1108 1348
2724 1 1 1 1132 503 1310
2725 1 1 1 1153 700 1425
2726 1 1 1 1058 665 1410
2727 1 1 1 449 1153 1425
2728 1 1 1 695 1133 1362
2729 1 1 1 1133 802 1362
2730 1 1 1 1113 688 1422
2731 1 1 1 589 1113 1422
2732 1 1 1 765 1089 1448
2733 1 1 1 1285 834 1433
2734 1 1 1 526 1128 1348
2735 1 1 1 832 1193 1277
2736 1 1 1 1128 673 1348
2737 1 1 1 1193 610 1277
2738 1 1 1 491 1099 1375
2739 1 1 1 1214 622 1265
2740 1 1 1 479 1102 1379
2741 1 1 1 1220 698 1355
2742 1 1 1 434 1220 1355
2743 1 1 1 736 1178 1321
2744 1 1 1 1178 698 1321
2745 1 1 1 1091 717 1401
2746 1 1 1 1148 823 1338
2747 1 1 1 1210 675 1345
2748 1 1 1 1354 803 1442
2749 1 1 1 700 1082 1425
2750 1 1 1 507 1299 1319
2751 1 1 1 733 1319 1366
2752 1 1 1 1319 687 1366
2753 1 1 1 1179 642 1318
2754 1 1 1 675 1210 1299
2755 1 1 1 632 1191 1315
2756 1 1 1 753 1273 1274
2757 1 1 1 548 1216 1343
2758 1 1 1 1273 652 1274
2759 1 1 1 1145 596 1387
2760 1 1 1 1382 787 1444
2761 1 1 1 693 1382 1444
2762 1 1 1 1259 669 1295
2763 1 1 1 1186 549 1447
2764 1 1 1 824 1186 1447
2765 1 1 1 499 1210 1345
2766 1 1 1 1117 760 1440
2767 1 1 1 1245 672 1326
2768 1 1 1 1332 458 1369
2769 1 1 1 725 1332 1369
2770 1 1 1 1317 454 1446
2771 1 1 1 755 1317 1446
2772 1 1 1 1152 518 1448
2773 1 1 1 666 1336 1337
2774 1 1 1 1336 784 1337
2775 1 1 1 1249 644 1393
2776 1 1 1 900 1211 1409
2777 1 1 1 736 1321 1427
2778 1 1 1 1321 527 1427
2779 1 1 1 1238 712 1408
2780 1 1 1 549 1308 1447
2781 1 1 1 1308 729 1447
2782 1 1 1 1257 510 1432
2783 1 1 1 454 1350 1446
2784 1 1 1 1350 736 1446
2785 1 1 1 498 1360 1408
2786 1 1 1 442 1285 1433
2787 1 1 1 736 1427 1446
2788 1 1 1 1427 755 1446
