7.013128266560031e-5
3.8532846714900426e-5
2.971144865379985e-5
2.4369890738899086e-5
5.298237606849929e-5
4.321790954999946e-5
4.818792215149914e-5
3.0367172227402373e-5
5.060818343610024e-5
4.9014030183498064e-5
3.0441840078200555e-5
5.86773326925992e-5
4.082764501350117e-5
1.2980324833700846e-5
3.8586628163903014e-5
1.2472900723498742e-5
6.384036819309657e-5
2.413672144000248e-5
5.340504719049746e-5
4.685992955969984e-5
4.250887661549907e-5
-3.4082869131007998e-6
3.5340204280500526e-5
4.136334856619933e-5
3.0082910581097355e-5
4.1203498762302365e-5
3.675105089809977e-5
3.8408515487899086e-5
4.5056458267897503e-5
4.38576398396999e-5
6.402438542649908e-5
2.336219348719748e-5
4.460635474520108e-5
2.9094806936899587e-5
3.822584984950264e-5
3.7768624816501145e-5
3.479309172040035e-5
4.530657544839917e-5
3.938687728979873e-5
4.9656956634398786e-5
5.295551611839838e-5
4.653890589790058e-5
3.7413843233698174e-5
3.543836062539982e-5
4.3730738877399006e-5
3.5405228749098294e-5
5.400789881179757e-5
7.299086175820146e-5
4.048132015009934e-5
3.613248188859969e-5
7.077694369949858e-5
3.084760849780127e-5
2.7844483773499518e-5
4.383010448449909e-5
4.7621815342402396e-5
3.7159148311000784e-5
3.799361909610083e-5
5.713035772899819e-5
3.286735142560282e-5
6.908115715440269e-5
6.325150804130028e-5
3.900173692149983e-5
