0.0001240579352072002
0.0001254793619570975
0.00011775748196289973
0.00012795421374299856
0.00012159187003050326
0.00012225379315849993
0.0001276066376201014
0.00012223092891409937
0.00012147654725390075
0.00012764169987590154
0.00012800591157900026
0.0001257420553309012
0.00012029848442940069
0.00012428188387419992
0.00012317924446419992
0.0001268223968030023
0.00012438722740059846
0.00012486901790970117
0.0001229027739057982
0.00012480391779439923
0.00012618811867680033
0.00012750548089569824
0.0001253815947704004
0.00012160615498249885
0.00012599525419439844
0.00012270554036159995
0.0001251286682174002
0.00012538639145669855
0.0001258261215456996
0.0001241975249827998
0.00012219328729580134
0.0001248218626516001
0.00011615704306660105
0.00012602978844029888
0.00012458212333050014
0.00012114384121899788
0.0001258267285571997
0.00012338897001210047
0.0001223404270216978
0.00012532120239220138
0.00012582800531309862
0.00012010491494150038
0.00012227100228080073
0.00012388028116809904
0.00011905777774279952
0.00012462407281270058
0.00012286119630909934
0.00012454561399319677
0.00012507622769159996
0.00012446230907859832
0.0001264289027144011
0.00011718208665980126
0.00012569921106870066
0.00012559485549630198
0.00012133938412889692
0.00012017103252270206
0.00012899486756509995
0.00012486772025530057
0.0001226582520835011
0.00012568413447469964
0.00012526867418349852
0.00012645949129230089
0.00012239167460130138
0.00011699507931930281
0.00012639095339580034
0.00012083335318100255
0.0001243634045509992
0.0001227835273354995
0.00012242002131069782
0.00012584105230430132
0.0001247210106045983
0.00012576701421920106
0.00012075460287520184
0.00012501538268860218
0.0001258888207320008
0.0001229349495154991
0.00012409115926789727
0.00012280785393040117
0.00012393052158020043
0.00012371104183679996
0.00011942746550759956
0.00011542432226940152
0.00012821900386709995
0.0001266481459307016
0.00012508452105300036
0.00011752718437330056
0.0001282185935756984
0.0001256441774096992
0.0001259412661805022
0.0001242100608374007
0.00012365700833090118
0.00012407472086570226
0.00012731448640580095
0.00012316682340159785
0.00011914165556169837
0.00012599560745489916
0.0001252499598881976
0.00011885459128559844
0.00012362281209099893
0.00012715941349349807
0.00012476239235439945
0.00012812127008669794
0.00012308387107099958
0.00012357565611819873
0.00012181593508310204
0.0001242266761833019
0.00012454373795930257
0.0001247196486870994
0.00012543508576899967
0.00011453887101290153
0.00012188299593069926
0.0001251893393554998
0.00012745490176589713
0.00011253470262230156
0.00012429339948700005
0.00012490852700360044
0.0001260070453894986
0.0001217780593154999
0.0001270453386243986
0.00012652908284400272
