4.9981896088700795e-5
4.815796067749942e-5
4.921267753569755e-5
4.9151177506100846e-5
4.794010198779994e-5
4.788134623990095e-5
4.971925694050028e-5
4.905829352709959e-5
4.866656109120057e-5
4.890593741629923e-5
4.9639347077801155e-5
4.892281646360144e-5
5.0198202003901016e-5
4.846245888399936e-5
4.76563627888997e-5
4.9567200438298264e-5
4.912265334329827e-5
4.820977250480016e-5
4.852215646579741e-5
4.916766013789847e-5
4.921631073249999e-5
4.9478636173598545e-5
4.90035264015011e-5
4.769273697050047e-5
4.883432798129944e-5
4.7729314033597564e-5
4.905895127340146e-5
4.947934445770005e-5
4.888687501419797e-5
4.986853254309795e-5
4.914490231839805e-5
4.904181447720063e-5
5.08252071389978e-5
4.9326181032600946e-5
4.939564236810037e-5
4.885344226479918e-5
4.91965424213002e-5
4.8963331296100754e-5
4.7761609677201416e-5
4.904840638289901e-5
4.883196635289966e-5
5.024569904319917e-5
4.7280672858997924e-5
4.881713145369823e-5
4.961501089120052e-5
4.963401212430135e-5
4.809935863810122e-5
4.924762351040182e-5
4.9406072238300514e-5
4.926052828440122e-5
4.961768134850025e-5
4.7699941169300486e-5
4.975152925940085e-5
4.975739401820098e-5
4.9114401474502356e-5
4.937287644840235e-5
5.0353254170399514e-5
4.927629136070033e-5
4.8120907623801223e-5
4.929114204920218e-5
4.971552335840054e-5
4.9391431377700246e-5
4.954796849120091e-5
4.817255855110031e-5
5.0168443042300503e-5
4.9152090870897835e-5
4.826039162160109e-5
4.7629066878700915e-5
4.828361763820066e-5
4.860733189630123e-5
4.950807933069845e-5
4.9842903966701435e-5
4.8909828149798495e-5
4.903787921330116e-5
4.924470783580076e-5
4.7922654497902645e-5
4.840906767979852e-5
4.8367197477597323e-5
4.857991589999819e-5
4.867647218559715e-5
4.937123756169892e-5
4.698826280070262e-5
5.038228989950183e-5
5.026929026600083e-5
4.803041298820018e-5
4.9623225637899365e-5
4.955409583149925e-5
4.9120896224601196e-5
4.8532267464099915e-5
4.806441724240079e-5
4.9205773224099414e-5
4.8953124830698747e-5
4.876892549549733e-5
4.867784079920154e-5
5.028259463499968e-5
4.932393125060136e-5
4.86663822236999e-5
4.989009890520035e-5
4.94318866282005e-5
4.907734599340213e-5
4.885573997260098e-5
4.997077741070166e-5
4.7157249139302e-5
4.894894234309943e-5
4.792916427119945e-5
4.878211970960056e-5
4.959167398229866e-5
4.875923801300058e-5
4.848906366350034e-5
5.00588736767997e-5
4.9358521981898024e-5
4.8970462288799865e-5
4.9812445330497945e-5
5.0575832053697395e-5
4.872901613769964e-5
4.926314767109835e-5
4.9718153868800324e-5
4.769942675959815e-5
4.940617550050139e-5
4.926827486020219e-5
