0.0005388691688709007
0.0009276613914206977
0.0007137112477874005
0.0005715874254384988
0.0008003479687606063
0.0008180631917601988
0.0005194682101625006
0.0005097202469754002
0.0003785335498669995
0.0005253769591909013
0.0007365527830116986
0.0010483937842377007
0.0004956481844566006
0.0008616746199454003
0.0008049372828245992
0.0003230640827337969
0.0008702021231574986
0.0006489403753947021
0.00036526576406380185
0.0005315312292854014
0.0010374647379082017
0.000708521544776599
0.0009737800997650994
0.0005869162246089007
0.0007163408734572989
0.0007723640072588994
0.00034495094677750027
0.0005794056820678968
0.000677654939046899
0.00032010851339089874
0.0007684845162851985
0.0009091965106105999
0.0006909177393693011
0.0005146382544441996
0.0006781788579218982
0.0004072553771637989
0.0007371075856604029
0.0006697545811312003
0.0008165468272530001
0.0006173023128642
0.0008107747072531035
0.0008357220648507989
0.0009175194650002973
0.000715731007901399
0.0005304236946247973
0.0007279777525056007
0.0009528285348132
0.00045497860925130043
0.0006293776449690994
0.0006996684624204982
0.0006411535813986013
0.0006654487866342013
0.0005871353340273014
0.0003190401127224976
0.0007555115372886029
0.0004207188539170001
0.0006603716725014988
0.0006620505166005999
0.0004223735377039996
0.0006655374205953996
0.0007012465668123982
0.0009181416561407987
0.0008488882538421998
0.00035849667922289996
0.0007503081753568001
0.0008483781606918005
0.0005246144346514048
0.000877519427455703
0.0008568746037018009
0.0006894904461049005
0.0005458338003721946
0.0008375061249766003
0.0008948030054840017
0.00044150814158340143
0.00044294540474519584
0.0008531256060164971
0.0005832592693585971
0.0008141588284400966
0.0009813321877765006
0.0004136687267599984
0.0004511358925231995
0.0005778668275341972
0.00041212169282519445
0.0010028198808431019
0.0006492608529401998
0.0005180205851839023
0.0007801918823958018
0.0015504879247158036
0.0009800849481981025
0.0008776333327659008
0.0005355483047846041
0.0005520580061839989
0.0009164821455779001
0.0006563860406696015
0.0005165710036314983
0.0009921675377867027
0.0005095674319533991
0.0009097777243642982
0.0003460178439398942
0.0004958093537025948
0.0008119784539105009
0.0006088624535263987
0.0006601756074444999
0.0008861507645777991
0.0009860728862635948
0.0007004379779805003
0.0008137717576039011
0.0004874999737483031
0.0004139970577283006
0.0007142261677135012
0.0007973566623624001
0.0007488669332001985
0.0005194037123204959
0.0008054742614903992
0.0008508113739251998
0.00045307274461110075
0.0008921317706501002
0.0004811428284297037
0.0005775384745111967
0.0002976790775407988
0.0008026293124279021
0.000716441321197199
0.00032964796183060016
0.00046454027937229553
0.0010047599182905972
0.0007343688134076945
0.0009518865194571985
0.0005185741171766997
0.0009108139675488985
0.0008065195059395007
0.0004642422190694953
0.000991450738146802
0.0005292928676345968
0.00011437723877900235
0.0007003598117617978
0.0009120386229790958
0.0007251117032794005
0.0006513304783802021
0.0006851813323722963
0.000742385508650998
0.0009839730909323025
0.001044411006912601
0.0008408186536042993
0.0006681060886702984
0.0006093716533371006
0.0005550935348015013
0.0007922599107942005
0.0007423017918056982
0.0007722589559978968
0.0004994765087377034
0.0005378903069861996
0.0006642849242960991
0.0005656729059161023
0.0006025874366061001
0.0007241872916274039
0.0007783434053844976
0.0007372467467169005
0.00040402457820230137
0.0009874967145648977
0.0005740066634616001
0.000520529623392
0.0006804740847106
0.0006334373098334997
0.00043499810765909586
0.0008523205847436044
0.0008017335591100003
0.0007890237027770031
0.0008880510868393005
0.0006261158764055003
0.0006387028859624021
0.0006122267525147003
0.0007919860168959028
0.0010623730073871032
0.0004857451983229996
0.0005659426591572009
0.0005381862056837022
0.0005976347937736992
0.0008187982251036015
0.0004892594894069999
0.0005827744186969047
0.0010995454160390022
0.0006551060662117053
0.00041324886027870045
0.0009200866839306002
0.0007960133344343014
0.0010193131682815007
0.0007803003474428014
0.00037276288522709866
0.0008397886533478977
0.00030775518321190035
0.0008526260551314016
0.0004711216876780999
0.000713559850362297
0.001063961667364801
0.001198877950710199
0.00035002578797510217
0.0006564966731433981
0.0005495658211393979
0.0010606140845527967
0.000691786550494896
0.000648452891716899
0.0008326094121083004
0.0007831918937257001
0.0007132890188688013
0.0010577880347699027
0.0007255328536951017
0.0005775013376339011
0.0005043756719032011
0.0005952637801571944
0.0006933135945394013
0.00015495003768179957
0.0007424591138240969
0.0007210115610290987
0.0006313822475349021
0.0007927998304420973
0.0007810326262031979
0.0007360025396193973
0.0007532215603213953
0.0006436279217309007
0.00044928942998759963
0.0009045730800110001
0.0009475495664700018
0.0009406406843442024
0.0006638887393625968
0.0007331249301971987
0.000572094828313302
0.0008520050962168985
0.0003523706514736019
0.0008753738389894981
0.0009515810894818039
0.0011269773638280974
0.0008127211582720992
0.0006279369720991988
0.0006867071484207982
0.0008246652467266032
0.0007557288988696981
0.0005982133460816982
0.00036681798800150545
0.0008012097783355009
0.0006703105935939035
0.00032141650961479973
0.0006076359925044003
0.0005048029077423036
0.0005743018881390026
0.0006449384903742979
0.0006799816102510993
0.0007176567992411981
0.0005767926872335058
0.0006903415336775992
0.00043928551978809904
0.0005754054793394026
0.0009790509704444977
0.0005397186398160975
0.0007775491023621975
0.0006648793513150987
0.0006964257085238998
0.000467696144867899
0.00036155920017999846
0.0005481519089952022
0.0005808075618292004
0.0006602292371573996
0.0006073402920780992
0.0009027308355826005
0.0005581612948920012
0.0008018783590644021
0.0007171129512609994
0.0003499984627196029
0.0010033163859759012
0.0007851223895928988
0.0006087275549802977
0.000702001357174898
0.000672355025982202
0.0008015822096476971
0.0005285501956712006
0.0002984488934644966
0.0005996181017158993
0.0003625130900280979
0.0006006129224583011
0.0008702123068916948
0.000584708497708801
0.0008677434642637982
0.0010278178797947998
0.0006828707659866026
0.0006186109609897031
0.0006379789694726003
0.0002488403492203993
0.0010989390351563988
0.0008552003820299012
0.0007565694196473016
0.0003818182846950999
0.0003917518625660005
0.0009406740446585016
0.0009354087981982978
0.00020351962896770354
0.0008935153899620983
0.0005800118844489985
0.0007798023672196015
0.0010186414061763988
0.0008472278820392982
0.00035290744133430196
0.00048480561406370054
0.0007537915732278022
0.0007459717225381003
0.0006981091485627998
0.00044058116988680146
0.0007182058895420992
0.0007212697119888013
0.0007607487479776021
0.0005945131853214991
0.0007700901303061003
0.0010838778298911007
0.0008291117751378016
0.0008754198496539987
0.000873784102789401
0.00011031672672130038
0.0008280444143378002
0.0004241427703261004
0.0009433509138688997
0.0009759632541667014
0.00046984713145689985
0.0005708993157289011
0.0010438264005829048
0.0007870714692017958
0.0007742468324259018
0.0007088014792939017
0.0007736270173510015
0.0008730360905953027
0.0013814992821133028
0.0007386725935230008
0.0006785041436338027
0.0012661025790609987
0.0006409142544207963
0.0004951091612879974
0.0006201471937042034
0.0006845614360605004
0.0006652007125954006
0.0007265115145506998
0.0007691289489374017
0.0008760894932114995
0.0008820494486834994
0.0006552559665711014
0.0005346617978024999
0.0005875316286350976
0.0006181644955143006
0.001027839907048897
0.0006955797181140005
0.0005727663658862021
0.000847219691315404
0.00035679329920329517
0.0004943799544152999
0.000642154647114701
0.0006497251402124982
0.0009933592744532961
0.0007498479910800979
0.0007956964523323021
0.00044336482606070066
0.0006629305749484976
0.0004554683157663997
0.0006565780708992011
0.000383487566318199
0.0006228980475775983
0.000855148660752602
0.0006572226558746001
0.0008936743521752999
0.0004877023280894996
0.0005894650073611993
0.0007848190499252991
0.0008671675916680985
0.0006929886713948966
0.0009781799332434019
0.0007950574951822997
0.0010770906124561996
0.000626751094831797
0.0005951683881820005
0.0007828120583743998
0.0007136685758157013
0.000800816132674402
0.0008981813984250998
0.0008213166384135016
0.0008359445015930986
0.0005941193420497017
0.00048173190652749803
0.00035217802405229995
0.0007994844405758011
0.0009282684979882022
0.000787143380351199
0.0006980220075624016
0.0008545220396496966
0.0009714385482778934
0.000981928593097002
0.000691356434110401
0.0005270406968028996
0.0010437405583685055
0.0006966932901330963
0.0005668091820525967
0.000901423185281601
0.0005689266710574986
0.0007904599023673964
0.0007101251547095982
0.0004933689165145007
0.0005966151849801996
0.0005057492813667006
0.0006573203612504006
0.000893266683678999
0.000579136587802502
0.0008658264421316023
0.00040078885987989907
0.0010337469703434014
0.00045671650539599873
0.0005525917980423976
0.0007682340084588998
0.0004875420382519022
0.0005965691605380984
0.0009788374874263005
0.0007084076478410008
0.0006829766592886984
0.0009345322114978974
0.0006923471946585005
0.0007322564879907976
0.0004127707814647018
0.0008461070632936052
0.0008279256893857986
0.0005985122146854004
0.0004463699951608967
0.0004358697410430032
0.0008812866137635038
0.0005722391873458979
0.0007447386920988001
0.0010057439336184984
0.0010251638086272996
0.0006734711945126023
0.0008834925412186008
0.0006924895251828947
0.0006009498166925017
0.0010544647900609036
0.000829065449706401
0.0007876662110940028
0.0007832547283080013
0.000653326973446805
0.000959480899645801
0.00024030047369399954
0.000914743058257006
0.0009032458350497971
0.0005434471656019998
0.0010201920816712007
0.0006959443656818984
0.0005899164124138004
0.00044852058477670015
0.0004655203325444994
0.0008148379687541001
0.00028233143882890055
0.0009667305323889999
0.0006582755963251974
0.0005628806504971995
0.0004711862681373996
0.0006542290077544005
0.0008646115998742002
0.0008175335797975976
0.0007963110293493017
0.0008481963821168961
0.0005757435357606998
0.0010407067836165004
0.0009046959916502
0.000347539046658997
0.0010692107722569955
0.00041313380231950206
0.0007843216904377011
0.0009458587307160024
0.0007011124589232989
0.0007858119981171002
0.0007425283478008984
0.0005269197770598998
0.0007352892248725026
0.000655137564283495
0.0008193275958718015
0.0007403377712297057
0.0006641330404332027
0.0006980061287221
0.0004989644593597978
0.0002992345731820008
0.0010135679597799048
0.0004947956285951995
0.0007992899648628995
0.0009236028326636003
0.0006492226213156982
0.0007423910262789948
0.0006523129390281004
0.0004904444459956983
0.0008303005784579993
0.0004252376707546031
0.0008338618469826975
0.0005939516268684969
0.0011745401558055021
0.0010594783429934002
0.0006275366024971994
0.0006534491467329977
0.00046598721593680073
0.0007147688745143994
0.00045012765685109937
0.0008744344846016994
0.0007519408241248998
0.0009349131345217018
0.0007070597369748001
0.0008061230992573998
0.0006727803151316998
0.0007289910255385973
0.0009123223412930981
0.0007149586350690997
0.0006430551490822986
0.0006775344259844981
0.0009695398795936012
0.0005710042970459989
0.000533250670005099
0.0008193925657519995
0.0006405628863175028
0.0007152010654470006
0.0005229415538982977
0.00036713595282029943
0.0005977295038315997
0.0009421256145619034
0.0006193787077809002
0.0006441386838525985
0.000564775378610799
0.0006867386969844
0.0004579884531439003
0.000676187722351701
0.0006351651543108003
0.000466365030775899
0.0005551440338900024
0.0007683377773490992
0.0008749052205100985
0.0007987548507304015
0.0003009524219761972
0.0007699887924412022
0.000521451554930899
0.0006755744167388986
0.0005371198184275991
0.0005554401837331996
0.0008048151067173992
0.000770088494177798
0.0004409148331814064
0.0008378971593548043
0.0005796512194666988
0.00045063803227540083
0.0005195926466432001
0.0006499094486288985
0.0008012852122973001
0.0005220143455146008
0.0007625323742488019
0.0005645832463998975
0.0010873787260914994
0.0005806397271038016
0.00024688579395669777
0.00036288143280990143
0.0007669706080252019
0.0004960454100513996
0.0006957057294550983
0.0005320068450919979
0.0007380802273797005
0.0008889539147465993
0.0008144328619785965
0.0006335817793216986
0.0004278790891146002
0.0009384221922063007
0.0009265083325590007
0.0006058256684964985
0.001213874873124604
0.0007469777275005973
0.0007214499703755983
0.0009003496561140051
0.0008429130035238
0.0007600294361460973
0.0007403432685500963
0.0008235783050359012
0.0008649731962609986
0.0006853102651567002
0.0008021046194229969
0.0008296869967530998
0.0007893297131076962
0.0008482701527545017
0.0006934791260876996
0.0007861037815524996
0.0009050637846276001
0.0006717663697305004
0.001024154899012801
0.0006965969592143961
0.0010117897600918982
0.0004561054389898983
0.000995021916911601
0.0006023219837729063
0.00038325543984060045
0.0007908354433049034
0.0008342382813565988
0.0008677733931220996
0.0008650837822924001
0.0005377817489632987
0.0010040251066395986
0.0005552004075912026
0.0005481703746724985
0.0010123720939178016
0.0005711861527315995
0.0005206097175586982
0.0009969943885018012
0.0008231394574384002
0.0007905344906830002
0.0006009379604369966
0.0008739307779087012
0.0006174863613057982
0.0003235017393993997
0.0006027708703620002
0.0008178499514013005
0.0007793810947506995
0.0005868981515147996
0.0008788008827021986
0.0007612790039999012
0.0006137441860637992
0.0007784382967132991
0.000795945895268102
0.0010100936353518997
0.0009986853029054013
0.000731155716278898
0.0008421477701160973
0.0008109171639720004
0.0006780113559049991
0.0006319632097713003
0.0007661277992594001
0.0008277447839694016
0.0008532048393063985
0.0007309110518734993
0.0005784812488880964
0.00036894331574260225
0.0009333853036761
0.0007086394453537023
0.0006000392768023
0.0005734000307295005
0.000933397939873501
0.0005362893575308995
0.0009841724517858988
0.0005371257420049985
0.0008066072713118037
0.0010001658905134
0.0007162887204695996
0.0006686330947736005
0.0009717428861972938
0.0007245319849770969
0.0008600721646472992
0.0006850086684433015
0.0006513836802107022
0.0006415729222749994
0.0007999490657924005
0.00043838562943239803
0.0006752482397595974
0.00039964926726300185
0.00047969268214670055
0.000807471567299399
0.0007544072837348988
0.0005989196977219981
0.0008227374952585985
0.0010393698885036995
0.0009452760755943
0.001141172716339102
0.000700189483510999
0.0008685649284049975
0.0005944371056144024
0.0007920003954711013
0.0007146417909261009
0.0007648387741283971
0.0008747247300548017
0.0008611398190311037
0.000616451481875599
0.0006027970495878013
0.0008424812504289961
0.0008681834009384992
0.0008231436552030985
0.0005235357812867006
0.0003822008587003982
0.0006504035411569985
0.0005891201305308
0.0005998017018235026
0.0006520898059448992
0.0008887618955788976
0.0008849337097586001
0.0007618562632909012
0.0005561142806718017
0.0011961791374165004
0.0007945999252466987
0.0006874200436383024
0.0008629584914100971
0.000757270592351901
0.0009404614748238019
0.000560185020977301
0.0007341517407879021
0.0007452323434926009
0.0011224529242108983
0.0007431167888789017
0.0010013529540553005
0.0008891440315479011
0.0005896346026338026
