0.0150513419836124
0.0148952014855678
0.0149146838702591
0.0149146533653952
0.0149740579166844
0.0149469446748063
0.0149295553115204
0.0149476190022938
0.0150285547394468
0.0150191890250353
0.0150060473098795
0.0149871579967655
0.0149218368804458
0.0149427661668071
0.0149623019374549
0.0149429745994044
0.0149574625381931
0.0149547228896206
0.0149904340412128
0.0151130330428452
0.0150061502501141
0.0150779468607048
0.0149317732473213
0.0148879818977277
0.0149599064552132
0.0150235226883608
0.0150704023728993
0.015046925470882
0.0149528174293597
0.0149342575204128
0.0150561555000958
0.0149678797790635
0.014935214191302
0.0148866778131099
0.015014342553376
0.0149510266814296
0.0149259547113681
0.0149732748031564
0.0149892882572399
0.0149564783923082
0.0149468524134365
0.0149822873853305
0.0149651536152162
0.0150750287985347
0.0149264670218394
0.015005442852032
0.0150204169886939
0.0149362317290846
0.015051221264815
0.0149396171728666
0.0149953690723612
0.0149452654174005
0.0150938655317424
0.0149892409966676
0.0149927479321199
0.0149781396959178
0.0150100686037253
0.0150023707672441
0.0150519744775251
0.0149533141948584
0.0150245841243566
0.0150119706304805
0.0149543993295134
0.0150881462540687
0.0150232652969725
0.014959300869031
0.0149993000200318
0.0149985462159611
0.015109818557655
0.0150354565574444
0.0150498479433683
0.0150066834262176
0.0149899591249073
0.0149281853540268
0.0150600353400681
0.0149708729054387
0.0150271310041715
0.0150096293970243
0.014994911200703
0.0150206719087887
0.0149986797868325
0.0149780386154457
0.0150390305008578
0.015037965864906
0.0149602487477813
0.0150370531586112
0.0148955668948721
0.0150406543508282
0.0149796625640468
0.0150283574310602
0.0150170708905644
0.014942517838865
0.0149090269660283
0.0150469887174994
0.0150035833426857
0.0149454270417668
0.0150213460334946
0.0150355131868571
0.0150586305578318
0.0149673498231829
0.0150009948746112
0.0149561193412382
0.0150321348422306
0.0149819063150505
0.0150247698608761
0.0149012252610833
0.0149791192609545
0.0150541651548343
0.0149696684970485
0.0149675255513313
0.0149667680294126
0.0149337576167113
0.0150362194993866
0.0149038938818885
0.0149284365246792
0.014935219217792
0.0149507528375115
0.0150307129640725
0.0149900970800606
0.0150249674441114
0.0151476451477764
0.0149909521907063
0.0149407678189743
0.0149632915921478
0.0149648037944955
0.0149349512496901
0.0150031308612092
0.0150351703830792
0.0150021678559271
0.0148928295000811
0.0149762122005397
0.0150677611296844
0.0149107311869291
0.0150535212573756
0.0149698744428777
0.0148856829898515
0.0150051607173616
0.0151156493466925
0.0149358188582544
0.0149444901806251
0.0150340918454945
0.0149513522762697
0.0150007329046704
0.0150109500945317
0.0150227127312093
0.0149418518910288
0.0150281799907803
0.0149722703474499
0.0148880280085379
0.0149493937467007
0.0150021260723442
0.0149109292517616
0.0150413435128384
0.0149797803040982
0.014996008960047
0.0149575854790649
0.0149915100644312
0.0148966685100505
0.0150150654447235
0.014983657423138
0.0149559006164821
0.0150051631281043
0.0150375593701237
0.01504622594402
0.0149440319485026
0.0149967746088306
0.0149643904452839
0.0148985231173026
0.0149054386038582
0.0150166261310081
0.014908448244978
0.0149832733517986
0.0149740767717795
0.0149961770807837
0.015052510404399
0.0150167789707008
0.0149981401141558
0.014939841243713
0.0149526759723889
0.0150268301321257
0.0149667855885985
0.0149535088398755
0.0150911280369853
0.0150070760377096
0.0149696092596702
0.0150120578515394
0.0150433888310195
0.0150200052114479
0.0150730414610938
0.0150196991561021
0.0150283858809103
0.0150070470663624
0.0150142619744631
0.0150363356206589
0.0150409392206714
0.0149614088425174
0.0149170315526249
0.014976006342128
0.0149901943409725
0.0149255070953091
0.015075069682566
0.0149747293796387
0.0149281655266306
0.0150094314804762
0.015038947812362
0.0149368164795804
0.0149256242643606
0.0149735128293415
0.0149566329329859
0.0149419362644945
0.015117691938829
0.0150124557767451
0.0150178769314609
0.0149507650562574
0.0149383618759054
0.0150408956430537
0.0149888448761408
0.0149453169628467
0.0149497431837493
0.0151077452892317
0.0150089213477585
0.0150281610166228
0.0149366563504304
0.0150089969450523
0.015069132819357
0.0150038813844124
0.0150507154890308
0.015019816068762
0.0149863254797386
0.0150588332126489
0.0149918259239503
0.0149903287688814
0.0149032901485873
0.0149428655439115
0.0149567525185389
0.0150509694046771
0.0150420891059346
0.0150619232504612
0.01500516684117
0.0150385446234961
0.0149086191482558
0.0150506920187628
0.0150133560846035
0.0149342730506332
0.0149350191554383
0.015044420159753
0.0148989798609247
0.0149832593331699
0.0149990925243503
0.0149874567650608
0.0150274911626425
0.0150209384027028
0.0150565976721105
0.0149096432970615
0.01506049798761
0.0150328053157745
0.0150413088421543
0.0149578289872815
0.0149086523704421
0.0149411865735867
0.0149209723712217
0.0149411055753202
0.0149934633978469
0.0149269213313284
0.0149771710855191
0.0150478643060433
0.0148912010323005
0.0149281316537765
0.0149368841005035
0.0151221857323226
0.0150399329376981
0.0149475206566342
0.0149470216526659
0.01496779844049
0.0149955235368283
0.0149371253428293
0.0150598204963698
0.0150463151760132
0.0149925717599385
0.01494100527211
0.0149318664919745
0.0149310572751562
0.0149939528774557
0.0149332718035876
0.015011004658301
0.0150624613675857
0.0149622008393228
0.014974677871794
0.0150425002304844
0.014942842188854
0.0150426340362032
0.0149951883776658
0.0149674602763787
0.015006054756714
0.014933992118097
0.0150595232216516
0.0150040782458392
0.0150810589293616
0.0149727706050547
0.015061504554965
0.0149760119074948
0.0150022937053544
0.014972213938601
0.0150050324802662
0.0150206528386684
0.0149952628437488
0.0149853163028285
0.0149835898996636
0.0150428890380038
0.0150201094324651
0.0151249677568589
0.015040148416969
0.0149981881987168
0.0149445399039004
0.0150502553178415
0.0149510325008773
0.0150441042846474
0.0150673341528262
0.0149994430533238
0.0150271428262226
0.0150119384255857
0.0149560887022006
0.0150069857453037
0.0149794169811591
0.0150231475767533
0.0150475738435681
0.0150291513161128
0.0149909068878219
0.0149749767644237
0.0149119314966803
0.0149822209452869
0.014954406179591
0.0150216518254191
0.0150102796655466
0.014892193444867
0.0149760312058123
0.0149309335744338
0.0150900316164337
0.0150005620632107
0.0150342212478735
0.0149829218136357
0.0150682102380016
0.0150071086686873
0.0149215391324851
0.0150608346435174
0.0149500441572208
0.0149705029792374
0.014935985498906
0.015006399933149
0.0150113914009321
0.0149811716642961
0.0150258131455809
0.0150378321955525
0.0150472894533022
0.0150186892309325
0.0150966446563521
0.0149744443651822
0.0150164562810807
0.015034108967132
0.0149910828356624
0.0149619787143751
0.0149528461752294
0.014983702578405
0.0150131537131624
0.0150270640945181
0.0149352219779606
0.0149841248679773
0.0149958643064031
0.0149905804231726
0.0149915503885166
0.0150886475539938
0.0149952288680343
0.0149290482060287
0.0149124224342722
0.0149791370142165
0.0149799967363594
0.0150028982055702
0.0149732731142312
0.0149762093053929
0.0150555227736398
0.0149969954988553
0.015015352154712
0.0148872226037713
0.0149866273089951
0.0150042542580801
0.0150055934664656
0.0150356003523209
0.0150119186541549
0.0148989243416697
0.015033693402307
0.0149978320681309
0.0151179795203699
0.0149204793893546
0.0150951008548444
0.0150027838588172
0.0149501692878184
0.0149486264145423
0.015037687119579
0.0149336649880425
0.0149045097522184
0.014964134890377
0.0149557641253866
0.0150567674668721
0.0149578386262477
0.0149749398131728
0.0149774087854148
0.0149708181062627
0.0149660510026671
0.0150196424753379
0.0149660984903979
0.0150257507615629
0.0149661628144814
0.0150252100353762
0.0150310126013644
0.0149824100050703
0.0149313276677391
0.0150007736362635
0.0150628541469013
0.0149805094312725
0.0149302252143284
0.0149820197099602
0.0149368205400785
0.0150362328728049
0.0150523240638313
0.0149594270552117
0.014960720714168
0.0149048476493698
0.0150026967564487
0.014960648023669
0.0149951951639329
0.0150073900638678
0.0150716167843125
0.0150060449294322
0.0149853671673974
0.0150031639990988
0.0149815602480511
0.0150082011898496
0.0149270471281519
0.0149782593907479
0.0150428861433708
0.0149540598324308
0.015024733016707
0.0151033226241033
0.0149511127445429
0.0150638157683737
0.0150269376828231
0.0149955926720812
0.015030386902512
0.0149596694264818
0.0149410697347256
0.015028504389182
0.0150645956025679
0.0149342489057592
0.0150407006858086
0.0149405875204299
0.0149645990883809
0.0149514014325447
0.0150542705171536
0.0150726269610709
0.0150785372132566
0.0149619982994664
0.0150516007477885
0.0149500577410862
0.0150134098668403
0.0149818272746379
0.0149706131011543
0.0150059390966447
0.0149856113262081
0.0150460507147236
0.0150218733574472
0.0150672951288159
0.0149724529761477
0.0150335171747767
0.014972699308439
0.0149891717811805
0.0149894108310039
0.0150451308827841
0.0150221044427641
0.0149562850610466
0.0150443600182622
0.014996087388587
0.015012879924022
0.0149576911124862
0.0150272345710402
0.0150088053648322
0.0150604405820371
0.0149556060744058
0.0150110043942982
0.0150374775003852
0.0150012045086645
0.0150473341251985
0.0149873913844842
0.0149807977769145
0.0150230683457251
0.015000024976854
0.0149754798780456
0.0149935342764878
0.0149048082617677
0.0149878970771335
0.0150291744922132
0.0150456189068292
0.0149925270623173
0.0149192056872472
0.0150000914136037
0.0150441617398737
0.0150141500968495
0.0150124962135187
0.0149632766006117
0.0149974655934878
0.0149838754175123
0.0150489733381196
0.0150151201828774
0.0150103147905726
0.0148846247005115
0.0149076525765499
0.0149573682197437
0.0150198710106159
0.0151079267614607
0.0150783372630975
0.015034860253947
0.0150255605291919
0.014858349566662
0.0149587725205653
0.0149429168669276
0.0150156145060527
0.0149709455313336
0.015053051791054
0.0150140103360596
0.0150234526704044
0.0149854084039842
0.0150204540032704
0.0149209846673342
0.014953349714686
0.0149705306449436
0.015061036712839
0.0150386392645673
0.0149997058255576
0.0150415353605954
0.0148956394508046
0.0150458670266856
0.0149913905706138
0.0150869152491717
0.0150164795814061
0.0150107896922149
0.0150187479333966
0.0149417042173567
0.0149538653054857
0.0149408160527526
0.0150471761524978
0.0150411647697127
0.0150309212951771
0.0150140152785375
0.014920168248109
0.0149946834610966
0.0149833565195513
0.0149409243677418
0.015073452549403
0.0149675624006153
0.0150135871114808
0.0149927256745717
0.0149712374220842
0.0150592209681174
0.0149771681613639
0.0149977927547762
0.0150455621412942
0.0149909522125952
0.0149546789697515
0.0150805190649549
0.0150036527809094
0.0149110038772177
0.0149282829418759
0.0150243165106523
0.0149425896269612
0.0149234415192654
0.0149821641021102
0.0149974361056313
0.0150483327875992
0.0149847753850005
0.0150055440462804
0.0150175027373259
0.0149295903654268
0.0149827111110389
0.0150369792615994
0.0150720997742975
0.0150007084310231
0.0149741884988956
0.015015899471779
0.01502484024991
0.0149639907314037
0.0150685073408312
0.0149673743347467
0.0149808623474578
0.0150802529543629
0.0150043479828207
0.0150972358338939
0.0149818283141596
0.0150415368252799
0.0150714751606298
0.0149467531970222
0.0150260689373387
0.0150629201237656
0.014905318431334
0.0150282327580129
0.0149901582142691
0.0150684805800811
0.0150270135742868
0.0150331038313907
0.0148834268636732
0.01494384932839
0.014952964810182
0.0150124833787265
0.0149808626574237
0.0150522898021765
0.0149780710579482
0.0150114214336722
0.0148748159933098
0.0149488243046351
0.0150355811547633
0.0149174872186402
0.0150143597965578
0.0149449647500395
0.0149287072757483
0.0150786325721924
0.0149831727575371
0.0149630464959034
0.0149564545554444
0.0150478254809566
0.0149870004795502
0.0149858656507339
0.0150120940756832
0.0149796100119811
0.0149962382260457
0.0150052294923659
0.014921031662086
0.0150196588047776
0.0150635519886129
0.015039463293396
0.0150142400182608
0.0149920785586014
0.0150042972705523
0.0149836835025484
0.0149684735383628
0.0149816964309587
0.0149577672365651
0.0149490792620112
0.0150469926706325
0.0150468365105942
0.0150814338205227
0.0150089442216159
0.0150090400491628
0.0149036921919899
0.015014505595553
0.0149863776615334
0.0150255223311824
0.0150684192245798
0.0149341003932917
0.0149694177547006
0.0149803700685677
0.0149176000571043
0.0149611895147429
0.0150103472570329
0.0150884989184464
0.0149215059897241
0.0149388756851491
0.0150292882364423
0.0150712284725039
0.0149799803369656
0.014943768946641
0.0150254337775967
0.0150406502471392
0.0150236081487372
0.0150334967613008
0.0150205458408535
0.0149831134993196
0.0150318337913687
0.0148852756425303
0.0150388712052314
0.0149699862532269
0.015034181958621
0.015004217597551
0.0148169521033593
0.0150271248714815
0.0149465693703637
0.0151177188349114
0.0150221688427809
0.0150046975876286
0.014991298081999
0.0149716300641041
0.0149538980216125
0.0150795532609345
0.014983696671207
0.015039074636021
0.0150415986846448
0.0149531108752631
0.0149250974331385
0.0149811945890756
0.015107113142969
0.0149849785811196
0.0150254227182812
0.0150444723148384
0.0150786686114911
0.0150328772552535
0.0149118789536894
0.0149922525784012
0.0149738999126888
0.0149750287321687
0.0149446068871352
0.0150048024388081
0.0149114915889283
0.014940459588758
0.0150046661324509
0.0149537970924856
0.0150096663250349
0.0149340695886781
0.0149050766406011
0.0149862489287322
0.0150226784006548
0.0150575552792005
0.0149842719583852
0.0150056394304345
0.0151017808282819
0.0150485044584906
0.0150788399719399
0.0149380689607022
0.0150476536054711
0.0151020989431191
0.0149611147195412
0.0150339851193358
0.0150407967590986
0.0149869394432919
0.0150421712962083
0.0149625973720651
0.0149138491038866
0.0149937811850345
0.0149479038330367
0.0150040882846432
0.0149737850751827
0.0150158961205272
0.0149380919917473
0.0149391698549744
0.0149624237871253
0.0149027983145111
0.0151223418295473
0.0150485030733787
0.0150715591784936
0.0149636176493254
0.0150154525583361
0.0151360195138943
0.0149194860191579
0.0149731759353577
0.0150256681347346
0.0149764759686966
0.0149739123112578
0.0149862007970798
0.0149294736055482
0.0149831390358141
0.0149604588541775
0.0150132346200732
0.0149792250814292
0.014989596877448
0.01496896639229
0.014967424129157
0.0149973077162279
0.0149424433077117
0.0148964504668027
0.0150348999316912
0.0149493711239275
0.0150805011909544
0.0150986376660604
0.0150050097459185
0.0150413623925441
0.0149740942688405
0.0150596308571549
0.0150527502249041
0.0149672108249341
0.0148428736997257
0.0149720171541812
0.0149678984533557
0.0149250502321468
0.0149612915792199
0.0150880385082699
0.0149701509602505
0.015028766914456
0.0150546485425371
0.0149926816048709
0.0148971961468447
0.0149219921401882
0.0150019418632665
0.0150250579714259
0.0149342553145463
0.0149544688478835
0.0150197209222956
0.0150841680513671
0.0149438002674032
0.0149641783280277
0.0148903791909895
0.0149496189529902
0.0149446585113509
0.0149972412465837
0.0149292027529531
0.0149454033543397
0.0149636383394646
0.0148922345221441
0.0149814431768009
0.0150296193827148
0.015009358155419
0.0149615022377463
0.0150676617942279
0.0149907059250559
0.014891350690915
0.0150074553842481
0.0150296289648584
0.0150768070183572
0.0149983106614683
0.0149767824696431
0.0149597392442988
0.0149498522753646
0.0149697475177823
0.0149558935314073
0.0149463741644838
0.0149993695056689
0.0150697421737844
0.015014735829265
0.0150343323392691
0.0149684564904466
0.0150023423173187
0.0150777809979286
0.0149449250053011
0.0149424392258066
0.0149561316639068
0.0149852836960447
0.0150516281231094
0.0148842118455425
0.0149602232295663
0.0149741510722464
0.0149295929485165
0.0149584834704415
0.014941790693629
0.015081191839807
0.015075021234006
0.0150346400430974
0.0149420379372797
0.0149964272798561
0.0149702122023154
0.0151084338129103
0.0149926191652172
0.0149735636876658
0.015000059209988
0.0149457937586973
0.015046190301166
0.0150493692288775
0.0149819181949675
0.0150170504577419
0.0149765470646597
0.0150662199945714
0.0149661496992281
0.0149899301126828
0.0149788659839013
0.0149918249652069
0.0149940199916932
0.0149596286505098
0.0149858516479326
0.0149587239030149
0.0149566710563913
0.0149381661136173
0.0149423374829081
0.014964916042186
0.0151068645016513
0.0149387985766036
0.014975816583618
0.0150871045845982
0.0149842119970389
0.0150081128458789
0.0150229154241206
0.0149458927895559
0.0149484129608286
0.0148768261198979
0.0150275616887277
0.0149783430392366
0.0149336516584787
0.0149486544231191
0.0149427984136085
0.0149362300654739
0.0149850174401096
0.0149510366224738
0.0150883773305985
0.0150509629494893
0.0149725918580722
0.0150517160474679
0.0149733568747273
0.015000265679278
0.0149049650459209
0.0150147406940463
0.0150149967953631
0.0149887704186534
0.0150265890373823
0.0150632132604842
0.0150357731471197
0.0150550455044555
0.0150260171208217
0.0150378127007545
0.0149527204110265
0.0150116496709133
0.0150050054809956
0.014956672686849
0.0149858242925033
0.0149590078967002
0.0149752829921198
0.0150229549894109
0.0149277835439907
0.0150526230421137
0.0150573367826349
0.0150115899399467
0.0151168694138294
0.0149355221769379
0.0149927118471088
0.0150497250048389
0.0150329911243497
0.0149728496236914
0.0149554099396101
0.0149549257160301
0.0150703704290898
0.0149365737797166
0.0150461530738534
0.014919758482957
0.0150077886389074
0.0149904240967722
0.0149408303734951
0.0149116773372569
0.0149297326504654
0.0149687651510713
0.01499002343892
0.0150710606122455
0.0149821734572084
0.0150195904831956
0.0149223906717146
0.0150058837075403
0.0150178776268935
0.0150345698495904
0.0150344259446667
0.0149340903135968
0.0150585601840578
0.0149154397323787
0.0149740845431719
0.0149579686189779
0.0150423232423458
0.0150498493479604
0.0149444987838842
0.0149755739440239
0.0150488124149783
0.0149911927981798
0.014965484815032
0.0150376575272203
0.0149402381065906
0.0150204473744493
0.0149928389427657
0.0149413549403335
0.0149774370668091
0.0149950851167901
0.0150459973236471
0.0150619220038835
0.0150263460093572
0.0149842821485822
0.0150209020962799
0.014987699225124
0.0150653277359616
0.0149683957782259
0.0150335641554851
0.0149646644302823
0.0150078492324483
0.014957894896102
0.014889594269956
0.014931383445861
0.0150516166994034
0.0149742456006055
0.0149921095732303
0.0150165930953112
0.0150136573076923
0.0150100162456005
0.0150307750022429
0.0149559682643483
0.0148932303861185
0.0149549467214544
0.0149802594821886
0.0149870019763049
0.0149982864254006
0.014963133289026
0.0149033087755293
0.0150578439402229
0.0150082886397627
0.0149332009772138
0.0149560948965711
0.0149378452675893
0.0151014546454165
0.0150400456589595
0.0149743139741632
0.0149970865841631
0.0148962475355472
0.0150157390244675
0.0149772317432269
0.0150610351627002
0.0150141777261799
0.0149443938126593
0.0150647053313777
0.015005305466116
0.0150743477855222
0.0149779719335869
0.0150536001404503
0.0149889121448265
0.0150009908389369
0.0150824416243743
0.0149845206949361
0.0150118694970851
0.0149028543370241
0.0149232496545502
0.0150126443422655
0.0149940390193927
0.015033250923734
0.0149687030134701
0.0149672092028869
0.014999265882087
0.0148950384051993
0.0148551614612895
0.0150598165520998
0.0148929103306749
0.0150489611822822
0.0150423007726865
0.0150487146670692
0.0150562497900579
0.0149309250625771
0.0150207837956542
0.014980524555158
0.0149724065649037
0.0149309559171596
0.0150412528716878
0.0150429349197266
0.0149047192981867
0.0149910800986733
0.0149405156111069
0.0150696549317505
0.0149982223770031
0.0150366104114807
0.0149912551269737
0.0150242403736234
0.0149814682379881
0.0149824278796487
0.0149562178986479
0.0148920873210502
0.0150383481122109
0.0150212754277226
0.0149258908301732
0.0149980572199642
0.0150041427700869
0.0149804920602974
0.0149141679118377
0.015033785789248
0.0149978360028031
0.0150551055561002
0.0149050912899901
0.0150133836934261
0.015030400812689
0.0150710764849896
0.0149661931889489
0.0150099510326542
0.0149536628736068
0.014977533527278
0.0149702445099753
0.0149212825980809
0.0150111298172944
0.0150582571154362
0.0150239603315926
0.0150340211148411
0.0150014706616305
0.0149483575119729
0.015036511600978
0.0149613553374358
0.0149613890184101
0.0150114564840488
0.0150277550395218
0.0149868903425453
0.0150188134723848
0.0149713720667488
0.0150424984523414
0.0149666268125975
0.0149241645661567
0.0148502250501795
0.0150263704014422
0.0149159676302746
0.0149803190256795
0.0149519081088456
0.0150537858274664
0.0149771642293085
0.0149561083506735
0.0150177969753968
0.0149381844698705
0.0150317274657714
0.0150061510581873
0.0150112437353851
0.0150413578385524
0.0149581252261769
0.0151058790050215
0.0149830889836936
0.0149212827235477
0.0150227409238454
0.0150133388006626
0.0150619682873387
0.0149621103915079
0.0149021370193347
0.0150687074536102
0.0149656943027899
0.0149684194832883
0.0148917933442453
0.0150189368615696
0.0149639365046253
0.0150169451251873
0.0150297609816418
0.0150340321343172
0.0149913524898825
0.0149960424510446
0.0150161022889124
0.0149419128565934
0.0150169807918482
0.0150398934287182
0.0150063778775037
0.0149415254515211
0.0149987563971974
0.0148674829275836
0.0150191990721518
0.0149701645570725
0.0149823525060698
0.0150136871437928
0.01497679766344
0.014994124780841
0.0149560873182032
0.0149658743704897
0.0149738514475744
0.0149838227705486
0.0149978606327683
0.0149446213606058
0.0149639076823098
0.0149915937485351
0.0150499757715474
0.0149732270579426
0.0149679258809964
0.0149322344070915
0.0149737257336249
0.0149618054658779
0.0150951764779825
0.0149888093890728
0.0149133801132254
0.0149871616721224
0.0151109888104731
0.0149745736267137
0.0150237202754978
0.0150181975416318
0.0149481701008071
0.0150292096863189
0.0149482589968879
0.0150274886838542
0.0147920503348217
0.0150396883460157
0.0149944654620159
0.0150456908767291
0.0150399911532459
0.0150137076084049
0.0149346242567109
0.0149893379775375
0.014958271603243
0.0150767955940522
0.0150501380432166
0.014928848378991
0.0149206195618014
0.0149604914508312
0.01502559695356
0.0150566868122257
0.0150340361689084
0.0150106380543446
0.0150379824165927
0.0150359460950427
0.0149944138342468
0.0150619963383488
0.0149316050477219
0.015009601185408
0.0149842239048882
0.0150199745601475
0.0149847987118417
0.015030286440476
0.015003817534374
0.0149826007733373
0.0150277663885197
0.0149934620174927
0.015032150678235
0.0150056030297468
0.0149785780569071
0.0149513037019211
0.0150976172725186
0.0149869881903235
0.0150324543778424
0.0149729857178734
0.014992989257619
0.0149951264683973
0.0149748746831043
0.0150027250424277
0.0150422320086724
0.014999084707291
0.0150407725743414
0.0149932438187562
0.0149566570674434
0.015016677938449
0.0150623694242202
0.0150103266363196
0.0149542218064801
0.0149855106187652
0.0148258403185462
0.0150359871615346
0.0150045274736041
0.0149044528854292
0.0150105015208
0.0149317860715116
0.0150253594492752
0.0150085294118894
0.0149256089709215
0.0150490122694032
0.0149977092598342
0.0149403394233768
0.0150631691919151
0.0149298041771758
0.0150710954592793
0.0149756228648234
0.0149605131547927
0.0149206005726717
0.0149184594994478
0.0150615445896285
0.0149868603411693
0.0149907115669763
0.0149907291743741
0.0149951063387955
0.0149782813802811
0.014966101303687
0.0149882653642133
0.0149607825787969
0.0150578292834645
0.0149032798809144
0.0149679501581489
0.0150583721299179
0.0150184492921081
0.0149888837286815
0.0149544531753501
0.0150291857445697
0.0149726242416695
0.0149774744116948
0.0150137054679771
0.0149426212685308
0.0149935292272917
0.0150395928594408
0.0150625592202236
0.0149802079465511
0.0149770343287053
0.015013963981976
0.0150154342057903
0.015006435563366
0.0149387953157167
0.0149472940285161
0.0149815254332747
0.0149986362788435
0.0149640340065702
0.0150500686857177
0.0150442598878105
0.0149763296643863
0.0149774907979269
0.0150248915513583
0.01496830411642
0.0149488166834682
0.0150470220071535
0.0149743618935815
0.0150442841972404
0.0148989401786135
0.0150196021241505
0.0149521063645136
0.0150232704580581
0.0149849075415081
0.0150053326302045
0.0149328547591089
0.0150148237187952
0.0150058525506283
0.0150897820348935
0.0150682230885704
0.0149586809744884
0.0150520863309087
0.0149801848129484
0.0150616816168378
0.0150133790461092
0.0149463058331295
0.0149815007576323
0.0149059820752976
0.0149801186340847
0.0150243950315798
0.0150271575604217
0.0150588529577286
0.0150329926256315
0.0149764717525708
0.0149956788517706
0.0149409586793053
0.0149990792493902
0.0150607712376184
0.014982390376401
0.0150300667216232
0.0149927899773264
0.014963957123496
0.0149666421368541
0.0148946658659444
0.0149812204406409
0.0149643952162652
0.0150291833087163
0.0150633997401056
0.0149549051802822
0.0149482155826251
0.0149616281804145
0.0150257928259139
0.0149621695074816
0.0150325421391168
0.0149274619264139
0.0149569183180327
0.0150431957543131
0.0150574709290895
0.0149853019490618
0.0149604378099277
0.0149693062557041
0.0151042151442559
0.0149497618874483
0.0150750973464877
0.0149346811586976
0.0149924696771543
0.014916700501631
0.0149463398077464
0.0149565682655435
0.015047502726176
0.0149905416466882
0.0149995409438486
0.0149290357341264
0.0150010752891367
0.0149738374226632
0.0150494127239178
0.0149447325032015
0.0150257631502141
0.0150311080981281
0.0149890504986404
0.0149884409934807
0.0149519663109761
0.0149836712672126
0.0150166510597446
0.0151229352100864
0.0150341536653613
0.0150807019174077
0.01496962062021
0.0150027853840623
0.0150041179629439
0.0149425330082883
0.0151323017336351
0.0150130162796734
0.0150283645233219
0.014978636494526
0.0149480984349802
0.0150314668904723
0.0149776902071893
0.0149786878403267
0.0150287870006595
0.0150305795743046
0.0149161013393674
0.0149687153228416
0.0149933956042101
0.0149659169915077
0.0150627262156002
0.0150744467911641
0.0150301848780775
0.0149036382591982
0.0149589472849383
0.0149815585174242
0.0150157705876045
0.0149666233478047
0.0150508877348504
0.0150517816018913
0.0150203521469062
0.0149587561197535
0.0149897370297449
0.0149446232597
0.0150593394024124
0.0150342937539727
0.0150349447499371
0.0150077622823425
0.0148687290853592
0.0150554513106387
0.0150774348492216
0.0150247109972788
0.0150489225516417
0.0150394586886155
0.0150164665686509
0.0150680058271145
0.014967822081389
0.0150086708919312
0.0149784105331913
0.0149902325257172
0.0148796197152903
0.0150281250757557
0.0150703282403414
0.014974181836772
0.0150544812062446
0.0149591603736735
0.0149780432677045
0.0149780809747019
0.0150068938270631
0.0149571961853938
0.015009279242316
0.0150259699239655
0.0149576268211292
0.0150242270984432
0.0149722373920747
0.0150959354513959
0.0150302551115018
0.0149773021408526
0.0150046580261932
0.0150507963893698
0.0149533064583686
0.0149905914565902
0.0150585016979192
0.0149552638606629
0.0149737927424145
0.0149766043817259
0.0149241862688125
0.0149650942436424
0.015082435681709
0.0149467305165586
0.0149791431902982
0.0150005791504401
0.0150397941922094
0.0150080108737072
0.0149932657423069
0.014952054170572
0.0150069025492566
0.0149780993514426
0.0149411768157962
0.014940160402293
0.0149929096485455
0.0149249917486418
0.0150443994166328
0.0149659665472246
0.0149941871488649
0.0149271919809845
0.0150587943352393
0.0150054386754062
0.0149231839724042
0.015089465982775
0.0150042306054029
0.0149821478799307
0.0149406144626985
0.0150072086591495
0.0149648291220634
0.0150690691172081
0.0150110911678517
0.0150401699365498
0.0149281979004289
0.0149410381731228
0.0150369811776111
0.015048762354963
0.0149968086454941
0.0150062992291746
0.0150018196323789
0.0149424604918677
0.0150130929535624
0.0150275035277554
0.0149431790000875
0.0150465090046377
0.0150503583173045
0.0149251803147582
0.0149553580322632
0.0150221680588084
0.0150603346729915
0.0150083073062761
0.0150175732640512
0.0149257725051624
0.0149299257382767
0.0149194515792306
0.0150727680204048
0.0149814412506937
0.0150233050594899
0.015014109961406
0.015008739148524
0.0149318475553701
0.0149790447662935
0.014988979594201
0.0149696666714599
0.0150945601286732
0.0150034433897493
0.0150199899165574
0.0150056540963883
0.0150227092561175
0.0150113790077512
0.0150677626287798
0.0149533369559977
0.0149849303928432
0.0149767720851811
0.0149548797105487
0.014945399308317
0.0149879709344369
0.0149724321607133
0.0149994097225728
0.0149376159873824
0.0150338134459141
0.0149948076331057
0.0150698495954866
0.0150164636688525
0.0149918756946673
0.0149122091211868
0.0150585053132438
0.0150155260390772
0.0150030047251619
0.0149637961340563
0.015023903853282
0.0150805792231306
0.0149804318964447
0.0150082991380905
0.0150217099387748
0.0149090662103437
0.0149928486731343
0.0151020358731666
0.0150329474777209
0.0149601466636864
0.0150025728390668
0.0148756191515751
0.0149265571479667
0.0150019001863038
0.0150179913311176
0.0150285789738848
0.0149982497161098
0.0149130290572325
0.0150476043829493
0.0149370312958661
0.01501486949004
0.015013448891016
0.0149921540196649
0.0149429963529959
0.0150477509425777
0.0150080548653266
0.0149117876692689
0.0150350369182831
0.0149917359625018
0.0149372059025981
0.015030716945142
0.0150337405859601
0.0149621922975252
0.0150331870735797
0.0149733841773369
0.0150021281855991
0.015033903429405
0.0150169486179038
0.0149510977663268
0.0150788251088519
0.014912953593206
0.0150112497265266
0.0149830498013325
0.0150342841153314
0.0149699527688573
0.0150856345308368
0.0149628594367021
0.0150157181718246
0.0150008819948856
0.0151111209087
0.0150485682889957
0.0150510997435624
0.0149872018429822
0.015018326094964
0.0150056800673719
0.015042498742831
0.0149907511110446
0.0149446687438978
0.0149523302000419
0.0149878706585497
0.0149833153736728
0.015037344698714
0.0149770103690702
0.0149789831502828
0.0150026867169175
0.0149962023687332
0.0149754187575867
0.0149980150467289
0.0150355721099538
0.0150008266495947
0.0150521919646208
0.0149375214314921
0.0150205596113769
0.0150047450735038
0.014964198779915
0.014992976027693
0.0150308045205644
0.0150171556546114
0.0150779898972835
0.0150579845643301
0.0149320317300846
0.0150675790817835
0.0150674507663515
0.0149785232469664
0.0150464499178824
0.0150808719306756
0.0150262340590338
0.0150264997372514
0.0150440648992706
0.0149973244990589
0.0149187362853114
0.0149838087393309
0.0150091352165571
0.0150791391875186
0.015039446405225
0.0150136467918728
0.0149963964423626
0.0150450386149021
0.0150200144084592
0.0150261363937603
0.0149537990431292
0.015021871591313
0.0150309290183225
0.0150516528995543
0.0149701817467877
0.0150093135161794
0.0150365311236036
0.0149984985167977
0.0150847118395468
0.0150181683061998
0.0149940157010793
0.0150045475819563
0.0149879801432832
0.0149067334987618
0.0151005961022596
0.0149781104370765
0.0150005829107319
0.0149809604431729
0.0149941356272643
0.0150934623850382
0.0149754088711548
0.0150164283443099
0.015062160379223
0.0150441766763765
0.0150111976401609
0.0150115634511002
0.0150037748176169
0.0149972144390525
0.015035430822885
0.0149158058084963
0.014922587227288
0.0150065646486706
0.0149727381951598
0.0149943944421976
0.0149237475075973
0.0150268405691393
0.0150546251549179
0.0149178020701808
0.0150159143643266
0.0149446607661866
0.0149940728704652
0.0149789431995918
0.0149777283652566
0.0149882994724339
0.0150714884910627
0.0149950504818417
0.0149438645303887
0.0150588602772818
0.015082055628567
0.0149590962771954
0.0150066628511429
0.0149635488432057
0.0149717001029432
0.0149493136978235
0.0150248888532858
0.0150697140348073
0.0150066834429672
0.0150748686280338
0.0149291919161642
0.0150382917522614
0.0150171498586836
0.0150060278410574
0.0150057772650076
0.0150486026610228
0.0149347893413231
0.0150014316980149
0.0149542822552241
0.0149923335359922
0.015018292243961
0.0150697339025343
0.0150982749977745
0.0150559206442646
0.0150423227203557
0.0150666193685728
0.0151128486014768
0.0149799566615967
0.0149821905361169
0.0150323519705893
0.0150587988349628
0.0149259569648465
0.0149897532275076
0.0149356748685813
0.0149747177731539
0.0150117683158224
0.0150324306178757
0.0149685450078075
0.0149911376862957
0.0149816329179785
0.0149726477151658
0.0150241339963478
0.0149769153676062
0.0149627783658008
0.0150021798473975
0.0149959160286633
0.0148703404797767
0.0150186873188551
0.0149310616569755
0.0150422659266889
0.0149502551025396
0.0149765451810524
0.0149061152897038
0.0149824037922825
0.0149276289604171
0.0149802841783131
0.0150156380862531
0.014991016328636
0.0149483639534795
0.0150454281799075
0.0150207370338932
0.0148788161750724
0.0150680497782678
0.0149877294308235
0.0150507936479471
0.0149477875872758
0.0149164264605241
0.0150582491602229
0.014943522625194
0.0149585515450706
0.0149487896011311
0.0150764782285763
0.0150718910391393
0.0150112061720896
0.0149312075496102
0.0150656450462253
0.0149656045401154
0.0149960089797637
0.0149043579502797
0.0149268596153217
0.0150506166891692
0.0150104583920409
0.014904487737317
0.0149173959625263
0.0148957638796695
0.0149204107382119
0.0150130996086576
0.0149339546497903
0.015035382392686
0.0149865292297286
0.0148822639347745
0.0151062894432284
0.0150327790288466
0.0150496399646441
0.0150220464630915
0.0149841482191296
0.0150151325517105
0.0150224363157762
0.0150261261527627
0.0150830691802048
0.0149756778501672
0.0150228787907183
0.0151283151494416
0.0150265082592616
0.01500550581659
0.0149701601929832
0.014968188060699
0.0149957948190254
0.0148994944715156
0.0150217986686823
0.0150068356630934
0.0150120324514069
0.0149584990545733
0.0149536534863923
0.0149463243318507
0.0150064928093098
0.0149420237366542
0.014964140368006
0.0151060462660254
0.0150370965357507
0.0149594193546934
0.014899384110177
0.0149404610991443
0.0150031439261227
0.0149521279699627
0.0149604706305028
0.0150090307223495
0.0149739714810544
0.0149747239830837
0.0149313713629704
0.0149821707086626
0.0149466795524188
0.0150049751180065
0.0150409651367651
0.0150352532319866
0.0150158665413374
0.0149537962117384
0.0149729029064443
0.0149669186505681
0.014966207799569
0.0149378446015703
0.0150144210764216
0.0150032785323382
0.0149822358089737
0.0149381169469855
0.0150145571767872
0.0150022733294987
0.0149194454461613
0.0150541834161936
0.0149617725777132
0.0150134402831101
0.0149807535315648
0.0149318796168422
0.0149365533024239
0.0150157088100481
0.015049933662952
0.015073687280354
0.0150023903406689
0.0150412701275009
0.01501071093928
0.0149040007859446
0.0150773901865999
0.0150131341660541
0.0149382496083634
0.0149777716990063
0.0150319260590634
0.0150077229906659
0.0150430818111817
0.0150281222075323
0.0150487833029183
0.0150020110047235
0.0149524003493619
0.0150228869558422
0.0149738566559464
0.0150625925764418
0.0149734613232978
0.0150642366514191
0.0149327450268221
0.0149302029316219
0.0150621201747423
0.01488626528567
0.0150473538301538
0.01502406603686
0.0150598062109912
0.0149412220151294
0.0149935082555611
0.01494604557931
0.0149653801937164
0.0150211181477413
0.015026873742122
0.0149542404757475
0.0150559184982829
0.0149386479327209
0.0149186231927462
0.0149386781381871
0.0150529683425556
0.0149762098567483
0.0149945590431801
0.0149599026974492
0.015003657705444
0.0151460596801348
0.0150572128591064
0.0149971917199682
0.0149091801714038
0.0148855828977736
0.0149276213688736
0.0150367814388627
0.0149041806659477
0.0149814086443731
0.0150538243871113
0.0149726489711663
0.0150013330447335
0.0151027483507339
0.0149565164049315
0.0149190969873085
0.0150101925922137
0.0150374828499299
0.0149995265096452
0.0149669998940993
0.014974670259161
0.015056738206675
0.0148975535514398
0.0151311311316099
0.0149976491273636
0.0149282478297472
0.0150557869655931
0.015049610672897
0.015045608390643
0.0149977624470577
0.0148675905897027
0.0149177417035271
0.014984116345307
0.0149736973848739
0.0150299746139659
0.0151239046996421
0.0149016028325548
0.015017369538207
0.0149654268631111
0.0149778135485262
0.014944842400089
0.0150640633362251
0.0149961204318229
0.0150246436894052
0.0149323961985782
0.0149288442123238
0.0149663596719756
0.0150222282434401
0.0150728396371364
0.0149757930074482
0.0150716659945414
0.0149374293761829
0.0150383849918323
0.0150313539615841
0.0150833696048015
0.0149407626527359
0.0149861303112912
0.014972725634446
0.0150200367621287
0.0149479081396056
0.0149992699657458
0.0150024384769394
0.0150694289732322
0.0149545923681207
0.0149808463734061
0.0150034610591773
0.0149971897109202
0.0149203357363441
0.015077576887299
0.0150414936353972
0.0149836144652023
0.0150577250010278
0.0150508154770863
0.0150115325249518
0.0149935232216148
0.0149974834552733
0.0149691891738969
0.0150521369342041
0.0148999451747382
0.0150495326550923
0.0150579920007019
0.0150632835283861
0.0149068663579268
0.0149918235639722
0.0150119433925303
0.0150041179941628
0.0150126703457513
0.0149576423495463
0.0149197507743018
0.0149644259926641
0.0149817501161595
0.014965406857822
0.0149472438793933
0.0149764331040937
0.0150268852890791
0.0150656999686839
0.0149377408634476
0.0150645319065446
0.0149556834734353
0.0149927467549351
0.0149781731423906
0.0150249763353622
0.0150119579115555
0.015082217105651
0.0150136635500569
0.0149343234194307
0.0150060580270256
0.014993388336334
0.0149377138627979
0.0149088099836587
0.0149887513493123
0.0149629225889032
0.0149098284377604
0.014991172452213
0.0149918828748248
0.0149468960608428
0.0149025144451657
0.0150116678999057
0.0150018766590289
0.0149901861061824
0.0149157450951108
0.0150598936075542
0.0149769378237795
0.0150705780904866
0.0148868775366704
0.0149634251844432
0.0148888396305084
0.014986278899191
0.014946144200057
0.0150176200022243
0.0150074514667609
0.0150264221043038
0.0149593872729887
0.0149650282542367
0.0150135360303723
0.0150103585265823
0.015013248424376
0.0150042863590404
0.0150244174373383
0.015105286785961
0.0150379390378456
0.0149756575452061
0.0148987610059934
0.0150211907228692
0.0149457393543753
0.0150170335017561
0.0150275744172167
0.0149745783985948
0.0150474842958923
0.0149547252506658
0.0150255056983024
0.014995400063819
0.0150791998213303
0.0150248492792999
0.014973170897972
0.0150313043247858
0.0150052965475017
0.0149893926026804
0.0150119189614477
0.0150694796183078
0.0150037693453363
0.0150048784483992
0.0150148739055385
0.0150234579117641
0.0150026204094697
0.0151109560820671
0.014959258775221
0.0149442931087378
0.0149777410472056
0.0150371521383859
0.015026682464245
0.0149432233733419
0.014912032647284
0.0150289431213531
0.0149315811807232
0.0150425645061789
0.0150444978272848
0.0149495933592818
0.0149456953509466
0.0149392526514361
0.0149746143773184
0.0150021576461529
0.0150138045246255
0.0149975008730692
0.0150749105022506
0.0149411405529073
0.014965520087568
0.0150442434414475
0.0149358729263218
0.0149561379209406
0.0150264438386343
0.015005194017744
0.0150054445655773
0.0150006922021932
0.0149550782399895
0.0150338007198099
0.0149654435375235
0.014957421339583
0.0150413046243305
0.015012584062905
0.0150566636500329
0.0150093400011233
0.014917041134925
0.0150057510269275
0.0150392326658882
0.0149910637137114
0.0149434585165235
0.0149415315483628
0.0149646868746131
0.0149352945473864
0.0149915466408646
0.0150419582130929
0.0148544836945167
0.0150205391453523
0.0149929115135676
0.0149825784561953
0.0150575608390092
0.0149333804762893
0.0149618120274905
0.015015076691721
0.0150366012403097
0.0150483228882072
0.0150102466630351
0.0149393379381575
0.0149395623508158
0.0150084583520273
0.0150787343152852
0.0150373476175351
0.0149501570561252
0.0150312116556259
0.0149672524716291
0.0150124814141853
0.0149854500781415
0.0148539185013317
0.0149901655971153
0.0149734327606007
0.0150588855379504
0.0150427333252483
0.0150564684103313
0.0150112658850908
0.0151299942387251
0.015115396876417
0.015068805868533
0.0149794725445026
0.014943620409923
0.0150755140795256
0.0149250892685299
0.0150217621454553
0.0149404565886855
0.0150967209116559
0.0150137115053162
0.0148622497044884
0.0150141033341416
0.0150205608954124
0.0150352934878048
0.0149446099642907
0.015010622877093
0.0149605879575119
0.0149555153906432
0.0149927784695582
0.0149970627503564
0.0149389447594673
0.0150964985335297
0.0150130800488858
0.0150113700820481
0.0149421744139778
0.0149706155523428
0.0149906796858716
0.0149960719719586
0.0150597170957497
0.0149860268984796
0.0149789095105684
0.0150179768499909
0.0149380123560337
0.0150306593315971
0.0150213660180931
0.0149504472596496
0.0149407268091554
0.0149406818968931
0.0149758807332019
0.0148781575960618
0.0149837419761692
0.0149292831578578
0.0150120808097603
0.0150252303016473
0.0149937237612716
0.0150497105632888
0.0149800764089731
0.0149503267877265
0.0149524801752982
0.014975290536813
0.0149692297301579
0.0149668256324189
0.0149531482356363
0.0149326124961676
0.014918913093028
0.0149659987346741
0.0150337025577053
0.0150406950549263
0.014967278504075
0.0149502083255087
0.0150638860011054
0.0150253142055058
0.0150964729544598
0.0148848069023907
0.0149531030511936
0.0150374527654931
0.0150055755176599
0.0149962616239616
0.0148785482426308
0.0149494576875291
0.0149814403808933
0.0151125399257544
0.0150676830835668
0.0149375331474252
0.0149822565268389
0.0150705493488245
0.0148968406799825
0.014884302558555
0.0149731743663609
0.0149390781963506
0.0150133507367726
0.0149140810258323
0.0151278569176343
0.0150439281783456
0.0150008367181092
0.0150051079109465
0.0149356552783167
0.0149689452860465
0.0150651662688741
0.014995708136082
0.01497057573664
0.0149756186873077
0.0149846588370907
0.0150671049452536
0.014928106852684
0.014943086247726
0.0150027627068519
0.0149621258505084
0.0150352665696748
0.0149122274645256
0.0150633103828647
0.0150368077990045
0.0149137446612597
0.0150443545081137
0.0149728534324276
0.0149673596061108
0.0149690727681733
0.0150384133733881
0.0150468715079722
0.0149955606344359
0.0150556072155451
0.0149179296615694
0.0150807755953558
0.0150396324005364
0.0149250461493335
0.0150516098929016
0.0150005203001275
0.0149734491193496
0.0150106287164072
0.0149892282996042
0.0149727424028539
0.0150709024333802
0.0149469189285682
0.0149927235861092
0.0149439582450957
0.0150440522816072
0.0149754713936045
0.0149067777384046
0.0149472501014589
0.0150564707144854
0.0150209755518999
0.0150227549384275
0.0149677624397316
0.0150708075390803
0.0149874832846284
0.0149955214813436
0.0149440471769223
0.0150324933328819
0.0149327829920921
0.0149831446363392
0.0149426812065303
0.0149394491496106
0.0150160925060139
0.015015842675913
0.0150032155514112
0.0150669018710046
0.0149610675729733
0.0151009248607184
0.0149405299990157
0.0149703489020511
0.0149817388900244
0.0150853553177637
0.0149689539120792
0.0149701179241296
0.0150020431725566
0.0150260817686732
0.0150336588833538
0.0149089107862968
0.0149379910912354
0.0150415367207649
0.0149741561664477
0.0150227949619477
0.0149957147429987
0.0150006278502589
0.0149743250125249
0.0149988341059465
0.0150095794809193
0.0149845878655903
0.0149908348222347
0.0149994540801195
0.0150766364529546
0.0149728057184573
0.015022844817137
0.015027301819844
0.0150299942069511
0.0148872391089656
0.0150092321316273
0.0150040965376226
0.0150144835511428
0.0150455336492415
0.0150226868165806
0.0150314854860988
0.0149539351501558
0.0150312860702326
0.0149539088731958
0.014921121821683
0.015011791999769
0.0150976802191345
0.0149843488409466
0.015071235784417
0.015021407005286
0.015107960769228
0.0150417760664267
0.0149751488244531
0.015032433229048
0.0149655714229531
0.0150426060962547
0.0150303737540188
0.0150050912964848
0.0149647828525808
0.0149335048110132
0.0149718467258603
0.0149937348136535
0.0149699141409652
0.014983955028307
0.0150057963495047
0.015006994271736
0.0149263185370347
0.0151872170828143
0.0149716825091372
0.0150323673421489
0.0149647739960887
0.0149557338190244
0.0149603680476276
0.015012161665209
0.0150316592886784
0.0149743331910832
0.0150546791044126
0.0150024628437558
0.0150306127629588
0.0149693258086296
0.0149590192249636
0.0150520317113497
0.015074383396443
0.0150128946241696
0.0149362917899165
0.0150157113193808
0.0149701985454977
0.0150214857267024
0.0150021983745355
0.0149029559022409
0.0150990460570623
0.0150769164835287
0.0150291717153844
0.0150055341222814
0.014990607749782
0.0149551193858197
0.0149470291122421
0.0150011983491296
0.0150383733798552
0.0149302943909914
0.0149730242300487
0.0149875881279227
0.0149945852838561
0.0149057821213865
0.0150293403140688
0.0149363923370832
0.015011777894682
0.0150474170694007
0.0149835159883577
0.0149760377250193
0.0149922631203117
0.0150044830156695
0.0149955758710869
0.0150141718158361
0.0150542600303443
0.0149835620293187
0.0150830190942658
0.0149734508606719
0.0150088341768495
0.0150206388478481
0.0149975532892665
0.014937849478761
0.0150030533227923
0.0149881879803949
0.0150057584963292
0.0150096816863838
0.0149972494457547
0.014977402186722
0.0150395432397895
0.0151403974602133
0.0150851371738322
0.0150251667368534
0.0150690823170667
0.0150587582320211
0.0149918609923472
0.0150012871914209
0.0150362602009465
0.0150007073856418
0.0149530979767451
0.0149142525514512
0.0149724835652621
0.0150227111074605
0.0150374734487544
0.0150121099972978
0.0150191377856308
0.0149188975347767
0.0149716773503001
0.0150203255047579
0.0149418996301279
0.0150020312456789
0.0149191653904637
0.0150133365065388
0.0149395088084092
0.0149758354727247
0.0151019447147995
0.015077222096106
0.0151128003318247
0.0149635069176109
0.0150088083356582
0.0148644245107527
0.0148657726388958
0.0150303742709415
0.0149999432583821
0.0149805179932226
0.014953670641724
0.0150482463774667
0.0150238333042602
0.0150133373143596
0.0149753943105959
0.0149749888712204
0.0150185591671597
0.0150234661711138
0.0150032284381549
0.0149960438456498
0.0149636363926054
0.014935044356077
0.0149423444997506
0.0150584522131768
0.0150204285576037
0.0151274723628313
0.014949344400895
0.0150516708394712
0.015080520267813
0.0149141941400596
0.0149924195224657
0.0149828487503031
0.0150645519000349
0.0149272601944533
0.0149861933920101
0.0149766307679581
0.015025094369619
0.0150513021807738
0.0149176328415026
0.0150679182979397
0.0149429714822955
0.014995848982327
0.0150571933094658
0.0150302927116793
0.014887616920372
0.0148784345467441
0.0150050277226088
0.0149964871130565
0.0150396083726314
0.0150215648107283
0.0151128153855275
0.0150165164358007
0.0149789385839696
0.0149508678645278
0.0149636963095329
0.0150290556302205
0.015004774094085
0.0150439943732995
0.0150047756633921
0.0149617325046143
0.0149104413064373
0.0149653562089787
0.0150621586851553
0.0149707080303662
0.0149874625620862
0.0150011138192841
0.0149750553622419
0.0148516643712167
0.0149743584963229
0.0150242092906376
0.0149527520083644
0.0149839784630691
0.0150611013032681
0.0149619180774928
0.0149917616275913
0.0150115186254705
0.0149267622140037
0.0150180653656713
0.0150011123428368
0.0149770106640153
0.0149371035739268
0.0150639916205425
0.0148777943583357
0.0150639857702346
0.0150428883549443
0.0149531986216078
0.014961127506217
0.0149778574553622
0.0150395743495585
0.0149639513052121
0.0149170148430693
0.0150305030576286
0.0149816852391083
0.0150114665630395
0.0149635978648182
0.0150115457525735
0.0149735132089017
0.0150592877089844
0.0149449135527155
0.0149521952200107
0.0150531999179533
0.0149537932023086
0.015035664817813
0.0150386109145769
0.0148917778405796
0.0150536579475252
0.0149803176294457
0.0149607065689752
0.0150431432152183
0.0150430093391172
0.0149708265880506
0.0149055138526951
0.0149960890111149
0.0150239455424723
0.0150197197771054
0.0149199707535184
0.0150357163672491
0.0149867503865307
0.0150414821435882
0.0150622930405058
0.0149517718067929
0.0149592212362964
0.0149742062480596
0.0150111663717396
0.0150780470654827
0.0150003429313469
0.0150291950011429
0.0149943065600664
0.0150435379484337
0.0149917066555018
0.015120913362732
0.0150427728183719
0.0149584326982651
0.0150117753909471
0.0149994419271666
0.0150350728219163
0.0150173924713391
0.0149633751121111
0.0150277893198501
0.0149077611718095
0.0149465164858339
0.0149188732220427
0.0149336790865805
0.0149469168464927
0.0149896979058615
0.0150815904847131
0.0149625733638881
0.0150632731059215
0.0150338098877399
0.0150266235072312
0.0149580286850799
0.015040403537027
0.0150300768039606
0.0149264522218803
0.0150015969089628
0.0150465454663013
0.0151090174159738
0.0150211105652868
0.0150071365943905
0.0149395898187636
0.0149935534203913
0.0150238383443499
0.0149541505789292
0.0149634197722598
0.015025168534648
0.0150653346924096
0.0150137822170547
0.0149806821479756
0.0149815945498574
0.0149589522801941
0.0150597030062144
0.0150214243687789
0.0150628980687181
0.0149234076627999
0.0149559886538247
0.0149757704076615
0.0149626636053611
0.0149776991198364
0.0149175256134388
0.0151305678338366
0.0150136604100461
0.0150287289785721
0.0150248943292357
0.0149883193877583
0.014991091044978
0.0149779261974128
0.0150239913965626
0.0150796709301323
0.0151022757019492
0.0150837277131675
0.0150197527333101
0.0149760313719914
0.014909912653578
0.0149830364348072
0.0150479321858515
0.0149589790091025
0.0149608201357807
0.0149907890008285
0.0150106240220103
0.0149890678432082
0.0149398019780392
0.0150750716523989
0.0150737406691517
0.0150278245532265
0.0149807285755256
0.0149608326941746
0.01500282730354
0.015061426727584
0.0149926462714404
0.0149582118057067
0.0150651001520121
0.0150671264451693
0.0149894738031427
0.014910167103695
0.014917006385159
0.0149738327426219
0.0150133134032973
0.0148946531664362
0.014986531732821
0.0149577033867012
0.0149951740901175
0.0149639987673038
0.015004305427619
0.0149965371491144
0.0149613082301067
0.0149010494467342
0.0150077053037742
0.0149859862851139
0.0150562496898109
0.0149593730409858
0.0150212478478781
0.0149362206428454
0.0149121482535047
0.015013201482864
0.0148877873680369
0.015017303785708
0.0149640880569615
0.0150611968106454
0.0149893385600386
0.014915738568721
0.0149518977466664
0.015042665749149
0.0150263818256623
0.014959096992475
0.0150061222781769
0.0149959427767217
0.0149714616636927
0.0150449552580459
0.0149360341292397
0.0150233858444826
0.0149907401235707
0.0149862862198712
0.0149457176877109
0.0150420621295922
0.0149616209157119
0.0150206468582846
0.0150343281041265
0.0150394590405224
0.0150471055796328
0.0150691042371533
0.0150176543871933
0.0150231832758441
0.0150595483600895
0.0149693507973275
0.0149733003439716
0.015012956403621
0.0149450683314703
0.0149769877748429
0.0150357940287519
0.0150376018144465
0.0149990500848908
0.0150124290111922
0.0149874705218863
0.0150324175993122
0.01506186492138
0.0150941107350282
0.0149503189321344
0.0149962450475747
0.0149973407193408
0.0149513001552077
0.0149862335423999
0.0149518897237772
0.0149111046849354
0.0150350492498077
0.015071242362863
0.0150320598448857
0.0149823227610387
0.014919068473347
0.0149539079733853
0.0150222902938256
0.0150252575275346
0.0150023732241056
0.0149234976680778
0.0150266623728364
0.0149400423919318
0.0150906663211446
0.0150527944522671
0.015015962135879
0.0149951471799848
0.0150258594682002
0.0148485062930162
0.0149690243455636
0.0149788278738283
0.0150260203846091
0.0150887662381681
0.0150357227150843
0.0150073257245302
0.014965802480593
0.0150097052448426
0.0149977055038942
0.0150703812122927
0.0150849653483165
0.0150013553460629
0.0150099013184988
0.0149229114782724
0.0150288976454859
0.0150882452484616
0.0149820810897296
0.0149704474357928
0.0150424191816471
0.0150648383447025
0.0149358592309722
0.014988362231872
0.0149233005698448
0.0150062711166856
0.0149950641699054
0.0149397936552731
0.0150882229938201
0.0149617265832472
0.0151038233679707
0.015018594770856
0.0150167185459286
0.0150502249050572
0.0149885222118364
0.0150515934620521
0.0149649982677407
0.0150314581865196
0.0149298752093004
0.0149876696630133
0.0150154243581723
0.0149231417432815
0.0149976691859867
0.0149826308495108
0.0150525206684838
0.0150312955041206
0.0149901203346947
0.0149497889027746
0.01506136806165
0.0149172072868126
0.0149585908902958
0.0150033482520503
0.0149148101872746
0.0150049574125342
0.0150224603297321
0.0150951426608724
0.0150111712388261
0.0149712139242718
0.0149263403808927
0.0150293090644455
0.0149531342890514
0.015032536358923
0.0150542845441858
0.0149511354896508
0.0150839684230455
0.0149843589193483
0.0149745233259143
0.0150833378217639
0.0149637215714356
0.0149141936866882
0.0149502813121906
0.0149541208234188
0.0150079050897471
0.0150194289945736
0.0149470812034358
0.0150349684111765
0.0149580802664856
0.0150448782355883
0.0149041692006377
0.0149078218292159
0.0150446652960301
0.0150769226732848
0.0149421874083422
0.0150076754556504
0.0149624353179405
0.0149844085914959
0.0150225194922117
0.0150322382981498
0.0149461635396185
0.0150205295716906
0.0150177494714692
0.0150551347465662
0.0149024458849069
0.0149681873134313
0.0149703185368408
0.0149881409757693
0.0149292855872195
0.0150445926297668
0.014992165269042
0.0149795451165267
0.015037015089542
0.0150194882777472
0.0149590486280788
0.0149920299010392
0.0149296186459358
0.0149750413721788
0.0149686999611937
0.0150747134019415
0.0150203265707301
0.0150258944593203
0.0148959922854846
0.0149238956309247
0.0149648515350163
0.0149736682052697
0.0150148154728099
0.0150064223442437
0.0150102288988758
0.0150118683411637
0.01499197243837
0.0149746075980556
0.0150573424429779
0.0150342181679839
0.0149808712525068
0.0150281540816864
0.0149422735959951
0.0150759202920587
0.0149908975186113
0.0150430521814969
0.0150142976471482
0.0149682620562248
0.0149234739352956
0.0149798625324084
0.0149921872561272
0.0149768247599624
0.0149967009883
0.0148968899214253
0.0150403694116165
0.0149503523030526
0.0149647057675287
0.0149535708814702
0.0150034626854805
0.0149450184402119
0.0149829074674628
0.0149824682508617
0.0149987284988748
0.0150562308913143
0.0149808740595626
0.0150211238068435
0.0149770217385791
0.0149805838979631
0.0149440567225599
0.0150079167216296
0.0150040931611278
0.0150637262540326
0.0149108898822518
0.0149112597847637
0.0149492628805506
0.0149852731930325
0.0149936474464944
0.0149494994273954
0.0150283015262394
0.0149857102594395
0.0150588082868216
0.0150811819253428
0.0150547001609332
0.0150062387627278
0.0150088820501006
0.0149002092526168
0.0149755109486225
0.0149979546297282
0.015043605574196
0.0149648180022582
0.0149668710121489
0.0149633618615247
0.0148706472463496
0.0150726048750759
0.0149841714652646
0.0149929086826968
0.0150021890025048
0.0150180539983946
0.0150839649912001
0.0150549137498621
0.0149470782354865
0.0149457570887487
0.0149969238894281
0.0150535544698562
0.0150952508747743
0.0149573487135723
0.0150566297593152
0.0149824204952785
0.0150262064219541
0.0149083851576448
0.015002131949216
0.0150447658758532
0.0150480853388254
0.0149839801911835
0.0150339867349705
0.0149456017108742
0.0149865614167226
0.0150070941501832
0.0150087170844466
0.015028056903426
0.0148890585455675
0.0150109914340417
0.0150288311130057
0.0150585659541029
0.0150627277902746
0.0150223349572192
0.0149853178403516
0.0150275439161502
0.0149787499709209
0.015039884384824
0.0149595834683006
0.0150238473149027
0.0149970278476186
0.0149792290062699
0.0150028269369361
0.0150860698163056
0.014936284545841
0.0149706333216226
0.0149409762408981
0.0149758200401148
0.0150458965754978
0.0148658930953815
0.0149913863099611
0.0150736691004887
0.0149548800892395
0.0150497124903829
0.0149914368456464
0.0150563262939478
0.0149654937025322
0.0149697041082573
0.0150899387136404
0.0149483006757728
0.0149410379271826
0.0150266688015258
0.0150726874897164
0.0150634037179128
0.0150189313407462
0.0150988725728587
0.0150213627668599
0.0150837617303707
0.0150006394560214
0.0148904478060279
0.0150355505573324
0.0149699123776305
0.0150266209397506
0.0149517610306019
0.015012287768266
0.0150021384668859
0.0149607583255428
0.0149819765229373
0.0149300409342957
0.0149724180419701
0.0148965680471354
0.014936089255073
0.0150591018336498
0.0149020829064895
0.0150614770011103
0.0149794108726964
0.0150241833974887
0.0149135444812753
0.0150691036839048
0.015111035694881
0.0148839086595176
0.0149863117516922
0.0150463642326037
0.0150057077713211
0.0150493969210876
0.0150082263036504
0.0149869711900521
0.01502643175471
0.0150093258614239
0.0150017916282861
0.0150357453781634
0.0149217634171004
0.0150465540417331
0.0149984125907993
0.0149567039990471
0.0150229168047175
0.0150691894786713
0.0149772588185035
0.0149676584609213
0.0151020750282045
0.0149681833833353
0.0149592922417927
0.0149423052838949
0.0149321312569385
0.0149491798918967
0.0151041983117073
0.0149886350922939
0.0150120407953789
0.0150474918757209
0.014927516046682
0.0149252905965238
0.0151331697171919
0.0150074108739733
0.014994273915361
0.0150463221814108
0.0149949271006065
0.0150370647562458
0.0149925201690003
0.014938046359384
0.0150299567313889
0.0149616263268064
0.0149262458813712
0.0149258879090997
0.01498482555829
0.0150008252820344
0.014978184301276
0.0150241300729901
0.0150651568887966
0.0150348743304137
0.0149921735381407
0.01509129689665
0.0150332243546137
0.0150475535627823
0.0149942926558492
0.0149308405169203
0.0149031040570399
0.0149711843198063
0.0150065726450438
0.0149096882709192
0.0149700337807357
0.0150150356411241
0.0149798253879219
0.0150756252404171
0.0149625559528256
0.0149653859066963
0.0150578541886354
0.0150270785900828
0.0149951233870669
0.0150553600516186
0.0149492423515975
0.0150461933973475
0.0149428588502459
0.0150494023540075
0.0150356488251413
0.0149889868992063
0.0150074669939448
0.0149983720142282
0.0149739065494925
0.0150292375808589
0.0149697254953466
0.0149949146418401
0.0150060750850603
0.0149814150191534
0.015074251262864
0.0150378499522405
0.015008925748661
0.0149827467283752
0.015040201122552
0.0150158398607748
0.0151133289067949
0.014917150712342
0.0149551749886922
0.0149937018081137
0.0150824635047665
0.0149802244281472
0.0149873179956138
0.0150569179613961
0.0149499158230637
0.0149316956792494
0.0150955241025175
0.0149790415122282
0.0150749286982056
0.0148944222891284
0.0149581755978801
0.0150669340874623
0.0150083106200578
0.0150259422527828
0.0149286710232908
0.0149763910829536
0.0149500028641655
0.0150170750677048
0.014887473829758
0.0149899914267062
0.0150150096809419
0.0150305419675412
0.0150231168651995
0.0149964182113129
0.0151111525493349
0.0149551293656127
0.0150148078703074
0.0150090949529444
0.014932283828908
0.0150399879845948
0.0149927043764035
0.0150845127683828
0.0150043781814502
0.0149672103552653
0.0150146387542101
0.0149211472689016
0.0150668078163322
0.0149566800375933
0.015001842615842
0.0150706120401063
0.0150241819589562
0.0150260752843047
0.0148988307954956
0.0149928514770411
0.0150625127834931
0.0149217659406656
0.0149531737074593
0.0149895214989937
0.0150407028133399
0.0149638073121133
0.0151082889991844
0.0149629649865817
0.0149432459946058
0.0148826499940225
0.014973845191583
0.0150430990474781
0.0149511452630259
0.0150159016353838
0.0151286162104983
0.014949978571677
0.0149630272558723
0.014994433784636
0.0150845545369405
0.0149772017224288
0.0149929702261408
0.0150380381277934
0.0150377681638647
0.0150393055756878
0.0149831671805261
0.0149324657062597
0.0149953044969947
0.0151285599929602
0.0150618587196376
0.0149341333454881
0.014968929439292
0.0148889132065214
0.0151202181105798
0.0150442934494835
0.0150676318336976
0.0150230937971871
0.0150315570703228
0.0149369952415191
0.0150568260694345
0.0150769345971019
0.0149807611023952
0.0149941142171137
0.0150235771469929
0.0149699855077741
0.0150065537150658
0.0149781927686905
0.0149859883758632
0.0149549064321306
0.0149555643844155
0.0149856391609387
0.0149564986460453
0.0149566452935292
0.0149385399580288
0.0149759325908237
0.0148853605937339
0.0149976379681211
0.0150748601089132
0.0149610070668034
0.0149798593024401
0.0149025601827085
0.0149782789525097
0.0150628496380144
0.0150144876255767
0.0150302735822078
0.0149856659158647
0.0150002093326929
0.0149289887027846
0.0150064114176789
0.0149599986289568
0.0150682353411339
0.014983560729367
0.0149521919571434
0.0150584057241642
0.0149022740748172
0.0149961876297787
0.0150376917599997
0.0149274048652064
0.0150749360047824
0.0150328669906783
0.0149400026980835
0.014897729043129
0.0149365245628747
0.0149870169903685
0.0149914448091774
0.0149796707344983
0.0149601153903928
0.014991059042197
0.0149895239152802
0.0149567166919462
0.0150124908360691
0.0149627879493347
0.0150485728056648
0.0150072018138189
0.0149690170411308
0.0149447031674054
0.0149497097512398
0.0150021702607192
0.0149409627666823
0.0149491075903008
0.0151234746739712
0.0149604590061834
0.0150368564664334
0.0148968299632026
0.0150090130803862
0.0149300865087681
0.0150388489692603
0.0149578265265973
0.0149197998054713
0.0149969876670891
0.0150046108267549
0.0149558901202536
0.0149527761340445
0.0149855575733515
0.0149694080559529
0.0149736782046906
0.015020860817384
0.0149554568031313
0.0149940591251156
0.0149539596587536
0.014951620698517
0.0149276882607337
0.0149484992907617
0.015025002951972
0.0150159628194761
0.0149811987227781
0.0150182250296965
0.0149773056740884
0.0149505818556026
0.0150593638870744
0.0150209610509676
0.0149349689984112
0.0150574198681821
0.0149722312038945
0.0150539053075191
0.0150098694541753
0.0149201426532095
0.0149773231220429
0.0149718030838528
0.0150198634148704
0.0149558778949455
0.0150546597236935
0.0149674078796058
0.0148900305751751
0.014948709887818
0.0150983909211781
0.0149993074381348
0.0149945038768958
0.0149808934853636
0.0150157358965748
0.0149943142077954
0.015021704164774
0.0151649435804731
0.0150114172927218
0.0150849183257145
0.0150072683992058
0.0151474203298189
0.0149687274207914
0.0150707675005458
0.0150213240944376
0.0150351004913424
0.0149624549609503
0.015063439595467
0.0149842653916453
0.0150768136681339
0.0149131751081245
0.0150474693616787
0.0149738840109371
0.0149217155523609
0.015023918879663
0.0150653684949959
0.0150151521439298
0.0150393959081627
0.0150945170305899
0.0149758200026884
0.0149486541325824
0.0149505820039589
0.0149420889527776
0.0150150400432049
0.0149236336449231
0.0149542907172852
0.0150475783968533
0.0149080018055874
0.0150520336291192
0.0149890306833858
0.0149349737654146
0.0148752711564114
0.0150085520459154
0.0149537202079453
0.0148932205865996
0.0148989233478767
0.0149991625954472
0.0149758578291691
0.0150331084125747
0.0150105777352148
0.0149614403112374
0.0149705856951011
0.0149485741411623
0.0150093630644358
0.0149890378814893
0.0150138029609953
0.0149586374178838
0.0151119545810338
0.0151151220499811
0.0149609325203951
0.0149397161272286
0.0150355141494725
0.0149347877145543
0.0150682633420425
0.01505528556683
0.0150642675719417
0.0150117355708768
0.0150349036694597
0.0149447337664471
0.0150481667138291
0.0150180502487653
0.014945584258474
0.0149014473409643
0.014884524018602
0.0150336233212176
0.014946291836314
0.0149860379261367
0.0149486889630878
0.0150774710427261
0.0150798415850423
0.0149599591891195
0.0150157079605971
0.0149981759980785
0.0150589438423753
0.0150268092904426
0.0150388465221315
0.0149026978572108
0.0150574866069653
0.0149129545475318
0.0150042215158702
0.0150199745090702
0.0150129049839799
0.0150308139187203
0.0150396795889777
0.0149394779349799
0.0149890103034337
0.0150459986770889
0.0150370576110692
0.0149788112080948
0.0149628048840929
0.0149795477806188
0.0150161782217645
0.0149780950805899
0.0150888387167283
0.0149982028252223
0.0150409839725508
0.0149722572449006
0.0149448986033628
0.0150389684851169
0.0149759511308415
0.0149000946076456
0.0149695097016036
0.0149662910674345
0.0150030613215634
0.0150137705606077
0.0149580394272604
0.0148890808291611
0.0149738366564859
0.0149846574126765
0.0149205392866071
0.0149314738014815
0.0149474234616296
0.0149474442767273
0.0150605658926486
0.0150094409884615
0.0150194682337256
0.0149222024599551
0.0150537869341009
0.0150092731321702
0.0148835917253508
0.0149365610604843
0.0150887780731232
0.0149472210980352
0.0150337788022375
0.0149485021793266
0.0149454361188798
0.0149449182398708
0.0149049224151382
0.014990210467011
0.0149097722353289
0.0149250080329094
0.0149776088447309
0.0148815735714056
0.0149551889644204
0.0148896216520477
0.0150182285158342
0.0150311380302206
0.0150817910470259
0.0149722041631906
0.014942458413348
0.0149983136609576
0.0150888086489694
0.0149549033570027
0.0149748317768436
0.0149022109206128
0.015007192127156
0.0150213703939931
0.0150319788935279
0.0150937438357229
0.0150431038982038
0.0148684208020517
0.0150213068008221
0.0151029029336482
0.0150901661495913
0.0148999956663766
