$MeshFormat
2.2 0 8
$EndMeshFormat
$Entities
9 10 2 0
1 0 
2 0 
3 0 
4 0 
5 0 
6 0 
7 0 
8 0 
9 0 
1 0 0 
2 0 0 
3 0 0 
4 0 0 
5 0 0 
6 0 0 
7 0 0 
8 0 0 
9 0 0 
10 0 0 
1 0 0 
2 0 0 
$EndEntities
$Nodes
1109
1 0 0 0
2 20 0 0
3 20 4 0
4 12.6666 4 0
5 11 2 0
6 0 2 0
7 20 14 0
8 15 14 0
9 5 2 0
10 0.8333333333333335 0 0
11 19.16666666666666 0 0
12 17.49999999999999 0 0
13 15.83333333333333 0 0
14 14.16666666666666 0 0
15 12.5 0 0
16 10.83333333333333 0 0
17 9.166666666666664 0 0
18 7.499999999999999 0 0
19 5.833333333333333 0 0
20 4.166666666666666 0 0
21 2.5 0 0
22 6.666666666666666 0 0
23 18.33333333333333 0 0
24 15 0 0
25 11.66666666666666 0 0
26 8.333333333333332 0 0
27 5 0 0
28 1.666666666666667 0 0
29 16.66666666666666 0 0
30 9.999999999999998 0 0
31 3.333333333333333 0 0
32 13.33333333333333 0 0
33 20 2 0
34 20 1 0
35 20 3 0
36 20 0.5 0
37 20 1.5 0
38 20 2.5 0
39 20 3.5 0
40 16.3333 4 0
41 18.16665 4 0
42 14.49995 4 0
43 19.083325 4 0
44 17.249975 4 0
45 15.416625 4 0
46 13.583275 4 0
47 19.5416625 4 0
48 18.6249875 4 0
49 17.7083125 4 0
50 16.7916375 4 0
51 15.8749625 4 0
52 14.9582875 4 0
53 14.0416125 4 0
54 13.1249375 4 0
55 11.8333 3 0
56 12.24995 3.5 0
57 11.41665 2.5 0
58 12.458275 3.75 0
59 12.041625 3.25 0
60 11.624975 2.75 0
61 11.208325 2.25 0
62 8.000000000000004 2 0
63 9.500000000000002 2 0
64 6.500000000000002 2 0
65 10.25 2 0
66 8.750000000000004 2 0
67 7.250000000000003 2 0
68 5.750000000000001 2 0
69 10.625 2 0
70 9.875 2 0
71 9.125000000000004 2 0
72 8.375000000000004 2 0
73 7.625000000000004 2 0
74 6.875000000000002 2 0
75 6.125000000000002 2 0
76 5.375 2 0
77 2.5 2 0
78 3.75 2 0
79 1.25 2 0
80 4.375 2 0
81 3.125 2 0
82 1.875 2 0
83 0.625 2 0
84 0 1 0
85 0 1.5 0
86 0 0.5 0
87 0 1.75 0
88 0 1.25 0
89 0 0.75 0
90 0 0.25 0
91 20 9 0
92 20 6.5 0
93 20 11.5 0
94 20 5.25 0
95 20 7.75 0
96 20 10.25 0
97 20 12.75 0
98 20 4.625 0
99 20 5.875 0
100 20 7.125 0
101 20 8.375 0
102 20 9.625 0
103 20 10.875 0
104 20 12.125 0
105 20 13.375 0
106 17.5 14 0
107 18.75 14 0
108 16.25 14 0
109 19.375 14 0
110 18.125 14 0
111 16.875 14 0
112 15.625 14 0
113 14.6875 13.625 0
114 5.3125 2.375 0
115 5.9375 3.125 0
116 6.5625 3.875 0
117 7.1875 4.625 0
118 7.8125 5.375 0
119 8.4375 6.125 0
120 9.0625 6.875 0
121 9.6875 7.625 0
122 10.3125 8.375 0
123 10.9375 9.125 0
124 11.5625 9.875 0
125 12.1875 10.625 0
126 12.8125 11.375 0
127 13.4375 12.125 0
128 14.0625 12.875 0
129 12.5 11 0
130 5.625 2.75 0
131 6.875 4.25 0
132 8.125 5.75 0
133 9.375 7.25 0
134 10.625 8.75 0
135 11.875 10.25 0
136 13.125 11.75 0
137 14.375 13.25 0
138 6.25 3.5 0
139 8.75 6.5 0
140 11.25 9.5 0
141 13.75 12.5 0
142 7.5 5 0
143 10 8 0
144 14.49041188745568 7.440784156457495 0
145 10.15049367158911 4.544783550331544 0
146 16.40947695714161 10.47417900468457 0
147 11.96150111180896 6.997113541357808 0
148 17.44663776891946 6.982992632228413 0
149 15.41185594372784 5.720392078228747 0
150 13.57850594372784 5.720392078228747 0
151 7.750000000000002 3.5 0
152 12.23075055590448 8.998556770678904 0
153 13.22595649963232 7.218948848907651 0
154 13.49520594372784 9.220392078228748 0
155 10.98075055590448 7.498556770678904 0
156 15.70473847857081 12.23708950234229 0
157 18.2047384785708 12.23708950234229 0
158 8.825246835794555 4.772391775165772 0
159 10.07524683579456 6.272391775165772 0
160 12.31405055590448 5.498556770678904 0
161 10.57524683579456 3.272391775165772 0
162 9.075246835794557 3.272391775165772 0
163 18.2047384785708 9.737089502342286 0
164 18.72331888445973 7.991496316114207 0
165 18.72331888445973 5.491496316114207 0
166 11.40854683579456 4.272391775165772 0
167 15.44994442229865 8.957481580571033 0
168 14.45473847857081 10.73708950234229 0
169 16.88996888445973 5.491496316114207 0
170 11.05599739169904 5.770948545844676 0
171 15.96852482818757 7.211888394342954 0
172 16.92805736303053 8.728585818456491 0
173 15.87257797186392 4.860196039114374 0
174 14.95590297186392 4.860196039114374 0
175 14.49518094372784 5.720392078228747 0
176 14.03922797186392 4.860196039114374 0
177 14.95113391559176 6.580588117343121 0
178 14.03445891559176 6.580588117343121 0
179 13.12255297186392 4.860196039114374 0
180 6.375000000000001 2.75 0
181 7.125000000000002 2.75 0
182 7.000000000000001 3.5 0
183 7.875000000000003 2.75 0
184 7.625000000000001 4.25 0
185 12.36537527795224 9.999278385339451 0
186 12.86297824981616 9.109474424453825 0
187 12.99760297186392 10.11019603911437 0
188 12.7283535277684 8.108752809793277 0
189 13.36058122168008 8.2196704635682 0
190 12.09612583385672 7.997835156018356 0
191 12.59372880572064 7.10803119513273 0
192 13.858184193544 7.329866502682573 0
193 13.99280891559176 8.330588117343122 0
194 10.49037527795224 7.749278385339451 0
195 11.11537527795224 8.499278385339451 0
196 11.60575055590448 8.248556770678904 0
197 11.74037527795224 9.249278385339451 0
198 11.47112583385672 7.247835156018356 0
199 15.35236923928541 13.11854475117114 0
200 16.60236923928541 13.11854475117114 0
201 16.9547384785708 12.23708950234229 0
202 17.8523692392854 13.11854475117114 0
203 16.05710771785621 11.35563425351343 0
204 17.3071077178562 11.35563425351343 0
205 19.1023692392854 13.11854475117114 0
206 8.162623417897278 4.886195887582886 0
207 8.787623417897278 5.636195887582886 0
208 9.450246835794559 5.522391775165772 0
209 9.412623417897279 6.386195887582886 0
210 9.487870253691833 4.658587662748658 0
211 10.11287025369183 5.408587662748658 0
212 10.03762341789728 7.136195887582886 0
213 13.40223122168008 6.4696704635682 0
214 12.7700035277684 6.358752809793277 0
215 12.94627824981616 5.609474424453825 0
216 12.13777583385672 6.247835156018356 0
217 12.49032527795224 4.749278385339451 0
218 10.78762341789728 2.636195887582886 0
219 10.03762341789728 2.636195887582886 0
220 9.825246835794559 3.272391775165772 0
221 9.287623417897279 2.636195887582886 0
222 10.36287025369183 3.908587662748658 0
223 9.612870253691835 3.908587662748658 0
224 8.537623417897279 2.636195887582886 0
225 19.1023692392854 11.86854475117114 0
226 18.2047384785708 10.98708950234229 0
227 19.1023692392854 10.61854475117114 0
228 17.3071077178562 10.10563425351343 0
229 19.1023692392854 9.368544751171143 0
230 8.412623417897279 3.386195887582886 0
231 8.950246835794555 4.022391775165772 0
232 8.287623417897279 4.136195887582886 0
233 19.36165944222986 8.495748158057104 0
234 19.36165944222986 7.245748158057104 0
235 18.72331888445973 6.741496316114207 0
236 19.36165944222986 5.995748158057104 0
237 18.08497832668959 7.487244474171311 0
238 18.08497832668959 6.237244474171311 0
239 19.36165944222986 4.745748158057104 0
240 12.03757341789728 4.136195887582886 0
241 11.62092341789728 3.636195887582886 0
242 10.99189683579456 3.772391775165772 0
243 11.20427341789728 3.136195887582886 0
244 10.77952025369184 4.408587662748658 0
245 14.97017815487716 8.199132868514264 0
246 14.47257518301324 9.088936829399891 0
247 14.95234145043473 9.84728554145666 0
248 13.97497221114932 9.978740790285519 0
249 15.92971068972013 9.715830292627802 0
250 15.43210771785621 10.60563425351343 0
251 13.47736923928541 10.86854475117114 0
252 18.44498444222987 4.745748158057104 0
253 17.80664388445973 5.491496316114207 0
254 17.52830944222987 4.745748158057104 0
255 17.1683033266896 6.237244474171311 0
256 16.61163444222986 4.745748158057104 0
257 10.60324553164408 5.15786604808811 0
258 10.5656221137468 6.021670160505224 0
259 11.01837397380176 6.63475265826179 0
260 10.52799869584952 6.885474272922337 0
261 11.508749251754 6.384031043601242 0
262 14.10236923928541 11.61854475117114 0
263 15.07973847857081 11.48708950234229 0
264 14.72736923928541 12.36854475117114 0
265 15.22946835782163 7.326336275400225 0
266 15.70923462524311 8.084684987456994 0
267 16.44829109560905 7.970237106399722 0
268 16.18900089266459 8.843033699513761 0
269 16.70758129855351 7.097440513285683 0
270 17.187347565975 7.855789225342452 0
271 16.66876716008607 9.60138241157053 0
272 16.15091241409378 5.605944197171477 0
273 16.42924685632365 6.351692355228581 0
274 15.69019038595771 6.466140236285851 0
275 17.56639792080066 9.232837660399388 0
276 17.82568812374513 8.36004106728535 0
277 18.46402868151527 8.864292909228247 0
278 11.86129869584952 4.885474272922337 0
279 11.68502397380176 5.63475265826179 0
280 11.2322721137468 5.021670160505224 0
281 16.10293898593196 4.430098019557187 0
282 15.64460148593196 4.430098019557187 0
283 15.41424047186392 4.860196039114374 0
284 15.18626398593196 4.430098019557187 0
285 15.64221695779588 5.290294058671561 0
286 15.18387945779588 5.290294058671561 0
287 14.72792648593196 4.430098019557187 0
288 14.95351844372784 5.720392078228747 0
289 14.72554195779588 5.290294058671561 0
290 14.26720445779588 5.290294058671561 0
291 14.49756547186392 4.860196039114374 0
292 14.03684344372784 5.720392078228747 0
293 13.80886695779588 5.290294058671561 0
294 14.26958898593196 4.430098019557187 0
295 15.1814949296598 6.150490097785934 0
296 14.7231574296598 6.150490097785934 0
297 14.49279641559176 6.580588117343121 0
298 14.2648199296598 6.150490097785934 0
299 14.72077290152372 7.010686136900308 0
300 14.26243540152372 7.010686136900308 0
301 13.8064824296598 6.150490097785934 0
302 13.81125148593196 4.430098019557187 0
303 13.58089047186392 4.860196039114374 0
304 13.35291398593196 4.430098019557187 0
305 13.35052945779588 5.290294058671561 0
306 12.89457648593196 4.430098019557187 0
307 5.6875 2.375 0
308 6.062500000000001 2.375 0
309 6 2.75 0
310 6.437500000000002 2.375 0
311 6.3125 3.125 0
312 6.812500000000002 2.375 0
313 6.750000000000002 2.75 0
314 7.062500000000002 3.125 0
315 6.687500000000001 3.125 0
316 7.437500000000002 3.125 0
317 7.375000000000002 3.5 0
318 6.625 3.5 0
319 7.187500000000002 2.375 0
320 7.562500000000003 2.375 0
321 7.500000000000002 2.75 0
322 7.937500000000004 2.375 0
323 7.812500000000002 3.125 0
324 6.9375 3.875 0
325 7.312500000000001 3.875 0
326 7.25 4.25 0
327 7.687500000000002 3.875 0
328 7.5625 4.625 0
329 12.43268763897612 10.49963919266973 0
330 12.68148912490808 10.05473721222691 0
331 12.74880148593196 10.55509801955719 0
332 12.6141767638842 9.554376404896638 0
333 12.93029061084004 9.609835231784098 0
334 12.29806291692836 9.498917578009177 0
335 12.54686440286032 9.054015597566366 0
336 13.179092096772 9.164933251341287 0
337 13.24640445779588 9.665294058671559 0
338 12.47955204183644 8.553654790236092 0
339 12.79566588879228 8.609113617123551 0
340 13.04446737472424 8.164211636680738 0
341 13.11177973574812 8.664572444011013 0
342 12.97715501370036 7.663850829350464 0
343 13.2932688606562 7.719309656237925 0
344 13.42789358270396 8.720031270898474 0
345 12.1634381948806 8.49819596334863 0
346 12.41223968081256 8.053293982905817 0
347 12.34492731978868 7.552933175575543 0
348 12.66104116674452 7.608392002463003 0
349 12.02881347283284 7.497474348688081 0
350 12.2776149587648 7.052572368245269 0
351 12.90984265267648 7.16349002202019 0
352 13.67669506863592 8.275129290455661 0
353 13.7440074296598 8.775490097785935 0
354 13.60938270761204 7.774768483125387 0
355 13.92549655456788 7.830227310012848 0
356 13.54207034658816 7.274407675795112 0
357 14.17429804049984 7.385325329570033 0
358 14.24161040152372 7.885686136900309 0
359 10.24518763897612 7.874639192669726 0
360 10.55768763897612 8.249639192669726 0
361 10.80287527795224 8.124278385339451 0
362 10.87018763897612 8.624639192669726 0
363 10.73556291692836 7.623917578009177 0
364 11.04806291692836 7.998917578009177 0
365 11.18268763897612 8.999639192669726 0
366 11.29325055590448 7.873556770678904 0
367 11.36056291692836 8.373917578009177 0
368 11.67306291692836 8.748917578009177 0
369 11.42787527795224 8.874278385339451 0
370 11.91825055590448 8.623556770678904 0
371 11.98556291692836 9.123917578009177 0
372 11.49518763897612 9.374639192669726 0
373 11.2259381948806 7.37319596334863 0
374 11.5384381948806 7.74819596334863 0
375 11.78362583385672 7.622835156018356 0
376 11.8509381948806 8.12319596334863 0
377 11.71631347283284 7.122474348688081 0
378 11.80768763897612 9.749639192669726 0
379 12.05287527795224 9.624278385339451 0
380 12.12018763897612 10.12463919266973 0
381 15.1761846196427 13.55927237558557 0
382 15.8011846196427 13.55927237558557 0
383 15.97736923928541 13.11854475117114 0
384 16.4261846196427 13.55927237558557 0
385 15.52855385892811 12.67781712675671 0
386 16.15355385892811 12.67781712675671 0
387 17.0511846196427 13.55927237558557 0
388 16.3297384785708 12.23708950234229 0
389 16.77855385892811 12.67781712675671 0
390 17.4035538589281 12.67781712675671 0
391 17.22736923928541 13.11854475117114 0
392 17.5797384785708 12.23708950234229 0
393 18.0285538589281 12.67781712675671 0
394 17.6761846196427 13.55927237558557 0
395 15.88092309821351 11.79636187792786 0
396 16.5059230982135 11.79636187792786 0
397 16.6821077178562 11.35563425351343 0
398 17.1309230982135 11.79636187792786 0
399 16.23329233749891 10.914906629099 0
400 16.85829233749891 10.914906629099 0
401 17.7559230982135 11.79636187792786 0
402 18.3011846196427 13.55927237558557 0
403 18.4773692392854 13.11854475117114 0
404 18.9261846196427 13.55927237558557 0
405 18.6535538589281 12.67781712675671 0
406 19.5511846196427 13.55927237558557 0
407 7.831311708948639 4.943097943791443 0
408 8.14381170894864 5.318097943791443 0
409 8.475123417897278 5.261195887582886 0
410 8.45631170894864 5.693097943791443 0
411 8.493935126845916 4.829293831374329 0
412 8.806435126845916 5.204293831374329 0
413 8.76881170894864 6.068097943791443 0
414 9.137746835794557 5.147391775165772 0
415 9.118935126845919 5.579293831374329 0
416 9.431435126845919 5.954293831374329 0
417 9.100123417897279 6.011195887582886 0
418 9.762746835794559 5.897391775165772 0
419 9.743935126845919 6.329293831374329 0
420 9.08131170894864 6.443097943791443 0
421 9.156558544743195 4.715489718957215 0
422 9.469058544743195 5.090489718957215 0
423 9.800370253691831 5.033587662748658 0
424 9.781558544743195 5.465489718957215 0
425 9.819181962640471 4.601685606540102 0
426 10.13168196264047 4.976685606540102 0
427 10.09405854474319 5.840489718957215 0
428 9.39381170894864 6.818097943791443 0
429 9.725123417897279 6.761195887582886 0
430 9.70631170894864 7.193097943791443 0
431 10.05643512684592 6.704293831374329 0
432 10.01881170894864 7.568097943791443 0
433 13.94632155456788 6.955227310012846 0
434 13.63020770761204 6.899768483125387 0
435 13.71834506863592 6.52512929045566 0
436 13.3140938606562 6.844309656237925 0
437 13.49036858270396 6.095031270898474 0
438 12.99798001370036 6.788850829350464 0
439 13.08611737472424 6.414211636680738 0
440 12.85814088879228 5.984113617123551 0
441 13.17425473574812 6.039572444011013 0
442 12.54202704183644 5.92865479023609 0
443 12.63016440286032 5.554015597566364 0
444 13.262392096772 5.664933251341286 0
445 12.68186616674452 6.733392002463003 0
446 12.36575231978868 6.677933175575543 0
447 12.45388968081256 6.303293982905816 0
448 12.04963847283284 6.622474348688081 0
449 12.2259131948806 5.87319596334863 0
450 13.03441561084004 5.2348352317841 0
451 12.7183017638842 5.179376404896638 0
452 12.80643912490808 4.804737212226913 0
453 12.40218791692836 5.123917578009177 0
454 12.57846263897612 4.374639192669726 0
455 10.89381170894864 2.318097943791443 0
456 10.51881170894864 2.318097943791443 0
457 10.41262341789728 2.636195887582886 0
458 10.14381170894864 2.318097943791443 0
459 10.68143512684592 2.954293831374329 0
460 10.30643512684592 2.954293831374329 0
461 9.76881170894864 2.318097943791443 0
462 10.20024683579456 3.272391775165772 0
463 9.931435126845919 2.954293831374329 0
464 9.556435126845919 2.954293831374329 0
465 9.662623417897279 2.636195887582886 0
466 9.450246835794559 3.272391775165772 0
467 9.181435126845919 2.954293831374329 0
468 9.39381170894864 2.318097943791443 0
469 10.46905854474319 3.590489718957215 0
470 10.09405854474319 3.590489718957215 0
471 9.987870253691831 3.908587662748658 0
472 9.719058544743197 3.590489718957215 0
473 10.25668196264047 4.226685606540101 0
474 9.881681962640473 4.226685606540101 0
475 9.344058544743195 3.590489718957215 0
476 9.018811708948641 2.318097943791443 0
477 8.912623417897279 2.636195887582886 0
478 8.643811708948641 2.318097943791443 0
479 8.806435126845919 2.954293831374329 0
480 8.268811708948641 2.318097943791443 0
481 19.5511846196427 12.93427237558557 0
482 19.1023692392854 12.49354475117114 0
483 19.5511846196427 12.30927237558557 0
484 18.6535538589281 12.05281712675671 0
485 19.5511846196427 11.68427237558557 0
486 18.2047384785708 11.61208950234229 0
487 18.6535538589281 11.42781712675671 0
488 18.6535538589281 10.80281712675671 0
489 19.1023692392854 11.24354475117114 0
490 18.2047384785708 10.36208950234229 0
491 18.6535538589281 10.17781712675671 0
492 19.5511846196427 11.05927237558557 0
493 17.7559230982135 11.17136187792786 0
494 17.3071077178562 10.73063425351343 0
495 17.7559230982135 10.54636187792786 0
496 16.85829233749891 10.289906629099 0
497 17.7559230982135 9.921361877927858 0
498 19.5511846196427 10.43427237558557 0
499 19.1023692392854 9.993544751171141 0
500 19.5511846196427 9.809272375585572 0
501 18.6535538589281 9.552817126756715 0
502 19.5511846196427 9.184272375585572 0
503 8.206311708948641 2.693097943791443 0
504 8.475123417897279 3.011195887582886 0
505 8.143811708948641 3.068097943791443 0
506 8.743935126845919 3.329293831374329 0
507 8.08131170894864 3.443097943791443 0
508 9.012746835794555 3.647391775165772 0
509 8.681435126845917 3.704293831374329 0
510 8.618935126845917 4.079293831374329 0
511 8.350123417897279 3.761195887582886 0
512 8.887746835794555 4.397391775165772 0
513 8.556435126845917 4.454293831374329 0
514 8.01881170894864 3.818097943791443 0
515 9.281558544743195 3.965489718957215 0
516 9.550370253691835 4.283587662748658 0
517 9.219058544743195 4.340489718957215 0
518 7.95631170894864 4.193097943791443 0
519 8.225123417897279 4.511195887582886 0
520 7.89381170894864 4.568097943791443 0
521 19.68082972111493 8.747874079028552 0
522 19.68082972111493 8.122874079028552 0
523 19.36165944222986 7.870748158057104 0
524 19.68082972111493 7.497874079028552 0
525 19.0424891633448 8.243622237085656 0
526 19.0424891633448 7.618622237085656 0
527 19.68082972111493 6.872874079028552 0
528 18.72331888445973 7.366496316114207 0
529 19.0424891633448 6.993622237085656 0
530 19.0424891633448 6.368622237085656 0
531 19.36165944222986 6.620748158057104 0
532 18.72331888445973 6.116496316114207 0
533 19.0424891633448 5.743622237085656 0
534 19.68082972111493 6.247874079028552 0
535 18.40414860557466 7.739370395142759 0
536 18.40414860557466 7.114370395142759 0
537 18.08497832668959 6.862244474171311 0
538 18.40414860557466 6.489370395142759 0
539 17.76580804780453 7.235118553199862 0
540 17.76580804780453 6.610118553199862 0
541 18.40414860557466 5.864370395142759 0
542 19.68082972111493 5.622874079028552 0
543 19.36165944222986 5.370748158057104 0
544 19.68082972111493 4.997874079028552 0
545 19.0424891633448 5.118622237085656 0
546 19.68082972111493 4.372874079028552 0
547 12.35208670894864 4.068097943791443 0
548 12.14376170894864 3.818097943791443 0
549 11.82924841789728 3.886195887582886 0
550 11.93543670894864 3.568097943791443 0
551 11.72306012684592 4.204293831374329 0
552 11.51473512684592 3.954293831374329 0
553 11.72711170894864 3.318097943791443 0
554 11.20022183579456 4.022391775165772 0
555 11.30641012684592 3.704293831374329 0
556 11.09808512684592 3.454293831374329 0
557 11.41259841789728 3.386195887582886 0
558 10.78357183579456 3.522391775165772 0
559 10.88976012684592 3.204293831374329 0
560 11.51878670894864 3.068097943791443 0
561 11.0940335447432 4.340489718957215 0
562 10.8857085447432 4.090489718957215 0
563 10.57119525369183 4.158587662748658 0
564 10.67738354474319 3.840489718957215 0
565 10.46500696264048 4.476685606540102 0
566 11.31046170894864 2.818097943791443 0
567 10.99594841789728 2.886195887582886 0
568 11.10213670894864 2.568097943791443 0
569 14.73029502116642 7.819958512485879 0
570 14.48149353523446 8.264860492928694 0
571 14.7213766689452 8.644034848957077 0
572 14.2326920493025 8.709762473371507 0
573 15.21006128858791 8.578307224542648 0
574 14.96125980265595 9.023209204985463 0
575 13.98389056337054 9.15466445381432 0
576 15.20114293636669 9.402383561013846 0
577 14.71245831672399 9.468111185428276 0
578 14.46365683079203 9.913013165871089 0
579 14.22377369708128 9.533838809842706 0
580 14.70353996450277 10.29218752189947 0
581 14.21485534486007 10.3579151463139 0
582 13.73508907743858 9.599566434257135 0
583 15.68982755600939 9.336655936599417 0
584 15.44102607007743 9.781557917042232 0
585 15.68090920378817 10.16073227307061 0
586 15.19222458414547 10.22645989748504 0
587 16.16959382343087 10.09500464865619 0
588 15.92079233749891 10.539906629099 0
589 14.94342309821351 10.67136187792786 0
590 13.48628759150662 10.04446841469995 0
591 13.72617072521737 10.42364277072833 0
592 13.23748610557466 10.48937039514276 0
593 13.96605385892811 10.80281712675671 0
594 12.9886846196427 10.93427237558557 0
595 19.22249222111493 4.372874079028552 0
596 18.90332194222987 4.745748158057104 0
597 18.76415472111493 4.372874079028552 0
598 18.5841516633448 5.118622237085656 0
599 18.30581722111494 4.372874079028552 0
600 18.26498138445973 5.491496316114207 0
601 18.1258141633448 5.118622237085656 0
602 17.6674766633448 5.118622237085656 0
603 17.98664694222987 4.745748158057104 0
604 17.34830638445973 5.491496316114207 0
605 17.2091391633448 5.118622237085656 0
606 17.84747972111494 4.372874079028552 0
607 17.94581110557466 5.864370395142759 0
608 17.6266408266896 6.237244474171311 0
609 17.48747360557466 5.864370395142759 0
610 17.30747054780453 6.610118553199862 0
611 17.02913610557466 5.864370395142759 0
612 17.38914222111493 4.372874079028552 0
613 17.06997194222986 4.745748158057104 0
614 16.93080472111493 4.372874079028552 0
615 16.7508016633448 5.118622237085656 0
616 16.47246722111493 4.372874079028552 0
617 10.37686960161659 4.851324799209827 0
618 10.35805789266795 5.283226855418384 0
619 10.58443382269544 5.589768104296667 0
620 10.33924618371931 5.715128911626941 0
621 10.82962146167156 5.464407296966392 0
622 10.81080975272292 5.896309353174949 0
623 10.32043447477068 6.147030967835498 0
624 11.0371856827504 6.202850602053233 0
625 10.79199804377428 6.328211409383506 0
626 10.77318633482564 6.760113465592063 0
627 10.54681040479816 6.453572216713781 0
628 10.99956226485312 7.066654714470347 0
629 10.754374625877 7.19201552180062 0
630 10.30162276582204 6.578933024044055 0
631 11.28237332172652 6.077489794722959 0
632 11.26356161277788 6.509391850931516 0
633 11.48993754280536 6.815933099809799 0
634 11.24474990382924 6.941293907140073 0
635 11.73512518178148 6.690572292479525 0
636 10.2828110568734 7.010835080252612 0
637 10.50918698690088 7.317376329130894 0
638 10.26399934792476 7.442737136461169 0
639 13.3011846196427 11.30927237558557 0
640 13.78986923928541 11.24354475117114 0
641 13.6136846196427 11.68427237558557 0
642 14.27855385892811 11.17781712675671 0
643 13.9261846196427 12.05927237558557 0
644 14.76723847857081 11.11208950234229 0
645 14.59105385892811 11.55281712675671 0
646 14.90355385892811 11.92781712675671 0
647 14.41486923928541 11.99354475117114 0
648 15.39223847857081 11.86208950234229 0
649 15.21605385892811 12.30281712675671 0
650 14.2386846196427 12.43427237558557 0
651 15.25592309821351 11.04636187792786 0
652 15.74460771785621 10.98063425351343 0
653 15.56842309821351 11.42136187792786 0
654 14.5511846196427 12.80927237558557 0
655 15.03986923928541 12.74354475117114 0
656 14.8636846196427 13.18427237558557 0
657 14.85994012263865 7.38356021592886 0
658 15.0998232563494 7.762734571957244 0
659 15.46935149153237 7.705510631428609 0
660 15.33970639006013 8.141908927985629 0
661 15.5989965930046 7.26911233487159 0
662 15.83887972671534 7.648286690899974 0
663 15.57958952377088 8.521083284014013 0
664 16.20840796189831 7.591062750371337 0
665 16.07876286042608 8.027461046928359 0
666 16.31864599413682 8.406635402956741 0
667 15.94911775895385 8.463859343485378 0
668 16.68817422931979 8.349411462428106 0
669 16.55852912784756 8.785809758985126 0
670 15.81947265748162 8.900257640042398 0
671 16.33805306337054 7.154664453814318 0
672 16.57793619708128 7.533838809842702 0
673 16.94746443226425 7.476614869314067 0
674 16.81781933079203 7.913013165871087 0
675 17.07710953373648 7.040216572757048 0
676 17.31699266744723 7.419390928785432 0
677 17.05770246450276 8.292187521899471 0
678 16.05935579119236 9.27943199607078 0
679 16.42888402637533 9.222208055542145 0
680 16.2992389249031 9.658606352099167 0
681 16.7984122615583 9.16498411501351 0
682 16.53912205861384 10.03778070812755 0
683 16.24210620704689 4.802972098585739 0
684 16.38127342816182 5.175846177614291 0
685 16.01174519297885 5.233070118142926 0
686 16.52044064927676 5.548720256642842 0
687 15.78138417891081 5.663168137700112 0
688 16.65960787039169 5.921594335671394 0
689 16.29007963520872 5.978818276200029 0
690 16.05971862114068 6.408916295757216 0
691 15.92055140002575 6.036042216728664 0
692 16.19888584225561 6.781790374785768 0
693 15.82935760707264 6.839014315314403 0
694 15.55102316484277 6.093266157257299 0
695 16.79877509150663 6.294468414699946 0
696 16.93794231262155 6.667342493728497 0
697 16.56841407743858 6.724566434257132 0
698 15.32066215077473 6.523364176814486 0
699 15.45982937188967 6.896238255843038 0
700 15.0903011367067 6.953462196371673 0
701 16.98793743897114 9.853508332541979 0
702 17.11758254044337 9.417110035984958 0
703 17.43675281932843 9.66923595695641 0
704 17.24722764191559 8.980711739427939 0
705 17.88556819968573 9.484963581370838 0
706 17.37687274338783 8.544313442870919 0
707 17.6960430222729 8.796439363842369 0
708 18.1448584026302 8.612166988256799 0
709 18.01521330115796 9.048565284813819 0
710 18.27450350410243 8.175768691699778 0
711 18.5936737829875 8.427894612671228 0
712 18.33438358004303 9.300691205785267 0
713 17.50651784486006 8.1079151463139 0
714 17.63616294633229 7.671516849756881 0
715 17.95533322521736 7.92364277072833 0
716 18.78319896040033 9.116418830199695 0
717 18.91284406187257 8.680020533642676 0
718 19.23201434075763 8.932146454614124 0
719 12.26394934792476 4.442737136461169 0
720 12.17581198690088 4.817376329130894 0
721 11.9494360568734 4.510835080252612 0
722 12.087674625877 5.19201552180062 0
723 11.63492276582204 4.578933024044055 0
724 11.99953726485312 5.566654714470347 0
725 11.77316133482564 5.260113465592063 0
726 11.45864804377428 5.328211409383506 0
727 11.54678540479816 4.953572216713781 0
728 11.3705106827504 5.702850602053233 0
729 11.14413475272292 5.396309353174949 0
730 11.32040947477068 4.647030967835498 0
731 11.91139990382924 5.941293907140073 0
732 11.82326254280536 6.315933099809799 0
733 11.59688661277788 6.009391850931516 0
734 11.00589618371932 4.715128911626941 0
735 10.91775882269544 5.089768104296667 0
736 10.69138289266796 4.783226855418384 0
737 14.29997666666667 2.4 0
738 16.793322 2.08 0
739 12.64998833333333 2.2 0
740 13.48328833333333 3.2 0
741 13.816655 1.2 0
742 12.16666666666666 1 0
743 15.31663833333334 3.2 0
744 5.833333333333333 1 0
745 7.333333333333335 1 0
746 18.396661 3.04 0
747 18.396661 1.04 0
748 15.54664933333333 2.24 0
749 16.563311 3.04 0
750 2.5 1 0
751 15.06332766666667 1.04 0
752 8.833333333333332 1 0
753 11.82499416666666 2.1 0
754 12.24164416666666 2.6 0
755 13.06663833333333 2.7 0
756 12.65829416666666 3.1 0
757 13.4749825 2.3 0
758 13.8916325 2.8 0
759 13.07494416666666 3.6 0
760 13.57499416666667 0.6 0
761 12.99166083333333 1.1 0
762 12.75 0.5 0
763 13.23332166666667 1.7 0
764 12.4083275 1.6 0
765 14.05831583333334 1.8 0
766 11.58333333333333 1.5 0
767 13.99161916666667 3.6 0
768 14.39996333333334 3.2 0
769 14.90829416666667 3.6 0
770 14.80830750000001 2.8 0
771 15.82496916666667 3.6 0
772 5.416666666666666 1.5 0
773 6.166666666666668 1.5 0
774 6.583333333333334 1 0
775 6.916666666666668 1.5 0
776 6.25 0.5 0
777 7 0.5 0
778 7.66666666666667 1.5 0
779 19.1983305 3.52 0
780 19.1983305 2.52 0
781 18.396661 2.04 0
782 19.1983305 1.52 0
783 17.5949915 2.56 0
784 17.5949915 1.56 0
785 19.1983305 0.52 0
786 14.923313 2.32 0
787 15.43164383333334 2.72 0
788 16.05498016666666 2.64 0
789 15.93997466666667 3.12 0
790 16.16998566666667 2.16 0
791 16.6783165 2.56 0
792 16.4483055 3.52 0
793 17.3649805 3.52 0
794 17.479986 3.04 0
795 18.2816555 3.52 0
796 2.916666666666667 0.5 0
797 1.25 0.5 0
798 4.583333333333333 0.5 0
799 4.166666666666666 1 0
800 3.75 1.5 0
801 17.53166383333333 0.52 0
802 16.72999433333334 1.04 0
803 15.86499716666667 0.52 0
804 15.92832483333333 1.56 0
805 14.1983305 0.52 0
806 9.416666666666664 0.5 0
807 7.749999999999999 0.5 0
808 11.08333333333333 0.5 0
809 10.5 1 0
810 9.916666666666666 1.5 0
811 8.083333333333334 1 0
812 9.166666666666668 1.5 0
813 8.416666666666668 1.5 0
814 14.43999133333334 1.12 0
815 15.3049885 1.64 0
816 14.68165216666667 1.72 0
817 1.25 1 0
818 2.5 1.5 0
819 1.25 1.5 0
820 11.41249708333333 2.05 0
821 11.62082208333333 2.3 0
822 12.03331916666666 2.35 0
823 11.82914708333333 2.55 0
824 12.23749124999999 2.15 0
825 12.44581624999999 2.4 0
826 12.03747208333333 2.8 0
827 12.85831333333333 2.45 0
828 12.65414125 2.65 0
829 12.86246625 2.9 0
830 12.44996916666666 2.85 0
831 13.27496333333333 2.95 0
832 13.07079125 3.15 0
833 12.24579708333333 3.05 0
834 13.06248541666666 2.25 0
835 13.27081041666666 2.5 0
836 13.6833075 2.55 0
837 13.47913541666667 2.75 0
838 13.88747958333333 2.35 0
839 14.09580458333333 2.6 0
840 13.68746041666667 3 0
841 12.45412208333333 3.3 0
842 12.86661916666666 3.35 0
843 12.66244708333333 3.55 0
844 13.27911624999999 3.4 0
845 12.87077208333333 3.8 0
846 13.45416375 0.3 0
847 13.16249708333334 0.55 0
848 13.04166666666666 0.25 0
849 13.2833275 0.8500000000000001 0
850 12.87083041666667 0.8 0
851 13.69582458333334 0.8999999999999999 0
852 13.40415791666667 1.15 0
853 12.57916375 1.05 0
854 12.45833333333333 0.75 0
855 13.52498833333334 1.45 0
856 13.11249125 1.4 0
857 12.82082458333334 1.65 0
858 12.69999416666667 1.35 0
859 12.941655 1.95 0
860 12.52915791666667 1.9 0
861 12.28749708333333 1.3 0
862 13.93748541666667 1.5 0
863 13.64581875000001 1.75 0
864 13.76664916666667 2.05 0
865 13.35415208333334 2 0
866 14.17914625000001 2.1 0
867 11.99583041666667 1.55 0
868 11.875 1.25 0
869 12.11666083333333 1.85 0
870 11.70416375 1.8 0
871 11.29166666666666 1.75 0
872 13.32910958333333 3.8 0
873 13.53328166666666 3.6 0
874 13.78744708333334 3.8 0
875 13.73745375 3.4 0
876 14.24578458333334 3.8 0
877 13.94162583333333 3.2 0
878 14.19579125 3.4 0
879 14.65412875000001 3.4 0
880 14.44995666666667 3.6 0
881 14.85830083333334 3.2 0
882 15.11246625 3.4 0
883 14.70412208333333 3.8 0
884 14.14579791666667 3 0
885 14.34997000000001 2.8 0
886 14.60413541666668 3 0
887 14.55414208333334 2.6 0
888 15.06247291666667 3 0
889 15.16245958333333 3.8 0
890 15.36663166666667 3.6 0
891 15.62079708333333 3.8 0
892 15.57080375 3.4 0
893 16.07913458333334 3.8 0
894 5.208333333333333 1.75 0
895 5.583333333333334 1.75 0
896 5.791666666666667 1.5 0
897 5.958333333333334 1.75 0
898 5.625 1.25 0
899 6 1.25 0
900 6.333333333333335 1.75 0
901 6.208333333333334 1 0
902 6.375000000000001 1.25 0
903 6.750000000000001 1.25 0
904 6.541666666666668 1.5 0
905 6.958333333333334 1 0
906 7.125000000000002 1.25 0
907 6.708333333333335 1.75 0
908 6.041666666666666 0.75 0
909 6.416666666666667 0.75 0
910 6.625 0.5 0
911 6.791666666666667 0.75 0
912 6.458333333333333 0.25 0
913 6.833333333333333 0.25 0
914 7.166666666666668 0.75 0
915 7.083333333333336 1.75 0
916 7.291666666666669 1.5 0
917 7.458333333333336 1.75 0
918 7.500000000000002 1.25 0
919 7.833333333333337 1.75 0
920 19.59916525 3.76 0
921 19.59916525 3.26 0
922 19.1983305 3.02 0
923 19.59916525 2.76 0
924 18.79749575 3.28 0
925 18.79749575 2.78 0
926 19.59916525 2.26 0
927 18.396661 2.54 0
928 18.79749575 2.28 0
929 18.79749575 1.78 0
930 19.1983305 2.02 0
931 18.396661 1.54 0
932 18.79749575 1.28 0
933 19.59916525 1.76 0
934 17.99582625 2.8 0
935 17.99582625 2.3 0
936 17.5949915 2.06 0
937 17.99582625 1.8 0
938 17.19415675 2.32 0
939 17.19415675 1.82 0
940 17.99582625 1.3 0
941 19.59916525 1.26 0
942 19.1983305 1.02 0
943 19.59916525 0.76 0
944 18.79749575 0.78 0
945 19.59916525 0.26 0
946 14.61164483333333 2.36 0
947 14.86581025000001 2.56 0
948 15.17747841666667 2.52 0
949 15.11997566666668 2.76 0
950 15.23498116666666 2.28 0
951 15.48914658333333 2.48 0
952 15.37414108333334 2.96 0
953 15.80081474999999 2.44 0
954 15.743312 2.68 0
955 15.99747741666667 2.88 0
956 15.68580925000001 2.92 0
957 16.30914558333333 2.84 0
958 16.25164283333334 3.08 0
959 15.6283065 3.16 0
960 15.8583175 2.2 0
961 16.11248291666666 2.4 0
962 16.42415108333334 2.36 0
963 16.36664833333333 2.6 0
964 16.48165383333333 2.12 0
965 16.73581925 2.32 0
966 16.62081375 2.8 0
967 15.88247191666667 3.36 0
968 16.19414008333333 3.32 0
969 16.13663733333333 3.56 0
970 16.50580825 3.28 0
971 16.39080275 3.76 0
972 16.84914025 3.76 0
973 16.906643 3.52 0
974 17.30747775 3.76 0
975 16.96414575 3.28 0
976 17.76581525 3.76 0
977 17.0216485 3.04 0
978 17.42248325 3.28 0
979 17.88082075 3.28 0
980 17.823318 3.52 0
981 17.9383235 3.04 0
982 18.33915825 3.28 0
983 18.22415275 3.76 0
984 17.07915125 2.8 0
985 17.136654 2.56 0
986 17.53748875 2.8 0
987 18.68249025 3.76 0
988 18.739993 3.52 0
989 19.14082775 3.76 0
990 1.458333333333333 0.25 0
991 0.625 0.25 0
992 2.291666666666667 0.25 0
993 2.083333333333333 0.5 0
994 3.125 0.25 0
995 2.708333333333333 0.75 0
996 1.875 0.75 0
997 3.958333333333333 0.25 0
998 3.75 0.5 0
999 4.375 0.75 0
1000 3.541666666666667 0.75 0
1001 5.208333333333333 0.75 0
1002 5 1 0
1003 3.333333333333333 1 0
1004 4.791666666666666 0.25 0
1005 5.625 0.25 0
1006 5.416666666666666 0.5 0
1007 3.958333333333333 1.25 0
1008 3.125 1.25 0
1009 4.791666666666666 1.25 0
1010 4.583333333333333 1.5 0
1011 4.375 1.75 0
1012 18.76583191666666 0.26 0
1013 18.36499716666667 0.52 0
1014 17.93249858333333 0.26 0
1015 17.96416241666667 0.78 0
1016 17.09916525 0.26 0
1017 17.56332766666667 1.04 0
1018 17.13082908333334 0.78 0
1019 16.29749575000001 0.78 0
1020 16.6983305 0.52 0
1021 15.89666100000001 1.04 0
1022 15.46416241666667 0.78 0
1023 16.26583191666667 0.26 0
1024 17.16249291666667 1.3 0
1025 16.76165816666666 1.56 0
1026 16.32915958333334 1.3 0
1027 16.36082341666667 1.82 0
1028 15.49582625 1.3 0
1029 15.43249858333333 0.26 0
1030 15.03166383333334 0.52 0
1031 14.59916525 0.26 0
1032 14.63082908333334 0.78 0
1033 13.76583191666667 0.26 0
1034 8.041666666666666 0.25 0
1035 7.208333333333332 0.25 0
1036 8.874999999999998 0.25 0
1037 8.583333333333332 0.5 0
1038 9.708333333333332 0.25 0
1039 9.124999999999998 0.75 0
1040 8.291666666666666 0.75 0
1041 10.54166666666666 0.25 0
1042 10.25 0.5 0
1043 10.79166666666666 0.75 0
1044 9.958333333333332 0.75 0
1045 11.625 0.75 0
1046 11.33333333333333 1 0
1047 9.666666666666666 1 0
1048 11.375 0.25 0
1049 12.20833333333333 0.25 0
1050 11.91666666666666 0.5 0
1051 10.20833333333333 1.25 0
1052 9.375 1.25 0
1053 11.04166666666666 1.25 0
1054 10.75 1.5 0
1055 10.45833333333333 1.75 0
1056 7.375 0.5 0
1057 7.916666666666666 0.75 0
1058 7.541666666666667 0.75 0
1059 8.458333333333332 1 0
1060 7.708333333333334 1 0
1061 9 1.25 0
1062 8.625 1.25 0
1063 8.791666666666668 1.5 0
1064 8.25 1.25 0
1065 9.333333333333336 1.75 0
1066 8.958333333333336 1.75 0
1067 7.875000000000002 1.25 0
1068 9.541666666666668 1.5 0
1069 10.08333333333333 1.75 0
1070 9.708333333333334 1.75 0
1071 8.041666666666668 1.5 0
1072 8.583333333333336 1.75 0
1073 8.208333333333336 1.75 0
1074 13.88666233333334 0.5600000000000001 0
1075 14.31916091666667 0.8200000000000001 0
1076 14.00749275 0.8600000000000001 0
1077 14.75165950000001 1.08 0
1078 14.12832316666667 1.16 0
1079 15.18415808333333 1.34 0
1080 14.87248991666667 1.38 0
1081 14.99332033333333 1.68 0
1082 14.56082175000001 1.42 0
1083 15.42581891666666 1.94 0
1084 15.11415075 1.98 0
1085 14.24915358333334 1.46 0
1086 15.61665666666666 1.6 0
1087 16.04915525 1.86 0
1088 15.73748708333333 1.9 0
1089 14.36998400000001 1.76 0
1090 14.80248258333333 2.02 0
1091 14.49081441666667 2.06 0
1092 0.625 0.5 0
1093 1.25 0.75 0
1094 0.625 0.75 0
1095 1.875 1 0
1096 0.625 1 0
1097 2.5 1.25 0
1098 1.875 1.25 0
1099 1.875 1.5 0
1100 1.25 1.25 0
1101 2.5 1.75 0
1102 1.875 1.75 0
1103 0.625 1.25 0
1104 3.125 1.5 0
1105 3.75 1.75 0
1106 3.125 1.75 0
1107 0.625 1.5 0
1108 1.25 1.75 0
1109 0.625 1.75 0
$EndNodes
$Elements
2265
1 15 2 0 1 1
2 15 2 0 2 2
3 15 2 0 3 3
4 15 2 0 4 4
5 15 2 0 5 5
6 15 2 0 6 6
7 15 2 0 7 7
8 15 2 0 8 8
9 15 2 0 9 9
10 1 2 0 1 1 10
11 1 2 0 1 10 28
12 1 2 0 1 28 21
13 1 2 0 1 21 31
14 1 2 0 1 31 20
15 1 2 0 1 20 27
16 1 2 0 1 27 19
17 1 2 0 1 19 22
18 1 2 0 1 22 18
19 1 2 0 1 18 26
20 1 2 0 1 26 17
21 1 2 0 1 17 30
22 1 2 0 1 30 16
23 1 2 0 1 16 25
24 1 2 0 1 25 15
25 1 2 0 1 15 32
26 1 2 0 1 32 14
27 1 2 0 1 14 24
28 1 2 0 1 24 13
29 1 2 0 1 13 29
30 1 2 0 1 29 12
31 1 2 0 1 12 23
32 1 2 0 1 23 11
33 1 2 0 1 11 2
34 1 2 0 2 2 36
35 1 2 0 2 36 34
36 1 2 0 2 34 37
37 1 2 0 2 37 33
38 1 2 0 2 33 38
39 1 2 0 2 38 35
40 1 2 0 2 35 39
41 1 2 0 2 39 3
42 1 2 0 3 3 47
43 1 2 0 3 47 43
44 1 2 0 3 43 48
45 1 2 0 3 48 41
46 1 2 0 3 41 49
47 1 2 0 3 49 44
48 1 2 0 3 44 50
49 1 2 0 3 50 40
50 1 2 0 3 40 51
51 1 2 0 3 51 45
52 1 2 0 3 45 52
53 1 2 0 3 52 42
54 1 2 0 3 42 53
55 1 2 0 3 53 46
56 1 2 0 3 46 54
57 1 2 0 3 54 4
58 1 2 0 4 4 58
59 1 2 0 4 58 56
60 1 2 0 4 56 59
61 1 2 0 4 59 55
62 1 2 0 4 55 60
63 1 2 0 4 60 57
64 1 2 0 4 57 61
65 1 2 0 4 61 5
66 1 2 0 5 5 69
67 1 2 0 5 69 65
68 1 2 0 5 65 70
69 1 2 0 5 70 63
70 1 2 0 5 63 71
71 1 2 0 5 71 66
72 1 2 0 5 66 72
73 1 2 0 5 72 62
74 1 2 0 5 62 73
75 1 2 0 5 73 67
76 1 2 0 5 67 74
77 1 2 0 5 74 64
78 1 2 0 5 64 75
79 1 2 0 5 75 68
80 1 2 0 5 68 76
81 1 2 0 5 76 9
82 1 2 0 6 9 80
83 1 2 0 6 80 78
84 1 2 0 6 78 81
85 1 2 0 6 81 77
86 1 2 0 6 77 82
87 1 2 0 6 82 79
88 1 2 0 6 79 83
89 1 2 0 6 83 6
90 1 2 0 7 6 87
91 1 2 0 7 87 85
92 1 2 0 7 85 88
93 1 2 0 7 88 84
94 1 2 0 7 84 89
95 1 2 0 7 89 86
96 1 2 0 7 86 90
97 1 2 0 7 90 1
98 1 2 0 8 3 98
99 1 2 0 8 98 94
100 1 2 0 8 94 99
101 1 2 0 8 99 92
102 1 2 0 8 92 100
103 1 2 0 8 100 95
104 1 2 0 8 95 101
105 1 2 0 8 101 91
106 1 2 0 8 91 102
107 1 2 0 8 102 96
108 1 2 0 8 96 103
109 1 2 0 8 103 93
110 1 2 0 8 93 104
111 1 2 0 8 104 97
112 1 2 0 8 97 105
113 1 2 0 8 105 7
114 1 2 0 9 7 109
115 1 2 0 9 109 107
116 1 2 0 9 107 110
117 1 2 0 9 110 106
118 1 2 0 9 106 111
119 1 2 0 9 111 108
120 1 2 0 9 108 112
121 1 2 0 9 112 8
122 1 2 0 10 8 113
123 1 2 0 10 113 137
124 1 2 0 10 137 128
125 1 2 0 10 128 141
126 1 2 0 10 141 127
127 1 2 0 10 127 136
128 1 2 0 10 136 126
129 1 2 0 10 126 129
130 1 2 0 10 129 125
131 1 2 0 10 125 135
132 1 2 0 10 135 124
133 1 2 0 10 124 140
134 1 2 0 10 140 123
135 1 2 0 10 123 134
136 1 2 0 10 134 122
137 1 2 0 10 122 143
138 1 2 0 10 143 121
139 1 2 0 10 121 133
140 1 2 0 10 133 120
141 1 2 0 10 120 139
142 1 2 0 10 139 119
143 1 2 0 10 119 132
144 1 2 0 10 132 118
145 1 2 0 10 118 142
146 1 2 0 10 142 117
147 1 2 0 10 117 131
148 1 2 0 10 131 116
149 1 2 0 10 116 138
150 1 2 0 10 138 115
151 1 2 0 10 115 130
152 1 2 0 10 130 114
153 1 2 0 10 114 9
154 2 2 0 1 40 281 51
155 2 2 0 1 281 282 51
156 2 2 0 1 281 173 282
157 2 2 0 1 51 282 45
158 2 2 0 1 173 283 282
159 2 2 0 1 283 284 282
160 2 2 0 1 283 174 284
161 2 2 0 1 282 284 45
162 2 2 0 1 173 285 283
163 2 2 0 1 285 286 283
164 2 2 0 1 285 149 286
165 2 2 0 1 283 286 174
166 2 2 0 1 45 284 52
167 2 2 0 1 284 287 52
168 2 2 0 1 284 174 287
169 2 2 0 1 52 287 42
170 2 2 0 1 149 288 286
171 2 2 0 1 288 289 286
172 2 2 0 1 288 175 289
173 2 2 0 1 286 289 174
174 2 2 0 1 175 290 289
175 2 2 0 1 290 291 289
176 2 2 0 1 290 176 291
177 2 2 0 1 289 291 174
178 2 2 0 1 175 292 290
179 2 2 0 1 292 293 290
180 2 2 0 1 292 150 293
181 2 2 0 1 290 293 176
182 2 2 0 1 174 291 287
183 2 2 0 1 291 294 287
184 2 2 0 1 291 176 294
185 2 2 0 1 287 294 42
186 2 2 0 1 149 295 288
187 2 2 0 1 295 296 288
188 2 2 0 1 295 177 296
189 2 2 0 1 288 296 175
190 2 2 0 1 177 297 296
191 2 2 0 1 297 298 296
192 2 2 0 1 297 178 298
193 2 2 0 1 296 298 175
194 2 2 0 1 177 299 297
195 2 2 0 1 299 300 297
196 2 2 0 1 299 144 300
197 2 2 0 1 297 300 178
198 2 2 0 1 175 298 292
199 2 2 0 1 298 301 292
200 2 2 0 1 298 178 301
201 2 2 0 1 292 301 150
202 2 2 0 1 42 294 53
203 2 2 0 1 294 302 53
204 2 2 0 1 294 176 302
205 2 2 0 1 53 302 46
206 2 2 0 1 176 303 302
207 2 2 0 1 303 304 302
208 2 2 0 1 303 179 304
209 2 2 0 1 302 304 46
210 2 2 0 1 176 293 303
211 2 2 0 1 293 305 303
212 2 2 0 1 293 150 305
213 2 2 0 1 303 305 179
214 2 2 0 1 46 304 54
215 2 2 0 1 304 306 54
216 2 2 0 1 304 179 306
217 2 2 0 1 54 306 4
218 2 2 0 1 9 76 114
219 2 2 0 1 76 307 114
220 2 2 0 1 76 68 307
221 2 2 0 1 114 307 130
222 2 2 0 1 68 308 307
223 2 2 0 1 308 309 307
224 2 2 0 1 308 180 309
225 2 2 0 1 307 309 130
226 2 2 0 1 68 75 308
227 2 2 0 1 75 310 308
228 2 2 0 1 75 64 310
229 2 2 0 1 308 310 180
230 2 2 0 1 130 309 115
231 2 2 0 1 309 311 115
232 2 2 0 1 309 180 311
233 2 2 0 1 115 311 138
234 2 2 0 1 64 312 310
235 2 2 0 1 312 313 310
236 2 2 0 1 312 181 313
237 2 2 0 1 310 313 180
238 2 2 0 1 181 314 313
239 2 2 0 1 314 315 313
240 2 2 0 1 314 182 315
241 2 2 0 1 313 315 180
242 2 2 0 1 181 316 314
243 2 2 0 1 316 317 314
244 2 2 0 1 316 151 317
245 2 2 0 1 314 317 182
246 2 2 0 1 180 315 311
247 2 2 0 1 315 318 311
248 2 2 0 1 315 182 318
249 2 2 0 1 311 318 138
250 2 2 0 1 64 74 312
251 2 2 0 1 74 319 312
252 2 2 0 1 74 67 319
253 2 2 0 1 312 319 181
254 2 2 0 1 67 320 319
255 2 2 0 1 320 321 319
256 2 2 0 1 320 183 321
257 2 2 0 1 319 321 181
258 2 2 0 1 67 73 320
259 2 2 0 1 73 322 320
260 2 2 0 1 73 62 322
261 2 2 0 1 320 322 183
262 2 2 0 1 181 321 316
263 2 2 0 1 321 323 316
264 2 2 0 1 321 183 323
265 2 2 0 1 316 323 151
266 2 2 0 1 138 318 116
267 2 2 0 1 318 324 116
268 2 2 0 1 318 182 324
269 2 2 0 1 116 324 131
270 2 2 0 1 182 325 324
271 2 2 0 1 325 326 324
272 2 2 0 1 325 184 326
273 2 2 0 1 324 326 131
274 2 2 0 1 182 317 325
275 2 2 0 1 317 327 325
276 2 2 0 1 317 151 327
277 2 2 0 1 325 327 184
278 2 2 0 1 131 326 117
279 2 2 0 1 326 328 117
280 2 2 0 1 326 184 328
281 2 2 0 1 117 328 142
282 2 2 0 1 129 329 331
283 2 2 0 1 329 330 331
284 2 2 0 1 329 185 330
285 2 2 0 1 331 330 187
286 2 2 0 1 185 332 330
287 2 2 0 1 332 333 330
288 2 2 0 1 332 186 333
289 2 2 0 1 330 333 187
290 2 2 0 1 185 334 332
291 2 2 0 1 334 335 332
292 2 2 0 1 334 152 335
293 2 2 0 1 332 335 186
294 2 2 0 1 187 333 337
295 2 2 0 1 333 336 337
296 2 2 0 1 333 186 336
297 2 2 0 1 337 336 154
298 2 2 0 1 152 338 335
299 2 2 0 1 338 339 335
300 2 2 0 1 338 188 339
301 2 2 0 1 335 339 186
302 2 2 0 1 188 340 339
303 2 2 0 1 340 341 339
304 2 2 0 1 340 189 341
305 2 2 0 1 339 341 186
306 2 2 0 1 188 342 340
307 2 2 0 1 342 343 340
308 2 2 0 1 342 153 343
309 2 2 0 1 340 343 189
310 2 2 0 1 186 341 336
311 2 2 0 1 341 344 336
312 2 2 0 1 341 189 344
313 2 2 0 1 336 344 154
314 2 2 0 1 152 345 338
315 2 2 0 1 345 346 338
316 2 2 0 1 345 190 346
317 2 2 0 1 338 346 188
318 2 2 0 1 190 347 346
319 2 2 0 1 347 348 346
320 2 2 0 1 347 191 348
321 2 2 0 1 346 348 188
322 2 2 0 1 190 349 347
323 2 2 0 1 349 350 347
324 2 2 0 1 349 147 350
325 2 2 0 1 347 350 191
326 2 2 0 1 188 348 342
327 2 2 0 1 348 351 342
328 2 2 0 1 348 191 351
329 2 2 0 1 342 351 153
330 2 2 0 1 154 344 353
331 2 2 0 1 344 352 353
332 2 2 0 1 344 189 352
333 2 2 0 1 353 352 193
334 2 2 0 1 189 354 352
335 2 2 0 1 354 355 352
336 2 2 0 1 354 192 355
337 2 2 0 1 352 355 193
338 2 2 0 1 189 343 354
339 2 2 0 1 343 356 354
340 2 2 0 1 343 153 356
341 2 2 0 1 354 356 192
342 2 2 0 1 193 355 358
343 2 2 0 1 355 357 358
344 2 2 0 1 355 192 357
345 2 2 0 1 358 357 144
346 2 2 0 1 143 359 122
347 2 2 0 1 359 360 122
348 2 2 0 1 359 194 360
349 2 2 0 1 122 360 134
350 2 2 0 1 194 361 360
351 2 2 0 1 361 362 360
352 2 2 0 1 361 195 362
353 2 2 0 1 360 362 134
354 2 2 0 1 194 363 361
355 2 2 0 1 363 364 361
356 2 2 0 1 363 155 364
357 2 2 0 1 361 364 195
358 2 2 0 1 134 362 123
359 2 2 0 1 362 365 123
360 2 2 0 1 362 195 365
361 2 2 0 1 123 365 140
362 2 2 0 1 155 366 364
363 2 2 0 1 366 367 364
364 2 2 0 1 366 196 367
365 2 2 0 1 364 367 195
366 2 2 0 1 196 368 367
367 2 2 0 1 368 369 367
368 2 2 0 1 368 197 369
369 2 2 0 1 367 369 195
370 2 2 0 1 196 370 368
371 2 2 0 1 370 371 368
372 2 2 0 1 370 152 371
373 2 2 0 1 368 371 197
374 2 2 0 1 195 369 365
375 2 2 0 1 369 372 365
376 2 2 0 1 369 197 372
377 2 2 0 1 365 372 140
378 2 2 0 1 155 373 366
379 2 2 0 1 373 374 366
380 2 2 0 1 373 198 374
381 2 2 0 1 366 374 196
382 2 2 0 1 198 375 374
383 2 2 0 1 375 376 374
384 2 2 0 1 375 190 376
385 2 2 0 1 374 376 196
386 2 2 0 1 198 377 375
387 2 2 0 1 377 349 375
388 2 2 0 1 377 147 349
389 2 2 0 1 375 349 190
390 2 2 0 1 196 376 370
391 2 2 0 1 376 345 370
392 2 2 0 1 376 190 345
393 2 2 0 1 370 345 152
394 2 2 0 1 140 372 124
395 2 2 0 1 372 378 124
396 2 2 0 1 372 197 378
397 2 2 0 1 124 378 135
398 2 2 0 1 197 379 378
399 2 2 0 1 379 380 378
400 2 2 0 1 379 185 380
401 2 2 0 1 378 380 135
402 2 2 0 1 197 371 379
403 2 2 0 1 371 334 379
404 2 2 0 1 371 152 334
405 2 2 0 1 379 334 185
406 2 2 0 1 135 380 125
407 2 2 0 1 380 329 125
408 2 2 0 1 380 185 329
409 2 2 0 1 125 329 129
410 2 2 0 1 8 381 112
411 2 2 0 1 381 382 112
412 2 2 0 1 381 199 382
413 2 2 0 1 112 382 108
414 2 2 0 1 199 383 382
415 2 2 0 1 383 384 382
416 2 2 0 1 383 200 384
417 2 2 0 1 382 384 108
418 2 2 0 1 199 385 383
419 2 2 0 1 385 386 383
420 2 2 0 1 385 156 386
421 2 2 0 1 383 386 200
422 2 2 0 1 108 384 111
423 2 2 0 1 384 387 111
424 2 2 0 1 384 200 387
425 2 2 0 1 111 387 106
426 2 2 0 1 156 388 386
427 2 2 0 1 388 389 386
428 2 2 0 1 388 201 389
429 2 2 0 1 386 389 200
430 2 2 0 1 201 390 389
431 2 2 0 1 390 391 389
432 2 2 0 1 390 202 391
433 2 2 0 1 389 391 200
434 2 2 0 1 201 392 390
435 2 2 0 1 392 393 390
436 2 2 0 1 392 157 393
437 2 2 0 1 390 393 202
438 2 2 0 1 200 391 387
439 2 2 0 1 391 394 387
440 2 2 0 1 391 202 394
441 2 2 0 1 387 394 106
442 2 2 0 1 156 395 388
443 2 2 0 1 395 396 388
444 2 2 0 1 395 203 396
445 2 2 0 1 388 396 201
446 2 2 0 1 203 397 396
447 2 2 0 1 397 398 396
448 2 2 0 1 397 204 398
449 2 2 0 1 396 398 201
450 2 2 0 1 203 399 397
451 2 2 0 1 399 400 397
452 2 2 0 1 399 146 400
453 2 2 0 1 397 400 204
454 2 2 0 1 201 398 392
455 2 2 0 1 398 401 392
456 2 2 0 1 398 204 401
457 2 2 0 1 392 401 157
458 2 2 0 1 106 394 110
459 2 2 0 1 394 402 110
460 2 2 0 1 394 202 402
461 2 2 0 1 110 402 107
462 2 2 0 1 202 403 402
463 2 2 0 1 403 404 402
464 2 2 0 1 403 205 404
465 2 2 0 1 402 404 107
466 2 2 0 1 202 393 403
467 2 2 0 1 393 405 403
468 2 2 0 1 393 157 405
469 2 2 0 1 403 405 205
470 2 2 0 1 107 404 109
471 2 2 0 1 404 406 109
472 2 2 0 1 404 205 406
473 2 2 0 1 109 406 7
474 2 2 0 1 142 407 118
475 2 2 0 1 407 408 118
476 2 2 0 1 407 206 408
477 2 2 0 1 118 408 132
478 2 2 0 1 206 409 408
479 2 2 0 1 409 410 408
480 2 2 0 1 409 207 410
481 2 2 0 1 408 410 132
482 2 2 0 1 206 411 409
483 2 2 0 1 411 412 409
484 2 2 0 1 411 158 412
485 2 2 0 1 409 412 207
486 2 2 0 1 132 410 119
487 2 2 0 1 410 413 119
488 2 2 0 1 410 207 413
489 2 2 0 1 119 413 139
490 2 2 0 1 158 414 412
491 2 2 0 1 414 415 412
492 2 2 0 1 414 208 415
493 2 2 0 1 412 415 207
494 2 2 0 1 208 416 415
495 2 2 0 1 416 417 415
496 2 2 0 1 416 209 417
497 2 2 0 1 415 417 207
498 2 2 0 1 208 418 416
499 2 2 0 1 418 419 416
500 2 2 0 1 418 159 419
501 2 2 0 1 416 419 209
502 2 2 0 1 207 417 413
503 2 2 0 1 417 420 413
504 2 2 0 1 417 209 420
505 2 2 0 1 413 420 139
506 2 2 0 1 158 421 414
507 2 2 0 1 421 422 414
508 2 2 0 1 421 210 422
509 2 2 0 1 414 422 208
510 2 2 0 1 210 423 422
511 2 2 0 1 423 424 422
512 2 2 0 1 423 211 424
513 2 2 0 1 422 424 208
514 2 2 0 1 210 425 423
515 2 2 0 1 425 426 423
516 2 2 0 1 425 145 426
517 2 2 0 1 423 426 211
518 2 2 0 1 208 424 418
519 2 2 0 1 424 427 418
520 2 2 0 1 424 211 427
521 2 2 0 1 418 427 159
522 2 2 0 1 139 420 120
523 2 2 0 1 420 428 120
524 2 2 0 1 420 209 428
525 2 2 0 1 120 428 133
526 2 2 0 1 209 429 428
527 2 2 0 1 429 430 428
528 2 2 0 1 429 212 430
529 2 2 0 1 428 430 133
530 2 2 0 1 209 419 429
531 2 2 0 1 419 431 429
532 2 2 0 1 419 159 431
533 2 2 0 1 429 431 212
534 2 2 0 1 133 430 121
535 2 2 0 1 430 432 121
536 2 2 0 1 430 212 432
537 2 2 0 1 121 432 143
538 2 2 0 1 144 357 300
539 2 2 0 1 357 433 300
540 2 2 0 1 357 192 433
541 2 2 0 1 300 433 178
542 2 2 0 1 192 434 433
543 2 2 0 1 434 435 433
544 2 2 0 1 434 213 435
545 2 2 0 1 433 435 178
546 2 2 0 1 192 356 434
547 2 2 0 1 356 436 434
548 2 2 0 1 356 153 436
549 2 2 0 1 434 436 213
550 2 2 0 1 178 435 301
551 2 2 0 1 435 437 301
552 2 2 0 1 435 213 437
553 2 2 0 1 301 437 150
554 2 2 0 1 153 438 436
555 2 2 0 1 438 439 436
556 2 2 0 1 438 214 439
557 2 2 0 1 436 439 213
558 2 2 0 1 214 440 439
559 2 2 0 1 440 441 439
560 2 2 0 1 440 215 441
561 2 2 0 1 439 441 213
562 2 2 0 1 214 442 440
563 2 2 0 1 442 443 440
564 2 2 0 1 442 160 443
565 2 2 0 1 440 443 215
566 2 2 0 1 213 441 437
567 2 2 0 1 441 444 437
568 2 2 0 1 441 215 444
569 2 2 0 1 437 444 150
570 2 2 0 1 153 351 438
571 2 2 0 1 351 445 438
572 2 2 0 1 351 191 445
573 2 2 0 1 438 445 214
574 2 2 0 1 191 446 445
575 2 2 0 1 446 447 445
576 2 2 0 1 446 216 447
577 2 2 0 1 445 447 214
578 2 2 0 1 191 350 446
579 2 2 0 1 350 448 446
580 2 2 0 1 350 147 448
581 2 2 0 1 446 448 216
582 2 2 0 1 214 447 442
583 2 2 0 1 447 449 442
584 2 2 0 1 447 216 449
585 2 2 0 1 442 449 160
586 2 2 0 1 150 444 305
587 2 2 0 1 444 450 305
588 2 2 0 1 444 215 450
589 2 2 0 1 305 450 179
590 2 2 0 1 215 451 450
591 2 2 0 1 451 452 450
592 2 2 0 1 451 217 452
593 2 2 0 1 450 452 179
594 2 2 0 1 215 443 451
595 2 2 0 1 443 453 451
596 2 2 0 1 443 160 453
597 2 2 0 1 451 453 217
598 2 2 0 1 179 452 306
599 2 2 0 1 452 454 306
600 2 2 0 1 452 217 454
601 2 2 0 1 306 454 4
602 2 2 0 1 5 455 69
603 2 2 0 1 455 456 69
604 2 2 0 1 455 218 456
605 2 2 0 1 69 456 65
606 2 2 0 1 218 457 456
607 2 2 0 1 457 458 456
608 2 2 0 1 457 219 458
609 2 2 0 1 456 458 65
610 2 2 0 1 218 459 457
611 2 2 0 1 459 460 457
612 2 2 0 1 459 161 460
613 2 2 0 1 457 460 219
614 2 2 0 1 65 458 70
615 2 2 0 1 458 461 70
616 2 2 0 1 458 219 461
617 2 2 0 1 70 461 63
618 2 2 0 1 161 462 460
619 2 2 0 1 462 463 460
620 2 2 0 1 462 220 463
621 2 2 0 1 460 463 219
622 2 2 0 1 220 464 463
623 2 2 0 1 464 465 463
624 2 2 0 1 464 221 465
625 2 2 0 1 463 465 219
626 2 2 0 1 220 466 464
627 2 2 0 1 466 467 464
628 2 2 0 1 466 162 467
629 2 2 0 1 464 467 221
630 2 2 0 1 219 465 461
631 2 2 0 1 465 468 461
632 2 2 0 1 465 221 468
633 2 2 0 1 461 468 63
634 2 2 0 1 161 469 462
635 2 2 0 1 469 470 462
636 2 2 0 1 469 222 470
637 2 2 0 1 462 470 220
638 2 2 0 1 222 471 470
639 2 2 0 1 471 472 470
640 2 2 0 1 471 223 472
641 2 2 0 1 470 472 220
642 2 2 0 1 222 473 471
643 2 2 0 1 473 474 471
644 2 2 0 1 473 145 474
645 2 2 0 1 471 474 223
646 2 2 0 1 220 472 466
647 2 2 0 1 472 475 466
648 2 2 0 1 472 223 475
649 2 2 0 1 466 475 162
650 2 2 0 1 63 468 71
651 2 2 0 1 468 476 71
652 2 2 0 1 468 221 476
653 2 2 0 1 71 476 66
654 2 2 0 1 221 477 476
655 2 2 0 1 477 478 476
656 2 2 0 1 477 224 478
657 2 2 0 1 476 478 66
658 2 2 0 1 221 467 477
659 2 2 0 1 467 479 477
660 2 2 0 1 467 162 479
661 2 2 0 1 477 479 224
662 2 2 0 1 66 478 72
663 2 2 0 1 478 480 72
664 2 2 0 1 478 224 480
665 2 2 0 1 72 480 62
666 2 2 0 1 7 406 105
667 2 2 0 1 406 481 105
668 2 2 0 1 406 205 481
669 2 2 0 1 105 481 97
670 2 2 0 1 205 482 481
671 2 2 0 1 482 483 481
672 2 2 0 1 482 225 483
673 2 2 0 1 481 483 97
674 2 2 0 1 205 405 482
675 2 2 0 1 405 484 482
676 2 2 0 1 405 157 484
677 2 2 0 1 482 484 225
678 2 2 0 1 97 483 104
679 2 2 0 1 483 485 104
680 2 2 0 1 483 225 485
681 2 2 0 1 104 485 93
682 2 2 0 1 157 486 484
683 2 2 0 1 486 487 484
684 2 2 0 1 486 226 487
685 2 2 0 1 484 487 225
686 2 2 0 1 226 488 487
687 2 2 0 1 488 489 487
688 2 2 0 1 488 227 489
689 2 2 0 1 487 489 225
690 2 2 0 1 226 490 488
691 2 2 0 1 490 491 488
692 2 2 0 1 490 163 491
693 2 2 0 1 488 491 227
694 2 2 0 1 225 489 485
695 2 2 0 1 489 492 485
696 2 2 0 1 489 227 492
697 2 2 0 1 485 492 93
698 2 2 0 1 157 401 486
699 2 2 0 1 401 493 486
700 2 2 0 1 401 204 493
701 2 2 0 1 486 493 226
702 2 2 0 1 204 494 493
703 2 2 0 1 494 495 493
704 2 2 0 1 494 228 495
705 2 2 0 1 493 495 226
706 2 2 0 1 204 400 494
707 2 2 0 1 400 496 494
708 2 2 0 1 400 146 496
709 2 2 0 1 494 496 228
710 2 2 0 1 226 495 490
711 2 2 0 1 495 497 490
712 2 2 0 1 495 228 497
713 2 2 0 1 490 497 163
714 2 2 0 1 93 492 103
715 2 2 0 1 492 498 103
716 2 2 0 1 492 227 498
717 2 2 0 1 103 498 96
718 2 2 0 1 227 499 498
719 2 2 0 1 499 500 498
720 2 2 0 1 499 229 500
721 2 2 0 1 498 500 96
722 2 2 0 1 227 491 499
723 2 2 0 1 491 501 499
724 2 2 0 1 491 163 501
725 2 2 0 1 499 501 229
726 2 2 0 1 96 500 102
727 2 2 0 1 500 502 102
728 2 2 0 1 500 229 502
729 2 2 0 1 102 502 91
730 2 2 0 1 62 480 322
731 2 2 0 1 480 503 322
732 2 2 0 1 480 224 503
733 2 2 0 1 322 503 183
734 2 2 0 1 224 504 503
735 2 2 0 1 504 505 503
736 2 2 0 1 504 230 505
737 2 2 0 1 503 505 183
738 2 2 0 1 224 479 504
739 2 2 0 1 479 506 504
740 2 2 0 1 479 162 506
741 2 2 0 1 504 506 230
742 2 2 0 1 183 505 323
743 2 2 0 1 505 507 323
744 2 2 0 1 505 230 507
745 2 2 0 1 323 507 151
746 2 2 0 1 162 508 506
747 2 2 0 1 508 509 506
748 2 2 0 1 508 231 509
749 2 2 0 1 506 509 230
750 2 2 0 1 231 510 509
751 2 2 0 1 510 511 509
752 2 2 0 1 510 232 511
753 2 2 0 1 509 511 230
754 2 2 0 1 231 512 510
755 2 2 0 1 512 513 510
756 2 2 0 1 512 158 513
757 2 2 0 1 510 513 232
758 2 2 0 1 230 511 507
759 2 2 0 1 511 514 507
760 2 2 0 1 511 232 514
761 2 2 0 1 507 514 151
762 2 2 0 1 162 475 508
763 2 2 0 1 475 515 508
764 2 2 0 1 475 223 515
765 2 2 0 1 508 515 231
766 2 2 0 1 223 516 515
767 2 2 0 1 516 517 515
768 2 2 0 1 516 210 517
769 2 2 0 1 515 517 231
770 2 2 0 1 223 474 516
771 2 2 0 1 474 425 516
772 2 2 0 1 474 145 425
773 2 2 0 1 516 425 210
774 2 2 0 1 231 517 512
775 2 2 0 1 517 421 512
776 2 2 0 1 517 210 421
777 2 2 0 1 512 421 158
778 2 2 0 1 151 514 327
779 2 2 0 1 514 518 327
780 2 2 0 1 514 232 518
781 2 2 0 1 327 518 184
782 2 2 0 1 232 519 518
783 2 2 0 1 519 520 518
784 2 2 0 1 519 206 520
785 2 2 0 1 518 520 184
786 2 2 0 1 232 513 519
787 2 2 0 1 513 411 519
788 2 2 0 1 513 158 411
789 2 2 0 1 519 411 206
790 2 2 0 1 184 520 328
791 2 2 0 1 520 407 328
792 2 2 0 1 520 206 407
793 2 2 0 1 328 407 142
794 2 2 0 1 91 521 101
795 2 2 0 1 521 522 101
796 2 2 0 1 521 233 522
797 2 2 0 1 101 522 95
798 2 2 0 1 233 523 522
799 2 2 0 1 523 524 522
800 2 2 0 1 523 234 524
801 2 2 0 1 522 524 95
802 2 2 0 1 233 525 523
803 2 2 0 1 525 526 523
804 2 2 0 1 525 164 526
805 2 2 0 1 523 526 234
806 2 2 0 1 95 524 100
807 2 2 0 1 524 527 100
808 2 2 0 1 524 234 527
809 2 2 0 1 100 527 92
810 2 2 0 1 164 528 526
811 2 2 0 1 528 529 526
812 2 2 0 1 528 235 529
813 2 2 0 1 526 529 234
814 2 2 0 1 235 530 529
815 2 2 0 1 530 531 529
816 2 2 0 1 530 236 531
817 2 2 0 1 529 531 234
818 2 2 0 1 235 532 530
819 2 2 0 1 532 533 530
820 2 2 0 1 532 165 533
821 2 2 0 1 530 533 236
822 2 2 0 1 234 531 527
823 2 2 0 1 531 534 527
824 2 2 0 1 531 236 534
825 2 2 0 1 527 534 92
826 2 2 0 1 164 535 528
827 2 2 0 1 535 536 528
828 2 2 0 1 535 237 536
829 2 2 0 1 528 536 235
830 2 2 0 1 237 537 536
831 2 2 0 1 537 538 536
832 2 2 0 1 537 238 538
833 2 2 0 1 536 538 235
834 2 2 0 1 237 539 537
835 2 2 0 1 539 540 537
836 2 2 0 1 539 148 540
837 2 2 0 1 537 540 238
838 2 2 0 1 235 538 532
839 2 2 0 1 538 541 532
840 2 2 0 1 538 238 541
841 2 2 0 1 532 541 165
842 2 2 0 1 92 534 99
843 2 2 0 1 534 542 99
844 2 2 0 1 534 236 542
845 2 2 0 1 99 542 94
846 2 2 0 1 236 543 542
847 2 2 0 1 543 544 542
848 2 2 0 1 543 239 544
849 2 2 0 1 542 544 94
850 2 2 0 1 236 533 543
851 2 2 0 1 533 545 543
852 2 2 0 1 533 165 545
853 2 2 0 1 543 545 239
854 2 2 0 1 94 544 98
855 2 2 0 1 544 546 98
856 2 2 0 1 544 239 546
857 2 2 0 1 98 546 3
858 2 2 0 1 4 547 58
859 2 2 0 1 547 548 58
860 2 2 0 1 547 240 548
861 2 2 0 1 58 548 56
862 2 2 0 1 240 549 548
863 2 2 0 1 549 550 548
864 2 2 0 1 549 241 550
865 2 2 0 1 548 550 56
866 2 2 0 1 240 551 549
867 2 2 0 1 551 552 549
868 2 2 0 1 551 166 552
869 2 2 0 1 549 552 241
870 2 2 0 1 56 550 59
871 2 2 0 1 550 553 59
872 2 2 0 1 550 241 553
873 2 2 0 1 59 553 55
874 2 2 0 1 166 554 552
875 2 2 0 1 554 555 552
876 2 2 0 1 554 242 555
877 2 2 0 1 552 555 241
878 2 2 0 1 242 556 555
879 2 2 0 1 556 557 555
880 2 2 0 1 556 243 557
881 2 2 0 1 555 557 241
882 2 2 0 1 242 558 556
883 2 2 0 1 558 559 556
884 2 2 0 1 558 161 559
885 2 2 0 1 556 559 243
886 2 2 0 1 241 557 553
887 2 2 0 1 557 560 553
888 2 2 0 1 557 243 560
889 2 2 0 1 553 560 55
890 2 2 0 1 166 561 554
891 2 2 0 1 561 562 554
892 2 2 0 1 561 244 562
893 2 2 0 1 554 562 242
894 2 2 0 1 244 563 562
895 2 2 0 1 563 564 562
896 2 2 0 1 563 222 564
897 2 2 0 1 562 564 242
898 2 2 0 1 244 565 563
899 2 2 0 1 565 473 563
900 2 2 0 1 565 145 473
901 2 2 0 1 563 473 222
902 2 2 0 1 242 564 558
903 2 2 0 1 564 469 558
904 2 2 0 1 564 222 469
905 2 2 0 1 558 469 161
906 2 2 0 1 55 560 60
907 2 2 0 1 560 566 60
908 2 2 0 1 560 243 566
909 2 2 0 1 60 566 57
910 2 2 0 1 243 567 566
911 2 2 0 1 567 568 566
912 2 2 0 1 567 218 568
913 2 2 0 1 566 568 57
914 2 2 0 1 243 559 567
915 2 2 0 1 559 459 567
916 2 2 0 1 559 161 459
917 2 2 0 1 567 459 218
918 2 2 0 1 57 568 61
919 2 2 0 1 568 455 61
920 2 2 0 1 568 218 455
921 2 2 0 1 61 455 5
922 2 2 0 1 144 569 358
923 2 2 0 1 569 570 358
924 2 2 0 1 569 245 570
925 2 2 0 1 358 570 193
926 2 2 0 1 245 571 570
927 2 2 0 1 571 572 570
928 2 2 0 1 571 246 572
929 2 2 0 1 570 572 193
930 2 2 0 1 245 573 571
931 2 2 0 1 573 574 571
932 2 2 0 1 573 167 574
933 2 2 0 1 571 574 246
934 2 2 0 1 193 572 353
935 2 2 0 1 572 575 353
936 2 2 0 1 572 246 575
937 2 2 0 1 353 575 154
938 2 2 0 1 167 576 574
939 2 2 0 1 576 577 574
940 2 2 0 1 576 247 577
941 2 2 0 1 574 577 246
942 2 2 0 1 247 578 577
943 2 2 0 1 578 579 577
944 2 2 0 1 578 248 579
945 2 2 0 1 577 579 246
946 2 2 0 1 247 580 578
947 2 2 0 1 580 581 578
948 2 2 0 1 580 168 581
949 2 2 0 1 578 581 248
950 2 2 0 1 246 579 575
951 2 2 0 1 579 582 575
952 2 2 0 1 579 248 582
953 2 2 0 1 575 582 154
954 2 2 0 1 167 583 576
955 2 2 0 1 583 584 576
956 2 2 0 1 583 249 584
957 2 2 0 1 576 584 247
958 2 2 0 1 249 585 584
959 2 2 0 1 585 586 584
960 2 2 0 1 585 250 586
961 2 2 0 1 584 586 247
962 2 2 0 1 249 587 585
963 2 2 0 1 587 588 585
964 2 2 0 1 587 146 588
965 2 2 0 1 585 588 250
966 2 2 0 1 247 586 580
967 2 2 0 1 586 589 580
968 2 2 0 1 586 250 589
969 2 2 0 1 580 589 168
970 2 2 0 1 154 582 337
971 2 2 0 1 582 590 337
972 2 2 0 1 582 248 590
973 2 2 0 1 337 590 187
974 2 2 0 1 248 591 590
975 2 2 0 1 591 592 590
976 2 2 0 1 591 251 592
977 2 2 0 1 590 592 187
978 2 2 0 1 248 581 591
979 2 2 0 1 581 593 591
980 2 2 0 1 581 168 593
981 2 2 0 1 591 593 251
982 2 2 0 1 187 592 331
983 2 2 0 1 592 594 331
984 2 2 0 1 592 251 594
985 2 2 0 1 331 594 129
986 2 2 0 1 3 546 47
987 2 2 0 1 546 595 47
988 2 2 0 1 546 239 595
989 2 2 0 1 47 595 43
990 2 2 0 1 239 596 595
991 2 2 0 1 596 597 595
992 2 2 0 1 596 252 597
993 2 2 0 1 595 597 43
994 2 2 0 1 239 545 596
995 2 2 0 1 545 598 596
996 2 2 0 1 545 165 598
997 2 2 0 1 596 598 252
998 2 2 0 1 43 597 48
999 2 2 0 1 597 599 48
1000 2 2 0 1 597 252 599
1001 2 2 0 1 48 599 41
1002 2 2 0 1 165 600 598
1003 2 2 0 1 600 601 598
1004 2 2 0 1 600 253 601
1005 2 2 0 1 598 601 252
1006 2 2 0 1 253 602 601
1007 2 2 0 1 602 603 601
1008 2 2 0 1 602 254 603
1009 2 2 0 1 601 603 252
1010 2 2 0 1 253 604 602
1011 2 2 0 1 604 605 602
1012 2 2 0 1 604 169 605
1013 2 2 0 1 602 605 254
1014 2 2 0 1 252 603 599
1015 2 2 0 1 603 606 599
1016 2 2 0 1 603 254 606
1017 2 2 0 1 599 606 41
1018 2 2 0 1 165 541 600
1019 2 2 0 1 541 607 600
1020 2 2 0 1 541 238 607
1021 2 2 0 1 600 607 253
1022 2 2 0 1 238 608 607
1023 2 2 0 1 608 609 607
1024 2 2 0 1 608 255 609
1025 2 2 0 1 607 609 253
1026 2 2 0 1 238 540 608
1027 2 2 0 1 540 610 608
1028 2 2 0 1 540 148 610
1029 2 2 0 1 608 610 255
1030 2 2 0 1 253 609 604
1031 2 2 0 1 609 611 604
1032 2 2 0 1 609 255 611
1033 2 2 0 1 604 611 169
1034 2 2 0 1 41 606 49
1035 2 2 0 1 606 612 49
1036 2 2 0 1 606 254 612
1037 2 2 0 1 49 612 44
1038 2 2 0 1 254 613 612
1039 2 2 0 1 613 614 612
1040 2 2 0 1 613 256 614
1041 2 2 0 1 612 614 44
1042 2 2 0 1 254 605 613
1043 2 2 0 1 605 615 613
1044 2 2 0 1 605 169 615
1045 2 2 0 1 613 615 256
1046 2 2 0 1 44 614 50
1047 2 2 0 1 614 616 50
1048 2 2 0 1 614 256 616
1049 2 2 0 1 50 616 40
1050 2 2 0 1 145 617 426
1051 2 2 0 1 617 618 426
1052 2 2 0 1 617 257 618
1053 2 2 0 1 426 618 211
1054 2 2 0 1 257 619 618
1055 2 2 0 1 619 620 618
1056 2 2 0 1 619 258 620
1057 2 2 0 1 618 620 211
1058 2 2 0 1 257 621 619
1059 2 2 0 1 621 622 619
1060 2 2 0 1 621 170 622
1061 2 2 0 1 619 622 258
1062 2 2 0 1 211 620 427
1063 2 2 0 1 620 623 427
1064 2 2 0 1 620 258 623
1065 2 2 0 1 427 623 159
1066 2 2 0 1 170 624 622
1067 2 2 0 1 624 625 622
1068 2 2 0 1 624 259 625
1069 2 2 0 1 622 625 258
1070 2 2 0 1 259 626 625
1071 2 2 0 1 626 627 625
1072 2 2 0 1 626 260 627
1073 2 2 0 1 625 627 258
1074 2 2 0 1 259 628 626
1075 2 2 0 1 628 629 626
1076 2 2 0 1 628 155 629
1077 2 2 0 1 626 629 260
1078 2 2 0 1 258 627 623
1079 2 2 0 1 627 630 623
1080 2 2 0 1 627 260 630
1081 2 2 0 1 623 630 159
1082 2 2 0 1 170 631 624
1083 2 2 0 1 631 632 624
1084 2 2 0 1 631 261 632
1085 2 2 0 1 624 632 259
1086 2 2 0 1 261 633 632
1087 2 2 0 1 633 634 632
1088 2 2 0 1 633 198 634
1089 2 2 0 1 632 634 259
1090 2 2 0 1 261 635 633
1091 2 2 0 1 635 377 633
1092 2 2 0 1 635 147 377
1093 2 2 0 1 633 377 198
1094 2 2 0 1 259 634 628
1095 2 2 0 1 634 373 628
1096 2 2 0 1 634 198 373
1097 2 2 0 1 628 373 155
1098 2 2 0 1 159 630 431
1099 2 2 0 1 630 636 431
1100 2 2 0 1 630 260 636
1101 2 2 0 1 431 636 212
1102 2 2 0 1 260 637 636
1103 2 2 0 1 637 638 636
1104 2 2 0 1 637 194 638
1105 2 2 0 1 636 638 212
1106 2 2 0 1 260 629 637
1107 2 2 0 1 629 363 637
1108 2 2 0 1 629 155 363
1109 2 2 0 1 637 363 194
1110 2 2 0 1 212 638 432
1111 2 2 0 1 638 359 432
1112 2 2 0 1 638 194 359
1113 2 2 0 1 432 359 143
1114 2 2 0 1 129 594 126
1115 2 2 0 1 594 639 126
1116 2 2 0 1 594 251 639
1117 2 2 0 1 126 639 136
1118 2 2 0 1 251 640 639
1119 2 2 0 1 640 641 639
1120 2 2 0 1 640 262 641
1121 2 2 0 1 639 641 136
1122 2 2 0 1 251 593 640
1123 2 2 0 1 593 642 640
1124 2 2 0 1 593 168 642
1125 2 2 0 1 640 642 262
1126 2 2 0 1 136 641 127
1127 2 2 0 1 641 643 127
1128 2 2 0 1 641 262 643
1129 2 2 0 1 127 643 141
1130 2 2 0 1 168 644 642
1131 2 2 0 1 644 645 642
1132 2 2 0 1 644 263 645
1133 2 2 0 1 642 645 262
1134 2 2 0 1 263 646 645
1135 2 2 0 1 646 647 645
1136 2 2 0 1 646 264 647
1137 2 2 0 1 645 647 262
1138 2 2 0 1 263 648 646
1139 2 2 0 1 648 649 646
1140 2 2 0 1 648 156 649
1141 2 2 0 1 646 649 264
1142 2 2 0 1 262 647 643
1143 2 2 0 1 647 650 643
1144 2 2 0 1 647 264 650
1145 2 2 0 1 643 650 141
1146 2 2 0 1 168 589 644
1147 2 2 0 1 589 651 644
1148 2 2 0 1 589 250 651
1149 2 2 0 1 644 651 263
1150 2 2 0 1 250 652 651
1151 2 2 0 1 652 653 651
1152 2 2 0 1 652 203 653
1153 2 2 0 1 651 653 263
1154 2 2 0 1 250 588 652
1155 2 2 0 1 588 399 652
1156 2 2 0 1 588 146 399
1157 2 2 0 1 652 399 203
1158 2 2 0 1 263 653 648
1159 2 2 0 1 653 395 648
1160 2 2 0 1 653 203 395
1161 2 2 0 1 648 395 156
1162 2 2 0 1 141 650 128
1163 2 2 0 1 650 654 128
1164 2 2 0 1 650 264 654
1165 2 2 0 1 128 654 137
1166 2 2 0 1 264 655 654
1167 2 2 0 1 655 656 654
1168 2 2 0 1 655 199 656
1169 2 2 0 1 654 656 137
1170 2 2 0 1 264 649 655
1171 2 2 0 1 649 385 655
1172 2 2 0 1 649 156 385
1173 2 2 0 1 655 385 199
1174 2 2 0 1 137 656 113
1175 2 2 0 1 656 381 113
1176 2 2 0 1 656 199 381
1177 2 2 0 1 113 381 8
1178 2 2 0 1 144 657 569
1179 2 2 0 1 657 658 569
1180 2 2 0 1 657 265 658
1181 2 2 0 1 569 658 245
1182 2 2 0 1 265 659 658
1183 2 2 0 1 659 660 658
1184 2 2 0 1 659 266 660
1185 2 2 0 1 658 660 245
1186 2 2 0 1 265 661 659
1187 2 2 0 1 661 662 659
1188 2 2 0 1 661 171 662
1189 2 2 0 1 659 662 266
1190 2 2 0 1 245 660 573
1191 2 2 0 1 660 663 573
1192 2 2 0 1 660 266 663
1193 2 2 0 1 573 663 167
1194 2 2 0 1 171 664 662
1195 2 2 0 1 664 665 662
1196 2 2 0 1 664 267 665
1197 2 2 0 1 662 665 266
1198 2 2 0 1 267 666 665
1199 2 2 0 1 666 667 665
1200 2 2 0 1 666 268 667
1201 2 2 0 1 665 667 266
1202 2 2 0 1 267 668 666
1203 2 2 0 1 668 669 666
1204 2 2 0 1 668 172 669
1205 2 2 0 1 666 669 268
1206 2 2 0 1 266 667 663
1207 2 2 0 1 667 670 663
1208 2 2 0 1 667 268 670
1209 2 2 0 1 663 670 167
1210 2 2 0 1 171 671 664
1211 2 2 0 1 671 672 664
1212 2 2 0 1 671 269 672
1213 2 2 0 1 664 672 267
1214 2 2 0 1 269 673 672
1215 2 2 0 1 673 674 672
1216 2 2 0 1 673 270 674
1217 2 2 0 1 672 674 267
1218 2 2 0 1 269 675 673
1219 2 2 0 1 675 676 673
1220 2 2 0 1 675 148 676
1221 2 2 0 1 673 676 270
1222 2 2 0 1 267 674 668
1223 2 2 0 1 674 677 668
1224 2 2 0 1 674 270 677
1225 2 2 0 1 668 677 172
1226 2 2 0 1 167 670 583
1227 2 2 0 1 670 678 583
1228 2 2 0 1 670 268 678
1229 2 2 0 1 583 678 249
1230 2 2 0 1 268 679 678
1231 2 2 0 1 679 680 678
1232 2 2 0 1 679 271 680
1233 2 2 0 1 678 680 249
1234 2 2 0 1 268 669 679
1235 2 2 0 1 669 681 679
1236 2 2 0 1 669 172 681
1237 2 2 0 1 679 681 271
1238 2 2 0 1 249 680 587
1239 2 2 0 1 680 682 587
1240 2 2 0 1 680 271 682
1241 2 2 0 1 587 682 146
1242 2 2 0 1 40 616 281
1243 2 2 0 1 616 683 281
1244 2 2 0 1 616 256 683
1245 2 2 0 1 281 683 173
1246 2 2 0 1 256 684 683
1247 2 2 0 1 684 685 683
1248 2 2 0 1 684 272 685
1249 2 2 0 1 683 685 173
1250 2 2 0 1 256 615 684
1251 2 2 0 1 615 686 684
1252 2 2 0 1 615 169 686
1253 2 2 0 1 684 686 272
1254 2 2 0 1 173 685 285
1255 2 2 0 1 685 687 285
1256 2 2 0 1 685 272 687
1257 2 2 0 1 285 687 149
1258 2 2 0 1 169 688 686
1259 2 2 0 1 688 689 686
1260 2 2 0 1 688 273 689
1261 2 2 0 1 686 689 272
1262 2 2 0 1 273 690 689
1263 2 2 0 1 690 691 689
1264 2 2 0 1 690 274 691
1265 2 2 0 1 689 691 272
1266 2 2 0 1 273 692 690
1267 2 2 0 1 692 693 690
1268 2 2 0 1 692 171 693
1269 2 2 0 1 690 693 274
1270 2 2 0 1 272 691 687
1271 2 2 0 1 691 694 687
1272 2 2 0 1 691 274 694
1273 2 2 0 1 687 694 149
1274 2 2 0 1 169 611 688
1275 2 2 0 1 611 695 688
1276 2 2 0 1 611 255 695
1277 2 2 0 1 688 695 273
1278 2 2 0 1 255 696 695
1279 2 2 0 1 696 697 695
1280 2 2 0 1 696 269 697
1281 2 2 0 1 695 697 273
1282 2 2 0 1 255 610 696
1283 2 2 0 1 610 675 696
1284 2 2 0 1 610 148 675
1285 2 2 0 1 696 675 269
1286 2 2 0 1 273 697 692
1287 2 2 0 1 697 671 692
1288 2 2 0 1 697 269 671
1289 2 2 0 1 692 671 171
1290 2 2 0 1 149 694 295
1291 2 2 0 1 694 698 295
1292 2 2 0 1 694 274 698
1293 2 2 0 1 295 698 177
1294 2 2 0 1 274 699 698
1295 2 2 0 1 699 700 698
1296 2 2 0 1 699 265 700
1297 2 2 0 1 698 700 177
1298 2 2 0 1 274 693 699
1299 2 2 0 1 693 661 699
1300 2 2 0 1 693 171 661
1301 2 2 0 1 699 661 265
1302 2 2 0 1 177 700 299
1303 2 2 0 1 700 657 299
1304 2 2 0 1 700 265 657
1305 2 2 0 1 299 657 144
1306 2 2 0 1 146 682 496
1307 2 2 0 1 682 701 496
1308 2 2 0 1 682 271 701
1309 2 2 0 1 496 701 228
1310 2 2 0 1 271 702 701
1311 2 2 0 1 702 703 701
1312 2 2 0 1 702 275 703
1313 2 2 0 1 701 703 228
1314 2 2 0 1 271 681 702
1315 2 2 0 1 681 704 702
1316 2 2 0 1 681 172 704
1317 2 2 0 1 702 704 275
1318 2 2 0 1 228 703 497
1319 2 2 0 1 703 705 497
1320 2 2 0 1 703 275 705
1321 2 2 0 1 497 705 163
1322 2 2 0 1 172 706 704
1323 2 2 0 1 706 707 704
1324 2 2 0 1 706 276 707
1325 2 2 0 1 704 707 275
1326 2 2 0 1 276 708 707
1327 2 2 0 1 708 709 707
1328 2 2 0 1 708 277 709
1329 2 2 0 1 707 709 275
1330 2 2 0 1 276 710 708
1331 2 2 0 1 710 711 708
1332 2 2 0 1 710 164 711
1333 2 2 0 1 708 711 277
1334 2 2 0 1 275 709 705
1335 2 2 0 1 709 712 705
1336 2 2 0 1 709 277 712
1337 2 2 0 1 705 712 163
1338 2 2 0 1 172 677 706
1339 2 2 0 1 677 713 706
1340 2 2 0 1 677 270 713
1341 2 2 0 1 706 713 276
1342 2 2 0 1 270 714 713
1343 2 2 0 1 714 715 713
1344 2 2 0 1 714 237 715
1345 2 2 0 1 713 715 276
1346 2 2 0 1 270 676 714
1347 2 2 0 1 676 539 714
1348 2 2 0 1 676 148 539
1349 2 2 0 1 714 539 237
1350 2 2 0 1 276 715 710
1351 2 2 0 1 715 535 710
1352 2 2 0 1 715 237 535
1353 2 2 0 1 710 535 164
1354 2 2 0 1 163 712 501
1355 2 2 0 1 712 716 501
1356 2 2 0 1 712 277 716
1357 2 2 0 1 501 716 229
1358 2 2 0 1 277 717 716
1359 2 2 0 1 717 718 716
1360 2 2 0 1 717 233 718
1361 2 2 0 1 716 718 229
1362 2 2 0 1 277 711 717
1363 2 2 0 1 711 525 717
1364 2 2 0 1 711 164 525
1365 2 2 0 1 717 525 233
1366 2 2 0 1 229 718 502
1367 2 2 0 1 718 521 502
1368 2 2 0 1 718 233 521
1369 2 2 0 1 502 521 91
1370 2 2 0 1 4 454 547
1371 2 2 0 1 454 719 547
1372 2 2 0 1 454 217 719
1373 2 2 0 1 547 719 240
1374 2 2 0 1 217 720 719
1375 2 2 0 1 720 721 719
1376 2 2 0 1 720 278 721
1377 2 2 0 1 719 721 240
1378 2 2 0 1 217 453 720
1379 2 2 0 1 453 722 720
1380 2 2 0 1 453 160 722
1381 2 2 0 1 720 722 278
1382 2 2 0 1 240 721 551
1383 2 2 0 1 721 723 551
1384 2 2 0 1 721 278 723
1385 2 2 0 1 551 723 166
1386 2 2 0 1 160 724 722
1387 2 2 0 1 724 725 722
1388 2 2 0 1 724 279 725
1389 2 2 0 1 722 725 278
1390 2 2 0 1 279 726 725
1391 2 2 0 1 726 727 725
1392 2 2 0 1 726 280 727
1393 2 2 0 1 725 727 278
1394 2 2 0 1 279 728 726
1395 2 2 0 1 728 729 726
1396 2 2 0 1 728 170 729
1397 2 2 0 1 726 729 280
1398 2 2 0 1 278 727 723
1399 2 2 0 1 727 730 723
1400 2 2 0 1 727 280 730
1401 2 2 0 1 723 730 166
1402 2 2 0 1 160 449 724
1403 2 2 0 1 449 731 724
1404 2 2 0 1 449 216 731
1405 2 2 0 1 724 731 279
1406 2 2 0 1 216 732 731
1407 2 2 0 1 732 733 731
1408 2 2 0 1 732 261 733
1409 2 2 0 1 731 733 279
1410 2 2 0 1 216 448 732
1411 2 2 0 1 448 635 732
1412 2 2 0 1 448 147 635
1413 2 2 0 1 732 635 261
1414 2 2 0 1 279 733 728
1415 2 2 0 1 733 631 728
1416 2 2 0 1 733 261 631
1417 2 2 0 1 728 631 170
1418 2 2 0 1 166 730 561
1419 2 2 0 1 730 734 561
1420 2 2 0 1 730 280 734
1421 2 2 0 1 561 734 244
1422 2 2 0 1 280 735 734
1423 2 2 0 1 735 736 734
1424 2 2 0 1 735 257 736
1425 2 2 0 1 734 736 244
1426 2 2 0 1 280 729 735
1427 2 2 0 1 729 621 735
1428 2 2 0 1 729 170 621
1429 2 2 0 1 735 621 257
1430 2 2 0 1 244 736 565
1431 2 2 0 1 736 617 565
1432 2 2 0 1 736 257 617
1433 2 2 0 1 565 617 145
1434 2 2 0 2 5 820 61
1435 2 2 0 2 820 821 61
1436 2 2 0 2 820 753 821
1437 2 2 0 2 61 821 57
1438 2 2 0 2 753 822 821
1439 2 2 0 2 822 823 821
1440 2 2 0 2 822 754 823
1441 2 2 0 2 821 823 57
1442 2 2 0 2 753 824 822
1443 2 2 0 2 824 825 822
1444 2 2 0 2 824 739 825
1445 2 2 0 2 822 825 754
1446 2 2 0 2 57 823 60
1447 2 2 0 2 823 826 60
1448 2 2 0 2 823 754 826
1449 2 2 0 2 60 826 55
1450 2 2 0 2 739 827 825
1451 2 2 0 2 827 828 825
1452 2 2 0 2 827 755 828
1453 2 2 0 2 825 828 754
1454 2 2 0 2 755 829 828
1455 2 2 0 2 829 830 828
1456 2 2 0 2 829 756 830
1457 2 2 0 2 828 830 754
1458 2 2 0 2 755 831 829
1459 2 2 0 2 831 832 829
1460 2 2 0 2 831 740 832
1461 2 2 0 2 829 832 756
1462 2 2 0 2 754 830 826
1463 2 2 0 2 830 833 826
1464 2 2 0 2 830 756 833
1465 2 2 0 2 826 833 55
1466 2 2 0 2 739 834 827
1467 2 2 0 2 834 835 827
1468 2 2 0 2 834 757 835
1469 2 2 0 2 827 835 755
1470 2 2 0 2 757 836 835
1471 2 2 0 2 836 837 835
1472 2 2 0 2 836 758 837
1473 2 2 0 2 835 837 755
1474 2 2 0 2 757 838 836
1475 2 2 0 2 838 839 836
1476 2 2 0 2 838 737 839
1477 2 2 0 2 836 839 758
1478 2 2 0 2 755 837 831
1479 2 2 0 2 837 840 831
1480 2 2 0 2 837 758 840
1481 2 2 0 2 831 840 740
1482 2 2 0 2 55 833 59
1483 2 2 0 2 833 841 59
1484 2 2 0 2 833 756 841
1485 2 2 0 2 59 841 56
1486 2 2 0 2 756 842 841
1487 2 2 0 2 842 843 841
1488 2 2 0 2 842 759 843
1489 2 2 0 2 841 843 56
1490 2 2 0 2 756 832 842
1491 2 2 0 2 832 844 842
1492 2 2 0 2 832 740 844
1493 2 2 0 2 842 844 759
1494 2 2 0 2 56 843 58
1495 2 2 0 2 843 845 58
1496 2 2 0 2 843 759 845
1497 2 2 0 2 58 845 4
1498 2 2 0 2 32 846 848
1499 2 2 0 2 846 847 848
1500 2 2 0 2 846 760 847
1501 2 2 0 2 848 847 762
1502 2 2 0 2 760 849 847
1503 2 2 0 2 849 850 847
1504 2 2 0 2 849 761 850
1505 2 2 0 2 847 850 762
1506 2 2 0 2 760 851 849
1507 2 2 0 2 851 852 849
1508 2 2 0 2 851 741 852
1509 2 2 0 2 849 852 761
1510 2 2 0 2 762 850 854
1511 2 2 0 2 850 853 854
1512 2 2 0 2 850 761 853
1513 2 2 0 2 854 853 742
1514 2 2 0 2 741 855 852
1515 2 2 0 2 855 856 852
1516 2 2 0 2 855 763 856
1517 2 2 0 2 852 856 761
1518 2 2 0 2 763 857 856
1519 2 2 0 2 857 858 856
1520 2 2 0 2 857 764 858
1521 2 2 0 2 856 858 761
1522 2 2 0 2 763 859 857
1523 2 2 0 2 859 860 857
1524 2 2 0 2 859 739 860
1525 2 2 0 2 857 860 764
1526 2 2 0 2 761 858 853
1527 2 2 0 2 858 861 853
1528 2 2 0 2 858 764 861
1529 2 2 0 2 853 861 742
1530 2 2 0 2 741 862 855
1531 2 2 0 2 862 863 855
1532 2 2 0 2 862 765 863
1533 2 2 0 2 855 863 763
1534 2 2 0 2 765 864 863
1535 2 2 0 2 864 865 863
1536 2 2 0 2 864 757 865
1537 2 2 0 2 863 865 763
1538 2 2 0 2 765 866 864
1539 2 2 0 2 866 838 864
1540 2 2 0 2 866 737 838
1541 2 2 0 2 864 838 757
1542 2 2 0 2 763 865 859
1543 2 2 0 2 865 834 859
1544 2 2 0 2 865 757 834
1545 2 2 0 2 859 834 739
1546 2 2 0 2 742 861 868
1547 2 2 0 2 861 867 868
1548 2 2 0 2 861 764 867
1549 2 2 0 2 868 867 766
1550 2 2 0 2 764 869 867
1551 2 2 0 2 869 870 867
1552 2 2 0 2 869 753 870
1553 2 2 0 2 867 870 766
1554 2 2 0 2 764 860 869
1555 2 2 0 2 860 824 869
1556 2 2 0 2 860 739 824
1557 2 2 0 2 869 824 753
1558 2 2 0 2 766 870 871
1559 2 2 0 2 870 820 871
1560 2 2 0 2 870 753 820
1561 2 2 0 2 871 820 5
1562 2 2 0 2 4 845 54
1563 2 2 0 2 845 872 54
1564 2 2 0 2 845 759 872
1565 2 2 0 2 54 872 46
1566 2 2 0 2 759 873 872
1567 2 2 0 2 873 874 872
1568 2 2 0 2 873 767 874
1569 2 2 0 2 872 874 46
1570 2 2 0 2 759 844 873
1571 2 2 0 2 844 875 873
1572 2 2 0 2 844 740 875
1573 2 2 0 2 873 875 767
1574 2 2 0 2 46 874 53
1575 2 2 0 2 874 876 53
1576 2 2 0 2 874 767 876
1577 2 2 0 2 53 876 42
1578 2 2 0 2 740 877 875
1579 2 2 0 2 877 878 875
1580 2 2 0 2 877 768 878
1581 2 2 0 2 875 878 767
1582 2 2 0 2 768 879 878
1583 2 2 0 2 879 880 878
1584 2 2 0 2 879 769 880
1585 2 2 0 2 878 880 767
1586 2 2 0 2 768 881 879
1587 2 2 0 2 881 882 879
1588 2 2 0 2 881 743 882
1589 2 2 0 2 879 882 769
1590 2 2 0 2 767 880 876
1591 2 2 0 2 880 883 876
1592 2 2 0 2 880 769 883
1593 2 2 0 2 876 883 42
1594 2 2 0 2 740 840 877
1595 2 2 0 2 840 884 877
1596 2 2 0 2 840 758 884
1597 2 2 0 2 877 884 768
1598 2 2 0 2 758 885 884
1599 2 2 0 2 885 886 884
1600 2 2 0 2 885 770 886
1601 2 2 0 2 884 886 768
1602 2 2 0 2 758 839 885
1603 2 2 0 2 839 887 885
1604 2 2 0 2 839 737 887
1605 2 2 0 2 885 887 770
1606 2 2 0 2 768 886 881
1607 2 2 0 2 886 888 881
1608 2 2 0 2 886 770 888
1609 2 2 0 2 881 888 743
1610 2 2 0 2 42 883 52
1611 2 2 0 2 883 889 52
1612 2 2 0 2 883 769 889
1613 2 2 0 2 52 889 45
1614 2 2 0 2 769 890 889
1615 2 2 0 2 890 891 889
1616 2 2 0 2 890 771 891
1617 2 2 0 2 889 891 45
1618 2 2 0 2 769 882 890
1619 2 2 0 2 882 892 890
1620 2 2 0 2 882 743 892
1621 2 2 0 2 890 892 771
1622 2 2 0 2 45 891 51
1623 2 2 0 2 891 893 51
1624 2 2 0 2 891 771 893
1625 2 2 0 2 51 893 40
1626 2 2 0 2 9 894 76
1627 2 2 0 2 894 895 76
1628 2 2 0 2 894 772 895
1629 2 2 0 2 76 895 68
1630 2 2 0 2 772 896 895
1631 2 2 0 2 896 897 895
1632 2 2 0 2 896 773 897
1633 2 2 0 2 895 897 68
1634 2 2 0 2 772 898 896
1635 2 2 0 2 898 899 896
1636 2 2 0 2 898 744 899
1637 2 2 0 2 896 899 773
1638 2 2 0 2 68 897 75
1639 2 2 0 2 897 900 75
1640 2 2 0 2 897 773 900
1641 2 2 0 2 75 900 64
1642 2 2 0 2 744 901 899
1643 2 2 0 2 901 902 899
1644 2 2 0 2 901 774 902
1645 2 2 0 2 899 902 773
1646 2 2 0 2 774 903 902
1647 2 2 0 2 903 904 902
1648 2 2 0 2 903 775 904
1649 2 2 0 2 902 904 773
1650 2 2 0 2 774 905 903
1651 2 2 0 2 905 906 903
1652 2 2 0 2 905 745 906
1653 2 2 0 2 903 906 775
1654 2 2 0 2 773 904 900
1655 2 2 0 2 904 907 900
1656 2 2 0 2 904 775 907
1657 2 2 0 2 900 907 64
1658 2 2 0 2 744 908 901
1659 2 2 0 2 908 909 901
1660 2 2 0 2 908 776 909
1661 2 2 0 2 901 909 774
1662 2 2 0 2 776 910 909
1663 2 2 0 2 910 911 909
1664 2 2 0 2 910 777 911
1665 2 2 0 2 909 911 774
1666 2 2 0 2 776 912 910
1667 2 2 0 2 912 913 910
1668 2 2 0 2 912 22 913
1669 2 2 0 2 910 913 777
1670 2 2 0 2 774 911 905
1671 2 2 0 2 911 914 905
1672 2 2 0 2 911 777 914
1673 2 2 0 2 905 914 745
1674 2 2 0 2 64 907 74
1675 2 2 0 2 907 915 74
1676 2 2 0 2 907 775 915
1677 2 2 0 2 74 915 67
1678 2 2 0 2 775 916 915
1679 2 2 0 2 916 917 915
1680 2 2 0 2 916 778 917
1681 2 2 0 2 915 917 67
1682 2 2 0 2 775 906 916
1683 2 2 0 2 906 918 916
1684 2 2 0 2 906 745 918
1685 2 2 0 2 916 918 778
1686 2 2 0 2 67 917 73
1687 2 2 0 2 917 919 73
1688 2 2 0 2 917 778 919
1689 2 2 0 2 73 919 62
1690 2 2 0 2 3 920 39
1691 2 2 0 2 920 921 39
1692 2 2 0 2 920 779 921
1693 2 2 0 2 39 921 35
1694 2 2 0 2 779 922 921
1695 2 2 0 2 922 923 921
1696 2 2 0 2 922 780 923
1697 2 2 0 2 921 923 35
1698 2 2 0 2 779 924 922
1699 2 2 0 2 924 925 922
1700 2 2 0 2 924 746 925
1701 2 2 0 2 922 925 780
1702 2 2 0 2 35 923 38
1703 2 2 0 2 923 926 38
1704 2 2 0 2 923 780 926
1705 2 2 0 2 38 926 33
1706 2 2 0 2 746 927 925
1707 2 2 0 2 927 928 925
1708 2 2 0 2 927 781 928
1709 2 2 0 2 925 928 780
1710 2 2 0 2 781 929 928
1711 2 2 0 2 929 930 928
1712 2 2 0 2 929 782 930
1713 2 2 0 2 928 930 780
1714 2 2 0 2 781 931 929
1715 2 2 0 2 931 932 929
1716 2 2 0 2 931 747 932
1717 2 2 0 2 929 932 782
1718 2 2 0 2 780 930 926
1719 2 2 0 2 930 933 926
1720 2 2 0 2 930 782 933
1721 2 2 0 2 926 933 33
1722 2 2 0 2 746 934 927
1723 2 2 0 2 934 935 927
1724 2 2 0 2 934 783 935
1725 2 2 0 2 927 935 781
1726 2 2 0 2 783 936 935
1727 2 2 0 2 936 937 935
1728 2 2 0 2 936 784 937
1729 2 2 0 2 935 937 781
1730 2 2 0 2 783 938 936
1731 2 2 0 2 938 939 936
1732 2 2 0 2 938 738 939
1733 2 2 0 2 936 939 784
1734 2 2 0 2 781 937 931
1735 2 2 0 2 937 940 931
1736 2 2 0 2 937 784 940
1737 2 2 0 2 931 940 747
1738 2 2 0 2 33 933 37
1739 2 2 0 2 933 941 37
1740 2 2 0 2 933 782 941
1741 2 2 0 2 37 941 34
1742 2 2 0 2 782 942 941
1743 2 2 0 2 942 943 941
1744 2 2 0 2 942 785 943
1745 2 2 0 2 941 943 34
1746 2 2 0 2 782 932 942
1747 2 2 0 2 932 944 942
1748 2 2 0 2 932 747 944
1749 2 2 0 2 942 944 785
1750 2 2 0 2 34 943 36
1751 2 2 0 2 943 945 36
1752 2 2 0 2 943 785 945
1753 2 2 0 2 36 945 2
1754 2 2 0 2 737 946 887
1755 2 2 0 2 946 947 887
1756 2 2 0 2 946 786 947
1757 2 2 0 2 887 947 770
1758 2 2 0 2 786 948 947
1759 2 2 0 2 948 949 947
1760 2 2 0 2 948 787 949
1761 2 2 0 2 947 949 770
1762 2 2 0 2 786 950 948
1763 2 2 0 2 950 951 948
1764 2 2 0 2 950 748 951
1765 2 2 0 2 948 951 787
1766 2 2 0 2 770 949 888
1767 2 2 0 2 949 952 888
1768 2 2 0 2 949 787 952
1769 2 2 0 2 888 952 743
1770 2 2 0 2 748 953 951
1771 2 2 0 2 953 954 951
1772 2 2 0 2 953 788 954
1773 2 2 0 2 951 954 787
1774 2 2 0 2 788 955 954
1775 2 2 0 2 955 956 954
1776 2 2 0 2 955 789 956
1777 2 2 0 2 954 956 787
1778 2 2 0 2 788 957 955
1779 2 2 0 2 957 958 955
1780 2 2 0 2 957 749 958
1781 2 2 0 2 955 958 789
1782 2 2 0 2 787 956 952
1783 2 2 0 2 956 959 952
1784 2 2 0 2 956 789 959
1785 2 2 0 2 952 959 743
1786 2 2 0 2 748 960 953
1787 2 2 0 2 960 961 953
1788 2 2 0 2 960 790 961
1789 2 2 0 2 953 961 788
1790 2 2 0 2 790 962 961
1791 2 2 0 2 962 963 961
1792 2 2 0 2 962 791 963
1793 2 2 0 2 961 963 788
1794 2 2 0 2 790 964 962
1795 2 2 0 2 964 965 962
1796 2 2 0 2 964 738 965
1797 2 2 0 2 962 965 791
1798 2 2 0 2 788 963 957
1799 2 2 0 2 963 966 957
1800 2 2 0 2 963 791 966
1801 2 2 0 2 957 966 749
1802 2 2 0 2 743 959 892
1803 2 2 0 2 959 967 892
1804 2 2 0 2 959 789 967
1805 2 2 0 2 892 967 771
1806 2 2 0 2 789 968 967
1807 2 2 0 2 968 969 967
1808 2 2 0 2 968 792 969
1809 2 2 0 2 967 969 771
1810 2 2 0 2 789 958 968
1811 2 2 0 2 958 970 968
1812 2 2 0 2 958 749 970
1813 2 2 0 2 968 970 792
1814 2 2 0 2 771 969 893
1815 2 2 0 2 969 971 893
1816 2 2 0 2 969 792 971
1817 2 2 0 2 893 971 40
1818 2 2 0 2 40 971 50
1819 2 2 0 2 971 972 50
1820 2 2 0 2 971 792 972
1821 2 2 0 2 50 972 44
1822 2 2 0 2 792 973 972
1823 2 2 0 2 973 974 972
1824 2 2 0 2 973 793 974
1825 2 2 0 2 972 974 44
1826 2 2 0 2 792 970 973
1827 2 2 0 2 970 975 973
1828 2 2 0 2 970 749 975
1829 2 2 0 2 973 975 793
1830 2 2 0 2 44 974 49
1831 2 2 0 2 974 976 49
1832 2 2 0 2 974 793 976
1833 2 2 0 2 49 976 41
1834 2 2 0 2 749 977 975
1835 2 2 0 2 977 978 975
1836 2 2 0 2 977 794 978
1837 2 2 0 2 975 978 793
1838 2 2 0 2 794 979 978
1839 2 2 0 2 979 980 978
1840 2 2 0 2 979 795 980
1841 2 2 0 2 978 980 793
1842 2 2 0 2 794 981 979
1843 2 2 0 2 981 982 979
1844 2 2 0 2 981 746 982
1845 2 2 0 2 979 982 795
1846 2 2 0 2 793 980 976
1847 2 2 0 2 980 983 976
1848 2 2 0 2 980 795 983
1849 2 2 0 2 976 983 41
1850 2 2 0 2 749 966 977
1851 2 2 0 2 966 984 977
1852 2 2 0 2 966 791 984
1853 2 2 0 2 977 984 794
1854 2 2 0 2 791 985 984
1855 2 2 0 2 985 986 984
1856 2 2 0 2 985 783 986
1857 2 2 0 2 984 986 794
1858 2 2 0 2 791 965 985
1859 2 2 0 2 965 938 985
1860 2 2 0 2 965 738 938
1861 2 2 0 2 985 938 783
1862 2 2 0 2 794 986 981
1863 2 2 0 2 986 934 981
1864 2 2 0 2 986 783 934
1865 2 2 0 2 981 934 746
1866 2 2 0 2 41 983 48
1867 2 2 0 2 983 987 48
1868 2 2 0 2 983 795 987
1869 2 2 0 2 48 987 43
1870 2 2 0 2 795 988 987
1871 2 2 0 2 988 989 987
1872 2 2 0 2 988 779 989
1873 2 2 0 2 987 989 43
1874 2 2 0 2 795 982 988
1875 2 2 0 2 982 924 988
1876 2 2 0 2 982 746 924
1877 2 2 0 2 988 924 779
1878 2 2 0 2 43 989 47
1879 2 2 0 2 989 920 47
1880 2 2 0 2 989 779 920
1881 2 2 0 2 47 920 3
1882 2 2 0 2 1 10 991
1883 2 2 0 2 10 990 991
1884 2 2 0 2 10 28 990
1885 2 2 0 2 991 990 797
1886 2 2 0 2 28 992 990
1887 2 2 0 2 992 993 990
1888 2 2 0 2 992 796 993
1889 2 2 0 2 990 993 797
1890 2 2 0 2 28 21 992
1891 2 2 0 2 21 994 992
1892 2 2 0 2 21 31 994
1893 2 2 0 2 992 994 796
1894 2 2 0 2 797 993 996
1895 2 2 0 2 993 995 996
1896 2 2 0 2 993 796 995
1897 2 2 0 2 996 995 750
1898 2 2 0 2 31 997 994
1899 2 2 0 2 997 998 994
1900 2 2 0 2 997 798 998
1901 2 2 0 2 994 998 796
1902 2 2 0 2 798 999 998
1903 2 2 0 2 999 1000 998
1904 2 2 0 2 999 799 1000
1905 2 2 0 2 998 1000 796
1906 2 2 0 2 798 1001 999
1907 2 2 0 2 1001 1002 999
1908 2 2 0 2 1001 744 1002
1909 2 2 0 2 999 1002 799
1910 2 2 0 2 796 1000 995
1911 2 2 0 2 1000 1003 995
1912 2 2 0 2 1000 799 1003
1913 2 2 0 2 995 1003 750
1914 2 2 0 2 31 20 997
1915 2 2 0 2 20 1004 997
1916 2 2 0 2 20 27 1004
1917 2 2 0 2 997 1004 798
1918 2 2 0 2 27 1005 1004
1919 2 2 0 2 1005 1006 1004
1920 2 2 0 2 1005 776 1006
1921 2 2 0 2 1004 1006 798
1922 2 2 0 2 27 19 1005
1923 2 2 0 2 19 912 1005
1924 2 2 0 2 19 22 912
1925 2 2 0 2 1005 912 776
1926 2 2 0 2 798 1006 1001
1927 2 2 0 2 1006 908 1001
1928 2 2 0 2 1006 776 908
1929 2 2 0 2 1001 908 744
1930 2 2 0 2 750 1003 1008
1931 2 2 0 2 1003 1007 1008
1932 2 2 0 2 1003 799 1007
1933 2 2 0 2 1008 1007 800
1934 2 2 0 2 799 1009 1007
1935 2 2 0 2 1009 1010 1007
1936 2 2 0 2 1009 772 1010
1937 2 2 0 2 1007 1010 800
1938 2 2 0 2 799 1002 1009
1939 2 2 0 2 1002 898 1009
1940 2 2 0 2 1002 744 898
1941 2 2 0 2 1009 898 772
1942 2 2 0 2 800 1010 1011
1943 2 2 0 2 1010 894 1011
1944 2 2 0 2 1010 772 894
1945 2 2 0 2 1011 894 9
1946 2 2 0 2 2 945 11
1947 2 2 0 2 945 1012 11
1948 2 2 0 2 945 785 1012
1949 2 2 0 2 11 1012 23
1950 2 2 0 2 785 1013 1012
1951 2 2 0 2 1013 1014 1012
1952 2 2 0 2 1013 801 1014
1953 2 2 0 2 1012 1014 23
1954 2 2 0 2 785 944 1013
1955 2 2 0 2 944 1015 1013
1956 2 2 0 2 944 747 1015
1957 2 2 0 2 1013 1015 801
1958 2 2 0 2 23 1014 12
1959 2 2 0 2 1014 1016 12
1960 2 2 0 2 1014 801 1016
1961 2 2 0 2 12 1016 29
1962 2 2 0 2 747 1017 1015
1963 2 2 0 2 1017 1018 1015
1964 2 2 0 2 1017 802 1018
1965 2 2 0 2 1015 1018 801
1966 2 2 0 2 802 1019 1018
1967 2 2 0 2 1019 1020 1018
1968 2 2 0 2 1019 803 1020
1969 2 2 0 2 1018 1020 801
1970 2 2 0 2 802 1021 1019
1971 2 2 0 2 1021 1022 1019
1972 2 2 0 2 1021 751 1022
1973 2 2 0 2 1019 1022 803
1974 2 2 0 2 801 1020 1016
1975 2 2 0 2 1020 1023 1016
1976 2 2 0 2 1020 803 1023
1977 2 2 0 2 1016 1023 29
1978 2 2 0 2 747 940 1017
1979 2 2 0 2 940 1024 1017
1980 2 2 0 2 940 784 1024
1981 2 2 0 2 1017 1024 802
1982 2 2 0 2 784 1025 1024
1983 2 2 0 2 1025 1026 1024
1984 2 2 0 2 1025 804 1026
1985 2 2 0 2 1024 1026 802
1986 2 2 0 2 784 939 1025
1987 2 2 0 2 939 1027 1025
1988 2 2 0 2 939 738 1027
1989 2 2 0 2 1025 1027 804
1990 2 2 0 2 802 1026 1021
1991 2 2 0 2 1026 1028 1021
1992 2 2 0 2 1026 804 1028
1993 2 2 0 2 1021 1028 751
1994 2 2 0 2 29 1023 13
1995 2 2 0 2 1023 1029 13
1996 2 2 0 2 1023 803 1029
1997 2 2 0 2 13 1029 24
1998 2 2 0 2 803 1030 1029
1999 2 2 0 2 1030 1031 1029
2000 2 2 0 2 1030 805 1031
2001 2 2 0 2 1029 1031 24
2002 2 2 0 2 803 1022 1030
2003 2 2 0 2 1022 1032 1030
2004 2 2 0 2 1022 751 1032
2005 2 2 0 2 1030 1032 805
2006 2 2 0 2 24 1031 14
2007 2 2 0 2 1031 1033 14
2008 2 2 0 2 1031 805 1033
2009 2 2 0 2 14 1033 32
2010 2 2 0 2 22 18 1035
2011 2 2 0 2 18 1034 1035
2012 2 2 0 2 18 26 1034
2013 2 2 0 2 1035 1034 807
2014 2 2 0 2 26 1036 1034
2015 2 2 0 2 1036 1037 1034
2016 2 2 0 2 1036 806 1037
2017 2 2 0 2 1034 1037 807
2018 2 2 0 2 26 17 1036
2019 2 2 0 2 17 1038 1036
2020 2 2 0 2 17 30 1038
2021 2 2 0 2 1036 1038 806
2022 2 2 0 2 807 1037 1040
2023 2 2 0 2 1037 1039 1040
2024 2 2 0 2 1037 806 1039
2025 2 2 0 2 1040 1039 752
2026 2 2 0 2 30 1041 1038
2027 2 2 0 2 1041 1042 1038
2028 2 2 0 2 1041 808 1042
2029 2 2 0 2 1038 1042 806
2030 2 2 0 2 808 1043 1042
2031 2 2 0 2 1043 1044 1042
2032 2 2 0 2 1043 809 1044
2033 2 2 0 2 1042 1044 806
2034 2 2 0 2 808 1045 1043
2035 2 2 0 2 1045 1046 1043
2036 2 2 0 2 1045 742 1046
2037 2 2 0 2 1043 1046 809
2038 2 2 0 2 806 1044 1039
2039 2 2 0 2 1044 1047 1039
2040 2 2 0 2 1044 809 1047
2041 2 2 0 2 1039 1047 752
2042 2 2 0 2 30 16 1041
2043 2 2 0 2 16 1048 1041
2044 2 2 0 2 16 25 1048
2045 2 2 0 2 1041 1048 808
2046 2 2 0 2 25 1049 1048
2047 2 2 0 2 1049 1050 1048
2048 2 2 0 2 1049 762 1050
2049 2 2 0 2 1048 1050 808
2050 2 2 0 2 25 15 1049
2051 2 2 0 2 15 848 1049
2052 2 2 0 2 15 32 848
2053 2 2 0 2 1049 848 762
2054 2 2 0 2 808 1050 1045
2055 2 2 0 2 1050 854 1045
2056 2 2 0 2 1050 762 854
2057 2 2 0 2 1045 854 742
2058 2 2 0 2 752 1047 1052
2059 2 2 0 2 1047 1051 1052
2060 2 2 0 2 1047 809 1051
2061 2 2 0 2 1052 1051 810
2062 2 2 0 2 809 1053 1051
2063 2 2 0 2 1053 1054 1051
2064 2 2 0 2 1053 766 1054
2065 2 2 0 2 1051 1054 810
2066 2 2 0 2 809 1046 1053
2067 2 2 0 2 1046 868 1053
2068 2 2 0 2 1046 742 868
2069 2 2 0 2 1053 868 766
2070 2 2 0 2 810 1054 1055
2071 2 2 0 2 1054 871 1055
2072 2 2 0 2 1054 766 871
2073 2 2 0 2 1055 871 5
2074 2 2 0 2 22 1035 913
2075 2 2 0 2 1035 1056 913
2076 2 2 0 2 1035 807 1056
2077 2 2 0 2 913 1056 777
2078 2 2 0 2 807 1057 1056
2079 2 2 0 2 1057 1058 1056
2080 2 2 0 2 1057 811 1058
2081 2 2 0 2 1056 1058 777
2082 2 2 0 2 807 1040 1057
2083 2 2 0 2 1040 1059 1057
2084 2 2 0 2 1040 752 1059
2085 2 2 0 2 1057 1059 811
2086 2 2 0 2 777 1058 914
2087 2 2 0 2 1058 1060 914
2088 2 2 0 2 1058 811 1060
2089 2 2 0 2 914 1060 745
2090 2 2 0 2 752 1061 1059
2091 2 2 0 2 1061 1062 1059
2092 2 2 0 2 1061 812 1062
2093 2 2 0 2 1059 1062 811
2094 2 2 0 2 812 1063 1062
2095 2 2 0 2 1063 1064 1062
2096 2 2 0 2 1063 813 1064
2097 2 2 0 2 1062 1064 811
2098 2 2 0 2 812 1065 1063
2099 2 2 0 2 1065 1066 1063
2100 2 2 0 2 1065 63 1066
2101 2 2 0 2 1063 1066 813
2102 2 2 0 2 811 1064 1060
2103 2 2 0 2 1064 1067 1060
2104 2 2 0 2 1064 813 1067
2105 2 2 0 2 1060 1067 745
2106 2 2 0 2 752 1052 1061
2107 2 2 0 2 1052 1068 1061
2108 2 2 0 2 1052 810 1068
2109 2 2 0 2 1061 1068 812
2110 2 2 0 2 810 1069 1068
2111 2 2 0 2 1069 1070 1068
2112 2 2 0 2 1069 65 1070
2113 2 2 0 2 1068 1070 812
2114 2 2 0 2 810 1055 1069
2115 2 2 0 2 1055 69 1069
2116 2 2 0 2 1055 5 69
2117 2 2 0 2 1069 69 65
2118 2 2 0 2 812 1070 1065
2119 2 2 0 2 1070 70 1065
2120 2 2 0 2 1070 65 70
2121 2 2 0 2 1065 70 63
2122 2 2 0 2 745 1067 918
2123 2 2 0 2 1067 1071 918
2124 2 2 0 2 1067 813 1071
2125 2 2 0 2 918 1071 778
2126 2 2 0 2 813 1072 1071
2127 2 2 0 2 1072 1073 1071
2128 2 2 0 2 1072 66 1073
2129 2 2 0 2 1071 1073 778
2130 2 2 0 2 813 1066 1072
2131 2 2 0 2 1066 71 1072
2132 2 2 0 2 1066 63 71
2133 2 2 0 2 1072 71 66
2134 2 2 0 2 778 1073 919
2135 2 2 0 2 1073 72 919
2136 2 2 0 2 1073 66 72
2137 2 2 0 2 919 72 62
2138 2 2 0 2 32 1033 846
2139 2 2 0 2 1033 1074 846
2140 2 2 0 2 1033 805 1074
2141 2 2 0 2 846 1074 760
2142 2 2 0 2 805 1075 1074
2143 2 2 0 2 1075 1076 1074
2144 2 2 0 2 1075 814 1076
2145 2 2 0 2 1074 1076 760
2146 2 2 0 2 805 1032 1075
2147 2 2 0 2 1032 1077 1075
2148 2 2 0 2 1032 751 1077
2149 2 2 0 2 1075 1077 814
2150 2 2 0 2 760 1076 851
2151 2 2 0 2 1076 1078 851
2152 2 2 0 2 1076 814 1078
2153 2 2 0 2 851 1078 741
2154 2 2 0 2 751 1079 1077
2155 2 2 0 2 1079 1080 1077
2156 2 2 0 2 1079 815 1080
2157 2 2 0 2 1077 1080 814
2158 2 2 0 2 815 1081 1080
2159 2 2 0 2 1081 1082 1080
2160 2 2 0 2 1081 816 1082
2161 2 2 0 2 1080 1082 814
2162 2 2 0 2 815 1083 1081
2163 2 2 0 2 1083 1084 1081
2164 2 2 0 2 1083 748 1084
2165 2 2 0 2 1081 1084 816
2166 2 2 0 2 814 1082 1078
2167 2 2 0 2 1082 1085 1078
2168 2 2 0 2 1082 816 1085
2169 2 2 0 2 1078 1085 741
2170 2 2 0 2 751 1028 1079
2171 2 2 0 2 1028 1086 1079
2172 2 2 0 2 1028 804 1086
2173 2 2 0 2 1079 1086 815
2174 2 2 0 2 804 1087 1086
2175 2 2 0 2 1087 1088 1086
2176 2 2 0 2 1087 790 1088
2177 2 2 0 2 1086 1088 815
2178 2 2 0 2 804 1027 1087
2179 2 2 0 2 1027 964 1087
2180 2 2 0 2 1027 738 964
2181 2 2 0 2 1087 964 790
2182 2 2 0 2 815 1088 1083
2183 2 2 0 2 1088 960 1083
2184 2 2 0 2 1088 790 960
2185 2 2 0 2 1083 960 748
2186 2 2 0 2 741 1085 862
2187 2 2 0 2 1085 1089 862
2188 2 2 0 2 1085 816 1089
2189 2 2 0 2 862 1089 765
2190 2 2 0 2 816 1090 1089
2191 2 2 0 2 1090 1091 1089
2192 2 2 0 2 1090 786 1091
2193 2 2 0 2 1089 1091 765
2194 2 2 0 2 816 1084 1090
2195 2 2 0 2 1084 950 1090
2196 2 2 0 2 1084 748 950
2197 2 2 0 2 1090 950 786
2198 2 2 0 2 765 1091 866
2199 2 2 0 2 1091 946 866
2200 2 2 0 2 1091 786 946
2201 2 2 0 2 866 946 737
2202 2 2 0 2 1 991 90
2203 2 2 0 2 991 1092 90
2204 2 2 0 2 991 797 1092
2205 2 2 0 2 90 1092 86
2206 2 2 0 2 797 1093 1092
2207 2 2 0 2 1093 1094 1092
2208 2 2 0 2 1093 817 1094
2209 2 2 0 2 1092 1094 86
2210 2 2 0 2 797 996 1093
2211 2 2 0 2 996 1095 1093
2212 2 2 0 2 996 750 1095
2213 2 2 0 2 1093 1095 817
2214 2 2 0 2 86 1094 89
2215 2 2 0 2 1094 1096 89
2216 2 2 0 2 1094 817 1096
2217 2 2 0 2 89 1096 84
2218 2 2 0 2 750 1097 1095
2219 2 2 0 2 1097 1098 1095
2220 2 2 0 2 1097 818 1098
2221 2 2 0 2 1095 1098 817
2222 2 2 0 2 818 1099 1098
2223 2 2 0 2 1099 1100 1098
2224 2 2 0 2 1099 819 1100
2225 2 2 0 2 1098 1100 817
2226 2 2 0 2 818 1101 1099
2227 2 2 0 2 1101 1102 1099
2228 2 2 0 2 1101 77 1102
2229 2 2 0 2 1099 1102 819
2230 2 2 0 2 817 1100 1096
2231 2 2 0 2 1100 1103 1096
2232 2 2 0 2 1100 819 1103
2233 2 2 0 2 1096 1103 84
2234 2 2 0 2 750 1008 1097
2235 2 2 0 2 1008 1104 1097
2236 2 2 0 2 1008 800 1104
2237 2 2 0 2 1097 1104 818
2238 2 2 0 2 800 1105 1104
2239 2 2 0 2 1105 1106 1104
2240 2 2 0 2 1105 78 1106
2241 2 2 0 2 1104 1106 818
2242 2 2 0 2 800 1011 1105
2243 2 2 0 2 1011 80 1105
2244 2 2 0 2 1011 9 80
2245 2 2 0 2 1105 80 78
2246 2 2 0 2 818 1106 1101
2247 2 2 0 2 1106 81 1101
2248 2 2 0 2 1106 78 81
2249 2 2 0 2 1101 81 77
2250 2 2 0 2 84 1103 88
2251 2 2 0 2 1103 1107 88
2252 2 2 0 2 1103 819 1107
2253 2 2 0 2 88 1107 85
2254 2 2 0 2 819 1108 1107
2255 2 2 0 2 1108 1109 1107
2256 2 2 0 2 1108 79 1109
2257 2 2 0 2 1107 1109 85
2258 2 2 0 2 819 1102 1108
2259 2 2 0 2 1102 82 1108
2260 2 2 0 2 1102 77 82
2261 2 2 0 2 1108 82 79
2262 2 2 0 2 85 1109 87
2263 2 2 0 2 1109 83 87
2264 2 2 0 2 1109 79 83
2265 2 2 0 2 87 83 6
$EndElements
