0.00032789890794890017
0.0002881488536532993
0.00031608077648789985
0.00027833921612520005
0.0003182037568022992
0.000318091163318001
0.00024011336099389984
0.00032011844550240004
0.0002764307798365003
0.00031250702681689946
0.00032388496860769923
0.00029078548655410083
0.00030377505443690035
0.0003027781796558996
0.0002441190222667016
0.0003125358816388011
0.0002657456291869
0.0002627594345064998
0.00026356733579459973
0.00034585677170590086
0.0002854966754773994
0.00028402614813769975
0.00035658595014720004
0.0003692157753900985
0.0003003580377566005
0.00028418002853550055
0.0003010562354934989
0.00026016647046940046
0.00028328488033299917
0.0002948201441524013
0.00028695742999510117
0.00029094521445750116
0.00031083073352069883
0.00029098371859579905
0.00031148085758369963
0.0002584350736527987
0.0002971585732284999
0.0003353404369188986
0.00028628047605490023
0.0002919016051563996
0.00028509085608999923
0.00023149618392439945
0.0002984292889777994
0.00033969674749489975
0.0002940400043931011
0.00029043522279909896
0.00025318377410280153
0.000297979849640001
0.00031065138638070033
0.00025022627181780013
0.0003216187112259992
0.00023396575498270053
0.00032282268992469935
0.00035804121083289966
0.00031804395388509987
0.00030543833527459964
0.00029090203816719944
0.0002761097720107991
0.00032295814020249884
0.00026895840489819973
0.0003160916678136994
0.0002578302048703001
0.0003021299946925002
0.00034904974070469955
0.00025210792658399844
0.00028792106780850014
0.00025998935795959986
0.00030714781664510117
0.0003437508744348998
0.0002563596321159996
0.0003010901057660994
0.0002739921638674984
0.00024863440779859976
0.00029296182235460065
0.0002701812240914984
0.00033624577295509987
0.0002628361562360994
0.00030810357646480005
0.0003409860785341008
0.00028634501727820005
0.0002774505012622004
0.00030756942520790073
0.0002959063820765998
0.00025841583687220143
0.0003207808484271997
0.0003404536320970996
0.000276782397426999
0.00030564566012159997
0.0003038492046021999
0.00029761835575749934
0.00032794766125800005
0.00026971182773660035
0.0002748456908004994
0.0002450522502337009
0.0002832390165961995
0.0002724436876602003
0.00026524239677050074
0.0003053094260107008
0.00027908169296190014
0.0003609134979530998
0.00028899102161069994
0.00030459063518890016
0.00029569168600039955
0.0003116789302454997
0.0003427039262294002
0.00033345874764469964
0.0002725691556552008
0.00029372065643849983
0.0003257660363072002
0.0003013416559688002
0.000294702985232001
0.0003696336762043003
0.0003272717672396005
0.00032692159171340135
0.00031032192613789956
0.00029065900246780067
0.0003123469425896988
0.00028374645932629887
0.0002719549172553997
0.00022425311431630013
0.0003148315453606991
0.00028120094911019897
0.0003669762592798005
0.0002523713738564002
0.0003112547425946008
0.00031091893351959873
0.0003126372430982006
0.0002535028345677006
0.0002972964155886996
0.0002937203978485986
0.0003084398127515004
0.0002938725183124005
0.00030476815681199955
0.0003235152739821008
0.0002677008509255011
0.0003065878980456002
0.00027911014431129984
0.0003001683455780002
0.00024532532512550054
0.0003278749090571999
0.0002861868461083005
0.00029171619716330047
0.00029603163931450106
0.000301340130490501
0.0003206579432394989
0.00029751003478779847
0.00028424961877339915
0.0002906356277486994
0.000313282057836501
0.00026005370445099894
0.0002972430055850992
0.00024000705691889883
0.0003191662039268
0.00027086328294869885
0.0003114964489099002
0.0002958662746833998
0.00028121746647669955
0.0003388617374633987
0.0003032497035879
0.0003229990202800008
0.00031777242570179935
0.0002693254382861998
0.0003240043591579006
0.0003441827704198999
0.0003512965947922008
0.0002750597289193999
0.00031997912699950094
0.0003289311646758001
0.00031011753775799997
0.00028219474442020033
0.00031143434649000094
0.00033009750929390014
0.0002630659141556989
0.0002533536412161995
0.00031837720837540016
0.0002751976239270988
0.0003033878286860005
0.0002991158066329991
0.00024769913303229925
0.0003241090298173998
0.0002896944117827
0.00034203697428090117
0.0003416862960614001
0.0003338941555573998
0.00030985601528230045
0.0002872660195462999
0.0002627453822376998
0.00023166799986789992
0.00029051744915959896
0.0002717890678476994
0.00029359019110790016
0.0003249087022964992
0.00031467078278019957
0.0002851594659605012
0.0003224664649808997
0.0002770487315855996
0.0002755134644423004
0.00029907360726010024
0.0002820774033846004
0.0003033735172645012
0.0003058463415810987
0.0003186609065893003
0.000314743985938299
0.00026992561587789975
0.0003124291680074009
0.00029200583860830055
0.0003315199673649006
0.0002771985330315002
0.00026237618409889925
0.0002781728640436007
0.0002753032714417
0.0003006490027591992
0.0002804793020823003
0.0002989320504558999
0.0003254954780808998
0.00033336543223060067
0.0002849922057371994
0.0003144262236520999
0.00028394844967720087
0.00021578834068930117
0.0002699944802433997
0.00030570077354910054
0.00031768354007729975
0.00023622406812369955
0.0003192092961338006
0.00029924761949449985
0.0002966428582660014
0.0002933158211282996
0.0003261125849136001
0.0002773440395114988
0.0003018156014299011
0.00032328113823119897
0.0002874017034619012
0.00028641910944269926
0.0002682960124175005
0.00023029150076019946
0.0002887269358019997
0.00029792725456080117
0.0003387542181370988
0.0002639413410737007
0.00029961730918499907
0.00031044636872649967
0.0002512050239917001
0.00030001407877239955
0.0002568454325728997
0.00027630494550440025
0.0003154569461988003
0.00025563653476909885
0.00026939078897379905
0.0003441352337517998
0.0002916917605147
0.00024675704218170107
0.00028338766190259997
0.00028808809256490077
0.00031145633316490007
0.00028417596750739994
0.0002775493907089012
0.00030593694131149894
0.0002380772903146991
0.0002816551897169995
0.00031089207544049945
0.00023542991090310002
0.0003309886003437009
0.0002714158833077001
0.00034497159942530053
0.0002820237307889998
0.00032659209306959945
0.0002742553930969987
0.00030830846384080103
0.00027883857342820076
0.0003119029770336998
0.0003086245501559004
0.00030616707857259937
0.00024264144717090104
0.0002962582139149003
0.0002969967572464
0.0003236375092313011
0.0003331868837231997
0.0002541589211564003
0.0003011665343703
0.00035582378782189963
0.0002647277773451997
0.0002993659929519006
0.00031391745660100043
0.0003317995649014995
0.0002822333517404005
0.0002728962267655004
0.00030945319271350087
0.0002959340487848003
0.00027307851456520073
0.0002793126600160005
0.00029100847114059934
0.00028336199210570075
0.0003197058554875003
0.00032777964453260117
0.0003163413292900999
0.00024930944504300036
0.000323410065900101
0.0003431828521994005
0.00031759973549589857
0.00027154552848719996
0.0003224768715785996
0.00028280743328130097
0.00024587841744450056
0.000311031276618301
0.00029155156130909916
0.00024851893981880056
0.00029673822698430066
0.00027144514567239986
0.0003191802860159996
0.00028410356115490115
0.00036017718420799927
0.000296129452689
0.00032068273219839835
0.00034590070066780124
0.0003216029383438998
0.00026905782993340115
0.00028561038922849877
0.0002596591570292999
0.00029686370896120015
0.00034326838040989877
0.0003439543738467006
0.0003256513676590002
0.0002958576668615001
0.0003159470099618998
0.00029319925963600113
0.00029488909991409913
0.0002894295550812005
0.0003158586497093996
0.0003662225294348998
0.00023996130762809868
0.0003254416596702014
0.00036279704919220043
0.000353298067336201
0.0003387676718380993
0.0002997428349644001
0.00023881625937549958
0.0003244850229800998
0.0002937447952131005
0.00033012872107950064
0.00026185924940699996
0.00035590883445619885
0.0003026054812715999
0.0002991156642261003
0.0003172709269488993
0.00025980210574749925
0.00027460728430219947
0.0002795154346445002
0.00027741143688230115
0.0003478570356038012
0.00030254530244389934
0.00029454927475390004
0.000289841226898499
0.0003334880980943016
0.00028215118980010057
0.0002878288947589999
0.0002781286388559012
0.00028170491426979943
0.0002564540007788992
0.0002996829484746
0.0003374675283387991
0.00033324022693319993
0.00030008753558309967
0.000286700801293999
0.0002998573972433985
0.00031365126329350144
0.00027206576482900063
0.00021931811837029927
0.00028149342669139994
0.0003307733635881001
0.00036344836975969914
0.00029037344357899994
0.0003486699622988008
0.00033491459148430117
0.0002829714276605007
0.0002934052909803007
0.0003587060683917006
0.00033316240011990045
0.00024066961007130142
0.0002977257181823005
0.00033076938367540033
0.00031201058558450075
0.0003009189753893013
0.0003009455604429997
0.00035171991967409937
0.0003087905566165998
0.0003267384979733015
0.0003106553610192995
0.0003187223800759
0.0002812736847298998
0.0002646657282447014
0.00028231815699999996
0.00024761085849109993
0.0002944627602285005
0.00029949956996399955
0.0002795799573925995
0.0003286434019284003
0.00028466415341269966
0.00024727812548079944
0.0003079348638371001
0.0003061179281445992
0.00027636363400850017
0.00028280784351319976
0.00030869761909449976
0.00025932796895370043
0.00025551978633399884
0.00031884746434799986
0.00035317985686570026
0.0002453103890785995
0.00033510130065149933
0.00028364508999999954
0.0003157820768007989
0.00030744233032370047
0.00031724258167840046
0.00032409445786359993
0.0002743980810639996
0.00030332676201440083
0.0002830755029828002
0.0003192117848338002
0.000281513515243699
0.00029249859762069987
0.0002864847196044004
0.0002654240816686009
0.0002937385991675003
0.0003019932663765011
0.0003428198941682996
0.000317614653532099
0.0003135810433674002
0.0002913258256181002
0.0002926941281942014
0.0002642469038380991
0.00030299742461539943
0.00035083153942109917
0.00029024275805289955
0.0002765840880046
0.0002544224614257004
0.00025377534230309855
0.0003358089903864013
0.0002821464353140995
0.00033624413345460097
0.00027450884741229975
0.0003187488610908
0.00028280432747949946
0.0002979108867131996
0.0003197107033573003
0.0003026784191023004
0.0003114583737532997
0.00026998678054870016
0.0003211825602683991
0.00027236482962330125
0.00030739999387689905
0.00032806552995449934
0.00027547066235929923
0.0002864533497715007
0.00029693909418179905
0.00030900565850390006
0.0002853413502985
0.00026961886570360007
0.0003442839828865004
0.0003268150835047997
0.0002964565850410005
0.0002687516933784998
0.0003448576351027001
0.00030922847491609944
0.00031506221838509957
0.0002897996425137994
0.0003374066003870007
0.0003342855945117004
0.00031344508276029935
0.0003204665217281001
0.0003252734394733007
0.00032591460802740106
0.00035588287412820045
0.0002624125393576003
0.0002850822090515997
0.0003092032134998004
0.00032894624046059945
0.0003082840144844005
0.0002739647622475999
0.00030970860106490153
0.0002810291446946004
0.0002664791416571999
0.0002807406089197998
0.0002897356375495992
0.0003580042915371003
0.00029084045983959923
0.0002802516697626989
0.00027186703690840024
0.00029713695510629953
0.00027678463595550047
0.00029053814719930127
0.00031891819065799944
0.00026400179258160086
0.0002986459067967004
0.0003134050986991991
0.0003626647260970995
0.0002833423110882999
0.0002917990186136997
0.0002530565817642997
0.0002729746713344
0.00025521266455040027
0.0003275523324618012
0.00029724281170659915
0.0003126359095801997
0.0003007895985017994
0.0003292832986192991
0.00031890447852470083
0.0002774972215631999
0.00030742172012459927
0.0002841061392704
0.00035128227627479955
0.00023447968497290056
0.0002961490985618001
0.0003352285261507999
0.0002681367747352
0.00032162156737769974
0.00027724301409550074
0.0002691732034141008
0.0003491690061624992
0.00036250775724630015
0.00029777124455269977
0.00030669038011600126
0.0002765082878520009
0.0003057001391162002
0.00024775794626960036
0.0002684063559872992
0.0002466685147010008
0.00032818794824210004
0.00029938754609819956
0.0003231885779296992
0.00023478205981939879
0.0002413100060475997
0.0003105835528052995
0.00030756995060049995
0.0003629256626556006
0.00028867401419459954
0.00030270594479710027
0.0003605837795083999
0.00027456488259260114
0.000316447089597301
0.00027322213558200054
0.00034659033351799873
0.00037406649331369994
0.00030561319529990097
0.0002748079455883994
0.0002805701523561008
0.0003317946897799986
0.0002932938067537992
0.00027205676138880065
0.00036039446114619934
0.00028810243614310095
0.00031078408394299983
0.0002819761268373997
0.0002593239991799997
0.0003156731918255995
0.00027884695114770153
0.00030739944211059973
0.0003026972237292012
0.0003289143255642002
0.0003116604047117
0.00029447918076380003
0.0003238503006800994
0.0002643242048148992
0.0002967194238875995
0.00030315502923639916
0.00031698550570400004
0.00030535350817429904
0.0002751282608271996
0.0002795544467723999
0.00033068210282389925
0.0002813651380145013
0.0003544810485335004
0.0002855921603981994
0.0002685129580674
0.0002784706375564012
0.0003241847129837015
0.0002885718255205994
0.0002792076267912006
0.0002799888362891006
0.000305944864827299
0.00024286499241639968
0.0002796657546078017
0.0002747909357313002
0.0003087126283671006
0.0002874920586998994
0.0002806352627255995
0.0002879669336018995
0.0002716458146080989
0.00030432248094919984
0.00029323279024559903
0.00030944617289379965
0.00034166392043690104
0.0003666804710320999
0.00029582854488200035
0.00030670627875750006
0.0002965401184686009
0.0003277267865708991
0.00026791411167590047
0.00030299322310560137
0.0003416899421729014
0.000246055838520701
0.0003021509260947991
0.0002876884423504006
0.0002921212502184998
0.0003395450870219002
0.00031013929815740075
0.00033135523943790025
0.00027570088890719983
0.00028492550499820135
0.00029184076741729965
0.0003009492969053007
0.00032571352187949973
0.0003671027976241987
0.00031985801593610065
0.00032562015408160033
0.00030848309103029964
0.00033780334583359897
0.00031805170610319997
0.0003033285653228999
0.00033341746882759905
0.0003146241833804006
0.00029009224069029976
0.0003142021777246002
0.0003467125884475987
0.00026938150760109913
0.0002862891606333993
0.0002598848585427995
0.0002948946451905004
0.000328142913391
0.00032908280133659915
0.00027342197504180016
0.0003485614634984001
0.00027403018746240126
0.0002997240822417008
0.00031843607586719974
0.00029715950778930016
0.00026158120928250136
0.0002647271132220994
0.000296456638657799
0.0003019074200967999
0.00032217683753909925
0.0002658394176308001
0.00035266982935129934
0.000295328182146299
0.00030254911566529943
0.0003223355930212987
0.0003091560306271012
0.0002522110560829009
0.0002504054772359005
0.0002637424701867012
0.00022818429905920035
0.0003070947263300993
0.00028918383604769997
0.0002781614605021007
0.00027010318302029927
0.00029846123527089985
0.00026471217384390136
0.00032581404936860014
0.00024604661311019953
0.0003120674897469002
0.0002902212730306001
0.0003174154993396995
0.0002988454548819991
0.00031669991934539857
0.00033773459415879954
0.0002921772419355005
0.0003133593010750998
0.0003359970137771992
0.00026807131380899955
0.00034969558364699935
0.00028999246322940035
0.00030639074662669984
0.0002924727713742997
0.00029860178703960093
0.0002987046482050993
0.00029562171631240114
0.0003074799562725987
0.00031048310494350036
0.00031235952650509984
0.00027923103566540076
0.000289435376114101
0.00028284441772300113
0.00028681442589149897
0.00029854983383329967
0.00031700101485420025
0.0002668274363175002
0.00029431892849540037
0.00037315583262359855
0.0002971487835283001
0.0002717449206944989
0.0003283293073753999
0.0002969168149573997
0.0003175883057396009
0.0002263811130218986
0.00034112712800330076
0.0003116150852296006
0.0002725291079597996
0.0003020382353101994
0.0002841770362374003
0.0002847009288059997
0.00028837514216900097
0.00029537468464770067
0.0003552938404183005
0.00026981640812000045
0.00024527345564850055
0.000317750266011
0.0003235460917635994
0.0002868033211953988
0.00028488323839730156
0.0003161437455066994
0.000307848541109601
0.00030257263090490046
0.00036197471876879897
0.00027754936866340035
0.00030494302256020046
0.00030289493310880003
0.0003207744197533009
0.00027518615331780134
0.0003666071460143999
0.0003368286762163008
0.00028449060278329906
0.0002848890003712013
0.00030098786067789957
0.000286519069836599
0.0002666932426221985
0.0002805284070736009
0.0002963941585098998
0.0002830319485116993
0.0003123230778751991
0.00029224477150150037
0.000306055323621799
0.00028233609134029926
0.0002903778179646991
0.0002780321739584996
0.00035281651025889996
0.0002616824560244986
0.0002842055260542011
0.00032347810421969915
0.00027461963044049867
0.0002548638937042002
0.0003167415190087012
0.00026729655582810076
0.00023625973496060014
0.0002850995023323012
0.00030518572139829996
0.0002689519107959993
0.0002875480696341009
0.0003114983853618001
0.000312118065852799
0.000355683551004099
0.0002789225936041008
0.0002971077462670009
0.0003281006077791009
0.00026641034045329914
0.0003187201015849
0.00032413499922590017
0.00024271170513370105
0.0002411786588774993
0.0002894178422760997
0.0003368985032822999
0.0003389167225316004
0.00030081034164940006
0.00029260036623570025
0.00028120637229319886
0.00029398176841909963
0.0003060653007783999
0.0002587934616078008
0.0003380489947385004
0.00033106076612349905
0.0003349074936278996
0.00032256438973039987
0.0003447601496561984
0.00026750433334839924
0.0002720250635869
0.00030052692475190067
0.00027492464487669996
0.00029858615696749975
0.00030064554092430057
0.0003332590233908004
0.0002691063612416996
0.0002768486277482992
0.00035331624620409986
0.00030229621974989934
0.00029449636649290026
0.0002849318002169001
0.0003083653601005012
0.0003890090306741985
0.0002767628769312011
0.00034888083789589956
0.00034213124593289977
0.00027186914521859853
0.000342497827536899
0.0002478137443227002
0.00029791172973719915
0.00033830374809709976
0.0003142202063000001
0.0002824076497888999
0.0003023863812209003
0.0002702531668768004
0.0003419904470436993
0.00029053387038389944
0.0003535469640070007
0.00035381671274099975
0.0002439185330319997
0.00031316207672089924
0.0003009852921661005
0.0003646337724005997
0.00026823641553279896
0.00023256917933400095
0.00033096054857219975
0.00029763741988709895
0.00029626791785809965
0.000333712654486
0.0002558640511251993
0.00028880559963339984
0.0003127715481279006
0.00027555927970649916
0.00031476544957079883
0.0002699345589322992
0.0003173671745694013
0.0002604798040183997
0.0002472712405118
0.0002635548586752013
0.0003195678893397006
0.0002625612980839999
0.0002859873752098993
0.00029833149518410096
0.0002804538890057006
0.00030817588760259987
0.0002984015200710004
0.00031878816573460006
0.0002904203399910002
0.0003353014729507008
0.0002841572099340009
0.0002549474073552001
0.0002933269734721987
0.00032086666903620095
0.0003087906909969001
0.0002801998380149006
0.00030245172115530086
0.0003507573199382011
0.0003654177777355997
0.0002828506160958994
0.00031574089227849947
0.00030235895709310005
0.0002738292881063007
0.0003178607287232984
0.0002627879367726998
0.0002869342839990994
0.0002767171596850006
0.00027993700042129935
0.00028573259398109903
0.00026584418443710046
0.00029644909241170053
0.00028493399326629844
0.0003361318676333991
0.0003049382140409996
0.00026819142868590023
0.0002979388447442999
0.00032975593637830057
0.0002802322637479003
0.00031296239624879936
0.0002728585454179998
0.0003339212395785992
0.0002865476999591998
0.0002616885672534
0.00032111921552390073
0.00028380393343719994
0.0003515174593105002
0.0003046086863410999
0.00034187110481360104
0.00027123155924289877
0.0002600415963990993
0.0003554846038931001
0.00029951820153889877
0.000306974510754501
0.0003325293258976004
0.0002991546328672996
0.0003157420988946988
0.0002523039881075998
0.00030431875972829897
0.00028417047391710026
0.0002699474439635009
0.00031280092340399933
0.0003038872025392988
0.00024367127230819942
0.00032849927992029994
0.0002943407662936992
0.0002809630028894998
0.00024399674375420038
0.0003175327176759002
0.00029584211625030034
0.00025954198947339933
0.0002903801177081
0.0003086032754941997
0.00036038253036979953
0.0002827001100811997
0.00035595759529940055
0.0003306323036385006
0.0003308458867744002
0.00028798812651239895
0.0002745287726782005
0.0002746854998529995
0.00030863541056780006
0.00031494325557289947
0.00025733423251859955
0.00033278464081109953
0.00031130471909490004
0.0003249413488210992
0.00029037284325400016
0.0003351245651865998
0.0003453629378751995
0.0003823943904699995
0.0002983510255427004
0.00032830229898669905
0.0003220736206001988
0.00026662911565109894
0.00032816516416460037
0.0003237488770639011
0.0003154837837170011
0.0003015659430816008
0.00035426332281759954
0.00032193597123690056
0.00026636910526799985
0.00032619896902070025
0.0003031035653904002
0.00033402714761299884
0.00023360088279190082
0.00027579459722740056
0.0002941890444984989
0.0002839258918853997
0.0003175121596857011
0.0003476518311030987
0.00032486274479780024
0.00026654548620459913
0.00029669008152429996
0.0002845496521603
0.00022190360970590108
0.00026786937727390006
0.0002702124229466991
0.00030723665791959967
0.00029954656617129857
0.0003159915382229001
0.0003249602430722004
0.00026655701834719936
0.0003096431369486001
0.0003075630212552999
0.0003207221127747
0.0003389546404683995
0.0002641204825988997
0.00027787338480560024
0.00028614941318000006
0.0003474351018248993
0.0002579738079792008
0.00032110974266440044
0.0002468264268583008
0.0002886105853384998
0.00026760340278079997
0.00032429859776720096
0.00034147100147670015
0.0002908309315556995
0.0002873080860268003
0.000284465316782799
0.0002976208074258989
0.0002998999097859993
0.00032291871158360123
0.00032014032605640064
0.0002814379443123998
0.0002369720140525007
0.00029607015166219913
0.0002978956279054007
0.00034931137488769873
0.0002721971243545996
0.0002855657412987999
0.00034192012496249945
0.0003396530314371
0.00030405723222640124
0.00033299458771929996
0.0002680793300520994
0.000317848101558299
0.00030069848240669994
0.00028241096694399913
0.0002811504801588996
0.0003145941877898996
0.00027929878513930154
0.0002497180592976999
0.00034726563406609935
0.00026431982002060074
0.0002981807473732001
0.00026910363663679854
0.00036524308292919944
0.00033606439166659896
0.0003250674920868002
0.0002785913594960006
0.00027509082229390004
0.0002999677609968991
0.0002383969452077004
0.00030534491685879975
0.0003008915111183015
0.00028862367418120045
0.00035040379482479886
0.00037159049987219896
0.00024033499097239966
0.00030518432858170005
0.00028772825520420077
0.0003213708983600006
0.0002836123609103007
0.00022392148244909996
0.00030542272495409986
0.000292228816612599
0.00023759378418309988
0.0002760475854864993
0.0003432689032433992
0.0003412126912986004
0.00027246848770029995
0.0002928604540673001
0.0002918866363639007
0.0003199692944229997
0.00031365837409740027
0.0002816394457968007
0.00029757142877669986
0.00029533090205400084
0.00026212089983279965
0.0003183725787697985
0.00027936347752669996
0.0003000246279071996
0.00027167723208780005
0.0003424556958517011
0.0002656897751753002
0.00029430286724480004
0.0002886574696485001
0.0002871226213078011
0.0002655138446152998
0.0002842116406464
0.0002642796508473006
0.00028179528308729974
0.0003348141994052988
0.00027269664922969887
0.00028344485132899937
0.00031235210828520037
0.0003158806991815002
0.0003399794636651989
0.00023039161166269959
0.00026807284294840146
0.0003106695039185002
0.00030647447051839957
0.00031417479727509877
0.00030607890310549966
0.0003156524206564988
0.0002929339174457986
0.0003140163665737005
0.00034282422951100074
0.0002846251949791996
0.00025003043256809944
0.0002919496139071002
0.0002811205555679
0.0003487694137048001
0.00030406597712319926
0.00029364594797269897
0.0002650009821104013
0.00030179988827360067
0.0003238210648659999
0.00032250011206269927
0.00023242843709369958
0.00028502068328450057
0.000271564555046901
0.0002854959367072987
0.0003007815955487995
0.0003186640854296995
0.0003050088526117996
0.0002676542151987
0.00027346938602140075
0.0003196100740498007
0.00033509240239000017
0.00029999053659719895
0.000299632882433001
0.00029789162799449993
0.00036047364712290045
0.0002895195799541006
0.00028942762246340036
0.0002839871314660996
0.0002957795502699003
0.00028402915497430063
0.00036370207922379987
0.00030283890356819915
0.0002936036073286994
0.0003402355329682003
0.000304807158394
0.00031886071290949947
0.0003433201142926008
0.0002879784323570004
0.0002456669451786006
0.00030224274388209946
0.0003142512720343011
0.0002755495135411002
0.00027246851306940087
0.00028180079340560035
0.0003032328143078994
0.00023029050034430003
0.00031214976272690015
0.0003220774878412002
0.0002772140591817008
0.0003718888606799014
0.0002619507622063002
0.00033038549093269975
0.0002854725070446998
0.00026567581950360034
0.0002995021262162008
0.0003579689735324996
0.00029525965670569934
0.0003039338758856012
0.0002835794956569
0.00031642946936790046
0.00027217361959410054
0.0002936544879393009
0.0002778464859500996
0.00026866016559469984
0.0003080299412172999
0.0002973081322228
0.00026963163375960143
0.00029659957647139995
0.0002847160752766
0.0003200584612609997
0.0002935990854509001
0.0003292985314766999
0.0002242289867699001
0.0003040834005772989
0.00032667270204039985
0.00024247050742469932
0.0003052987990512998
0.00029349858197189917
0.000320350200567799
0.00023493041596849874
0.000331979827569601
0.0003195646002587989
0.00032515138976739986
0.0002557912769991996
0.00028233230270269943
0.00027047151136340083
0.0002720272422165014
0.0002648391008445005
0.00031851346660289985
0.00030447723926970045
0.00030564915194099956
0.0003192560877415991
0.0003365524890915992
0.00028258297286519983
0.0003078729546686001
0.00028267539520049866
0.000275640721750299
0.0003073161936136999
0.0003453410750162995
0.0002651872225539996
0.00031018948075929934
0.0003450264153601994
0.00033621642128530034
0.00036428096940050066
0.00026526598152249933
0.00031157243002970063
0.0002983479951962995
0.0002804465257935998
0.0002831104688921001
0.00025830374062680087
0.0002505692752084003
0.00029901981455180034
0.00030448897195320054
0.0003549312097897994
0.0003058136682181009
0.0003551042268884006
0.00032136029297910075
0.00031471334620439967
0.0002902795762484006
0.0002999264970079008
0.0002783117730571997
0.0002982664907899002
0.0002994906615128995
0.0003038933804760998
0.00028592919472440054
0.00025288327357939934
0.00028859835942850014
0.0002672513244991008
0.0003690532693584013
0.0003083390208897998
0.00026132887750149845
0.00029345819309340056
0.00031064383588570027
0.0003315962673356987
0.0003417642570157
0.00035647372903880106
0.0003315979551368996
0.0002990963718058001
0.00031668086288580075
0.00026283105472890006
0.00025247159352139933
0.0003124279725130012
0.0003709135230400007
0.00029690581085400035
0.0003369284001956997
0.0002966784050526007
0.00028450806168430105
0.00027950594675069974
0.0003607391991787001
0.00033886438356689995
0.00030337547617829974
0.00029494214531569987
0.0003404643001051009
0.00035451708008310025
0.00027402079687739896
0.00028432617178000136
0.00025770840099560016
0.0002897961434209992
0.00030509806043819976
0.0003092204167219996
0.0002607591595525996
0.0002784750994393008
0.00031801667671070045
0.0003048537388315002
0.0002977058773220003
0.00033342958103699943
0.0002838714470943006
0.0003437144008531009
0.0003240126261537992
0.0002637954996705001
0.0003206495614913995
0.00027035222823740095
0.00031803687004750003
0.00030165519633469987
0.0002935577030323995
0.00027262395686579975
0.00033500493363490015
0.0002921893589139992
0.00029296028317750064
0.0003217123020973992
0.00030187955838740024
0.00031083883916050055
0.00028985863428230077
0.00035082173864309923
0.00036250946573629893
0.00027744524957409866
0.0002737430343477988
0.00026181239661170023
0.00028242145757489956
0.00030998849194339984
0.0003716430893895995
0.00025108756754720074
0.00031922872121149977
0.0003218926851905994
0.0003127274479745989
0.00032796039826249977
0.0003082628339881998
0.0003020673136524994
0.0003238254306640997
0.00033276155534099974
0.00025232426714979876
0.0003147928197109011
0.0002931897972363994
0.0002879368721325007
0.00034994096013529936
0.00034824969739460053
0.00029130004347879997
0.0002823697264042
0.0003539521180661014
0.0002701341249315998
0.00029723480508989965
0.00027190861028019916
0.0003348346829321995
0.00031421165719019983
0.00028413882074850016
0.0002790445557884994
0.00032226712255680086
0.0002719258128420013
0.00022694230283430011
0.00031158156907980065
0.0003261302258410013
0.0002579411734645997
0.0003237455020130009
0.0002764267459174005
0.00028676617280379985
0.00024778636997729864
0.0003930897322063989
0.0002527998995373003
0.0003641254228496007
0.00028261737247869956
0.0003575342901320014
0.00031449064410450124
0.00032234094944499914
0.00029757564409980085
0.00029050930829939946
0.0003041250241924993
0.0003440894597110996
0.0002554153194561006
0.00027976916932929974
0.0002973719839206995
0.0003126356598900995
0.00030569427570189926
0.00027606697213670116
0.0002963120503564013
0.00032082290691689934
0.00030448335078249976
0.0003009563750239995
0.00027787386825599975
0.00029608481358220015
0.00026613545751810047
0.0002933966930755011
0.0002820480055617993
0.0002797511262464993
0.00033044934735369964
0.0003147945507240013
0.0002997042522980987
0.00024483701126200123
0.00029977241105169986
0.0002637036979828006
0.00037460431586260057
0.00031111790763239944
0.00022562293852440053
0.0003447677098660992
0.00022347718577910014
0.00026132128547160134
0.0002828571659327008
0.00033864519388649914
0.00032587220556859996
0.0002904226006328007
0.0002438405248774006
0.0003421795530357992
0.00030500270540819927
0.0003039695404297004
0.00031106559370989995
0.00025120355791690037
0.0003068488670420009
0.0002906286031269002
0.0002626510306884995
0.0002969319169521985
0.0002902353901535013
0.0002857070212875998
0.0002663778103460992
0.0002759905113425016
0.00037377761573759855
0.0002858627081247997
0.00024404456557830002
0.0003098936474981006
0.00030460044456380106
0.00034383413218679916
0.00034432807719729855
0.0002857244663252989
0.0002884216325946005
0.00032246834589099924
0.00027247436631410056
0.00029724834232140035
0.0002914940544469988
0.0002624649310264994
0.0002997086910201986
0.0003324009630430013
0.00029175378418089953
0.00029164714581099947
0.0003062973357962004
0.0003300811113831001
0.0003084873202758003
0.0002881761234204989
0.0003049938818185001
0.00025037572935399967
0.00028962547637910105
0.00031814241796549944
0.0002787399340971001
0.00025295541997080034
0.00026370975958609974
0.0002757891969291
0.0002844867291487002
0.00028251381012530004
0.0003038163629705999
0.00029923618711260105
0.00029315114007330036
0.00032105475837219954
0.00026309079172500034
0.0002977340059877008
0.00028551346351340066
0.0003633141434011
0.0003358514602677994
0.00031996402059999984
0.0002749134139463996
0.00030149756989829996
0.0003173548410864008
0.0003076562680672003
0.0002825113727521998
0.0003147667538699987
0.0003016095324426
0.00027248499550540026
0.000259951295931999
0.0002881350927912991
0.0003042351902122001
0.0002790107278605007
0.00026421317605140014
0.00029449330066280005
0.0002706016893867999
0.0003375812525127
0.00029331550928889984
0.0002941703306560007
0.0003241920862032
0.0002539480907803003
0.0003388867083065003
0.00029601759625639927
0.0002995932496341006
0.0002466600072760002
0.00026945901820219983
0.0003057601788779996
0.00024703642998859937
0.00035470945418060104
0.0003253285993930991
0.00027796543531520036
0.00029409528791260117
0.00031610245570470007
0.00025926145780630003
0.0002856694969262004
0.0002895151323481001
0.0003238664180859
0.0003749197954487013
0.0003016942306596996
0.0002621743258900012
0.00033703920447239986
0.0002733484738720003
0.0002972364444985016
0.00031041208963319966
0.00033557225107160027
0.0002996807599529999
0.0002595114662640001
0.000351130412569501
0.00028392890099770106
0.0002491261255753007
0.0003221521641591993
0.00023950783797509895
0.00027802752481030125
0.00028898674316640144
0.00030559192178639984
0.00033026780112960057
0.00024275687010849936
0.0002911334853905011
0.0002553826477939992
0.00030177388087409933
0.00026909596746560113
0.0003176288804663009
0.0002884514630590012
0.000254011839164299
0.0002979238520755996
0.0003524908533638002
0.00027526162894619954
0.00033135521283049994
0.00024285695820749909
0.0003176558503506007
0.000329392268815799
0.0003046757271596007
0.0003259224989498998
0.00031443833767809924
0.00037152619139720067
0.00029344003083160014
0.0002805376967037008
0.0003428993700509003
0.0002910293308198992
0.00035030060404929973
0.0003149340216895991
0.0002969271722191996
0.0003154962951189
0.00029128170869239904
0.0003331403000968007
0.00028068117416499977
0.00035320646750319935
0.0002716913472124993
0.0003061350011980008
0.00028997184556589853
0.00028454272904269995
0.00024097408962609965
0.0003082006340747005
0.00031716232159560015
0.00031691384105610003
0.0002980098140731007
0.00026486655745560153
0.00029740532964260026
0.00026233462010859937
0.00030232942676749856
0.0003396638337362992
0.0003152428622705001
0.0003121477126956009
0.0002789765116445013
0.0003171220012649009
0.0003190601287083993
0.00032684567776209913
0.0003478775370888004
0.0003048364067734996
0.0002541876091602998
0.0003237791564896994
0.0002764611482676
0.00028320764257109936
0.0002748510524760994
0.00032001762897580083
0.0002952640274133996
0.0003407827785953995
0.0003137255537693003
0.0002752504537827001
0.0002616691244041007
0.00031461863128209866
0.0003555110721771993
0.0003103751673924002
0.00027229968335880025
0.00032165174997159963
0.0003147953059815991
0.0003116190419410001
0.0002640544874165998
0.00034000016680250066
0.0003025309527155996
0.00031648095844559986
0.0002951250672648016
0.0002871498251129992
0.00025373177515289856
0.0003278353669167004
0.0003109817302589992
0.00024122700162980057
0.0002810362625669995
0.0002443058387124001
0.00031283700334910035
0.00030224956088529924
0.0002511866652111002
0.0002828404384933002
0.0003262452240630001
0.00032620073240599914
0.0003291731031863001
0.000289706920257201
0.0003041888520515998
0.0002950148382354009
0.00033897872425760027
0.00027576110966890006
0.00033263121576229855
0.0003862710250974004
0.0002941653851591987
0.0002810684681071006
0.00023205314726130154
0.0002738543200194992
0.00028356488433479987
0.0002769586101264987
0.0002688644639300998
0.00026103503592380013
0.0003387718863808002
0.00032653323912210097
0.0003101201086213
0.0003280437710556014
0.00027151240104210037
0.00036744265268259975
0.0002712877026852991
0.00030916374561430066
0.00032107204885470017
0.0002756239347217991
0.00034166889359069953
0.0003272437119596003
0.0002729845851939007
0.0002845892144047006
0.0002981332178971993
0.0003040598795538991
0.0003122124455565995
0.00025355465194729955
0.00026373655677309864
0.0002691862338150986
0.0003170929534104996
0.00029247025848909945
0.00030506743164940113
0.0003013986867503992
0.0002844056810839997
0.00027397089460389976
0.00030994915515239994
0.0002779005650587994
0.00028594374123870094
0.000314770049681801
0.00030527216938589993
0.0003042172508322012
0.00027423945624499915
0.0003089360629888009
0.0002857646904131997
0.0003219345559680002
0.00030808670138749925
0.00028196125922590014
0.0003116370369285991
0.000328346395413499
0.00035896591273610126
0.0002766723924499011
0.0003079405616403987
0.0003450004777297011
0.0002892847065697011
0.0003270746441392004
0.0003070176129439002
0.0003064946195790001
0.0003311656771385011
0.00029925104794069866
0.00029597221013080016
0.0002513961826603999
0.0002798505689069995
0.0003232865738716003
0.000313495328679499
0.0002919228471934005
0.00031772306263820084
0.0002802496738145005
0.00028249654654930074
0.0002948114570584994
0.00029931831557439975
0.0002486737699831012
0.0002197661553190993
0.00028067198241049987
0.00029704185736120076
0.00029718861017880016
0.0002745087356338001
0.000268418306609201
0.00030821900447739956
0.00021269498254010075
0.0002638367285286002
0.0003167309672597006
0.0003228221182892989
0.00035448450731499943
0.00033708480138910056
0.0002979520195411003
0.0002834513302508012
0.0003315943067027996
0.00030118629441910037
0.0003547936594969006
0.0003111834461000003
0.00027519365379450114
0.0002277193855358007
0.0003466541638939991
0.0003016246704086005
0.00028992234571140023
0.0003562642827246998
0.0002812889429740992
0.00028962989336010075
0.0002762697615391
0.00029398649824950024
0.0003069142042441998
0.0002884763404428
0.00024963936583780044
0.00030031784942829987
0.00031147985033940125
0.0003048537373125
0.00035407924889889995
0.00031645802557249934
0.00034395039148240117
0.00030570107589369955
0.0002906855875650996
0.0002641834173163996
0.0003267938499785985
0.00026647404774469974
0.0003126124736351002
0.0002696321582830001
0.0003086164842927997
0.00036298560461160007
0.00024444122418710093
0.0002808643356029001
0.0003337899588271992
0.0002945589046367998
0.0002651296084979996
0.0002992345101039996
0.0003076399890093
0.00030177454841039987
0.00029323236069219924
0.000331254904629201
0.000286463280786799
0.0002711654826712002
0.0002784152709989999
0.0002518041362707009
0.00028980864327760036
0.00030816530012459965
0.0002626170108524003
0.0003296529244229997
0.0002630654341204998
0.0002990368051061995
0.0003144495883910005
0.0003365496885659996
0.00025846689497719885
0.0002577899330142991
0.0003221616199930999
0.00032669886909850003
0.00030575381124210016
0.00024371373555349962
0.00027962739522010074
0.0003372614714526011
0.0002619607447856987
0.00029184267393249884
0.0003129787027251994
0.00027277358195470017
0.0002993836365999987
0.00027751593483160003
0.00029417611218649983
0.0002773836162669012
0.0002755421459619996
0.0002538401771318994
0.00028568806917069964
0.0002846680990672007
0.00029452460607760043
0.00029316901236410044
0.0002616353185889986
0.00027632753854859964
0.0002777179629488997
0.0003464763722202009
0.00032207127756539965
0.00031009680961480157
0.00023345901027639962
0.00026552056200529993
0.00022423737316210057
0.0002497610782044007
0.00027955321614860085
0.0003037602404531003
0.00033896740170080014
0.0003565797533496007
0.00030592757274379954
0.0002423030813636009
0.00025149054166130093
0.0002954566160015999
0.00032832681091890005
0.00034518797109620025
0.00032596838559469966
0.0002844246399976002
0.0003240389535489
0.0003098898438219002
0.00032319703006329983
0.0003320023370337998
0.0003237796638075989
0.0002871099702454992
0.00029190395264359903
0.00028495678526190005
0.00030592267644610066
0.00028693626499209923
0.0002884529425235
0.00029743754675760035
0.0003010601703263005
0.0003423436128583996
0.00034090290203380065
0.00032871625273470095
0.0003049014251880998
0.00023451844484010005
0.00031483585061169855
0.00026740587817140025
0.0002890794451049991
0.00030231923410540054
0.0002682140785672006
0.00030637908687410065
0.00032526928636670074
0.0003410306729406988
0.0003428560144178999
0.000296610201934
0.0002948585464131997
0.00032896941217679977
0.0003141501091346987
0.00029117295056539996
0.0002584237717032003
0.0003484399852531992
0.0003143997950122001
0.0003277730749510002
0.00030055401742899897
0.00034464851329569883
0.0003394780314050997
0.00029124681480059873
0.0003379986840762999
0.0003306421035957005
0.0002934772172816999
0.0002922031413589987
0.0002696475784437994
0.0002967443358653007
0.00025790557787440035
0.0002409584412481989
0.00029857796243199994
0.00027200361089950095
0.00027083555388929953
0.0003068916968276998
0.00028767881922979986
0.00030462631151190016
0.0003172004323505999
0.00037237035942259966
0.00032312844070020094
0.0003231732201088005
0.0002940177786012986
0.0002857143683711993
0.0002716497247276014
0.0002712025643830003
0.00029416609304069863
0.0002936600649970991
0.0003461794933128995
0.0003373186718717003
0.00030363158775599877
0.0003217769582407985
0.0002952512905893996
0.00029071581779079904
0.00024928677961550023
0.0003076468724949998
0.00028928938123149936
0.0002759143636287993
0.00033759664761840065
0.0002824828677912006
0.00029331843931990065
0.0003237463734929013
0.00028248819224209985
0.0003284966011843013
0.00030806535726479907
0.00029786660918000064
0.0003129145359590992
0.00031488746079240057
0.0003566523557277986
0.00032722696880890106
0.0003172585690191
0.0003161083836805013
0.00028735910323150066
0.00037912969254289865
0.0003173531556698011
0.0002925471080156006
0.0003034556996598988
0.0002980403596031002
0.00030212594845140106
0.00028816886913260106
0.00029750688277400093
0.00027709429008680037
0.00028128114881640146
0.00026118338667129905
0.00030714364674670064
0.0002684595860867993
0.00029703705554260003
0.0002998903412668001
0.0003471072256388992
0.0003247540598167002
0.0003472642471707005
0.0002670282567156998
0.0002760100796634999
0.00023751471163569945
0.0002794531244671994
0.00026631264972820125
0.0003177699465177989
0.00031386506882060024
0.00035098605713469906
0.00030780908204999964
0.0002470049317501999
0.00028476166281989936
0.0003018783958331009
0.00029275264889059953
0.00021296742006970092
0.00026892665830140043
0.0002910126476012992
0.0003267332823733999
0.00032888189049230104
0.0002960394759983012
0.00029344940888679887
0.0002916600721039001
0.00030981963994099887
0.0003160118446382011
0.00028037185982440066
0.00029755406889570013
0.0003224090415156009
0.0002899545776521989
0.0002755606593149995
0.00023462391044119964
0.0002944196696729011
0.0003551032380820999
0.00027638579838380056
0.00024220415787839893
0.0002853043980787992
0.00032564987676369887
0.000306619087792899
0.0002792820542839008
0.0003221816354675999
0.00032614345994709873
0.0003296672896674988
0.0003030470949056986
0.00029176984024570016
0.0002952962325923989
0.0002603989035768004
0.00022256654891339954
0.0002727517816859988
0.0003032160036432006
0.00032370360578699853
0.0002977622583841006
0.00034075773203399995
0.0003497023801769996
0.00033669341699560026
0.00030410067861709987
0.00030225907709379926
0.0003392885190458012
0.00029826282053370054
0.00033553531879999994
0.00030607196308689993
0.00032096511237819994
0.0002721247626305996
0.00025912811511830114
0.00032451237172840056
0.00028298441800179985
0.0002887807723276001
0.00027873022009410053
0.0003067502328303988
0.0003360300152125007
0.00024742035499500034
0.00027641466782139974
0.0003103833037336988
0.00029766100853340083
0.0002750124999490993
0.0003263115782266013
0.00026077455906500097
0.0002954546673658992
0.0002896463145424001
0.00024990812980360023
0.0002993600240695001
0.0002804413675699998
0.0003058158475493008
0.000299726691977701
0.0002395054906177002
0.00026629664921899894
0.00028956980845989966
0.00027852684739080105
0.0003059006013259001
0.00030941766932249953
0.00026912985419380066
0.0003150227297215001
0.0002955647819285999
0.00028166621100580123
0.00033444084225220036
0.00024101633302870025
0.00026106493685730016
0.0002795835839203998
0.00026387091737749974
0.0002650687746001013
0.000274637186225701
0.00028841415332840105
0.00032212990223419967
0.0003179002894527997
0.0002591887157813999
0.0002859688982560001
0.00036395843053120026
0.00026283847636240053
0.00030165846952999974
0.00026873527979680116
0.00034712600463160034
0.00033282991383389894
0.000265553764331199
0.0003027603615945
0.0002855280266082002
0.0003570097223957007
0.00028137483356849985
0.0002861839563032993
0.0002987671183097007
0.00031547469780229993
0.00029983769925269986
0.00033269220657790137
0.00030713738272250025
0.00029766571693140044
0.00028677479184959984
0.0002856881633016995
0.0003278815278209002
0.0003417067378577998
0.0003296568387278001
0.00023585412915499981
0.00027994850097710043
0.0002589690247816988
0.00029776836452429997
0.00028600938861620025
0.0003361870756721005
0.00026312029265330127
0.0002946014066268002
0.00032393855481629985
0.00035227578832919965
0.00037554817417639885
0.00034902801991140014
0.00028043083124129967
0.00026965768234090033
0.0002426102761172999
0.0003378040679874999
0.0003159390905101006
0.00027626494003779936
0.0002881784370483004
0.00031502171435190095
0.00030015602758770056
0.0002876044257417998
0.0003147851636236994
0.0003133793785583001
0.0003312055198097987
0.0003338597415629002
0.0003135664183636991
0.00034925983465429987
0.00028786482633660036
0.0003155968982961003
0.0003540087927341
0.00031316923064710067
0.00035210784203030046
0.00025799874838300027
0.00030314674233779954
0.00032941592553020066
0.0002977404235940985
0.00032571863680069986
0.0002787607343282001
0.0003130688833565005
0.00027646751877789984
0.00029625607091060026
0.00029906707542260054
0.0003005890507802988
0.00020744109753140054
0.0002950383877857992
0.00027455889781609864
0.00028043921554670066
0.00026751810212690026
0.0003100848429214986
0.0002959784880049998
0.0003048213344596998
0.00024106032014469848
0.00028711463510420164
0.0002474306346263999
0.00020954897228729966
0.0003054601654812004
0.0003170215174764998
0.00028623433216450056
0.00031623576902839977
0.00027249908440669934
0.0003062553799071995
0.00027567770468189985
0.0002876504047346993
0.0002866534102396994
0.0002669756391519996
0.0003407731900819007
0.00031575147913820087
