0.00016437644314089978
0.0002524024759647005
0.0003431755544248023
0.0001538012913319016
0.0002629627823878995
0.00028952519953720154
0.00026724421240310187
0.0001360763114597978
0.00011176500448210197
0.00020057538264070182
0.0002140646532129975
0.0003191788929088994
0.00013820138070429894
0.00041507628080370007
0.00023122735975620104
0.0001237444970618
0.0003875818037760992
0.0002134250616315017
0.00011085097130289837
0.00015230974346490053
0.0003013911348484985
0.0002108630814137008
0.0003072749698987999
0.0001869662381586007
0.0002054225173145005
0.0002430943239896989
0.00021384897491660143
0.0001527075629178011
0.00019042456689449816
9.733859182339821e-5
0.00022806938908009888
0.0002952752482202996
0.00017335329918689857
0.00013532861525719989
0.00018979853618949702
0.00013678869310690053
0.00025190578011350176
0.00020896792721949997
0.00022898788797789948
0.00017840760517289986
0.00023581632287600005
0.0002524849704796002
0.0002667184635829975
0.00019743887634840127
0.00014888017321310065
0.00020854611104220017
0.00030032782619539983
0.00011790689924810055
0.0003750660958543005
0.00024351016346089993
0.00019967952060929994
0.00021877393541199983
0.00019593920945890075
0.00011571041442740015
0.0002112389977434008
0.0001609384774861021
0.0003294541576563982
0.00020310095123150101
0.00013821111805729924
0.000286438350564501
0.00021665455564629996
0.00027084001841609986
0.00025643001975849886
0.0001226773998328004
0.0002356084851580023
0.00023607841598240198
0.00018056475902640187
0.00027331091564559984
0.00022543903355180112
0.00018472803652679753
0.0001868256433508013
0.0002518164744150994
0.0003776888386431976
0.00013079396232370047
0.00017022106460790054
0.0003683727398204016
0.0001535517286524006
0.00025238598570649987
0.0002988081459525012
0.0001810412879307971
0.00019801672306840254
0.00018984307249260077
0.0001426683935970008
0.00029498228117079764
0.00019493497952870198
0.00015428108574500055
0.00024397176311940008
0.0005052214655399019
0.0002966407260825976
0.00027322920579790286
0.00016063198335480172
0.0001654138890621014
0.00027706745272609856
0.00018382223622080002
0.00015510998008690102
0.00029990592384060086
0.00014262068191980143
0.0002703512663750976
0.00018219689354739832
0.0002681761903893
0.0002563076794826029
0.00019428920726380014
0.00018730000145119816
0.000320753606518797
0.0003173512263898032
0.00022680240601050117
0.0002747034235743018
0.00012398011644380175
0.0001577543060428989
0.00019749506033159975
0.00023424232414870003
0.0002165509068098974
0.00018995420827450094
0.00024702897054810005
0.00026746330859589787
0.00011904858565529863
0.00027630591548830075
0.0001597476751415
0.00014662625616959982
8.141245474119901e-5
0.0002492245470352983
0.00021792710153640052
8.02470712800013e-5
0.0001766571135430016
0.0003613502569686025
0.000361681259088701
0.0003211568013795005
0.0001394166797530974
0.00035002992967530025
0.00024602312438879934
0.00024142688217770186
0.0002687364630435986
0.00024300401432560126
4.968084581139995e-5
0.00023139585596779894
0.00032086772250300086
0.00022992361936020195
0.0003119160819928003
0.00031132873532619884
0.00022241858604599846
0.00030012094535989894
0.0002991698088344978
0.00020765521287659933
0.00017517175874769836
0.0001567540593618022
0.0001598193519321972
0.00022934824275400167
0.0002038362035155991
0.00024049037576289942
0.0002992860697654011
0.0001555385916605992
0.00019762597387030026
0.0002245136910501988
0.0001639076221660006
0.0002561690928421026
0.0002213192211681994
0.00021230346027240055
0.0001251741997282986
0.0003250130387401004
0.00015883953104000106
0.00016994118623899976
0.00023405864621109732
0.0003243817733226996
0.0001825238931984982
0.0002790641990846991
0.0002550533485678984
0.0002914011432951988
0.00046494512940849914
0.000198168359442797
0.00016787213438690038
0.00018393385925969882
0.0002549783362447988
0.00032599370824040047
0.00018324480492210027
0.00018052979563660046
0.00014236904835950026
0.0002632485322069007
0.00023546849739050288
0.00024618670547850094
0.00022935630969580026
0.0003404416804912991
0.000286837366917498
0.00013515853430249788
0.00027458865674189967
0.0002265086828843986
0.00027920175557000215
0.000253863729164
0.00013687466083439973
0.0002564877570992996
8.040357826399891e-5
0.0002568213470857013
0.00012431501142550275
0.00026986251775809947
0.000323211821472099
0.0003616442472714025
8.559558847509932e-5
0.00017677126941939916
0.0001642623132541987
0.0003110867462332023
0.00019932224047910022
0.00017921379275289903
0.0002322459587109013
0.0002633000234131995
0.00020659583090710046
0.0002935281451344994
0.00020860872320909926
0.0001515937290722004
0.00015227777968240125
0.00035744581794330127
0.00021806648316649926
5.978182916470051e-5
0.0002999792281935011
0.00019503359517610008
0.0002417357930777006
0.00022275454260830066
0.00023251742563220115
0.0002269275573186999
0.0002289326542746009
0.00024667123144849964
0.0001578486128571005
0.00025263873584380203
0.00026036837148309816
0.0002848448166750013
0.00017486725291659955
0.00020199668370069965
0.0002201373879319006
0.0003070409322992011
0.00015242140457990064
0.00027549222682399926
0.0002927852599428002
0.0003479157117695017
0.0002489223690162988
0.00018626071580779904
0.00021979403494460162
0.00022759671348919833
0.00022730060767110066
0.00016796290141659828
0.00016078806649119995
0.00023054006777879776
0.00020742716757360044
8.143384634829928e-5
0.0001878438340129976
0.00016461729961349952
0.0001647681936191997
0.00018887633964709966
0.00021221964054030096
0.00019979225186509894
0.00022158889827859907
0.0001954075444068025
0.00011042704376119927
0.00017201313938689997
0.0002770250055933003
0.0001568312580966999
0.00024752410112170026
0.00019110604227700126
0.00019299620186800232
0.00014102208018130016
9.878444787450244e-5
0.00015691291485510003
0.00015596552318210277
0.00018320115901390016
0.00020702364618530034
0.0002842335828561991
0.00016102048977300124
0.0002851288937536986
0.00023830202727660038
0.0002317156124524017
0.0003046105839039012
0.00020060600799619993
0.00016029312051979785
0.0002044419309218011
0.00024301466368049918
0.0002835164956431005
0.00013490156731620073
0.00010742099538179825
0.00018390776174619788
0.00011195797083499853
0.00014944182337440007
0.0002853733451084993
0.00021117363339309692
0.0002466217956424016
0.00034178034818959854
0.00018000823591469983
0.0004903603295207982
0.00017704545923780124
6.69789838941004e-5
0.0003166545407985999
0.000433474593656398
0.0002039246735765013
0.00010836233621790148
0.00023159743394420007
0.00037502247781759715
0.0002932647820192008
6.415666584790036e-5
0.00028127756159459713
0.00032541809887580084
0.00020915580077780077
0.0003171963452597987
0.00023109478210539894
0.0002301489900868002
0.00013161985253270017
0.00039175487934580214
0.00020672197054219868
0.00019230336396740266
0.0002683248391310983
0.00019679156888290084
0.00019148349874750087
0.0002577981551949021
0.0001657782185582983
0.0002452165576071995
0.0003111381668744022
0.00038524583000330154
0.00026306936649819757
0.00026136220184769937
3.0465342264199974e-5
0.00023158339022310084
0.00010544595134150125
0.00026922350393920186
0.00030668338730930125
0.00013223243833639792
0.0001661201288087992
0.0003370635411652015
0.00022226132015509825
0.00023387554479039827
0.00019252080551029893
0.0002381694608494002
0.00027359092717419917
0.00042545926000060047
0.000217830872054698
0.00020985123642109846
0.0003930785076750008
0.0002228090886963012
0.00016166432481029905
0.00018909564064180026
0.00018558017015739975
0.00020245558556499996
0.0001835454881089979
0.00021952315029409933
0.0002639349177719977
0.00026346281117950107
0.00018853930009870082
0.00014684913191470236
0.00017154047116340124
0.00021511767460110146
0.0002994891975412993
0.0002496401944059
0.00017631159548020178
0.00027932667555670074
0.00020736195176850047
0.00015925502404149847
0.00027774433037600077
0.0001989744901493007
0.00028596646916640225
0.00023649059725030022
0.00022681687942519707
0.00011888892224769937
0.0001953314172294003
0.00017000498377110068
0.0002537152583922987
0.00012962956248470034
0.00023185146626120146
0.00023785416600280093
0.0001722680516401988
0.0003908170554344989
0.0001498870975717992
0.00016739098042579947
0.00022596978171959825
0.0002948849622011994
0.0002558253885799021
0.0003141536397920988
0.00022923988668229964
0.0004636542516174985
0.0003122745099043006
0.00016207060152829966
0.0002209471622637016
0.00022906289729010196
0.0002614328868401003
0.0002634143289776021
0.00025179022671220283
0.0003305199726188028
0.00019769081064510002
0.00013469149940679992
9.521510535490108e-5
0.00023240721717189897
0.0004504217198220972
0.00025309637883770206
0.00024275897606719846
0.00027351406349560015
0.00038047864866300185
0.00028066720244019835
0.00022153655686989876
0.0001546517544919017
0.0003313263530409019
0.0005607113241784013
0.00014386742668599795
0.0003853052898744984
0.0001640038739631998
0.00022659027941919832
0.00022406890852089828
0.0001521630481885021
0.00023351133426890297
0.00023994941728200034
0.00016955150570350033
0.00044192820761610255
0.00018713729249989972
0.00025417166150300263
0.00011903229363999929
0.000323767313129799
0.0001530817555785019
0.00016241260676400082
0.0003521253709104985
0.0002412467486625977
0.00019246959169049935
0.00028085161817430204
0.00019257568705019837
0.00019949454205489894
0.00029911581546889984
0.00019209502698160075
0.00021187037611839973
0.00011181958269869743
0.00030891695078109904
0.0002500340757960011
0.00016740577685510002
0.00014931145900079837
0.00021012355281049833
0.00026991749050480143
0.00018593510888879894
0.00022055400690999816
0.00035418286206460176
0.0003780067189672019
0.00019696680028330124
0.00023495137887600062
0.0002748877868208009
0.00024287147996629802
0.00035861764035849744
0.0002410969049427003
0.0003803134863552028
0.0003893297855038988
0.00021685370891420114
0.00031555359634799843
7.338537910390325e-5
0.0003027815194828025
0.0002761202576433003
0.00014669291977560325
0.00034041774498390007
0.00022497838227139924
0.00014342249822549974
0.00013731185536220228
0.00012257153517360175
0.00023506457300720082
6.31708814816008e-5
0.00027457633185819924
0.00019971595622509872
0.00021586653666209876
0.0003084022853348002
0.0001761104406925
0.00024124444203069834
0.00025416875093400154
0.00027679331353809913
0.0002714215726875996
0.00015094023573290066
0.0004400342824348001
0.0002599380054913031
0.00014235873267360102
0.0004067907846444993
9.242483765609794e-5
0.00022998362426459792
0.00029071179204500155
0.00021107435527679963
0.0002371751519806009
0.0002533631733196984
0.00013791337558569788
0.00019610376129640048
0.00031434418476350076
0.0002622731554514021
0.00023493241311449767
0.0002165486926291975
0.0001942069693653993
0.00029045665590709743
8.387877675089875e-5
0.00030442383315749943
0.0001388830021765014
0.00022403780721980127
0.00025449674938949826
0.00018571216545430064
0.00028599256606320206
0.0001761408636662999
0.00013294831634640125
0.00025675038070940154
0.00013283510102440194
0.00027090090831989946
0.0001727298943264982
0.0003403131176785007
0.00030668590149479993
0.00019047757259340117
0.00017270965986889916
0.00014580190549140157
0.0001937500776594027
0.00011676140039509897
0.00026562475789300086
0.00023344282763120006
0.00027220572879869953
0.00018927278132609832
0.00022683876466170205
0.00018887489793889892
0.0003701768848800996
0.00028010269365870075
0.0002121153070316975
0.00019057816508340208
0.00021987386801569989
0.0003045663084666021
0.00019684417720910313
0.00016657501624060128
0.00024562154646439946
0.0001921752030288014
0.00027404344491430144
0.0001623684997702976
0.00017197778568190172
0.0001873146403557971
0.0004287748404264019
0.00018981660246039991
0.00017773273808240064
0.00019570300503990098
0.00018054648504840093
0.0001270631822656021
0.00023932623980209983
0.0002291104183606979
0.0001669791748452991
0.00021394155267289924
0.00021225231647549817
0.00026795433655710243
0.00024665421452970196
0.00011480355066929848
0.00024178510202700274
0.00018342833094819877
0.00029861840830289893
0.00016243264735460103
0.00017759609068069768
0.0002575528824110031
0.0002023188649769997
0.00019491485111940154
0.00034163277091210295
0.00014376232971210004
0.00013254024071909787
0.00013397503573250175
0.00018905754628009697
0.00020608419392730004
0.00015378053038930112
0.00020953745621389921
0.0001514210519953027
0.00031422466982530123
0.00019817313817410004
6.896352943040057e-5
0.00024230372509610049
0.0002300743815583997
0.00017557583479699962
0.0002082247911742996
0.0002472675154129994
0.0003637788930258984
0.0002867591269059
0.0003098753996309024
0.0003172373955711988
0.00011726359162270161
0.0002771239930140987
0.00029677264053709976
0.00020886269806739965
0.0005695684630644023
0.0002428365184285984
0.0002357894997987997
0.00041999549134629985
0.00028223750066319955
0.0002249463425536974
0.00036214799806909975
0.00022723134383889967
0.00027513299556189766
0.00018874619404640053
0.0002705358548992995
0.0002563197199018999
0.0004066201068783984
0.00023717413006900043
0.00017792653061730196
0.0002735805306082993
0.00025154608331579703
0.00021088053457449935
0.0003173044331797985
0.0003121319391312001
0.00030612947227839915
0.0001274322739984006
0.00028788329017440106
0.0002025852791186014
0.00023386699205819872
0.0002444115855784017
0.00022829522103139793
0.00025205849814159687
0.000264655819596199
0.00016752810028480142
0.0002844397930405994
0.000158862924856
0.0001549573962176011
0.00030057453154639854
0.00023057908737840124
0.00015225121615109957
0.0003187091976668971
0.00023689125303810038
0.00020942536523750263
0.0001663469650258001
0.0002466168020817984
0.0001723273428738993
9.72822641947986e-5
0.00017768633634479905
0.00025240008326440216
0.0002263338506859995
0.00016414685170840215
0.00027074844322899985
0.00022388414093340095
0.00016811831348180137
0.00022863531302630066
0.00022799425996189795
0.00030603055752579864
0.0003025444744266005
0.00022926879504839986
0.0003166673025041984
0.0002298836093160006
0.00021417800977379872
0.0001838630049210005
0.00021315371526119814
0.0002506747507027979
0.00026144563547979977
0.0002378978191591996
0.00023359821966060026
0.00014213386200699965
0.0002867974082811989
0.00022545541829969984
0.00016717811138130048
0.0001617483810548992
0.0003164901333896977
0.0001378088499322007
0.0002899121583242008
0.00029128841691929835
0.00026104666637100093
0.0002972804567923995
0.00020767214382429872
0.00019079426402059813
0.00040183008381569976
0.00021296795423279835
0.00037257852582979825
0.00020022865886360278
0.00018806921612140107
0.0001805083062639025
0.00022662270285480138
0.00013737504910870182
0.0003679565084762984
0.00010420352821919818
0.00013304402935620033
0.0002802887625624993
0.0002203627499379017
0.00018099466703349817
0.00025938029720959724
0.0004642671285887967
0.0002752958066712004
0.00037354949966420317
0.000208969179846398
0.0002686027536583993
0.0001727113198247976
0.0004254505784936982
0.00019676007442779794
0.00023533380996419717
0.0003103778727036009
0.000304494648981201
0.00016144009233360138
0.00020963751766849698
0.0002567664947384016
0.0002833426597698002
0.0002467925842589008
0.00016299613935890148
0.00011095097418750005
0.00018893294846539926
0.00014877863442309958
0.00017456856820299849
0.0002066862883462993
0.0003389467890876005
0.00024316051991800022
0.0002590327390913985
0.00023123309066139935
0.0003740484661112001
0.00022922910251199982
0.0001855391977214002
0.0002955989775366985
0.00021486200879910003
0.00025184117790210195
0.0001490440201745019
0.0002133944097858012
0.000233333010121399
0.0004369150594435989
0.00020287249101379884
0.00028788728363739885
0.0002547252217313979
0.00022316680574810052
