0.0496625454258845
0.0495215056353101
0.0532065938102915
0.0511765089341245
0.048135050700435
0.0505101899950117
0.0467016800838437
0.0482095648588957
0.0523023756423323
0.0514183807277581
0.0480607484776182
0.0523163050676261
0.0485069714916695
0.0486992691848828
0.0529779950537067
0.050153106227699
0.0483023291574012
0.0458441801604135
0.0541593000399502
0.0482934754782867
0.0526205260303326
0.0473907882451131
0.0500729472516083
0.0516668973597337
0.0519702477655988
0.0469326793183967
0.0499835892334182
0.050816205360913
0.0500269843882593
0.0532114238981369
0.0524579221109635
0.0479709983219468
0.0478698334675949
0.0488127700295421
0.0488796408217606
0.0515233525571397
0.0499493176815595
0.0547437997918197
0.0496460634168127
0.0495573925341758
0.0520722371766555
0.0525093896089177
0.0499948307922391
0.0514208821344658
0.0503235112488308
0.0491268131079964
0.0483218572906011
0.0453338395700495
0.0470096803173184
0.0504617648934286
0.053211495948067
0.0482226932463689
0.0450586139854437
0.0485440025165428
0.0494745294296667
0.047646218502356
0.0535410101311658
0.0487883703465047
0.0516237276534262
0.0513216188935571
0.0508960564773241
0.0509231418375926
0.0496901814324554
0.0531908106742176
0.0514106160138185
0.0468519561751709
0.0512934288145078
0.0477634983195214
0.0507710099060171
0.0453826299839004
0.049260000506776
0.0486807676570768
0.0511394764733359
0.0480184423461987
0.0485005337530943
0.0507407142973416
0.0515021897212644
0.048492032161158
0.0487621274160597
0.0477997776393196
0.0496840577652654
0.0520734435452355
0.0537027831982859
0.0471669510260583
0.052524521406271
0.051321509162011
0.0507656792861863
0.0531341809344028
0.0501966039453964
0.0476453756945811
0.0525891491744162
0.0489092604367891
0.0534888664000087
0.0517200013052819
0.0473560967421523
0.0527435659429243
0.04591973944413
0.0513864575803385
0.0522371836463898
0.0520699248735828
0.0489336767369889
0.0532868521981042
0.0478104161262354
0.0544023733174264
0.0494367187413312
0.0501148125474883
0.0513357253963331
0.0482236694254325
0.0491829329688369
0.0479485342563921
0.0486696002525072
0.05013553554355
0.0501877290817664
0.0458447594143471
0.0524354923562172
0.0522545839711289
0.0535478221554668
0.0490562094363928
0.0516187530395948
0.049887480528476
0.0479638494254038
0.0486145710631367
0.0499978314486483
0.0487244068812061
0.050039318431739
0.04912504950658
0.0473008103691343
0.0468701169827756
0.053192017560692
0.0503079292564616
0.0529463524660382
0.0484711511306984
0.0477820678462849
0.0544224492736968
0.0486690785462072
0.0518753787040411
0.051994660822752
0.0523556661231953
0.0502704272544704
0.0521653719049149
0.049769354632768
0.0473042330531174
0.0495353676544327
0.0474609985261146
0.0514897781381359
0.050631035390206
0.0460387212624847
0.0493221068924673
0.049647514588099
0.050497004310723
0.0515909977933797
0.0546073809413012
0.0494108158647138
0.0515267437895001
0.0492057682993728
0.0494682611536116
0.0535090301869871
0.0486308983575985
0.0496465489226372
0.0513166455639079
0.0501164471755945
0.0503545482445206
0.0465854468465481
0.0480015895772569
0.0473482406113429
0.0510216856452596
0.050250866613509
0.0525842754795942
0.0510189864823038
0.0475970913904554
0.0485417269933901
0.048239633944397
0.0475388515633502
0.0519739509039305
0.0512905534407377
0.0484909981339196
0.0517506315272565
0.0536527012735655
0.0480008922197533
0.0482841777208418
0.046277051844343
0.050554130346776
0.0499431275229637
0.0491844557093621
0.0493278261712831
0.049722469547576
0.0510945130525495
0.0520801916682122
0.0511103910857781
0.0491415563286951
0.0525460871334439
0.0498042690024769
0.0482444248726062
0.0497770544818169
0.0529364259899538
0.0507582904592002
0.0503040562733456
0.0496349182065215
0.0496226997776796
0.0473353082168846
0.0473172670093589
0.0497282480582049
0.0501112254249019
0.047955765594765
0.0504235795314898
0.0520873777678321
0.0483144189850407
0.04957748182703
0.049354430493765
0.048613683873962
0.0485923456918524
0.0496316109417286
0.0520267554816048
0.0478312447103447
0.049654487694282
0.0484635122628406
0.0499018936166081
0.0502324513071819
0.0503241501023613
0.0470878347752378
0.0521520836965411
0.0483371005594283
0.0492637944731527
0.0526883354834228
0.0488592435433847
0.0517991624062383
0.0495066987437158
0.0487068200644993
0.053485833650947
0.0478392411504779
0.0516514418260358
0.0482904749021105
0.0528011426327637
0.0525090520632657
0.0476803138416164
0.0508006943836883
0.0538126999567635
0.0495201238548974
0.0486293021092309
0.0529402570938423
0.0473856765065832
0.0504695355777166
0.048704381388963
0.0517023894897133
0.0522067422391638
0.0509768210264062
0.050530429228093
0.0523911431058253
0.0466927300389813
0.0472074980280762
0.0493500850960983
0.0513198473851552
0.0477792912913343
0.0478429256401687
0.0482396859668471
0.0526112643101632
0.0487094823069992
0.0492267506375824
0.0569659049575082
0.0519794298579447
0.0476257772149901
0.0547850266233464
0.0482644386938161
0.0473259391685436
0.0507381460070883
0.0511919938780771
0.050919505087542
0.0484521350852386
0.0504962736876595
0.047449841563879
0.0491529634374121
0.0520054265083418
0.0490874190145676
0.0533817716619857
0.0493269976929793
0.0498281340265967
0.0504537648320081
0.0520497308186175
0.0481657104486879
0.0473030008889584
0.0524024749900326
0.0486206344360977
0.0510594234787513
0.0477767384649096
0.0511669558467575
0.0449383033514753
0.0491181982978662
0.0499893212668523
0.0461247136060705
0.0477066296643153
0.0505715262130356
0.0517222082440544
0.0514587066371463
0.0499922836747021
0.0505705568242034
0.0505411810676244
0.047754515073342
0.052179080562114
0.0506174201264826
0.0511077320426577
0.0500181803293104
0.0526158611063377
0.0469933381763787
0.0500314795018593
0.0481536316862831
0.0489186898724623
0.0491468370648927
0.0495700376564572
0.0443763054226596
0.0485739787984618
0.0478675534074464
0.0497776102789336
0.0502922527026964
0.0544772612858692
0.0467671488625722
0.0542115540197742
0.0481941193548775
0.0487633962547117
0.0483009435464999
0.0534662445715033
0.0574040220025985
0.0494559264518867
0.0475630683453904
0.0505848053179196
0.0510922299633965
0.0515045340423002
0.0489575085840587
0.0527157222271031
0.0473204928936784
0.0499505138352876
0.0555001140807156
0.0517426713247458
0.0511576197528093
0.0500490872246577
0.0497564915988322
0.0491655036808669
0.0491851972224954
0.0512297916070648
0.0510431055645354
0.0485460742883103
0.0497107396009836
0.0486954622661096
0.0473915130790347
0.051316590723568
0.0537441489607957
0.0505585433765323
0.0502869805246079
0.0500354952509997
0.0474748420210904
0.0472677546753734
0.0488822083700412
0.0497220312854693
0.0547510273915689
0.0491347560797904
0.0464193190123325
0.0505774010054884
0.0505133241525042
0.0506674939111436
0.0512669428936035
0.0493841353155704
0.0516340502424768
0.049847765865912
0.0573463008795673
0.0477987043215298
0.0529113158507078
0.0532646281312126
0.0492423271999997
0.0530661104666214
0.0469265771742906
0.0501036824823598
0.0489509537741127
0.0528911468551136
0.053634530011557
0.0511796019544329
0.0458256913221107
0.0486335744813307
0.04846805635959
0.0562462403277602
0.0474803871683893
0.0494165226193693
0.0511904692625258
0.0524903067332376
0.053792520387683
0.0500504843393517
0.0477211517125103
0.04816647572009
0.0512643488001057
0.0489855872950919
0.0529887125153132
0.0500451155658967
0.0484006680008421
0.054476927172389
0.0527275018853532
0.0502972845292358
0.0512409705064207
0.051696172287663
0.0534421399532728
0.0490855614001849
0.0482413066041603
0.0507574544609368
0.0472204254635489
0.0520760412912463
0.0516391519766909
0.0462470079206952
0.0486083194016087
0.045588460323251
0.0469605762902514
0.0485990679666697
0.0514572770332409
0.0536566703867055
0.0511857574061389
0.04830993679126
0.0506495816735434
0.0506290128367441
0.0465237377679888
0.0520043151097294
0.0496913437121454
0.0477165275985558
0.0488084223046846
0.0498153785049656
0.0490347525743472
0.0528523345566427
0.0480465194853374
0.0496700850698082
0.0488746293939515
0.051831555242636
0.0495754252577281
0.049917786005643
0.0493376697359559
0.0487147317734158
0.0532375719313484
0.0491967407951117
0.0504780133097801
0.0491671992224294
0.0491996822779952
0.0484632697851245
0.0476077833526291
0.0501089872354651
0.0490078379161158
0.0507174006769961
0.0480089742921499
0.0497530985071552
0.0469253575590209
0.0465070697390292
0.0481652381133174
0.0514921585678224
0.0490321357394716
0.0500373621792262
0.0464844709964411
0.0466452797523805
0.0488983209984968
0.0536384943436309
0.0516541122322529
0.0491149417540311
0.0484010587586963
0.0543033811404461
0.0469514274291534
0.0467073988793483
0.0484494890439433
0.0529119662077491
0.0507081529804881
0.0508701931124019
0.0496649277478717
0.0486670671248665
0.049006014483106
0.0505223067830121
0.0533593780195966
0.0509169523761213
0.0510457826882327
0.0527974724600399
0.0473476262299589
0.0495949870868173
0.0510944350286751
0.0465682122511551
0.0503968400655481
0.0531696734492377
0.0483922637929527
0.0496432049925856
0.0525727154178239
0.0512662413189171
0.0531456317736748
0.0544232392335987
0.0522853223909299
0.0512350329923029
0.0465611842850936
0.0528659508020143
0.0479470058623626
0.0516976391629226
0.0573224477497979
0.0503612617374008
0.0478275356532428
0.0535812323627398
0.0487192104387711
0.0481251149715868
0.0495833763345962
0.0508756455731115
0.0520066428320342
0.0490084441512122
0.0484308751193327
0.0511266091778677
0.0480811429896496
0.0485329498197332
0.0499088308190984
0.050496152958887
0.0518310339007742
0.050488894214261
0.0517618786582441
0.0492153853128325
0.0483492664645818
0.0514056129424652
0.051937052272162
0.0498304430334035
0.0504568658196497
0.0522755247302376
0.0469076608275853
0.0518220882952497
0.0490271475434287
0.0492215066249622
0.0500710154667601
0.0510843804459721
0.0482631216912257
0.0488079585241649
0.0500028358188279
0.0498170090366957
0.0519648780305097
0.0491657428451389
0.0490605655419749
0.0521873897934945
0.0497752231124515
0.0488544208874426
0.0498206060153082
0.0480353121717574
0.0493248694642274
0.0499820597474411
0.0508437353148372
0.0486748738057134
0.0519421781526698
0.0535975819538431
0.0472749617826438
0.0503799753385012
0.0526801219999323
0.0479119904432534
0.0491807541552042
0.0482641690608899
0.0538535213639688
0.0496892506566862
0.0505738991335343
0.0525953451580431
0.0485473466227376
0.0506018775077723
0.0510873094150617
0.0507889891165592
0.0489277891135197
0.0518919425752877
0.0475086757227397
0.0473576892849846
0.0496086667878876
0.0467905700627373
0.0501715729038193
0.0499643307003415
0.0474831679418224
0.0498734315893877
0.0509747849393911
0.0511887427234723
0.0509587257257626
0.0516762429620411
0.0527019271658965
0.0486597421204579
0.0501488379766104
0.04888781632267
0.0484172056713483
0.0491964000392638
0.0498487976804051
0.0494363242011331
0.0502732972145881
0.0533313149604734
0.0497678655717
0.0488166251192086
0.0499808689884412
0.050618780235084
0.0493332575097515
0.0458351841813422
0.0497537642487857
0.0494135489949552
0.0480234350027937
0.0471722261418077
0.0513275263440144
0.0508548120500404
0.0495141741362589
0.0493523154414246
0.0502769551299384
0.0512394524614691
0.0456536416530637
0.0487824860415921
0.0482783607892419
0.0481572058832786
0.0510086168546341
0.0511375563756385
0.049705430880965
0.0540335900524111
0.0515269174877893
0.0522695535165178
0.0507003821486927
0.0467192579012337
0.0477770491972092
0.0523586203054048
0.0522528052732181
0.0523648003160911
0.0461247786431026
0.0491444269671917
0.0483518147568694
0.051144712600774
0.0485990370947772
0.0492000490054267
0.0474049504206298
0.0488892493430863
0.0489457367791374
0.0513541658396186
0.0510486760459337
0.0552431480990523
0.0520664314311139
0.0489889951215645
0.051490169805627
0.05277177905871
0.0522854258257689
0.0507021595017199
0.0525790141682951
0.0525015407508643
0.0482537555907368
0.0514971965100941
0.0488439906670416
0.0482637880172631
0.0538479774093308
0.0491171572552046
0.0485732540170033
0.0493798169687976
0.0475550882893144
0.0487940331134657
0.0519577202566742
0.0510199185420079
0.0503886855553427
0.0502194021152352
0.0537805736130326
0.0508629003360313
0.048803949826089
0.0473781702366016
0.0484290946994702
0.052435329502112
0.0494112317150908
0.0472430325909028
0.0488532863889942
0.049018589380021
0.0509295781779893
0.0540611802566459
0.0494912275194229
0.0485894848065808
0.0445599320191839
0.0500637007131925
0.0494324984362702
0.0462007101935518
0.0526135699648358
0.0474829324050415
0.0507335798443062
0.0489651257939488
0.0471702767615299
0.0497522016885053
0.0490592535250332
0.0482688527962189
0.0506113365207544
0.0513525865852753
0.0498917434638382
0.0489963621491167
0.0508702164533468
0.0521647383717724
0.0494350059273448
0.0506676274716008
0.0502677554512916
0.0512563253685347
0.052626295302884
0.048563885746781
0.0521843507788443
0.0460786572474412
0.0468174693208061
0.0482223249799747
0.0507173583118336
0.0482088248704359
0.0472110242059832
0.0497552606848781
0.0474051989790854
0.0466675526160988
0.050034266567747
0.0487601937532167
0.0493397058127856
0.0501840451410095
0.0514692119127851
0.0510226965566101
0.0490883623624111
0.0511656688730577
0.0558223578142911
0.048460912677629
0.0524308245541534
0.0484625968677903
0.0534324517118735
0.0475161546502649
0.0488515255239756
0.0482020767366042
0.0477789306669553
0.0483950831513899
0.0492316592690253
0.0467862930626397
0.0519425451005067
0.0492186441319843
0.0560682486752649
0.0530209823426094
0.052868313744585
0.0478870842366051
0.0506740341772192
0.0491325844253022
0.0516717911211332
0.0474088074862332
0.0519720577150578
0.0494153310248745
0.0509311848781565
0.0481381567081198
0.0510501326476303
0.0514094599274437
0.0457196788502271
0.0487008612598752
0.0447933727133162
0.050282563534907
0.0489116474443038
0.0489016229892194
0.049559306050564
0.0507858206953524
0.0545313928835108
0.0530254357987297
0.0488766686247379
0.052481167301525
0.0520498242052627
0.048364264966374
0.0537036336976194
0.0455849349869238
0.0492423348994228
0.0479699567131306
0.0482294404785266
0.0470218658508232
0.0515118686302192
0.048228268277308
0.0475085520030901
0.0502886432677644
0.0472123579361245
0.0489077602660289
0.050505680836206
0.0494801464145166
0.0496507918450194
0.0494017348597036
0.0501577459701554
0.0489154657767916
0.046941832878819
0.0482640818867295
0.049230810014223
0.0497145618007233
0.0488692220958885
0.0499273419389892
0.0508976748014751
0.0525751790098872
0.0496075258326843
0.0492960921746739
0.0496731737028196
0.0495993875042433
0.0488693547614512
0.0501605479069062
0.0461365929848609
0.0484817336436488
0.0520449764040671
0.0462853580030951
0.0528968563568886
0.0518498562460308
0.0485258282756893
0.0461790818475424
0.0474561740026257
0.0495594861363306
0.0524338993184731
0.0546938875763768
0.0504343311333641
0.0470169016445706
0.0474720761925385
0.0508523658877061
0.052813316706493
0.0535676687698417
0.0487786792872972
0.0493661845951651
0.0494286001945224
0.0486337982768901
0.0505256628942932
0.0496288025919285
0.0487757706560474
0.0535534809744655
0.0480948087696903
0.0490040352089321
0.0512711567318294
0.0494754611271229
0.0477492584722724
0.0522135524787242
0.0499507581716035
0.0518419459766931
0.0481046975303203
0.0479032532938401
0.0516248078428323
0.0480839185082888
0.0473911466150665
0.0503588409503859
0.049624906191297
0.0537396239041997
0.0483205486006699
0.0511356656463813
0.0465187399444797
0.0492924991818373
0.0494217633969079
0.0517046804152812
0.0517212741319581
0.049200748143768
0.047779029087366
0.0497232289301852
0.0541873197780642
0.0524055736500209
0.0496197364580022
0.0514926101451583
0.0518905991288082
0.0521430391183349
0.0498445844926222
0.0509185027635327
0.0507291992463266
0.0536984880736873
0.0518772651859125
0.0497844011122871
0.05102011089904
0.0499905416093739
0.049156720258404
0.0515595165206925
0.0498389658283795
0.0456193396536716
0.0464790583049504
0.0530550051024263
0.0481139344577807
0.0509950498989568
0.0500793413157514
0.0475992673844894
0.047812720256976
0.0512210467845953
0.0484539667019405
0.0508780687439945
0.0500286115517525
0.0489675584148243
0.052152779035266
0.0531670440004656
0.0479435840864213
0.0508152893268329
0.0491588910152061
0.053791480552583
0.0488064344707368
0.0509581425139514
0.0527436058228133
0.0506174365882153
0.0465727556684079
0.0503443389103101
0.0493864768529191
0.0452649522558558
0.0485336383320319
0.048004889188306
0.0481163653581869
0.0461278037115944
0.0455619300649613
0.0497988453637731
0.052604945711341
0.0514386675813456
0.0503994549564394
0.0514548000655988
0.0538829903195552
0.0533668293182792
0.0504315520335209
0.0494391714724562
0.0524369148802894
0.0521819411654224
0.0478382601119209
0.0508023706716574
0.0503272029164483
0.0480696689041632
0.0466676441646548
0.0462739415910715
0.0536841928820315
0.0518847800720552
0.0491346056535054
0.0512788147799577
0.053263600515178
0.0518664970308028
0.050413429445678
0.0510948221714293
0.0494565512927979
0.0473381348427811
0.0490279212352784
0.0519095390217498
0.0530028020198361
0.0512998214495856
0.0514787818285524
0.0495735983888443
0.0491252178571013
0.0497414464323861
0.0498667673543907
0.0501788203435668
0.0493015103212363
0.0503209385966885
0.0482258470211636
0.0536134871957007
0.0529850247328365
0.0521435702662332
0.0479611781200393
0.0491389599745262
0.0457105881207275
0.0518650621477527
0.0514947941066044
0.0502521940226122
0.0503819617785408
0.0471973429776572
0.0557582059845233
0.0488646915515163
0.0498092099110528
0.0483830666124581
0.0498654275575066
0.0465365825053302
0.0509728406993523
0.0508658109459923
0.0473768878293927
0.0507393993596543
0.0464827711493861
0.0464327161152524
0.0497003743764076
0.0515766935167299
0.0495225153398574
0.0506540193472372
0.0511810150446485
0.0488653667240285
0.0491168988811277
0.0513990366871426
0.0507926049579225
0.0487619578709015
0.0507279528081313
0.049363384949777
0.0535617768619245
0.0505354156383763
0.0473200810399577
0.0538043762680451
0.0476160147703526
0.0488384456294499
0.0511186625818836
0.0487474700096176
0.0496695340324171
0.0481796884084394
0.0486372806183327
0.0527051904354088
0.053209429435177
0.0490891669050247
0.0473603620526862
0.0505652818709937
0.0502863776070192
0.0531476661058217
0.0520297234233249
0.0493781152253679
0.0529270492790897
0.0464080695020384
0.0455534823507701
0.0537871680137314
0.0568434240865389
0.0501978003860218
0.0501047502376452
0.050607742514917
0.0462288809034324
0.0514948050223763
0.0501078576307908
0.0484250068222779
0.0477003174915804
0.0479359864067278
0.049403091912708
0.05069369245554
0.0488482879454607
0.0488052135859155
0.0506226529453753
0.0518536920360838
0.0527041191996332
0.047081663284591
0.0508449144642856
0.0479565588471678
0.052313399628126
0.0495603348477356
0.0511377092433353
0.0491531849505734
0.0483000623239143
0.053953291091135
0.050378815602306
0.0501207400640307
0.0471541087418414
0.0512950166859757
0.052726051065125
0.048779578750821
0.0487910203692465
0.0459921392542003
0.0526100297301982
0.0498356318737555
0.0486738200244792
0.0537800296728774
0.052611161036956
0.0481542834502946
0.0509431246786695
0.049817656405996
0.0496166846254417
0.0528859628538448
0.0508218773836467
0.0473612491381287
0.0508271580201217
0.0484951770452055
0.0531978659338756
0.0472873129205952
0.0502072172356583
0.050866898323535
0.051580686810891
0.0510239014512939
0.0458013442824631
0.0535457566113134
0.0529354193602348
0.0490106194057933
0.0451815121861712
0.0494083028827398
0.0500816561415932
0.0505568589509986
0.0496441798859503
0.0501171801431025
0.0477403964603846
0.0470737577823706
0.0480956296431499
0.0468733129617925
0.0490638926280038
0.0500717254207825
0.0533442553835553
0.0508019450173891
0.0504178200699209
0.0478934087968795
0.0511692448497957
0.0508262345154229
0.048010676982939
0.0470334697073406
0.0471826259762239
0.0509667028466013
0.0499929736716813
0.0492588711934659
0.0498485925011035
0.051669339866772
0.0494817524617548
0.0480005493368548
0.0469546624789466
0.0504707903202673
0.0479644254057527
0.0531730454954841
0.0506554237075094
0.0505443360933214
0.0513850384068019
0.0494479024017841
0.0480640256599354
0.0503370136327409
0.0482298054737944
0.0508084184916408
0.0493526592780989
0.0493781666199604
0.0520334144816511
0.0492970385850324
0.0497249637777504
0.0493647464003816
0.0493522693220023
0.0460790913416095
0.0488972456472835
0.0491971888118548
0.0470973816651602
0.0498803394509913
0.0499789230811967
0.0503229359094816
0.0511602394785946
0.0489501053183563
0.0489090413543892
0.049500102790042
0.0510036832734182
0.050744845154517
0.049555964187551
0.0484218045011102
0.051606126360298
0.0503154865181728
0.0497687506745551
0.0498377475574019
0.0535751924310751
0.0498771618417741
0.050555061003124
0.0494596122855766
0.0495331453314478
0.0509756040218911
0.050132878093006
0.0536082419731512
0.0479081161645509
0.0503602417451036
0.0506879714415122
0.0478129564286302
0.0508125147663813
0.0483530677799306
0.047856030725556
0.0519759682613263
0.0499175396964498
0.0485083587746156
0.049535529719627
0.0526862822063943
0.0478889306617019
0.0497871159568356
0.0476944185867805
0.0484631524161339
0.0463298233073009
0.0526237922930626
0.0486535847511457
0.0501099960586711
0.0541470370303944
0.0505035655407855
0.0501192380256042
0.0515518077887605
0.0532603894903786
0.0502398181652963
0.0488300492581976
0.0479796935709943
0.0505338466616558
0.0536995716144114
0.0499889151859065
0.0529497842836493
0.0485122473576582
0.0488027413812054
0.0506795184389395
0.0516664424075079
0.0522248596760934
0.0510671266624766
0.050716029893404
0.0487796026067194
0.048092764038204
0.053582428615121
0.0544113876631896
0.0484431562961602
0.0489172512570087
0.0476659315492443
0.0489591122950793
0.0521862028090162
0.051683937579341
0.0526067150615798
0.0505180118446083
0.0500931744176617
0.0460768790125719
0.0467390303915326
0.0492837743490213
0.046855744384117
0.0489884229792995
0.0507129380772775
0.0530410661569434
0.0522206013397812
0.0470257426153246
0.0480611683249038
0.0506092973662684
0.0526313570143102
0.0477638120953312
0.0496546113754346
0.0489437577849249
0.0517561556266985
0.0477588572859823
0.0502912318590333
0.0481334447032727
0.0469900425996743
0.053510952462727
0.0480856439697657
0.0518180695313064
0.0499416889667996
0.0514332515470149
0.0490934057592103
0.0525441658245782
0.0516697085037837
0.0514874252239701
0.0512082853571735
0.0494359131434308
0.0491683915768537
0.0521192577924562
0.0517463468131451
0.047669421289156
0.0499687123961439
0.0503483904161519
0.0497627297376786
0.0519373352593914
0.0496185356369287
0.0509358743790864
0.0488402568495957
0.0526781015254712
0.0517485504058752
0.0482140161506582
0.0483118397375572
0.0489080435254544
0.0484560678848774
0.0506248746281772
0.0498339171851305
0.0518460038701982
0.0529695727352272
0.0488090507257268
0.0497183398410943
0.0482191000709014
0.0452900674066637
0.0517404447943057
0.0494569657708561
0.0518455815068989
0.0497409558037484
0.0499812560666006
0.051457456002913
0.0486361780685044
0.050557983021132
0.0494534959799708
0.0525020237836496
0.0489582447783911
0.0507752503086089
0.0504332133063866
0.0502477401033574
0.0501150138689009
0.0512662707264093
0.0542354522038841
0.0510684515740908
0.0500133236540279
0.0502687469510633
0.0505594099375664
0.0493773660582575
0.0499172402762778
0.0499086997073467
0.0525972602013394
0.0475258121923056
0.0494251792773286
0.0461658674743917
0.0499775459303419
0.0487186184631616
0.0508494944462815
0.0521015130582146
0.0480547962792912
0.0519111962767613
0.0501205756590265
0.0523668836807634
0.0500606635932059
0.0494746347211146
0.0471944889993018
0.0491631634078583
0.0527735671170014
0.0530939295133887
0.052254540244197
0.0522228523375495
0.0505466725205198
0.0520211251080325
0.046592901653527
0.0469512806343228
0.0531573101540846
0.048665065288804
0.0470886612547023
0.0478840156645863
0.0530236274297849
0.0473055552280306
0.0533807473521102
0.0549320657043216
0.0474134585856084
0.0480602454357569
0.0469125672622773
0.0500301344044627
0.0507873587908753
0.0493693292448739
0.0507780131079727
0.0473258216864538
0.051010056406802
0.0495661709463185
0.0490669113975364
0.0491752455827775
0.0493573633578379
0.0516333967425747
0.052527784073393
0.0475961210451885
0.0481354573112546
0.0498738006556005
0.048486993142424
0.052282866805992
0.0503579575448171
0.0494902509642902
0.0479354857149523
0.0469365984520533
0.0518569970410285
0.0505473723431681
0.049422851787788
0.0509433351389071
0.0501779753495614
0.0477282250610781
0.0482014798272291
0.0458362741550514
0.0508108845453914
0.0526025391792738
0.049289810545417
0.0512349973995947
0.0507410839693453
0.0530204805156508
0.0479331449480379
0.0478969272809887
0.0493876219152663
0.0511312802733766
0.0506091126657685
0.0505798939952143
0.0486950805924201
0.0521870369460448
0.0494149344330288
0.0540735497476504
0.0496145884025805
0.0485881630052695
0.0496300945302173
0.0507010307787122
0.0523993381838349
0.0502595833522385
0.0492258683706938
0.0493748809785946
0.0477003058202299
0.0490619598146639
0.0533823929706834
0.0476355115513096
0.0492748427896538
0.0516273230738008
0.0460207019080832
0.0484312251530429
0.0515238146543382
0.0483787762294718
0.0505709219740505
0.0515448019493941
0.0540387561217203
0.0517892064985576
0.0462697936405848
0.0535591474062448
0.0517786526785559
0.0471085596208655
0.054052496219472
0.04916739430876
0.050027971878117
0.0510187560536276
0.0511077661869488
0.048947053337736
0.049728482507906
0.0506817588760328
0.0487100999135836
0.051770646416203
0.0484605379920239
0.0517904162307304
0.051689227688399
0.0486219582103779
0.0502567198486218
0.0481444130261734
0.0534028527217912
0.0486412635335519
0.0522296371582152
0.0467201205023892
0.0501053344619346
0.0511408592102156
0.049875705151984
0.0500397304437863
0.0490679688321766
0.0533649272846961
0.0515100941791953
0.0466647526785017
0.0494799690404246
0.0493158874116166
0.0462594651683227
0.0492446250546668
0.0505046133568547
0.0479535592902991
0.0516862069891279
0.0505189067693206
0.0492246089740545
0.050153928738056
0.0489790440798735
0.0510472063650063
0.0544057350321428
0.0484403504630376
0.0498142773310765
0.0505475557729861
0.0500808363486033
0.0534074961450558
0.0466248346832555
0.0478237388216758
0.0510162597176993
0.0520303416317301
0.0527582794950183
0.0461935890014081
0.044855747587055
0.0493241108221021
0.0487109271896417
0.0479005676497437
0.046888274354331
0.0494127735203833
0.0525275939122353
0.049535083459845
0.0485676732853393
0.0529269807509437
0.0482697992487339
