1 0 0 0
2 20 0 0
3 20 4 0
4 12.6666 4 0
5 11 2 0
6 0 2 0
7 20 14 0
8 15 14 0
9 5 2 0
10 0.833333333333333 0 0
11 1.66666666666667 0 0
12 2.5 0 0
13 3.33333333333333 0 0
14 4.16666666666667 0 0
15 5 0 0
16 5.83333333333333 0 0
17 6.66666666666667 0 0
18 7.5 0 0
19 8.33333333333333 0 0
20 9.16666666666667 0 0
21 10 0 0
22 10.8333333333333 0 0
23 11.6666666666667 0 0
24 12.5 0 0
25 13.3333333333333 0 0
26 14.1666666666667 0 0
27 15 0 0
28 15.8333333333333 0 0
29 16.6666666666667 0 0
30 17.5 0 0
31 18.3333333333333 0 0
32 19.1666666666667 0 0
33 20 0.5 0
34 20 1 0
35 20 1.5 0
36 20 2 0
37 20 2.5 0
38 20 3 0
39 20 3.5 0
40 19.5416625 4 0
41 19.083325 4 0
42 18.6249875 4 0
43 18.16665 4 0
44 17.7083125 4 0
45 17.249975 4 0
46 16.7916375 4 0
47 16.3333 4 0
48 15.8749625 4 0
49 15.416625 4 0
50 14.9582875 4 0
51 14.49995 4 0
52 14.0416125 4 0
53 13.583275 4 0
54 13.1249375 4 0
55 12.458275 3.75 0
56 12.24995 3.5 0
57 12.041625 3.25 0
58 11.8333 3 0
59 11.624975 2.75 0
60 11.41665 2.5 0
61 11.208325 2.25 0
62 10.625 2 0
63 10.25 2 0
64 9.875 2 0
65 9.5 2 0
66 9.125 2 0
67 8.75 2 0
68 8.375 2 0
69 8 2 0
70 7.625 2 0
71 7.25 2 0
72 6.875 2 0
73 6.5 2 0
74 6.125 2 0
75 5.75 2 0
76 5.375 2 0
77 4.375 2 0
78 3.75 2 0
79 3.125 2 0
80 2.5 2 0
81 1.875 2 0
82 1.25 2 0
83 0.625 2 0
84 0 1.75 0
85 0 1.5 0
86 0 1.25 0
87 0 1 0
88 0 0.75 0
89 0 0.5 0
90 0 0.25 0
91 20 4.625 0
92 20 5.25 0
93 20 5.875 0
94 20 6.5 0
95 20 7.125 0
96 20 7.75 0
97 20 8.375 0
98 20 9 0
99 20 9.625 0
100 20 10.25 0
101 20 10.875 0
102 20 11.5 0
103 20 12.125 0
104 20 12.75 0
105 20 13.375 0
106 19.375 14 0
107 18.75 14 0
108 18.125 14 0
109 17.5 14 0
110 16.875 14 0
111 16.25 14 0
112 15.625 14 0
113 14.6875 13.625 0
114 14.375 13.25 0
115 14.0625 12.875 0
116 13.75 12.5 0
117 13.4375 12.125 0
118 13.125 11.75 0
119 12.8125 11.375 0
120 12.5 11 0
121 12.1875 10.625 0
122 11.875 10.25 0
123 11.5625 9.875 0
124 11.25 9.5 0
125 10.9375 9.125 0
126 10.625 8.75 0
127 10.3125 8.375 0
128 10 8 0
129 9.6875 7.625 0
130 9.375 7.25 0
131 9.0625 6.875 0
132 8.75 6.5 0
133 8.4375 6.125 0
134 8.125 5.75 0
135 7.8125 5.375 0
136 7.5 5 0
137 7.1875 4.625 0
138 6.875 4.25 0
139 6.5625 3.875 0
140 6.25 3.5 0
141 5.9375 3.125 0
142 5.625 2.75 0
143 5.3125 2.375 0
144 14.4904118874557 7.44078415645749 0
145 10.1504936715891 4.54478355033154 0
146 16.4094769571416 10.4741790046846 0
147 11.961501111809 6.99711354135781 0
148 17.4466377689195 6.98299263222841 0
149 15.4118559437278 5.72039207822875 0
150 13.5785059437278 5.72039207822875 0
151 7.75 3.5 0
152 12.2307505559045 8.9985567706789 0
153 13.2259564996323 7.21894884890765 0
154 13.4952059437278 9.22039207822875 0
155 10.9807505559045 7.4985567706789 0
156 15.7047384785708 12.2370895023423 0
157 18.2047384785708 12.2370895023423 0
158 8.82524683579455 4.77239177516577 0
159 10.0752468357945 6.27239177516577 0
160 12.3140505559045 5.4985567706789 0
161 10.5752468357945 3.27239177516577 0
162 9.07524683579456 3.27239177516577 0
163 18.2047384785708 9.73708950234228 0
164 18.7233188844597 7.99149631611421 0
165 18.7233188844597 5.49149631611421 0
166 11.4085468357945 4.27239177516577 0
167 15.4499444222986 8.95748158057103 0
168 14.4547384785708 10.7370895023423 0
169 16.8899688844597 5.49149631611421 0
170 11.055997391699 5.77094854584468 0
171 15.9685248281876 7.21188839434295 0
172 16.9280573630305 8.72858581845649 0
173 15.8725779718639 4.86019603911437 0
174 14.9559029718639 4.86019603911437 0
175 14.4951809437278 5.72039207822875 0
176 14.0392279718639 4.86019603911437 0
177 14.9511339155918 6.58058811734312 0
178 14.0344589155918 6.58058811734312 0
179 13.1225529718639 4.86019603911437 0
180 6.375 2.75 0
181 7.125 2.75 0
182 7 3.5 0
183 7.875 2.75 0
184 7.625 4.25 0
185 12.3653752779522 9.99927838533945 0
186 12.8629782498162 9.10947442445383 0
187 12.9976029718639 10.1101960391144 0
188 12.7283535277684 8.10875280979328 0
189 13.3605812216801 8.2196704635682 0
190 12.0961258338567 7.99783515601836 0
191 12.5937288057206 7.10803119513273 0
192 13.858184193544 7.32986650268257 0
193 13.9928089155918 8.33058811734312 0
194 10.4903752779522 7.74927838533945 0
195 11.1153752779522 8.49927838533945 0
196 11.6057505559045 8.2485567706789 0
197 11.7403752779522 9.24927838533945 0
198 11.4711258338567 7.24783515601836 0
199 15.3523692392854 13.1185447511711 0
200 16.6023692392854 13.1185447511711 0
201 16.9547384785708 12.2370895023423 0
202 17.8523692392854 13.1185447511711 0
203 16.0571077178562 11.3556342535134 0
204 17.3071077178562 11.3556342535134 0
205 19.1023692392854 13.1185447511711 0
206 8.16262341789728 4.88619588758289 0
207 8.78762341789728 5.63619588758289 0
208 9.45024683579455 5.52239177516577 0
209 9.41262341789728 6.38619588758289 0
210 9.48787025369183 4.65858766274866 0
211 10.1128702536918 5.40858766274866 0
212 10.0376234178973 7.13619588758289 0
213 13.4022312216801 6.4696704635682 0
214 12.7700035277684 6.35875280979328 0
215 12.9462782498162 5.60947442445382 0
216 12.1377758338567 6.24783515601836 0
217 12.4903252779522 4.74927838533945 0
218 10.7876234178973 2.63619588758289 0
219 10.0376234178973 2.63619588758289 0
220 9.82524683579456 3.27239177516577 0
221 9.28762341789728 2.63619588758289 0
222 10.3628702536918 3.90858766274866 0
223 9.61287025369183 3.90858766274866 0
224 8.53762341789728 2.63619588758289 0
225 19.1023692392854 11.8685447511711 0
226 18.2047384785708 10.9870895023423 0
227 19.1023692392854 10.6185447511711 0
228 17.3071077178562 10.1056342535134 0
229 19.1023692392854 9.36854475117114 0
230 8.41262341789728 3.38619588758289 0
231 8.95024683579456 4.02239177516577 0
232 8.28762341789728 4.13619588758289 0
233 19.3616594422299 8.4957481580571 0
234 19.3616594422299 7.2457481580571 0
235 18.7233188844597 6.74149631611421 0
236 19.3616594422299 5.9957481580571 0
237 18.0849783266896 7.48724447417131 0
238 18.0849783266896 6.23724447417131 0
239 19.3616594422299 4.7457481580571 0
240 12.0375734178973 4.13619588758289 0
241 11.6209234178973 3.63619588758289 0
242 10.9918968357946 3.77239177516577 0
243 11.2042734178973 3.13619588758289 0
244 10.7795202536918 4.40858766274866 0
245 14.9701781548772 8.19913286851426 0
246 14.4725751830132 9.08893682939989 0
247 14.9523414504347 9.84728554145666 0
248 13.9749722111493 9.97874079028552 0
249 15.9297106897201 9.7158302926278 0
250 15.4321077178562 10.6056342535134 0
251 13.4773692392854 10.8685447511711 0
252 18.4449844422299 4.7457481580571 0
253 17.8066438844597 5.49149631611421 0
254 17.5283094422299 4.7457481580571 0
255 17.1683033266896 6.23724447417131 0
256 16.6116344422299 4.7457481580571 0
257 10.6032455316441 5.15786604808811 0
258 10.5656221137468 6.02167016050522 0
259 11.0183739738018 6.63475265826179 0
260 10.5279986958495 6.88547427292234 0
261 11.508749251754 6.38403104360124 0
262 14.1023692392854 11.6185447511711 0
263 15.0797384785708 11.4870895023423 0
264 14.7273692392854 12.3685447511711 0
265 15.2294683578216 7.32633627540022 0
266 15.7092346252431 8.08468498745699 0
267 16.4482910956091 7.97023710639972 0
268 16.1890008926646 8.84303369951376 0
269 16.7075812985535 7.09744051328568 0
270 17.187347565975 7.85578922534245 0
271 16.6687671600861 9.60138241157053 0
272 16.1509124140938 5.60594419717148 0
273 16.4292468563237 6.35169235522858 0
274 15.6901903859577 6.46614023628585 0
275 17.5663979208007 9.23283766039939 0
276 17.8256881237451 8.36004106728535 0
277 18.4640286815153 8.86429290922825 0
278 11.8612986958495 4.88547427292234 0
279 11.6850239738017 5.63475265826179 0
280 11.2322721137468 5.02167016050522 0
281 16.102938985932 4.43009801955719 0
282 15.644601485932 4.43009801955719 0
283 15.4142404718639 4.86019603911437 0
284 15.186263985932 4.43009801955719 0
285 15.6422169577959 5.29029405867156 0
286 15.1838794577959 5.29029405867156 0
287 14.727926485932 4.43009801955719 0
288 14.9535184437278 5.72039207822875 0
289 14.7255419577959 5.29029405867156 0
290 14.2672044577959 5.29029405867156 0
291 14.4975654718639 4.86019603911437 0
292 14.0368434437278 5.72039207822875 0
293 13.8088669577959 5.29029405867156 0
294 14.269588985932 4.43009801955719 0
295 15.1814949296598 6.15049009778593 0
296 14.7231574296598 6.15049009778593 0
297 14.4927964155918 6.58058811734312 0
298 14.2648199296598 6.15049009778593 0
299 14.7207729015237 7.01068613690031 0
300 14.2624354015237 7.01068613690031 0
301 13.8064824296598 6.15049009778593 0
302 13.811251485932 4.43009801955719 0
303 13.5808904718639 4.86019603911437 0
304 13.352913985932 4.43009801955719 0
305 13.3505294577959 5.29029405867156 0
306 12.894576485932 4.43009801955719 0
307 5.6875 2.375 0
308 6.0625 2.375 0
309 6 2.75 0
310 6.4375 2.375 0
311 6.3125 3.125 0
312 6.8125 2.375 0
313 6.75 2.75 0
314 7.0625 3.125 0
315 6.6875 3.125 0
316 7.4375 3.125 0
317 7.375 3.5 0
318 6.625 3.5 0
319 7.1875 2.375 0
320 7.5625 2.375 0
321 7.5 2.75 0
322 7.9375 2.375 0
323 7.8125 3.125 0
324 6.9375 3.875 0
325 7.3125 3.875 0
326 7.25 4.25 0
327 7.6875 3.875 0
328 7.5625 4.625 0
329 12.4326876389761 10.4996391926697 0
330 12.6814891249081 10.0547372122269 0
331 12.748801485932 10.5550980195572 0
332 12.6141767638842 9.55437640489664 0
333 12.93029061084 9.6098352317841 0
334 12.2980629169284 9.49891757800918 0
335 12.5468644028603 9.05401559756637 0
336 13.179092096772 9.16493325134129 0
337 13.2464044577959 9.66529405867156 0
338 12.4795520418364 8.55365479023609 0
339 12.7956658887923 8.60911361712355 0
340 13.0444673747242 8.16421163668074 0
341 13.1117797357481 8.66457244401101 0
342 12.9771550137004 7.66385082935046 0
343 13.2932688606562 7.71930965623793 0
344 13.427893582704 8.72003127089847 0
345 12.1634381948806 8.49819596334863 0
346 12.4122396808126 8.05329398290582 0
347 12.3449273197887 7.55293317557554 0
348 12.6610411667445 7.608392002463 0
349 12.0288134728328 7.49747434868808 0
350 12.2776149587648 7.05257236824527 0
351 12.9098426526765 7.16349002202019 0
352 13.6766950686359 8.27512929045566 0
353 13.7440074296598 8.77549009778594 0
354 13.609382707612 7.77476848312539 0
355 13.9254965545679 7.83022731001285 0
356 13.5420703465881 7.27440767579511 0
357 14.1742980404998 7.38532532957003 0
358 14.2416104015237 7.88568613690031 0
359 10.2451876389761 7.87463919266973 0
360 10.5576876389761 8.24963919266973 0
361 10.8028752779522 8.12427838533945 0
362 10.8701876389761 8.62463919266973 0
363 10.7355629169284 7.62391757800918 0
364 11.0480629169284 7.99891757800918 0
365 11.1826876389761 8.99963919266973 0
366 11.2932505559045 7.8735567706789 0
367 11.3605629169284 8.37391757800918 0
368 11.6730629169284 8.74891757800918 0
369 11.4278752779522 8.87427838533945 0
370 11.9182505559045 8.6235567706789 0
371 11.9855629169284 9.12391757800918 0
372 11.4951876389761 9.37463919266973 0
373 11.2259381948806 7.37319596334863 0
374 11.5384381948806 7.74819596334863 0
375 11.7836258338567 7.62283515601836 0
376 11.8509381948806 8.12319596334863 0
377 11.7163134728328 7.12247434868808 0
378 11.8076876389761 9.74963919266973 0
379 12.0528752779522 9.62427838533945 0
380 12.1201876389761 10.1246391926697 0
381 15.1761846196427 13.5592723755856 0
382 15.8011846196427 13.5592723755856 0
383 15.9773692392854 13.1185447511711 0
384 16.4261846196427 13.5592723755856 0
385 15.5285538589281 12.6778171267567 0
386 16.1535538589281 12.6778171267567 0
387 17.0511846196427 13.5592723755856 0
388 16.3297384785708 12.2370895023423 0
389 16.7785538589281 12.6778171267567 0
390 17.4035538589281 12.6778171267567 0
391 17.2273692392854 13.1185447511711 0
392 17.5797384785708 12.2370895023423 0
393 18.0285538589281 12.6778171267567 0
394 17.6761846196427 13.5592723755856 0
395 15.8809230982135 11.7963618779279 0
396 16.5059230982135 11.7963618779279 0
397 16.6821077178562 11.3556342535134 0
398 17.1309230982135 11.7963618779279 0
399 16.2332923374989 10.914906629099 0
400 16.8582923374989 10.914906629099 0
401 17.7559230982135 11.7963618779279 0
402 18.3011846196427 13.5592723755856 0
403 18.4773692392854 13.1185447511711 0
404 18.9261846196427 13.5592723755856 0
405 18.6535538589281 12.6778171267567 0
406 19.5511846196427 13.5592723755856 0
407 7.83131170894864 4.94309794379144 0
408 8.14381170894864 5.31809794379144 0
409 8.47512341789728 5.26119588758289 0
410 8.45631170894864 5.69309794379144 0
411 8.49393512684592 4.82929383137433 0
412 8.80643512684592 5.20429383137433 0
413 8.76881170894864 6.06809794379144 0
414 9.13774683579455 5.14739177516577 0
415 9.11893512684592 5.57929383137433 0
416 9.43143512684592 5.95429383137433 0
417 9.10012341789728 6.01119588758289 0
418 9.76274683579455 5.89739177516577 0
419 9.74393512684592 6.32929383137433 0
420 9.08131170894864 6.44309794379144 0
421 9.15655854474319 4.71548971895722 0
422 9.46905854474319 5.09048971895722 0
423 9.80037025369183 5.03358766274866 0
424 9.78155854474319 5.46548971895722 0
425 9.81918196264047 4.6016856065401 0
426 10.1316819626405 4.9766856065401 0
427 10.0940585447432 5.84048971895722 0
428 9.39381170894864 6.81809794379144 0
429 9.72512341789728 6.76119588758289 0
430 9.70631170894864 7.19309794379144 0
431 10.0564351268459 6.70429383137433 0
432 10.0188117089486 7.56809794379144 0
433 13.9463215545679 6.95522731001285 0
434 13.630207707612 6.89976848312539 0
435 13.7183450686359 6.52512929045566 0
436 13.3140938606562 6.84430965623793 0
437 13.490368582704 6.09503127089847 0
438 12.9979800137004 6.78885082935046 0
439 13.0861173747242 6.41421163668074 0
440 12.8581408887923 5.98411361712355 0
441 13.1742547357481 6.03957244401101 0
442 12.5420270418364 5.92865479023609 0
443 12.6301644028603 5.55401559756636 0
444 13.262392096772 5.66493325134129 0
445 12.6818661667445 6.733392002463 0
446 12.3657523197887 6.67793317557554 0
447 12.4538896808126 6.30329398290582 0
448 12.0496384728328 6.62247434868808 0
449 12.2259131948806 5.87319596334863 0
450 13.03441561084 5.2348352317841 0
451 12.7183017638842 5.17937640489664 0
452 12.8064391249081 4.80473721222691 0
453 12.4021879169284 5.12391757800918 0
454 12.5784626389761 4.37463919266973 0
455 10.8938117089486 2.31809794379144 0
456 10.5188117089486 2.31809794379144 0
457 10.4126234178973 2.63619588758289 0
458 10.1438117089486 2.31809794379144 0
459 10.6814351268459 2.95429383137433 0
460 10.3064351268459 2.95429383137433 0
461 9.76881170894864 2.31809794379144 0
462 10.2002468357946 3.27239177516577 0
463 9.93143512684592 2.95429383137433 0
464 9.55643512684592 2.95429383137433 0
465 9.66262341789728 2.63619588758289 0
466 9.45024683579456 3.27239177516577 0
467 9.18143512684592 2.95429383137433 0
468 9.39381170894864 2.31809794379144 0
469 10.4690585447432 3.59048971895721 0
470 10.0940585447432 3.59048971895721 0
471 9.98787025369183 3.90858766274866 0
472 9.71905854474319 3.59048971895721 0
473 10.2566819626405 4.2266856065401 0
474 9.88168196264047 4.2266856065401 0
475 9.34405854474319 3.59048971895721 0
476 9.01881170894864 2.31809794379144 0
477 8.91262341789728 2.63619588758289 0
478 8.64381170894864 2.31809794379144 0
479 8.80643512684592 2.95429383137433 0
480 8.26881170894864 2.31809794379144 0
481 19.5511846196427 12.9342723755856 0
482 19.1023692392854 12.4935447511711 0
483 19.5511846196427 12.3092723755856 0
484 18.6535538589281 12.0528171267567 0
485 19.5511846196427 11.6842723755856 0
486 18.2047384785708 11.6120895023423 0
487 18.6535538589281 11.4278171267567 0
488 18.6535538589281 10.8028171267567 0
489 19.1023692392854 11.2435447511711 0
490 18.2047384785708 10.3620895023423 0
491 18.6535538589281 10.1778171267567 0
492 19.5511846196427 11.0592723755856 0
493 17.7559230982135 11.1713618779279 0
494 17.3071077178562 10.7306342535134 0
495 17.7559230982135 10.5463618779279 0
496 16.8582923374989 10.289906629099 0
497 17.7559230982135 9.92136187792785 0
498 19.5511846196427 10.4342723755856 0
499 19.1023692392854 9.99354475117114 0
500 19.5511846196427 9.80927237558557 0
501 18.6535538589281 9.55281712675671 0
502 19.5511846196427 9.18427237558557 0
503 8.20631170894864 2.69309794379144 0
504 8.47512341789728 3.01119588758289 0
505 8.14381170894864 3.06809794379144 0
506 8.74393512684592 3.32929383137433 0
507 8.08131170894864 3.44309794379144 0
508 9.01274683579456 3.64739177516577 0
509 8.68143512684592 3.70429383137433 0
510 8.61893512684592 4.07929383137433 0
511 8.35012341789728 3.76119588758289 0
512 8.88774683579456 4.39739177516577 0
513 8.55643512684592 4.45429383137433 0
514 8.01881170894864 3.81809794379144 0
515 9.28155854474319 3.96548971895721 0
516 9.55037025369183 4.28358766274866 0
517 9.21905854474319 4.34048971895722 0
518 7.95631170894864 4.19309794379144 0
519 8.22512341789728 4.51119588758289 0
520 7.89381170894864 4.56809794379144 0
521 19.6808297211149 8.74787407902855 0
522 19.6808297211149 8.12287407902855 0
523 19.3616594422299 7.8707481580571 0
524 19.6808297211149 7.49787407902855 0
525 19.0424891633448 8.24362223708566 0
526 19.0424891633448 7.61862223708565 0
527 19.6808297211149 6.87287407902855 0
528 18.7233188844597 7.36649631611421 0
529 19.0424891633448 6.99362223708565 0
530 19.0424891633448 6.36862223708565 0
531 19.3616594422299 6.6207481580571 0
532 18.7233188844597 6.11649631611421 0
533 19.0424891633448 5.74362223708565 0
534 19.6808297211149 6.24787407902855 0
535 18.4041486055747 7.73937039514276 0
536 18.4041486055747 7.11437039514276 0
537 18.0849783266896 6.86224447417131 0
538 18.4041486055747 6.48937039514276 0
539 17.7658080478045 7.23511855319986 0
540 17.7658080478045 6.61011855319986 0
541 18.4041486055747 5.86437039514276 0
542 19.6808297211149 5.62287407902855 0
543 19.3616594422299 5.3707481580571 0
544 19.6808297211149 4.99787407902855 0
545 19.0424891633448 5.11862223708565 0
546 19.6808297211149 4.37287407902855 0
547 12.3520867089486 4.06809794379144 0
548 12.1437617089486 3.81809794379144 0
549 11.8292484178973 3.88619588758289 0
550 11.9354367089486 3.56809794379144 0
551 11.7230601268459 4.20429383137433 0
552 11.5147351268459 3.95429383137433 0
553 11.7271117089486 3.31809794379144 0
554 11.2002218357946 4.02239177516577 0
555 11.3064101268459 3.70429383137433 0
556 11.0980851268459 3.45429383137433 0
557 11.4125984178973 3.38619588758289 0
558 10.7835718357946 3.52239177516577 0
559 10.8897601268459 3.20429383137433 0
560 11.5187867089486 3.06809794379144 0
561 11.0940335447432 4.34048971895722 0
562 10.8857085447432 4.09048971895722 0
563 10.5711952536918 4.15858766274866 0
564 10.6773835447432 3.84048971895721 0
565 10.4650069626405 4.4766856065401 0
566 11.3104617089486 2.81809794379144 0
567 10.9959484178973 2.88619588758289 0
568 11.1021367089486 2.56809794379144 0
569 14.7302950211664 7.81995851248588 0
570 14.4814935352345 8.26486049292869 0
571 14.7213766689452 8.64403484895708 0
572 14.2326920493025 8.70976247337151 0
573 15.2100612885879 8.57830722454265 0
574 14.9612598026559 9.02320920498546 0
575 13.9838905633705 9.15466445381432 0
576 15.2011429363667 9.40238356101384 0
577 14.712458316724 9.46811118542827 0
578 14.463656830792 9.91301316587109 0
579 14.2237736970813 9.5338388098427 0
580 14.7035399645028 10.2921875218995 0
581 14.2148553448601 10.3579151463139 0
582 13.7350890774386 9.59956643425713 0
583 15.6898275560094 9.33665593659942 0
584 15.4410260700774 9.78155791704223 0
585 15.6809092037882 10.1607322730706 0
586 15.1922245841455 10.226459897485 0
587 16.1695938234309 10.0950046486562 0
588 15.9207923374989 10.539906629099 0
589 14.9434230982135 10.6713618779279 0
590 13.4862875915066 10.0444684146999 0
591 13.7261707252174 10.4236427707283 0
592 13.2374861055747 10.4893703951428 0
593 13.9660538589281 10.8028171267567 0
594 12.9886846196427 10.9342723755856 0
595 19.2224922211149 4.37287407902855 0
596 18.9033219422299 4.7457481580571 0
597 18.7641547211149 4.37287407902855 0
598 18.5841516633448 5.11862223708565 0
599 18.3058172211149 4.37287407902855 0
600 18.2649813844597 5.49149631611421 0
601 18.1258141633448 5.11862223708565 0
602 17.6674766633448 5.11862223708565 0
603 17.9866469422299 4.7457481580571 0
604 17.3483063844597 5.49149631611421 0
605 17.2091391633448 5.11862223708565 0
606 17.8474797211149 4.37287407902855 0
607 17.9458111055747 5.86437039514276 0
608 17.6266408266896 6.23724447417131 0
609 17.4874736055747 5.86437039514276 0
610 17.3074705478045 6.61011855319986 0
611 17.0291361055747 5.86437039514276 0
612 17.3891422211149 4.37287407902855 0
613 17.0699719422299 4.7457481580571 0
614 16.9308047211149 4.37287407902855 0
615 16.7508016633448 5.11862223708565 0
616 16.4724672211149 4.37287407902855 0
617 10.3768696016166 4.85132479920983 0
618 10.358057892668 5.28322685541838 0
619 10.5844338226954 5.58976810429667 0
620 10.3392461837193 5.71512891162694 0
621 10.8296214616716 5.46440729696639 0
622 10.8108097527229 5.89630935317495 0
623 10.3204344747707 6.1470309678355 0
624 11.0371856827504 6.20285060205323 0
625 10.7919980437743 6.32821140938351 0
626 10.7731863348256 6.76011346559206 0
627 10.5468104047981 6.45357221671378 0
628 10.9995622648531 7.06665471447035 0
629 10.754374625877 7.19201552180062 0
630 10.301622765822 6.57893302404405 0
631 11.2823733217265 6.07748979472296 0
632 11.2635616127779 6.50939185093152 0
633 11.4899375428054 6.8159330998098 0
634 11.2447499038292 6.94129390714007 0
635 11.7351251817815 6.69057229247952 0
636 10.2828110568734 7.01083508025261 0
637 10.5091869869009 7.3173763291309 0
638 10.2639993479248 7.44273713646117 0
639 13.3011846196427 11.3092723755856 0
640 13.7898692392854 11.2435447511711 0
641 13.6136846196427 11.6842723755856 0
642 14.2785538589281 11.1778171267567 0
643 13.9261846196427 12.0592723755856 0
644 14.7672384785708 11.1120895023423 0
645 14.5910538589281 11.5528171267567 0
646 14.9035538589281 11.9278171267567 0
647 14.4148692392854 11.9935447511711 0
648 15.3922384785708 11.8620895023423 0
649 15.2160538589281 12.3028171267567 0
650 14.2386846196427 12.4342723755856 0
651 15.2559230982135 11.0463618779279 0
652 15.7446077178562 10.9806342535134 0
653 15.5684230982135 11.4213618779279 0
654 14.5511846196427 12.8092723755856 0
655 15.0398692392854 12.7435447511711 0
656 14.8636846196427 13.1842723755856 0
657 14.8599401226386 7.38356021592886 0
658 15.0998232563494 7.76273457195724 0
659 15.4693514915324 7.70551063142861 0
660 15.3397063900601 8.14190892798563 0
661 15.5989965930046 7.26911233487159 0
662 15.8388797267153 7.64828669089997 0
663 15.5795895237709 8.52108328401401 0
664 16.2084079618983 7.59106275037134 0
665 16.0787628604261 8.02746104692836 0
666 16.3186459941368 8.40663540295674 0
667 15.9491177589539 8.46385934348538 0
668 16.6881742293198 8.34941146242811 0
669 16.5585291278476 8.78580975898513 0
670 15.8194726574816 8.9002576400424 0
671 16.3380530633705 7.15466445381432 0
672 16.5779361970813 7.5338388098427 0
673 16.9474644322643 7.47661486931407 0
674 16.817819330792 7.91301316587109 0
675 17.0771095337365 7.04021657275705 0
676 17.3169926674472 7.41939092878543 0
677 17.0577024645028 8.29218752189947 0
678 16.0593557911924 9.27943199607078 0
679 16.4288840263753 9.22220805554215 0
680 16.2992389249031 9.65860635209916 0
681 16.7984122615583 9.16498411501351 0
682 16.5391220586138 10.0377807081275 0
683 16.2421062070469 4.80297209858574 0
684 16.3812734281618 5.17584617761429 0
685 16.0117451929789 5.23307011814293 0
686 16.5204406492768 5.54872025664284 0
687 15.7813841789108 5.66316813770011 0
688 16.6596078703917 5.92159433567139 0
689 16.2900796352087 5.97881827620003 0
690 16.0597186211407 6.40891629575722 0
691 15.9205514000257 6.03604221672866 0
692 16.1988858422556 6.78179037478577 0
693 15.8293576070726 6.8390143153144 0
694 15.5510231648428 6.0932661572573 0
695 16.7987750915066 6.29446841469995 0
696 16.9379423126216 6.6673424937285 0
697 16.5684140774386 6.72456643425713 0
698 15.3206621507747 6.52336417681449 0
699 15.4598293718897 6.89623825584304 0
700 15.0903011367067 6.95346219637167 0
701 16.9879374389711 9.85350833254198 0
702 17.1175825404434 9.41711003598496 0
703 17.4367528193284 9.66923595695641 0
704 17.2472276419156 8.98071173942794 0
705 17.8855681996857 9.48496358137083 0
706 17.3768727433878 8.54431344287092 0
707 17.6960430222729 8.79643936384237 0
708 18.1448584026302 8.6121669882568 0
709 18.015213301158 9.04856528481382 0
710 18.2745035041024 8.17576869169978 0
711 18.5936737829875 8.42789461267123 0
712 18.334383580043 9.30069120578526 0
713 17.5065178448601 8.1079151463139 0
714 17.6361629463323 7.67151684975688 0
715 17.9553332252174 7.92364277072833 0
716 18.7831989604003 9.1164188301997 0
717 18.9128440618726 8.68002053364268 0
718 19.2320143407576 8.93214645461412 0
719 12.2639493479248 4.44273713646117 0
720 12.1758119869009 4.8173763291309 0
721 11.9494360568734 4.51083508025261 0
722 12.087674625877 5.19201552180062 0
723 11.634922765822 4.57893302404405 0
724 11.9995372648531 5.56665471447035 0
725 11.7731613348256 5.26011346559206 0
726 11.4586480437743 5.32821140938351 0
727 11.5467854047982 4.95357221671378 0
728 11.3705106827504 5.70285060205323 0
729 11.1441347527229 5.39630935317495 0
730 11.3204094747707 4.6470309678355 0
731 11.9113999038292 5.94129390714007 0
732 11.8232625428054 6.3159330998098 0
733 11.5968866127779 6.00939185093152 0
734 11.0058961837193 4.71512891162694 0
735 10.9177588226954 5.08976810429667 0
736 10.6913828926679 4.78322685541838 0
737 14.2999766666667 2.4 0
738 16.793322 2.08 0
739 12.6499883333333 2.2 0
740 13.4832883333333 3.2 0
741 13.816655 1.2 0
742 12.1666666666667 1 0
743 15.3166383333333 3.2 0
744 5.83333333333333 1 0
745 7.33333333333333 1 0
746 18.396661 3.04 0
747 18.396661 1.04 0
748 15.5466493333333 2.24 0
749 16.563311 3.04 0
750 2.5 1 0
751 15.0633276666667 1.04 0
752 8.83333333333333 1 0
753 11.8249941666667 2.1 0
754 12.2416441666667 2.6 0
755 13.0666383333333 2.7 0
756 12.6582941666667 3.1 0
757 13.4749825 2.3 0
758 13.8916325 2.8 0
759 13.0749441666667 3.6 0
760 13.5749941666667 0.6 0
761 12.9916608333333 1.1 0
762 12.75 0.5 0
763 13.2333216666667 1.7 0
764 12.4083275 1.6 0
765 14.0583158333333 1.8 0
766 11.5833333333333 1.5 0
767 13.9916191666667 3.6 0
768 14.3999633333333 3.2 0
769 14.9082941666667 3.6 0
770 14.8083075 2.8 0
771 15.8249691666667 3.6 0
772 5.41666666666667 1.5 0
773 6.16666666666667 1.5 0
774 6.58333333333333 1 0
775 6.91666666666667 1.5 0
776 6.25 0.5 0
777 7 0.5 0
778 7.66666666666667 1.5 0
779 19.1983305 3.52 0
780 19.1983305 2.52 0
781 18.396661 2.04 0
782 19.1983305 1.52 0
783 17.5949915 2.56 0
784 17.5949915 1.56 0
785 19.1983305 0.52 0
786 14.923313 2.32 0
787 15.4316438333333 2.72 0
788 16.0549801666667 2.64 0
789 15.9399746666667 3.12 0
790 16.1699856666667 2.16 0
791 16.6783165 2.56 0
792 16.4483055 3.52 0
793 17.3649805 3.52 0
794 17.479986 3.04 0
795 18.2816555 3.52 0
796 2.91666666666667 0.5 0
797 1.25 0.5 0
798 4.58333333333333 0.5 0
799 4.16666666666667 1 0
800 3.75 1.5 0
801 17.5316638333333 0.52 0
802 16.7299943333333 1.04 0
803 15.8649971666667 0.52 0
804 15.9283248333333 1.56 0
805 14.1983305 0.52 0
806 9.41666666666667 0.5 0
807 7.75 0.5 0
808 11.0833333333333 0.5 0
809 10.5 1 0
810 9.91666666666667 1.5 0
811 8.08333333333333 1 0
812 9.16666666666667 1.5 0
813 8.41666666666667 1.5 0
814 14.4399913333333 1.12 0
815 15.3049885 1.64 0
816 14.6816521666667 1.72 0
817 1.25 1 0
818 2.5 1.5 0
819 1.25 1.5 0
820 11.4124970833333 2.05 0
821 11.6208220833333 2.3 0
822 12.0333191666667 2.35 0
823 11.8291470833333 2.55 0
824 12.23749125 2.15 0
825 12.44581625 2.4 0
826 12.0374720833333 2.8 0
827 12.8583133333333 2.45 0
828 12.65414125 2.65 0
829 12.86246625 2.9 0
830 12.4499691666667 2.85 0
831 13.2749633333333 2.95 0
832 13.07079125 3.15 0
833 12.2457970833333 3.05 0
834 13.0624854166667 2.25 0
835 13.2708104166667 2.5 0
836 13.6833075 2.55 0
837 13.4791354166667 2.75 0
838 13.8874795833333 2.35 0
839 14.0958045833333 2.6 0
840 13.6874604166667 3 0
841 12.4541220833333 3.3 0
842 12.8666191666667 3.35 0
843 12.6624470833333 3.55 0
844 13.27911625 3.4 0
845 12.8707720833333 3.8 0
846 13.45416375 0.3 0
847 13.1624970833333 0.55 0
848 13.0416666666667 0.25 0
849 13.2833275 0.85 0
850 12.8708304166667 0.8 0
851 13.6958245833333 0.9 0
852 13.4041579166667 1.15 0
853 12.57916375 1.05 0
854 12.4583333333333 0.75 0
855 13.5249883333333 1.45 0
856 13.11249125 1.4 0
857 12.8208245833333 1.65 0
858 12.6999941666667 1.35 0
859 12.941655 1.95 0
860 12.5291579166667 1.9 0
861 12.2874970833333 1.3 0
862 13.9374854166667 1.5 0
863 13.64581875 1.75 0
864 13.7666491666667 2.05 0
865 13.3541520833333 2 0
866 14.17914625 2.1 0
867 11.9958304166667 1.55 0
868 11.875 1.25 0
869 12.1166608333333 1.85 0
870 11.70416375 1.8 0
871 11.2916666666667 1.75 0
872 13.3291095833333 3.8 0
873 13.5332816666667 3.6 0
874 13.7874470833333 3.8 0
875 13.73745375 3.4 0
876 14.2457845833333 3.8 0
877 13.9416258333333 3.2 0
878 14.19579125 3.4 0
879 14.65412875 3.4 0
880 14.4499566666667 3.6 0
881 14.8583008333333 3.2 0
882 15.11246625 3.4 0
883 14.7041220833333 3.8 0
884 14.1457979166667 3 0
885 14.34997 2.8 0
886 14.6041354166667 3 0
887 14.5541420833333 2.6 0
888 15.0624729166667 3 0
889 15.1624595833333 3.8 0
890 15.3666316666667 3.6 0
891 15.6207970833333 3.8 0
892 15.57080375 3.4 0
893 16.0791345833333 3.8 0
894 5.20833333333333 1.75 0
895 5.58333333333333 1.75 0
896 5.79166666666667 1.5 0
897 5.95833333333333 1.75 0
898 5.625 1.25 0
899 6 1.25 0
900 6.33333333333333 1.75 0
901 6.20833333333333 1 0
902 6.375 1.25 0
903 6.75 1.25 0
904 6.54166666666667 1.5 0
905 6.95833333333333 1 0
906 7.125 1.25 0
907 6.70833333333333 1.75 0
908 6.04166666666667 0.75 0
909 6.41666666666667 0.75 0
910 6.625 0.5 0
911 6.79166666666667 0.75 0
912 6.45833333333333 0.25 0
913 6.83333333333333 0.25 0
914 7.16666666666667 0.75 0
915 7.08333333333334 1.75 0
916 7.29166666666667 1.5 0
917 7.45833333333334 1.75 0
918 7.5 1.25 0
919 7.83333333333334 1.75 0
920 19.59916525 3.76 0
921 19.59916525 3.26 0
922 19.1983305 3.02 0
923 19.59916525 2.76 0
924 18.79749575 3.28 0
925 18.79749575 2.78 0
926 19.59916525 2.26 0
927 18.396661 2.54 0
928 18.79749575 2.28 0
929 18.79749575 1.78 0
930 19.1983305 2.02 0
931 18.396661 1.54 0
932 18.79749575 1.28 0
933 19.59916525 1.76 0
934 17.99582625 2.8 0
935 17.99582625 2.3 0
936 17.5949915 2.06 0
937 17.99582625 1.8 0
938 17.19415675 2.32 0
939 17.19415675 1.82 0
940 17.99582625 1.3 0
941 19.59916525 1.26 0
942 19.1983305 1.02 0
943 19.59916525 0.76 0
944 18.79749575 0.78 0
945 19.59916525 0.26 0
946 14.6116448333333 2.36 0
947 14.86581025 2.56 0
948 15.1774784166667 2.52 0
949 15.1199756666667 2.76 0
950 15.2349811666667 2.28 0
951 15.4891465833333 2.48 0
952 15.3741410833333 2.96 0
953 15.80081475 2.44 0
954 15.743312 2.68 0
955 15.9974774166667 2.88 0
956 15.68580925 2.92 0
957 16.3091455833333 2.84 0
958 16.2516428333333 3.08 0
959 15.6283065 3.16 0
960 15.8583175 2.2 0
961 16.1124829166667 2.4 0
962 16.4241510833333 2.36 0
963 16.3666483333333 2.6 0
964 16.4816538333333 2.12 0
965 16.73581925 2.32 0
966 16.62081375 2.8 0
967 15.8824719166667 3.36 0
968 16.1941400833333 3.32 0
969 16.1366373333333 3.56 0
970 16.50580825 3.28 0
971 16.39080275 3.76 0
972 16.84914025 3.76 0
973 16.906643 3.52 0
974 17.30747775 3.76 0
975 16.96414575 3.28 0
976 17.76581525 3.76 0
977 17.0216485 3.04 0
978 17.42248325 3.28 0
979 17.88082075 3.28 0
980 17.823318 3.52 0
981 17.9383235 3.04 0
982 18.33915825 3.28 0
983 18.22415275 3.76 0
984 17.07915125 2.8 0
985 17.136654 2.56 0
986 17.53748875 2.8 0
987 18.68249025 3.76 0
988 18.739993 3.52 0
989 19.14082775 3.76 0
990 1.45833333333333 0.25 0
991 0.625 0.25 0
992 2.29166666666667 0.25 0
993 2.08333333333333 0.5 0
994 3.125 0.25 0
995 2.70833333333333 0.75 0
996 1.875 0.75 0
997 3.95833333333333 0.25 0
998 3.75 0.5 0
999 4.375 0.75 0
1000 3.54166666666667 0.75 0
1001 5.20833333333333 0.75 0
1002 5 1 0
1003 3.33333333333333 1 0
1004 4.79166666666667 0.25 0
1005 5.625 0.25 0
1006 5.41666666666667 0.5 0
1007 3.95833333333333 1.25 0
1008 3.125 1.25 0
1009 4.79166666666667 1.25 0
1010 4.58333333333333 1.5 0
1011 4.375 1.75 0
1012 18.7658319166667 0.26 0
1013 18.3649971666667 0.52 0
1014 17.9324985833333 0.26 0
1015 17.9641624166667 0.78 0
1016 17.09916525 0.26 0
1017 17.5633276666667 1.04 0
1018 17.1308290833333 0.78 0
1019 16.29749575 0.78 0
1020 16.6983305 0.52 0
1021 15.896661 1.04 0
1022 15.4641624166667 0.78 0
1023 16.2658319166667 0.26 0
1024 17.1624929166667 1.3 0
1025 16.7616581666667 1.56 0
1026 16.3291595833333 1.3 0
1027 16.3608234166667 1.82 0
1028 15.49582625 1.3 0
1029 15.4324985833333 0.26 0
1030 15.0316638333333 0.52 0
1031 14.59916525 0.26 0
1032 14.6308290833333 0.78 0
1033 13.7658319166667 0.26 0
1034 8.04166666666667 0.25 0
1035 7.20833333333333 0.25 0
1036 8.875 0.25 0
1037 8.58333333333333 0.5 0
1038 9.70833333333333 0.25 0
1039 9.125 0.75 0
1040 8.29166666666667 0.75 0
1041 10.5416666666667 0.25 0
1042 10.25 0.5 0
1043 10.7916666666667 0.75 0
1044 9.95833333333333 0.75 0
1045 11.625 0.75 0
1046 11.3333333333333 1 0
1047 9.66666666666667 1 0
1048 11.375 0.25 0
1049 12.2083333333333 0.25 0
1050 11.9166666666667 0.5 0
1051 10.2083333333333 1.25 0
1052 9.375 1.25 0
1053 11.0416666666667 1.25 0
1054 10.75 1.5 0
1055 10.4583333333333 1.75 0
1056 7.375 0.5 0
1057 7.91666666666667 0.75 0
1058 7.54166666666667 0.75 0
1059 8.45833333333333 1 0
1060 7.70833333333333 1 0
1061 9 1.25 0
1062 8.625 1.25 0
1063 8.79166666666667 1.5 0
1064 8.25 1.25 0
1065 9.33333333333334 1.75 0
1066 8.95833333333334 1.75 0
1067 7.875 1.25 0
1068 9.54166666666667 1.5 0
1069 10.0833333333333 1.75 0
1070 9.70833333333334 1.75 0
1071 8.04166666666667 1.5 0
1072 8.58333333333334 1.75 0
1073 8.20833333333334 1.75 0
1074 13.8866623333333 0.56 0
1075 14.3191609166667 0.82 0
1076 14.00749275 0.86 0
1077 14.7516595 1.08 0
1078 14.1283231666667 1.16 0
1079 15.1841580833333 1.34 0
1080 14.8724899166667 1.38 0
1081 14.9933203333333 1.68 0
1082 14.56082175 1.42 0
1083 15.4258189166667 1.94 0
1084 15.11415075 1.98 0
1085 14.2491535833333 1.46 0
1086 15.6166566666667 1.6 0
1087 16.04915525 1.86 0
1088 15.7374870833333 1.9 0
1089 14.369984 1.76 0
1090 14.8024825833333 2.02 0
1091 14.4908144166667 2.06 0
1092 0.625 0.5 0
1093 1.25 0.75 0
1094 0.625 0.75 0
1095 1.875 1 0
1096 0.625 1 0
1097 2.5 1.25 0
1098 1.875 1.25 0
1099 1.875 1.5 0
1100 1.25 1.25 0
1101 2.5 1.75 0
1102 1.875 1.75 0
1103 0.625 1.25 0
1104 3.125 1.5 0
1105 3.75 1.75 0
1106 3.125 1.75 0
1107 0.625 1.5 0
1108 1.25 1.75 0
1109 0.625 1.75 0
