3.00814992644019e-5
5.239059211030461e-5
0.00016511710625550374
5.6867557009995795e-6
5.944633287470469e-5
7.23287925400995e-5
0.00013014341258300172
3.0225772581098098e-5
-5.499170464590142e-5
0.00015994517406019843
0.00019182570851869474
5.722933718300266e-5
0.00011658335401510539
-8.25645509674039e-5
2.646590711909841e-5
9.56066193342972e-5
6.661640470579516e-5
-8.912020022319722e-5
0.00011084988992569877
0.00020558213405900277
8.657254015498328e-6
6.23041093009008e-5
7.909326571010206e-5
-3.134057976300619e-5
1.823308139069918e-5
9.454834975129722e-5
0.00010388816553109914
4.241515117939937e-5
4.154775122469645e-5
1.778491840519897e-5
0.00014478566502690304
8.547778291469882e-5
-3.267930035640021e-5
5.213395808919413e-5
0.00012436547445979912
0.0002498903165305058
4.797737947639935e-5
-3.3491927817971834e-6
7.504510478460041e-5
4.9572058905295036e-5
0.00018574912835920415
2.7900429630502155e-5
0.00017026734682900474
3.712902391997397e-7
0.00010145452721289916
0.00015143930133720146
0.0003037309518818046
0.0001070309540548986
0.00010256706520300057
0.0001912247591747962
0.00012647812822100257
-3.853832989960532e-5
4.272339679529946e-5
0.00025521835545429944
4.507311438589623e-5
0.00013477679510860013
7.413278388095079e-6
5.366199923190207e-5
8.764002499370149e-5
-1.621516392489447e-5
1.6784286532095516e-5
-2.7582420416498443e-5
0.00016887124693650002
-0.00017671584643109972
0.0003135267152679991
7.892900379469908e-5
0.0001435158412649018
-8.126010941959805e-5
0.00018336736586370417
0.00021077613177890309
7.403483536810168e-5
3.256546055160209e-5
