1 5 908 352
5 6 906 908
908 906 472 907
352 908 907 351
6 7 911 906
7 8 909 911
911 909 470 910
906 911 910 472
472 910 915 914
910 470 912 915
915 912 353 913
914 915 913 471
351 907 917 350
907 472 914 917
917 914 471 916
350 917 916 349
349 916 920 348
916 471 918 920
920 918 475 919
348 920 919 347
471 913 923 918
913 353 921 923
923 921 473 922
918 923 922 475
475 922 927 926
922 473 924 927
927 924 354 925
926 927 925 474
347 919 929 346
919 475 926 929
929 926 474 928
346 929 928 345
345 928 932 344
928 474 930 932
932 930 478 931
344 932 931 343
474 925 935 930
925 354 933 935
935 933 476 934
930 935 934 478
478 934 939 938
934 476 936 939
939 936 355 937
938 939 937 477
343 931 941 342
931 478 938 941
941 938 477 940
342 941 940 341
341 940 944 340
940 477 942 944
944 942 480 943
340 944 943 339
477 937 947 942
937 355 945 947
947 945 479 946
942 947 946 480
480 946 950 949
946 479 948 950
950 948 334 335
949 950 335 336
339 943 951 338
943 480 949 951
951 949 336 337
338 951 337 4
8 9 954 909
9 10 952 954
954 952 483 953
909 954 953 470
10 11 957 952
11 12 955 957
957 955 481 956
952 957 956 483
483 956 961 960
956 481 958 961
961 958 356 959
960 961 959 482
470 953 963 912
953 483 960 963
963 960 482 962
912 963 962 353
353 962 966 921
962 482 964 966
966 964 486 965
921 966 965 473
482 959 969 964
959 356 967 969
969 967 484 968
964 969 968 486
486 968 973 972
968 484 970 973
973 970 357 971
972 973 971 485
473 965 975 924
965 486 972 975
975 972 485 974
924 975 974 354
354 974 978 933
974 485 976 978
978 976 489 977
933 978 977 476
485 971 981 976
971 357 979 981
981 979 487 980
976 981 980 489
489 980 985 984
980 487 982 985
985 982 358 983
984 985 983 488
476 977 987 936
977 489 984 987
987 984 488 986
936 987 986 355
355 986 990 945
986 488 988 990
990 988 491 989
945 990 989 479
488 983 993 988
983 358 991 993
993 991 490 992
988 993 992 491
491 992 996 995
992 490 994 996
996 994 330 331
995 996 331 332
479 989 997 948
989 491 995 997
997 995 332 333
948 997 333 334
12 13 1000 955
13 14 998 1000
1000 998 494 999
955 1000 999 481
14 15 1003 998
15 16 1001 1003
1003 1001 492 1002
998 1003 1002 494
494 1002 1007 1006
1002 492 1004 1007
1007 1004 359 1005
1006 1007 1005 493
481 999 1009 958
999 494 1006 1009
1009 1006 493 1008
958 1009 1008 356
356 1008 1012 967
1008 493 1010 1012
1012 1010 497 1011
967 1012 1011 484
493 1005 1015 1010
1005 359 1013 1015
1015 1013 495 1014
1010 1015 1014 497
497 1014 1019 1018
1014 495 1016 1019
1019 1016 360 1017
1018 1019 1017 496
484 1011 1021 970
1011 497 1018 1021
1021 1018 496 1020
970 1021 1020 357
357 1020 1024 979
1020 496 1022 1024
1024 1022 500 1023
979 1024 1023 487
496 1017 1027 1022
1017 360 1025 1027
1027 1025 498 1026
1022 1027 1026 500
500 1026 1031 1030
1026 498 1028 1031
1031 1028 361 1029
1030 1031 1029 499
487 1023 1033 982
1023 500 1030 1033
1033 1030 499 1032
982 1033 1032 358
358 1032 1036 991
1032 499 1034 1036
1036 1034 502 1035
991 1036 1035 490
499 1029 1039 1034
1029 361 1037 1039
1039 1037 501 1038
1034 1039 1038 502
502 1038 1042 1041
1038 501 1040 1042
1042 1040 326 327
1041 1042 327 328
490 1035 1043 994
1035 502 1041 1043
1043 1041 328 329
994 1043 329 330
16 17 1046 1001
17 18 1044 1046
1046 1044 505 1045
1001 1046 1045 492
18 19 1049 1044
19 20 1047 1049
1049 1047 503 1048
1044 1049 1048 505
505 1048 1053 1052
1048 503 1050 1053
1053 1050 362 1051
1052 1053 1051 504
492 1045 1055 1004
1045 505 1052 1055
1055 1052 504 1054
1004 1055 1054 359
359 1054 1058 1013
1054 504 1056 1058
1058 1056 508 1057
1013 1058 1057 495
504 1051 1061 1056
1051 362 1059 1061
1061 1059 506 1060
1056 1061 1060 508
508 1060 1065 1064
1060 506 1062 1065
1065 1062 363 1063
1064 1065 1063 507
495 1057 1067 1016
1057 508 1064 1067
1067 1064 507 1066
1016 1067 1066 360
360 1066 1070 1025
1066 507 1068 1070
1070 1068 511 1069
1025 1070 1069 498
507 1063 1073 1068
1063 363 1071 1073
1073 1071 509 1072
1068 1073 1072 511
511 1072 1077 1076
1072 509 1074 1077
1077 1074 364 1075
1076 1077 1075 510
498 1069 1079 1028
1069 511 1076 1079
1079 1076 510 1078
1028 1079 1078 361
361 1078 1082 1037
1078 510 1080 1082
1082 1080 513 1081
1037 1082 1081 501
510 1075 1085 1080
1075 364 1083 1085
1085 1083 512 1084
1080 1085 1084 513
513 1084 1088 1087
1084 512 1086 1088
1088 1086 322 323
1087 1088 323 324
501 1081 1089 1040
1081 513 1087 1089
1089 1087 324 325
1040 1089 325 326
20 21 1092 1047
21 22 1090 1092
1092 1090 516 1091
1047 1092 1091 503
22 23 1095 1090
23 24 1093 1095
1095 1093 514 1094
1090 1095 1094 516
516 1094 1099 1098
1094 514 1096 1099
1099 1096 365 1097
1098 1099 1097 515
503 1091 1101 1050
1091 516 1098 1101
1101 1098 515 1100
1050 1101 1100 362
362 1100 1104 1059
1100 515 1102 1104
1104 1102 519 1103
1059 1104 1103 506
515 1097 1107 1102
1097 365 1105 1107
1107 1105 517 1106
1102 1107 1106 519
519 1106 1111 1110
1106 517 1108 1111
1111 1108 366 1109
1110 1111 1109 518
506 1103 1113 1062
1103 519 1110 1113
1113 1110 518 1112
1062 1113 1112 363
363 1112 1116 1071
1112 518 1114 1116
1116 1114 522 1115
1071 1116 1115 509
518 1109 1119 1114
1109 366 1117 1119
1119 1117 520 1118
1114 1119 1118 522
522 1118 1123 1122
1118 520 1120 1123
1123 1120 367 1121
1122 1123 1121 521
509 1115 1125 1074
1115 522 1122 1125
1125 1122 521 1124
1074 1125 1124 364
364 1124 1128 1083
1124 521 1126 1128
1128 1126 524 1127
1083 1128 1127 512
521 1121 1131 1126
1121 367 1129 1131
1131 1129 523 1130
1126 1131 1130 524
524 1130 1134 1133
1130 523 1132 1134
1134 1132 318 319
1133 1134 319 320
512 1127 1135 1086
1127 524 1133 1135
1135 1133 320 321
1086 1135 321 322
24 25 1138 1093
25 26 1136 1138
1138 1136 527 1137
1093 1138 1137 514
26 27 1141 1136
27 28 1139 1141
1141 1139 525 1140
1136 1141 1140 527
527 1140 1145 1144
1140 525 1142 1145
1145 1142 368 1143
1144 1145 1143 526
514 1137 1147 1096
1137 527 1144 1147
1147 1144 526 1146
1096 1147 1146 365
365 1146 1150 1105
1146 526 1148 1150
1150 1148 530 1149
1105 1150 1149 517
526 1143 1153 1148
1143 368 1151 1153
1153 1151 528 1152
1148 1153 1152 530
530 1152 1157 1156
1152 528 1154 1157
1157 1154 369 1155
1156 1157 1155 529
517 1149 1159 1108
1149 530 1156 1159
1159 1156 529 1158
1108 1159 1158 366
366 1158 1162 1117
1158 529 1160 1162
1162 1160 533 1161
1117 1162 1161 520
529 1155 1165 1160
1155 369 1163 1165
1165 1163 531 1164
1160 1165 1164 533
533 1164 1169 1168
1164 531 1166 1169
1169 1166 370 1167
1168 1169 1167 532
520 1161 1171 1120
1161 533 1168 1171
1171 1168 532 1170
1120 1171 1170 367
367 1170 1174 1129
1170 532 1172 1174
1174 1172 535 1173
1129 1174 1173 523
532 1167 1177 1172
1167 370 1175 1177
1177 1175 534 1176
1172 1177 1176 535
535 1176 1180 1179
1176 534 1178 1180
1180 1178 314 315
1179 1180 315 316
523 1173 1181 1132
1173 535 1179 1181
1181 1179 316 317
1132 1181 317 318
28 29 1184 1139
29 30 1182 1184
1184 1182 538 1183
1139 1184 1183 525
30 31 1187 1182
31 32 1185 1187
1187 1185 536 1186
1182 1187 1186 538
538 1186 1191 1190
1186 536 1188 1191
1191 1188 371 1189
1190 1191 1189 537
525 1183 1193 1142
1183 538 1190 1193
1193 1190 537 1192
1142 1193 1192 368
368 1192 1196 1151
1192 537 1194 1196
1196 1194 541 1195
1151 1196 1195 528
537 1189 1199 1194
1189 371 1197 1199
1199 1197 539 1198
1194 1199 1198 541
541 1198 1203 1202
1198 539 1200 1203
1203 1200 372 1201
1202 1203 1201 540
528 1195 1205 1154
1195 541 1202 1205
1205 1202 540 1204
1154 1205 1204 369
369 1204 1208 1163
1204 540 1206 1208
1208 1206 544 1207
1163 1208 1207 531
540 1201 1211 1206
1201 372 1209 1211
1211 1209 542 1210
1206 1211 1210 544
544 1210 1215 1214
1210 542 1212 1215
1215 1212 373 1213
1214 1215 1213 543
531 1207 1217 1166
1207 544 1214 1217
1217 1214 543 1216
1166 1217 1216 370
370 1216 1220 1175
1216 543 1218 1220
1220 1218 546 1219
1175 1220 1219 534
543 1213 1223 1218
1213 373 1221 1223
1223 1221 545 1222
1218 1223 1222 546
546 1222 1226 1225
1222 545 1224 1226
1226 1224 310 311
1225 1226 311 312
534 1219 1227 1178
1219 546 1225 1227
1227 1225 312 313
1178 1227 313 314
32 33 1230 1185
33 34 1228 1230
1230 1228 549 1229
1185 1230 1229 536
34 35 1233 1228
35 36 1231 1233
1233 1231 547 1232
1228 1233 1232 549
549 1232 1237 1236
1232 547 1234 1237
1237 1234 374 1235
1236 1237 1235 548
536 1229 1239 1188
1229 549 1236 1239
1239 1236 548 1238
1188 1239 1238 371
371 1238 1242 1197
1238 548 1240 1242
1242 1240 552 1241
1197 1242 1241 539
548 1235 1245 1240
1235 374 1243 1245
1245 1243 550 1244
1240 1245 1244 552
552 1244 1249 1248
1244 550 1246 1249
1249 1246 375 1247
1248 1249 1247 551
539 1241 1251 1200
1241 552 1248 1251
1251 1248 551 1250
1200 1251 1250 372
372 1250 1254 1209
1250 551 1252 1254
1254 1252 555 1253
1209 1254 1253 542
551 1247 1257 1252
1247 375 1255 1257
1257 1255 553 1256
1252 1257 1256 555
555 1256 1261 1260
1256 553 1258 1261
1261 1258 376 1259
1260 1261 1259 554
542 1253 1263 1212
1253 555 1260 1263
1263 1260 554 1262
1212 1263 1262 373
373 1262 1266 1221
1262 554 1264 1266
1266 1264 557 1265
1221 1266 1265 545
554 1259 1269 1264
1259 376 1267 1269
1269 1267 556 1268
1264 1269 1268 557
557 1268 1272 1271
1268 556 1270 1272
1272 1270 306 307
1271 1272 307 308
545 1265 1273 1224
1265 557 1271 1273
1273 1271 308 309
1224 1273 309 310
36 37 1276 1231
37 38 1274 1276
1276 1274 560 1275
1231 1276 1275 547
38 39 1279 1274
39 40 1277 1279
1279 1277 558 1278
1274 1279 1278 560
560 1278 1283 1282
1278 558 1280 1283
1283 1280 377 1281
1282 1283 1281 559
547 1275 1285 1234
1275 560 1282 1285
1285 1282 559 1284
1234 1285 1284 374
374 1284 1288 1243
1284 559 1286 1288
1288 1286 563 1287
1243 1288 1287 550
559 1281 1291 1286
1281 377 1289 1291
1291 1289 561 1290
1286 1291 1290 563
563 1290 1295 1294
1290 561 1292 1295
1295 1292 378 1293
1294 1295 1293 562
550 1287 1297 1246
1287 563 1294 1297
1297 1294 562 1296
1246 1297 1296 375
375 1296 1300 1255
1296 562 1298 1300
1300 1298 566 1299
1255 1300 1299 553
562 1293 1303 1298
1293 378 1301 1303
1303 1301 564 1302
1298 1303 1302 566
566 1302 1307 1306
1302 564 1304 1307
1307 1304 379 1305
1306 1307 1305 565
553 1299 1309 1258
1299 566 1306 1309
1309 1306 565 1308
1258 1309 1308 376
376 1308 1312 1267
1308 565 1310 1312
1312 1310 568 1311
1267 1312 1311 556
565 1305 1315 1310
1305 379 1313 1315
1315 1313 567 1314
1310 1315 1314 568
568 1314 1318 1317
1314 567 1316 1318
1318 1316 302 303
1317 1318 303 304
556 1311 1319 1270
1311 568 1317 1319
1319 1317 304 305
1270 1319 305 306
40 41 1322 1277
41 42 1320 1322
1322 1320 571 1321
1277 1322 1321 558
42 43 1325 1320
43 44 1323 1325
1325 1323 569 1324
1320 1325 1324 571
571 1324 1329 1328
1324 569 1326 1329
1329 1326 380 1327
1328 1329 1327 570
558 1321 1331 1280
1321 571 1328 1331
1331 1328 570 1330
1280 1331 1330 377
377 1330 1334 1289
1330 570 1332 1334
1334 1332 574 1333
1289 1334 1333 561
570 1327 1337 1332
1327 380 1335 1337
1337 1335 572 1336
1332 1337 1336 574
574 1336 1341 1340
1336 572 1338 1341
1341 1338 381 1339
1340 1341 1339 573
561 1333 1343 1292
1333 574 1340 1343
1343 1340 573 1342
1292 1343 1342 378
378 1342 1346 1301
1342 573 1344 1346
1346 1344 577 1345
1301 1346 1345 564
573 1339 1349 1344
1339 381 1347 1349
1349 1347 575 1348
1344 1349 1348 577
577 1348 1353 1352
1348 575 1350 1353
1353 1350 382 1351
1352 1353 1351 576
564 1345 1355 1304
1345 577 1352 1355
1355 1352 576 1354
1304 1355 1354 379
379 1354 1358 1313
1354 576 1356 1358
1358 1356 579 1357
1313 1358 1357 567
576 1351 1361 1356
1351 382 1359 1361
1361 1359 578 1360
1356 1361 1360 579
579 1360 1364 1363
1360 578 1362 1364
1364 1362 298 299
1363 1364 299 300
567 1357 1365 1316
1357 579 1363 1365
1365 1363 300 301
1316 1365 301 302
44 45 1368 1323
45 46 1366 1368
1368 1366 582 1367
1323 1368 1367 569
46 47 1371 1366
47 48 1369 1371
1371 1369 580 1370
1366 1371 1370 582
582 1370 1375 1374
1370 580 1372 1375
1375 1372 383 1373
1374 1375 1373 581
569 1367 1377 1326
1367 582 1374 1377
1377 1374 581 1376
1326 1377 1376 380
380 1376 1380 1335
1376 581 1378 1380
1380 1378 585 1379
1335 1380 1379 572
581 1373 1383 1378
1373 383 1381 1383
1383 1381 583 1382
1378 1383 1382 585
585 1382 1387 1386
1382 583 1384 1387
1387 1384 384 1385
1386 1387 1385 584
572 1379 1389 1338
1379 585 1386 1389
1389 1386 584 1388
1338 1389 1388 381
381 1388 1392 1347
1388 584 1390 1392
1392 1390 588 1391
1347 1392 1391 575
584 1385 1395 1390
1385 384 1393 1395
1395 1393 586 1394
1390 1395 1394 588
588 1394 1399 1398
1394 586 1396 1399
1399 1396 385 1397
1398 1399 1397 587
575 1391 1401 1350
1391 588 1398 1401
1401 1398 587 1400
1350 1401 1400 382
382 1400 1404 1359
1400 587 1402 1404
1404 1402 590 1403
1359 1404 1403 578
587 1397 1407 1402
1397 385 1405 1407
1407 1405 589 1406
1402 1407 1406 590
590 1406 1410 1409
1406 589 1408 1410
1410 1408 294 295
1409 1410 295 296
578 1403 1411 1362
1403 590 1409 1411
1411 1409 296 297
1362 1411 297 298
48 49 1414 1369
49 50 1412 1414
1414 1412 593 1413
1369 1414 1413 580
50 51 1417 1412
51 52 1415 1417
1417 1415 591 1416
1412 1417 1416 593
593 1416 1421 1420
1416 591 1418 1421
1421 1418 386 1419
1420 1421 1419 592
580 1413 1423 1372
1413 593 1420 1423
1423 1420 592 1422
1372 1423 1422 383
383 1422 1426 1381
1422 592 1424 1426
1426 1424 596 1425
1381 1426 1425 583
592 1419 1429 1424
1419 386 1427 1429
1429 1427 594 1428
1424 1429 1428 596
596 1428 1433 1432
1428 594 1430 1433
1433 1430 387 1431
1432 1433 1431 595
583 1425 1435 1384
1425 596 1432 1435
1435 1432 595 1434
1384 1435 1434 384
384 1434 1438 1393
1434 595 1436 1438
1438 1436 599 1437
1393 1438 1437 586
595 1431 1441 1436
1431 387 1439 1441
1441 1439 597 1440
1436 1441 1440 599
599 1440 1445 1444
1440 597 1442 1445
1445 1442 388 1443
1444 1445 1443 598
586 1437 1447 1396
1437 599 1444 1447
1447 1444 598 1446
1396 1447 1446 385
385 1446 1450 1405
1446 598 1448 1450
1450 1448 601 1449
1405 1450 1449 589
598 1443 1453 1448
1443 388 1451 1453
1453 1451 600 1452
1448 1453 1452 601
601 1452 1456 1455
1452 600 1454 1456
1456 1454 290 291
1455 1456 291 292
589 1449 1457 1408
1449 601 1455 1457
1457 1455 292 293
1408 1457 293 294
52 53 1460 1415
53 54 1458 1460
1460 1458 604 1459
1415 1460 1459 591
54 55 1463 1458
55 56 1461 1463
1463 1461 602 1462
1458 1463 1462 604
604 1462 1467 1466
1462 602 1464 1467
1467 1464 389 1465
1466 1467 1465 603
591 1459 1469 1418
1459 604 1466 1469
1469 1466 603 1468
1418 1469 1468 386
386 1468 1472 1427
1468 603 1470 1472
1472 1470 607 1471
1427 1472 1471 594
603 1465 1475 1470
1465 389 1473 1475
1475 1473 605 1474
1470 1475 1474 607
607 1474 1479 1478
1474 605 1476 1479
1479 1476 390 1477
1478 1479 1477 606
594 1471 1481 1430
1471 607 1478 1481
1481 1478 606 1480
1430 1481 1480 387
387 1480 1484 1439
1480 606 1482 1484
1484 1482 610 1483
1439 1484 1483 597
606 1477 1487 1482
1477 390 1485 1487
1487 1485 608 1486
1482 1487 1486 610
610 1486 1491 1490
1486 608 1488 1491
1491 1488 391 1489
1490 1491 1489 609
597 1483 1493 1442
1483 610 1490 1493
1493 1490 609 1492
1442 1493 1492 388
388 1492 1496 1451
1492 609 1494 1496
1496 1494 612 1495
1451 1496 1495 600
609 1489 1499 1494
1489 391 1497 1499
1499 1497 611 1498
1494 1499 1498 612
612 1498 1502 1501
1498 611 1500 1502
1502 1500 286 287
1501 1502 287 288
600 1495 1503 1454
1495 612 1501 1503
1503 1501 288 289
1454 1503 289 290
56 57 1506 1461
57 58 1504 1506
1506 1504 615 1505
1461 1506 1505 602
58 59 1509 1504
59 60 1507 1509
1509 1507 613 1508
1504 1509 1508 615
615 1508 1513 1512
1508 613 1510 1513
1513 1510 392 1511
1512 1513 1511 614
602 1505 1515 1464
1505 615 1512 1515
1515 1512 614 1514
1464 1515 1514 389
389 1514 1518 1473
1514 614 1516 1518
1518 1516 618 1517
1473 1518 1517 605
614 1511 1521 1516
1511 392 1519 1521
1521 1519 616 1520
1516 1521 1520 618
618 1520 1525 1524
1520 616 1522 1525
1525 1522 393 1523
1524 1525 1523 617
605 1517 1527 1476
1517 618 1524 1527
1527 1524 617 1526
1476 1527 1526 390
390 1526 1530 1485
1526 617 1528 1530
1530 1528 621 1529
1485 1530 1529 608
617 1523 1533 1528
1523 393 1531 1533
1533 1531 619 1532
1528 1533 1532 621
621 1532 1537 1536
1532 619 1534 1537
1537 1534 394 1535
1536 1537 1535 620
608 1529 1539 1488
1529 621 1536 1539
1539 1536 620 1538
1488 1539 1538 391
391 1538 1542 1497
1538 620 1540 1542
1542 1540 623 1541
1497 1542 1541 611
620 1535 1545 1540
1535 394 1543 1545
1545 1543 622 1544
1540 1545 1544 623
623 1544 1548 1547
1544 622 1546 1548
1548 1546 282 283
1547 1548 283 284
611 1541 1549 1500
1541 623 1547 1549
1549 1547 284 285
1500 1549 285 286
60 61 1552 1507
61 62 1550 1552
1552 1550 626 1551
1507 1552 1551 613
62 63 1555 1550
63 64 1553 1555
1555 1553 624 1554
1550 1555 1554 626
626 1554 1559 1558
1554 624 1556 1559
1559 1556 395 1557
1558 1559 1557 625
613 1551 1561 1510
1551 626 1558 1561
1561 1558 625 1560
1510 1561 1560 392
392 1560 1564 1519
1560 625 1562 1564
1564 1562 629 1563
1519 1564 1563 616
625 1557 1567 1562
1557 395 1565 1567
1567 1565 627 1566
1562 1567 1566 629
629 1566 1571 1570
1566 627 1568 1571
1571 1568 396 1569
1570 1571 1569 628
616 1563 1573 1522
1563 629 1570 1573
1573 1570 628 1572
1522 1573 1572 393
393 1572 1576 1531
1572 628 1574 1576
1576 1574 632 1575
1531 1576 1575 619
628 1569 1579 1574
1569 396 1577 1579
1579 1577 630 1578
1574 1579 1578 632
632 1578 1583 1582
1578 630 1580 1583
1583 1580 397 1581
1582 1583 1581 631
619 1575 1585 1534
1575 632 1582 1585
1585 1582 631 1584
1534 1585 1584 394
394 1584 1588 1543
1584 631 1586 1588
1588 1586 634 1587
1543 1588 1587 622
631 1581 1591 1586
1581 397 1589 1591
1591 1589 633 1590
1586 1591 1590 634
634 1590 1594 1593
1590 633 1592 1594
1594 1592 278 279
1593 1594 279 280
622 1587 1595 1546
1587 634 1593 1595
1595 1593 280 281
1546 1595 281 282
64 65 1598 1553
65 66 1596 1598
1598 1596 637 1597
1553 1598 1597 624
66 67 1601 1596
67 68 1599 1601
1601 1599 635 1600
1596 1601 1600 637
637 1600 1605 1604
1600 635 1602 1605
1605 1602 398 1603
1604 1605 1603 636
624 1597 1607 1556
1597 637 1604 1607
1607 1604 636 1606
1556 1607 1606 395
395 1606 1610 1565
1606 636 1608 1610
1610 1608 640 1609
1565 1610 1609 627
636 1603 1613 1608
1603 398 1611 1613
1613 1611 638 1612
1608 1613 1612 640
640 1612 1617 1616
1612 638 1614 1617
1617 1614 399 1615
1616 1617 1615 639
627 1609 1619 1568
1609 640 1616 1619
1619 1616 639 1618
1568 1619 1618 396
396 1618 1622 1577
1618 639 1620 1622
1622 1620 643 1621
1577 1622 1621 630
639 1615 1625 1620
1615 399 1623 1625
1625 1623 641 1624
1620 1625 1624 643
643 1624 1629 1628
1624 641 1626 1629
1629 1626 400 1627
1628 1629 1627 642
630 1621 1631 1580
1621 643 1628 1631
1631 1628 642 1630
1580 1631 1630 397
397 1630 1634 1589
1630 642 1632 1634
1634 1632 645 1633
1589 1634 1633 633
642 1627 1637 1632
1627 400 1635 1637
1637 1635 644 1636
1632 1637 1636 645
645 1636 1640 1639
1636 644 1638 1640
1640 1638 274 275
1639 1640 275 276
633 1633 1641 1592
1633 645 1639 1641
1641 1639 276 277
1592 1641 277 278
68 69 1644 1599
69 70 1642 1644
1644 1642 648 1643
1599 1644 1643 635
70 71 1647 1642
71 72 1645 1647
1647 1645 646 1646
1642 1647 1646 648
648 1646 1651 1650
1646 646 1648 1651
1651 1648 401 1649
1650 1651 1649 647
635 1643 1653 1602
1643 648 1650 1653
1653 1650 647 1652
1602 1653 1652 398
398 1652 1656 1611
1652 647 1654 1656
1656 1654 651 1655
1611 1656 1655 638
647 1649 1659 1654
1649 401 1657 1659
1659 1657 649 1658
1654 1659 1658 651
651 1658 1663 1662
1658 649 1660 1663
1663 1660 402 1661
1662 1663 1661 650
638 1655 1665 1614
1655 651 1662 1665
1665 1662 650 1664
1614 1665 1664 399
399 1664 1668 1623
1664 650 1666 1668
1668 1666 654 1667
1623 1668 1667 641
650 1661 1671 1666
1661 402 1669 1671
1671 1669 652 1670
1666 1671 1670 654
654 1670 1675 1674
1670 652 1672 1675
1675 1672 403 1673
1674 1675 1673 653
641 1667 1677 1626
1667 654 1674 1677
1677 1674 653 1676
1626 1677 1676 400
400 1676 1680 1635
1676 653 1678 1680
1680 1678 656 1679
1635 1680 1679 644
653 1673 1683 1678
1673 403 1681 1683
1683 1681 655 1682
1678 1683 1682 656
656 1682 1686 1685
1682 655 1684 1686
1686 1684 270 271
1685 1686 271 272
644 1679 1687 1638
1679 656 1685 1687
1687 1685 272 273
1638 1687 273 274
72 73 1690 1645
73 74 1688 1690
1690 1688 659 1689
1645 1690 1689 646
74 75 1693 1688
75 76 1691 1693
1693 1691 657 1692
1688 1693 1692 659
659 1692 1697 1696
1692 657 1694 1697
1697 1694 404 1695
1696 1697 1695 658
646 1689 1699 1648
1689 659 1696 1699
1699 1696 658 1698
1648 1699 1698 401
401 1698 1702 1657
1698 658 1700 1702
1702 1700 662 1701
1657 1702 1701 649
658 1695 1705 1700
1695 404 1703 1705
1705 1703 660 1704
1700 1705 1704 662
662 1704 1709 1708
1704 660 1706 1709
1709 1706 405 1707
1708 1709 1707 661
649 1701 1711 1660
1701 662 1708 1711
1711 1708 661 1710
1660 1711 1710 402
402 1710 1714 1669
1710 661 1712 1714
1714 1712 665 1713
1669 1714 1713 652
661 1707 1717 1712
1707 405 1715 1717
1717 1715 663 1716
1712 1717 1716 665
665 1716 1721 1720
1716 663 1718 1721
1721 1718 406 1719
1720 1721 1719 664
652 1713 1723 1672
1713 665 1720 1723
1723 1720 664 1722
1672 1723 1722 403
403 1722 1726 1681
1722 664 1724 1726
1726 1724 667 1725
1681 1726 1725 655
664 1719 1729 1724
1719 406 1727 1729
1729 1727 666 1728
1724 1729 1728 667
667 1728 1732 1731
1728 666 1730 1732
1732 1730 266 267
1731 1732 267 268
655 1725 1733 1684
1725 667 1731 1733
1733 1731 268 269
1684 1733 269 270
76 77 1736 1691
77 78 1734 1736
1736 1734 670 1735
1691 1736 1735 657
78 79 1739 1734
79 80 1737 1739
1739 1737 668 1738
1734 1739 1738 670
670 1738 1743 1742
1738 668 1740 1743
1743 1740 407 1741
1742 1743 1741 669
657 1735 1745 1694
1735 670 1742 1745
1745 1742 669 1744
1694 1745 1744 404
404 1744 1748 1703
1744 669 1746 1748
1748 1746 673 1747
1703 1748 1747 660
669 1741 1751 1746
1741 407 1749 1751
1751 1749 671 1750
1746 1751 1750 673
673 1750 1755 1754
1750 671 1752 1755
1755 1752 408 1753
1754 1755 1753 672
660 1747 1757 1706
1747 673 1754 1757
1757 1754 672 1756
1706 1757 1756 405
405 1756 1760 1715
1756 672 1758 1760
1760 1758 676 1759
1715 1760 1759 663
672 1753 1763 1758
1753 408 1761 1763
1763 1761 674 1762
1758 1763 1762 676
676 1762 1767 1766
1762 674 1764 1767
1767 1764 409 1765
1766 1767 1765 675
663 1759 1769 1718
1759 676 1766 1769
1769 1766 675 1768
1718 1769 1768 406
406 1768 1772 1727
1768 675 1770 1772
1772 1770 678 1771
1727 1772 1771 666
675 1765 1775 1770
1765 409 1773 1775
1775 1773 677 1774
1770 1775 1774 678
678 1774 1778 1777
1774 677 1776 1778
1778 1776 262 263
1777 1778 263 264
666 1771 1779 1730
1771 678 1777 1779
1779 1777 264 265
1730 1779 265 266
80 81 1782 1737
81 82 1780 1782
1782 1780 681 1781
1737 1782 1781 668
82 83 1785 1780
83 84 1783 1785
1785 1783 679 1784
1780 1785 1784 681
681 1784 1789 1788
1784 679 1786 1789
1789 1786 410 1787
1788 1789 1787 680
668 1781 1791 1740
1781 681 1788 1791
1791 1788 680 1790
1740 1791 1790 407
407 1790 1794 1749
1790 680 1792 1794
1794 1792 684 1793
1749 1794 1793 671
680 1787 1797 1792
1787 410 1795 1797
1797 1795 682 1796
1792 1797 1796 684
684 1796 1801 1800
1796 682 1798 1801
1801 1798 411 1799
1800 1801 1799 683
671 1793 1803 1752
1793 684 1800 1803
1803 1800 683 1802
1752 1803 1802 408
408 1802 1806 1761
1802 683 1804 1806
1806 1804 687 1805
1761 1806 1805 674
683 1799 1809 1804
1799 411 1807 1809
1809 1807 685 1808
1804 1809 1808 687
687 1808 1813 1812
1808 685 1810 1813
1813 1810 412 1811
1812 1813 1811 686
674 1805 1815 1764
1805 687 1812 1815
1815 1812 686 1814
1764 1815 1814 409
409 1814 1818 1773
1814 686 1816 1818
1818 1816 689 1817
1773 1818 1817 677
686 1811 1821 1816
1811 412 1819 1821
1821 1819 688 1820
1816 1821 1820 689
689 1820 1824 1823
1820 688 1822 1824
1824 1822 258 259
1823 1824 259 260
677 1817 1825 1776
1817 689 1823 1825
1825 1823 260 261
1776 1825 261 262
84 85 1828 1783
85 86 1826 1828
1828 1826 692 1827
1783 1828 1827 679
86 87 1831 1826
87 88 1829 1831
1831 1829 690 1830
1826 1831 1830 692
692 1830 1835 1834
1830 690 1832 1835
1835 1832 413 1833
1834 1835 1833 691
679 1827 1837 1786
1827 692 1834 1837
1837 1834 691 1836
1786 1837 1836 410
410 1836 1840 1795
1836 691 1838 1840
1840 1838 695 1839
1795 1840 1839 682
691 1833 1843 1838
1833 413 1841 1843
1843 1841 693 1842
1838 1843 1842 695
695 1842 1847 1846
1842 693 1844 1847
1847 1844 414 1845
1846 1847 1845 694
682 1839 1849 1798
1839 695 1846 1849
1849 1846 694 1848
1798 1849 1848 411
411 1848 1852 1807
1848 694 1850 1852
1852 1850 698 1851
1807 1852 1851 685
694 1845 1855 1850
1845 414 1853 1855
1855 1853 696 1854
1850 1855 1854 698
698 1854 1859 1858
1854 696 1856 1859
1859 1856 415 1857
1858 1859 1857 697
685 1851 1861 1810
1851 698 1858 1861
1861 1858 697 1860
1810 1861 1860 412
412 1860 1864 1819
1860 697 1862 1864
1864 1862 700 1863
1819 1864 1863 688
697 1857 1867 1862
1857 415 1865 1867
1867 1865 699 1866
1862 1867 1866 700
700 1866 1870 1869
1866 699 1868 1870
1870 1868 254 255
1869 1870 255 256
688 1863 1871 1822
1863 700 1869 1871
1871 1869 256 257
1822 1871 257 258
88 89 1874 1829
89 90 1872 1874
1874 1872 703 1873
1829 1874 1873 690
90 91 1877 1872
91 92 1875 1877
1877 1875 701 1876
1872 1877 1876 703
703 1876 1881 1880
1876 701 1878 1881
1881 1878 416 1879
1880 1881 1879 702
690 1873 1883 1832
1873 703 1880 1883
1883 1880 702 1882
1832 1883 1882 413
413 1882 1886 1841
1882 702 1884 1886
1886 1884 706 1885
1841 1886 1885 693
702 1879 1889 1884
1879 416 1887 1889
1889 1887 704 1888
1884 1889 1888 706
706 1888 1893 1892
1888 704 1890 1893
1893 1890 417 1891
1892 1893 1891 705
693 1885 1895 1844
1885 706 1892 1895
1895 1892 705 1894
1844 1895 1894 414
414 1894 1898 1853
1894 705 1896 1898
1898 1896 709 1897
1853 1898 1897 696
705 1891 1901 1896
1891 417 1899 1901
1901 1899 707 1900
1896 1901 1900 709
709 1900 1905 1904
1900 707 1902 1905
1905 1902 418 1903
1904 1905 1903 708
696 1897 1907 1856
1897 709 1904 1907
1907 1904 708 1906
1856 1907 1906 415
415 1906 1910 1865
1906 708 1908 1910
1910 1908 711 1909
1865 1910 1909 699
708 1903 1913 1908
1903 418 1911 1913
1913 1911 710 1912
1908 1913 1912 711
711 1912 1916 1915
1912 710 1914 1916
1916 1914 250 251
1915 1916 251 252
699 1909 1917 1868
1909 711 1915 1917
1917 1915 252 253
1868 1917 253 254
92 93 1920 1875
93 94 1918 1920
1920 1918 714 1919
1875 1920 1919 701
94 95 1923 1918
95 96 1921 1923
1923 1921 712 1922
1918 1923 1922 714
714 1922 1927 1926
1922 712 1924 1927
1927 1924 419 1925
1926 1927 1925 713
701 1919 1929 1878
1919 714 1926 1929
1929 1926 713 1928
1878 1929 1928 416
416 1928 1932 1887
1928 713 1930 1932
1932 1930 717 1931
1887 1932 1931 704
713 1925 1935 1930
1925 419 1933 1935
1935 1933 715 1934
1930 1935 1934 717
717 1934 1939 1938
1934 715 1936 1939
1939 1936 420 1937
1938 1939 1937 716
704 1931 1941 1890
1931 717 1938 1941
1941 1938 716 1940
1890 1941 1940 417
417 1940 1944 1899
1940 716 1942 1944
1944 1942 720 1943
1899 1944 1943 707
716 1937 1947 1942
1937 420 1945 1947
1947 1945 718 1946
1942 1947 1946 720
720 1946 1951 1950
1946 718 1948 1951
1951 1948 421 1949
1950 1951 1949 719
707 1943 1953 1902
1943 720 1950 1953
1953 1950 719 1952
1902 1953 1952 418
418 1952 1956 1911
1952 719 1954 1956
1956 1954 722 1955
1911 1956 1955 710
719 1949 1959 1954
1949 421 1957 1959
1959 1957 721 1958
1954 1959 1958 722
722 1958 1962 1961
1958 721 1960 1962
1962 1960 246 247
1961 1962 247 248
710 1955 1963 1914
1955 722 1961 1963
1963 1961 248 249
1914 1963 249 250
96 97 1966 1921
97 98 1964 1966
1966 1964 725 1965
1921 1966 1965 712
98 99 1969 1964
99 100 1967 1969
1969 1967 723 1968
1964 1969 1968 725
725 1968 1973 1972
1968 723 1970 1973
1973 1970 422 1971
1972 1973 1971 724
712 1965 1975 1924
1965 725 1972 1975
1975 1972 724 1974
1924 1975 1974 419
419 1974 1978 1933
1974 724 1976 1978
1978 1976 728 1977
1933 1978 1977 715
724 1971 1981 1976
1971 422 1979 1981
1981 1979 726 1980
1976 1981 1980 728
728 1980 1985 1984
1980 726 1982 1985
1985 1982 423 1983
1984 1985 1983 727
715 1977 1987 1936
1977 728 1984 1987
1987 1984 727 1986
1936 1987 1986 420
420 1986 1990 1945
1986 727 1988 1990
1990 1988 731 1989
1945 1990 1989 718
727 1983 1993 1988
1983 423 1991 1993
1993 1991 729 1992
1988 1993 1992 731
731 1992 1997 1996
1992 729 1994 1997
1997 1994 424 1995
1996 1997 1995 730
718 1989 1999 1948
1989 731 1996 1999
1999 1996 730 1998
1948 1999 1998 421
421 1998 2002 1957
1998 730 2000 2002
2002 2000 733 2001
1957 2002 2001 721
730 1995 2005 2000
1995 424 2003 2005
2005 2003 732 2004
2000 2005 2004 733
733 2004 2008 2007
2004 732 2006 2008
2008 2006 242 243
2007 2008 243 244
721 2001 2009 1960
2001 733 2007 2009
2009 2007 244 245
1960 2009 245 246
100 101 2012 1967
101 102 2010 2012
2012 2010 736 2011
1967 2012 2011 723
102 103 2015 2010
103 104 2013 2015
2015 2013 734 2014
2010 2015 2014 736
736 2014 2019 2018
2014 734 2016 2019
2019 2016 425 2017
2018 2019 2017 735
723 2011 2021 1970
2011 736 2018 2021
2021 2018 735 2020
1970 2021 2020 422
422 2020 2024 1979
2020 735 2022 2024
2024 2022 739 2023
1979 2024 2023 726
735 2017 2027 2022
2017 425 2025 2027
2027 2025 737 2026
2022 2027 2026 739
739 2026 2031 2030
2026 737 2028 2031
2031 2028 426 2029
2030 2031 2029 738
726 2023 2033 1982
2023 739 2030 2033
2033 2030 738 2032
1982 2033 2032 423
423 2032 2036 1991
2032 738 2034 2036
2036 2034 742 2035
1991 2036 2035 729
738 2029 2039 2034
2029 426 2037 2039
2039 2037 740 2038
2034 2039 2038 742
742 2038 2043 2042
2038 740 2040 2043
2043 2040 427 2041
2042 2043 2041 741
729 2035 2045 1994
2035 742 2042 2045
2045 2042 741 2044
1994 2045 2044 424
424 2044 2048 2003
2044 741 2046 2048
2048 2046 744 2047
2003 2048 2047 732
741 2041 2051 2046
2041 427 2049 2051
2051 2049 743 2050
2046 2051 2050 744
744 2050 2054 2053
2050 743 2052 2054
2054 2052 238 239
2053 2054 239 240
732 2047 2055 2006
2047 744 2053 2055
2055 2053 240 241
2006 2055 241 242
104 105 2058 2013
105 106 2056 2058
2058 2056 747 2057
2013 2058 2057 734
106 107 2061 2056
107 108 2059 2061
2061 2059 745 2060
2056 2061 2060 747
747 2060 2065 2064
2060 745 2062 2065
2065 2062 428 2063
2064 2065 2063 746
734 2057 2067 2016
2057 747 2064 2067
2067 2064 746 2066
2016 2067 2066 425
425 2066 2070 2025
2066 746 2068 2070
2070 2068 750 2069
2025 2070 2069 737
746 2063 2073 2068
2063 428 2071 2073
2073 2071 748 2072
2068 2073 2072 750
750 2072 2077 2076
2072 748 2074 2077
2077 2074 429 2075
2076 2077 2075 749
737 2069 2079 2028
2069 750 2076 2079
2079 2076 749 2078
2028 2079 2078 426
426 2078 2082 2037
2078 749 2080 2082
2082 2080 753 2081
2037 2082 2081 740
749 2075 2085 2080
2075 429 2083 2085
2085 2083 751 2084
2080 2085 2084 753
753 2084 2089 2088
2084 751 2086 2089
2089 2086 430 2087
2088 2089 2087 752
740 2081 2091 2040
2081 753 2088 2091
2091 2088 752 2090
2040 2091 2090 427
427 2090 2094 2049
2090 752 2092 2094
2094 2092 755 2093
2049 2094 2093 743
752 2087 2097 2092
2087 430 2095 2097
2097 2095 754 2096
2092 2097 2096 755
755 2096 2100 2099
2096 754 2098 2100
2100 2098 234 235
2099 2100 235 236
743 2093 2101 2052
2093 755 2099 2101
2101 2099 236 237
2052 2101 237 238
108 109 2104 2059
109 110 2102 2104
2104 2102 758 2103
2059 2104 2103 745
110 111 2107 2102
111 112 2105 2107
2107 2105 756 2106
2102 2107 2106 758
758 2106 2111 2110
2106 756 2108 2111
2111 2108 431 2109
2110 2111 2109 757
745 2103 2113 2062
2103 758 2110 2113
2113 2110 757 2112
2062 2113 2112 428
428 2112 2116 2071
2112 757 2114 2116
2116 2114 761 2115
2071 2116 2115 748
757 2109 2119 2114
2109 431 2117 2119
2119 2117 759 2118
2114 2119 2118 761
761 2118 2123 2122
2118 759 2120 2123
2123 2120 432 2121
2122 2123 2121 760
748 2115 2125 2074
2115 761 2122 2125
2125 2122 760 2124
2074 2125 2124 429
429 2124 2128 2083
2124 760 2126 2128
2128 2126 764 2127
2083 2128 2127 751
760 2121 2131 2126
2121 432 2129 2131
2131 2129 762 2130
2126 2131 2130 764
764 2130 2135 2134
2130 762 2132 2135
2135 2132 433 2133
2134 2135 2133 763
751 2127 2137 2086
2127 764 2134 2137
2137 2134 763 2136
2086 2137 2136 430
430 2136 2140 2095
2136 763 2138 2140
2140 2138 766 2139
2095 2140 2139 754
763 2133 2143 2138
2133 433 2141 2143
2143 2141 765 2142
2138 2143 2142 766
766 2142 2146 2145
2142 765 2144 2146
2146 2144 230 231
2145 2146 231 232
754 2139 2147 2098
2139 766 2145 2147
2147 2145 232 233
2098 2147 233 234
112 113 2150 2105
113 114 2148 2150
2150 2148 769 2149
2105 2150 2149 756
114 115 2153 2148
115 116 2151 2153
2153 2151 767 2152
2148 2153 2152 769
769 2152 2157 2156
2152 767 2154 2157
2157 2154 434 2155
2156 2157 2155 768
756 2149 2159 2108
2149 769 2156 2159
2159 2156 768 2158
2108 2159 2158 431
431 2158 2162 2117
2158 768 2160 2162
2162 2160 772 2161
2117 2162 2161 759
768 2155 2165 2160
2155 434 2163 2165
2165 2163 770 2164
2160 2165 2164 772
772 2164 2169 2168
2164 770 2166 2169
2169 2166 435 2167
2168 2169 2167 771
759 2161 2171 2120
2161 772 2168 2171
2171 2168 771 2170
2120 2171 2170 432
432 2170 2174 2129
2170 771 2172 2174
2174 2172 775 2173
2129 2174 2173 762
771 2167 2177 2172
2167 435 2175 2177
2177 2175 773 2176
2172 2177 2176 775
775 2176 2181 2180
2176 773 2178 2181
2181 2178 436 2179
2180 2181 2179 774
762 2173 2183 2132
2173 775 2180 2183
2183 2180 774 2182
2132 2183 2182 433
433 2182 2186 2141
2182 774 2184 2186
2186 2184 777 2185
2141 2186 2185 765
774 2179 2189 2184
2179 436 2187 2189
2189 2187 776 2188
2184 2189 2188 777
777 2188 2192 2191
2188 776 2190 2192
2192 2190 226 227
2191 2192 227 228
765 2185 2193 2144
2185 777 2191 2193
2193 2191 228 229
2144 2193 229 230
116 117 2196 2151
117 118 2194 2196
2196 2194 780 2195
2151 2196 2195 767
118 119 2199 2194
119 120 2197 2199
2199 2197 778 2198
2194 2199 2198 780
780 2198 2203 2202
2198 778 2200 2203
2203 2200 437 2201
2202 2203 2201 779
767 2195 2205 2154
2195 780 2202 2205
2205 2202 779 2204
2154 2205 2204 434
434 2204 2208 2163
2204 779 2206 2208
2208 2206 783 2207
2163 2208 2207 770
779 2201 2211 2206
2201 437 2209 2211
2211 2209 781 2210
2206 2211 2210 783
783 2210 2215 2214
2210 781 2212 2215
2215 2212 438 2213
2214 2215 2213 782
770 2207 2217 2166
2207 783 2214 2217
2217 2214 782 2216
2166 2217 2216 435
435 2216 2220 2175
2216 782 2218 2220
2220 2218 786 2219
2175 2220 2219 773
782 2213 2223 2218
2213 438 2221 2223
2223 2221 784 2222
2218 2223 2222 786
786 2222 2227 2226
2222 784 2224 2227
2227 2224 439 2225
2226 2227 2225 785
773 2219 2229 2178
2219 786 2226 2229
2229 2226 785 2228
2178 2229 2228 436
436 2228 2232 2187
2228 785 2230 2232
2232 2230 788 2231
2187 2232 2231 776
785 2225 2235 2230
2225 439 2233 2235
2235 2233 787 2234
2230 2235 2234 788
788 2234 2238 2237
2234 787 2236 2238
2238 2236 222 223
2237 2238 223 224
776 2231 2239 2190
2231 788 2237 2239
2239 2237 224 225
2190 2239 225 226
120 121 2242 2197
121 122 2240 2242
2242 2240 791 2241
2197 2242 2241 778
122 123 2245 2240
123 124 2243 2245
2245 2243 789 2244
2240 2245 2244 791
791 2244 2249 2248
2244 789 2246 2249
2249 2246 440 2247
2248 2249 2247 790
778 2241 2251 2200
2241 791 2248 2251
2251 2248 790 2250
2200 2251 2250 437
437 2250 2254 2209
2250 790 2252 2254
2254 2252 794 2253
2209 2254 2253 781
790 2247 2257 2252
2247 440 2255 2257
2257 2255 792 2256
2252 2257 2256 794
794 2256 2261 2260
2256 792 2258 2261
2261 2258 441 2259
2260 2261 2259 793
781 2253 2263 2212
2253 794 2260 2263
2263 2260 793 2262
2212 2263 2262 438
438 2262 2266 2221
2262 793 2264 2266
2266 2264 797 2265
2221 2266 2265 784
793 2259 2269 2264
2259 441 2267 2269
2269 2267 795 2268
2264 2269 2268 797
797 2268 2273 2272
2268 795 2270 2273
2273 2270 442 2271
2272 2273 2271 796
784 2265 2275 2224
2265 797 2272 2275
2275 2272 796 2274
2224 2275 2274 439
439 2274 2278 2233
2274 796 2276 2278
2278 2276 799 2277
2233 2278 2277 787
796 2271 2281 2276
2271 442 2279 2281
2281 2279 798 2280
2276 2281 2280 799
799 2280 2284 2283
2280 798 2282 2284
2284 2282 218 219
2283 2284 219 220
787 2277 2285 2236
2277 799 2283 2285
2285 2283 220 221
2236 2285 221 222
124 125 2288 2243
125 126 2286 2288
2288 2286 802 2287
2243 2288 2287 789
126 127 2291 2286
127 128 2289 2291
2291 2289 800 2290
2286 2291 2290 802
802 2290 2295 2294
2290 800 2292 2295
2295 2292 443 2293
2294 2295 2293 801
789 2287 2297 2246
2287 802 2294 2297
2297 2294 801 2296
2246 2297 2296 440
440 2296 2300 2255
2296 801 2298 2300
2300 2298 805 2299
2255 2300 2299 792
801 2293 2303 2298
2293 443 2301 2303
2303 2301 803 2302
2298 2303 2302 805
805 2302 2307 2306
2302 803 2304 2307
2307 2304 444 2305
2306 2307 2305 804
792 2299 2309 2258
2299 805 2306 2309
2309 2306 804 2308
2258 2309 2308 441
441 2308 2312 2267
2308 804 2310 2312
2312 2310 808 2311
2267 2312 2311 795
804 2305 2315 2310
2305 444 2313 2315
2315 2313 806 2314
2310 2315 2314 808
808 2314 2319 2318
2314 806 2316 2319
2319 2316 445 2317
2318 2319 2317 807
795 2311 2321 2270
2311 808 2318 2321
2321 2318 807 2320
2270 2321 2320 442
442 2320 2324 2279
2320 807 2322 2324
2324 2322 810 2323
2279 2324 2323 798
807 2317 2327 2322
2317 445 2325 2327
2327 2325 809 2326
2322 2327 2326 810
810 2326 2330 2329
2326 809 2328 2330
2330 2328 214 215
2329 2330 215 216
798 2323 2331 2282
2323 810 2329 2331
2331 2329 216 217
2282 2331 217 218
128 129 2334 2289
129 130 2332 2334
2334 2332 813 2333
2289 2334 2333 800
130 131 2337 2332
131 132 2335 2337
2337 2335 811 2336
2332 2337 2336 813
813 2336 2341 2340
2336 811 2338 2341
2341 2338 446 2339
2340 2341 2339 812
800 2333 2343 2292
2333 813 2340 2343
2343 2340 812 2342
2292 2343 2342 443
443 2342 2346 2301
2342 812 2344 2346
2346 2344 816 2345
2301 2346 2345 803
812 2339 2349 2344
2339 446 2347 2349
2349 2347 814 2348
2344 2349 2348 816
816 2348 2353 2352
2348 814 2350 2353
2353 2350 447 2351
2352 2353 2351 815
803 2345 2355 2304
2345 816 2352 2355
2355 2352 815 2354
2304 2355 2354 444
444 2354 2358 2313
2354 815 2356 2358
2358 2356 819 2357
2313 2358 2357 806
815 2351 2361 2356
2351 447 2359 2361
2361 2359 817 2360
2356 2361 2360 819
819 2360 2365 2364
2360 817 2362 2365
2365 2362 448 2363
2364 2365 2363 818
806 2357 2367 2316
2357 819 2364 2367
2367 2364 818 2366
2316 2367 2366 445
445 2366 2370 2325
2366 818 2368 2370
2370 2368 821 2369
2325 2370 2369 809
818 2363 2373 2368
2363 448 2371 2373
2373 2371 820 2372
2368 2373 2372 821
821 2372 2376 2375
2372 820 2374 2376
2376 2374 210 211
2375 2376 211 212
809 2369 2377 2328
2369 821 2375 2377
2377 2375 212 213
2328 2377 213 214
132 133 2380 2335
133 134 2378 2380
2380 2378 824 2379
2335 2380 2379 811
134 135 2383 2378
135 136 2381 2383
2383 2381 822 2382
2378 2383 2382 824
824 2382 2387 2386
2382 822 2384 2387
2387 2384 449 2385
2386 2387 2385 823
811 2379 2389 2338
2379 824 2386 2389
2389 2386 823 2388
2338 2389 2388 446
446 2388 2392 2347
2388 823 2390 2392
2392 2390 827 2391
2347 2392 2391 814
823 2385 2395 2390
2385 449 2393 2395
2395 2393 825 2394
2390 2395 2394 827
827 2394 2399 2398
2394 825 2396 2399
2399 2396 450 2397
2398 2399 2397 826
814 2391 2401 2350
2391 827 2398 2401
2401 2398 826 2400
2350 2401 2400 447
447 2400 2404 2359
2400 826 2402 2404
2404 2402 830 2403
2359 2404 2403 817
826 2397 2407 2402
2397 450 2405 2407
2407 2405 828 2406
2402 2407 2406 830
830 2406 2411 2410
2406 828 2408 2411
2411 2408 451 2409
2410 2411 2409 829
817 2403 2413 2362
2403 830 2410 2413
2413 2410 829 2412
2362 2413 2412 448
448 2412 2416 2371
2412 829 2414 2416
2416 2414 832 2415
2371 2416 2415 820
829 2409 2419 2414
2409 451 2417 2419
2419 2417 831 2418
2414 2419 2418 832
832 2418 2422 2421
2418 831 2420 2422
2422 2420 206 207
2421 2422 207 208
820 2415 2423 2374
2415 832 2421 2423
2423 2421 208 209
2374 2423 209 210
136 137 2426 2381
137 138 2424 2426
2426 2424 835 2425
2381 2426 2425 822
138 139 2429 2424
139 140 2427 2429
2429 2427 833 2428
2424 2429 2428 835
835 2428 2433 2432
2428 833 2430 2433
2433 2430 452 2431
2432 2433 2431 834
822 2425 2435 2384
2425 835 2432 2435
2435 2432 834 2434
2384 2435 2434 449
449 2434 2438 2393
2434 834 2436 2438
2438 2436 838 2437
2393 2438 2437 825
834 2431 2441 2436
2431 452 2439 2441
2441 2439 836 2440
2436 2441 2440 838
838 2440 2445 2444
2440 836 2442 2445
2445 2442 453 2443
2444 2445 2443 837
825 2437 2447 2396
2437 838 2444 2447
2447 2444 837 2446
2396 2447 2446 450
450 2446 2450 2405
2446 837 2448 2450
2450 2448 841 2449
2405 2450 2449 828
837 2443 2453 2448
2443 453 2451 2453
2453 2451 839 2452
2448 2453 2452 841
841 2452 2457 2456
2452 839 2454 2457
2457 2454 454 2455
2456 2457 2455 840
828 2449 2459 2408
2449 841 2456 2459
2459 2456 840 2458
2408 2459 2458 451
451 2458 2462 2417
2458 840 2460 2462
2462 2460 843 2461
2417 2462 2461 831
840 2455 2465 2460
2455 454 2463 2465
2465 2463 842 2464
2460 2465 2464 843
843 2464 2468 2467
2464 842 2466 2468
2468 2466 202 203
2467 2468 203 204
831 2461 2469 2420
2461 843 2467 2469
2469 2467 204 205
2420 2469 205 206
140 141 2472 2427
141 142 2470 2472
2472 2470 846 2471
2427 2472 2471 833
142 143 2475 2470
143 144 2473 2475
2475 2473 844 2474
2470 2475 2474 846
846 2474 2479 2478
2474 844 2476 2479
2479 2476 455 2477
2478 2479 2477 845
833 2471 2481 2430
2471 846 2478 2481
2481 2478 845 2480
2430 2481 2480 452
452 2480 2484 2439
2480 845 2482 2484
2484 2482 849 2483
2439 2484 2483 836
845 2477 2487 2482
2477 455 2485 2487
2487 2485 847 2486
2482 2487 2486 849
849 2486 2491 2490
2486 847 2488 2491
2491 2488 456 2489
2490 2491 2489 848
836 2483 2493 2442
2483 849 2490 2493
2493 2490 848 2492
2442 2493 2492 453
453 2492 2496 2451
2492 848 2494 2496
2496 2494 852 2495
2451 2496 2495 839
848 2489 2499 2494
2489 456 2497 2499
2499 2497 850 2498
2494 2499 2498 852
852 2498 2503 2502
2498 850 2500 2503
2503 2500 457 2501
2502 2503 2501 851
839 2495 2505 2454
2495 852 2502 2505
2505 2502 851 2504
2454 2505 2504 454
454 2504 2508 2463
2504 851 2506 2508
2508 2506 854 2507
2463 2508 2507 842
851 2501 2511 2506
2501 457 2509 2511
2511 2509 853 2510
2506 2511 2510 854
854 2510 2514 2513
2510 853 2512 2514
2514 2512 198 199
2513 2514 199 200
842 2507 2515 2466
2507 854 2513 2515
2515 2513 200 201
2466 2515 201 202
144 145 2518 2473
145 146 2516 2518
2518 2516 857 2517
2473 2518 2517 844
146 147 2521 2516
147 148 2519 2521
2521 2519 855 2520
2516 2521 2520 857
857 2520 2525 2524
2520 855 2522 2525
2525 2522 458 2523
2524 2525 2523 856
844 2517 2527 2476
2517 857 2524 2527
2527 2524 856 2526
2476 2527 2526 455
455 2526 2530 2485
2526 856 2528 2530
2530 2528 860 2529
2485 2530 2529 847
856 2523 2533 2528
2523 458 2531 2533
2533 2531 858 2532
2528 2533 2532 860
860 2532 2537 2536
2532 858 2534 2537
2537 2534 459 2535
2536 2537 2535 859
847 2529 2539 2488
2529 860 2536 2539
2539 2536 859 2538
2488 2539 2538 456
456 2538 2542 2497
2538 859 2540 2542
2542 2540 863 2541
2497 2542 2541 850
859 2535 2545 2540
2535 459 2543 2545
2545 2543 861 2544
2540 2545 2544 863
863 2544 2549 2548
2544 861 2546 2549
2549 2546 460 2547
2548 2549 2547 862
850 2541 2551 2500
2541 863 2548 2551
2551 2548 862 2550
2500 2551 2550 457
457 2550 2554 2509
2550 862 2552 2554
2554 2552 865 2553
2509 2554 2553 853
862 2547 2557 2552
2547 460 2555 2557
2557 2555 864 2556
2552 2557 2556 865
865 2556 2560 2559
2556 864 2558 2560
2560 2558 194 195
2559 2560 195 196
853 2553 2561 2512
2553 865 2559 2561
2561 2559 196 197
2512 2561 197 198
148 149 2564 2519
149 150 2562 2564
2564 2562 868 2563
2519 2564 2563 855
150 151 2567 2562
151 152 2565 2567
2567 2565 866 2566
2562 2567 2566 868
868 2566 2571 2570
2566 866 2568 2571
2571 2568 461 2569
2570 2571 2569 867
855 2563 2573 2522
2563 868 2570 2573
2573 2570 867 2572
2522 2573 2572 458
458 2572 2576 2531
2572 867 2574 2576
2576 2574 871 2575
2531 2576 2575 858
867 2569 2579 2574
2569 461 2577 2579
2579 2577 869 2578
2574 2579 2578 871
871 2578 2583 2582
2578 869 2580 2583
2583 2580 462 2581
2582 2583 2581 870
858 2575 2585 2534
2575 871 2582 2585
2585 2582 870 2584
2534 2585 2584 459
459 2584 2588 2543
2584 870 2586 2588
2588 2586 874 2587
2543 2588 2587 861
870 2581 2591 2586
2581 462 2589 2591
2591 2589 872 2590
2586 2591 2590 874
874 2590 2595 2594
2590 872 2592 2595
2595 2592 463 2593
2594 2595 2593 873
861 2587 2597 2546
2587 874 2594 2597
2597 2594 873 2596
2546 2597 2596 460
460 2596 2600 2555
2596 873 2598 2600
2600 2598 876 2599
2555 2600 2599 864
873 2593 2603 2598
2593 463 2601 2603
2603 2601 875 2602
2598 2603 2602 876
876 2602 2606 2605
2602 875 2604 2606
2606 2604 190 191
2605 2606 191 192
864 2599 2607 2558
2599 876 2605 2607
2607 2605 192 193
2558 2607 193 194
152 153 2610 2565
153 154 2608 2610
2610 2608 879 2609
2565 2610 2609 866
154 155 2613 2608
155 156 2611 2613
2613 2611 877 2612
2608 2613 2612 879
879 2612 2617 2616
2612 877 2614 2617
2617 2614 464 2615
2616 2617 2615 878
866 2609 2619 2568
2609 879 2616 2619
2619 2616 878 2618
2568 2619 2618 461
461 2618 2622 2577
2618 878 2620 2622
2622 2620 882 2621
2577 2622 2621 869
878 2615 2625 2620
2615 464 2623 2625
2625 2623 880 2624
2620 2625 2624 882
882 2624 2629 2628
2624 880 2626 2629
2629 2626 465 2627
2628 2629 2627 881
869 2621 2631 2580
2621 882 2628 2631
2631 2628 881 2630
2580 2631 2630 462
462 2630 2634 2589
2630 881 2632 2634
2634 2632 885 2633
2589 2634 2633 872
881 2627 2637 2632
2627 465 2635 2637
2637 2635 883 2636
2632 2637 2636 885
885 2636 2641 2640
2636 883 2638 2641
2641 2638 466 2639
2640 2641 2639 884
872 2633 2643 2592
2633 885 2640 2643
2643 2640 884 2642
2592 2643 2642 463
463 2642 2646 2601
2642 884 2644 2646
2646 2644 887 2645
2601 2646 2645 875
884 2639 2649 2644
2639 466 2647 2649
2649 2647 886 2648
2644 2649 2648 887
887 2648 2652 2651
2648 886 2650 2652
2652 2650 186 187
2651 2652 187 188
875 2645 2653 2604
2645 887 2651 2653
2653 2651 188 189
2604 2653 189 190
156 157 2656 2611
157 158 2654 2656
2656 2654 890 2655
2611 2656 2655 877
158 159 2659 2654
159 160 2657 2659
2659 2657 888 2658
2654 2659 2658 890
890 2658 2663 2662
2658 888 2660 2663
2663 2660 467 2661
2662 2663 2661 889
877 2655 2665 2614
2655 890 2662 2665
2665 2662 889 2664
2614 2665 2664 464
464 2664 2668 2623
2664 889 2666 2668
2668 2666 893 2667
2623 2668 2667 880
889 2661 2671 2666
2661 467 2669 2671
2671 2669 891 2670
2666 2671 2670 893
893 2670 2675 2674
2670 891 2672 2675
2675 2672 468 2673
2674 2675 2673 892
880 2667 2677 2626
2667 893 2674 2677
2677 2674 892 2676
2626 2677 2676 465
465 2676 2680 2635
2676 892 2678 2680
2680 2678 896 2679
2635 2680 2679 883
892 2673 2683 2678
2673 468 2681 2683
2683 2681 894 2682
2678 2683 2682 896
896 2682 2687 2686
2682 894 2684 2687
2687 2684 469 2685
2686 2687 2685 895
883 2679 2689 2638
2679 896 2686 2689
2689 2686 895 2688
2638 2689 2688 466
466 2688 2692 2647
2688 895 2690 2692
2692 2690 898 2691
2647 2692 2691 886
895 2685 2695 2690
2685 469 2693 2695
2695 2693 897 2694
2690 2695 2694 898
898 2694 2698 2697
2694 897 2696 2698
2698 2696 182 183
2697 2698 183 184
886 2691 2699 2650
2691 898 2697 2699
2699 2697 184 185
2650 2699 185 186
160 161 2702 2657
161 162 2700 2702
2702 2700 900 2701
2657 2702 2701 888
162 163 2704 2700
163 2 164 2704
2704 164 165 2703
2700 2704 2703 900
900 2703 2707 2706
2703 165 166 2707
2707 166 167 2705
2706 2707 2705 899
888 2701 2709 2660
2701 900 2706 2709
2709 2706 899 2708
2660 2709 2708 467
467 2708 2712 2669
2708 899 2710 2712
2712 2710 902 2711
2669 2712 2711 891
899 2705 2714 2710
2705 167 168 2714
2714 168 169 2713
2710 2714 2713 902
902 2713 2717 2716
2713 169 170 2717
2717 170 171 2715
2716 2717 2715 901
891 2711 2719 2672
2711 902 2716 2719
2719 2716 901 2718
2672 2719 2718 468
468 2718 2722 2681
2718 901 2720 2722
2722 2720 904 2721
2681 2722 2721 894
901 2715 2724 2720
2715 171 172 2724
2724 172 173 2723
2720 2724 2723 904
904 2723 2727 2726
2723 173 174 2727
2727 174 175 2725
2726 2727 2725 903
894 2721 2729 2684
2721 904 2726 2729
2729 2726 903 2728
2684 2729 2728 469
469 2728 2732 2693
2728 903 2730 2732
2732 2730 905 2731
2693 2732 2731 897
903 2725 2734 2730
2725 175 176 2734
2734 176 177 2733
2730 2734 2733 905
905 2733 2736 2735
2733 177 178 2736
2736 178 3 179
2735 2736 179 180
897 2731 2737 2696
2731 905 2735 2737
2737 2735 180 181
2696 2737 181 182
