0.0183303615901357
0.0181119547405801
0.0181391442937794
0.0181390994603687
0.0182219841468605
0.0181840975772633
0.018159860720386
0.0181850337674262
0.0182982977627479
0.0182851344555783
0.018266688363001
0.0182402263643638
0.018149090457348
0.018178272871813
0.018205521738962
0.0181785639002478
0.01819876713395
0.01819494417162
0.0182448117091692
0.0184173982645906
0.018266835122109
0.018367860522588
0.0181629444897486
0.0181015206627049
0.0182021743291762
0.018291232569718
0.0183572139605074
0.0183241394546565
0.0181922852774449
0.0181664134962335
0.0183371373212958
0.0182133238192277
0.0181677424656744
0.0181000100961037
0.0182783336384825
0.0181897842059154
0.0181548404922093
0.0182208590239854
0.018243207206393
0.0181973871377313
0.0181839661032997
0.0182334499170532
0.018209541257933
0.0183637405797327
0.0181555365186531
0.0182658401593049
0.0182868624807528
0.0181691607270416
0.0183301886690407
0.0181738791433848
0.0182517174794609
0.018181758840345
0.0183903377369237
0.0182431397789108
0.0182480470375161
0.0182276753436987
0.0182723319433362
0.0182615307948332
0.0183312477500759
0.018192978691929
0.0182927196376538
0.0182750019767095
0.0181944907532396
0.0183822582902376
0.0182908642798847
0.0182013322277306
0.0182572334028875
0.0182561709394731
0.0184128684561999
0.018308004959023
0.0183282542283503
0.0182675806316218
0.018244146086327
0.018157953055388
0.0183425994201473
0.018217523079291
0.0182962980725565
0.0182717147695205
0.0182510816967487
0.018287217855443
0.0182563573581266
0.018227533417354
0.0183130317520029
0.0183115365792888
0.0182026537123819
0.0183102527840047
0.0181124597158809
0.01831531728825
0.0182297950030668
0.0182980221831716
0.0182821637313741
0.0181779265200284
0.0181311398719929
0.0183242350362733
0.01826323151562
0.0181819804436537
0.0182881679290143
0.0183080879519623
0.0183406240121702
0.0182125843528906
0.0182596071438129
0.0181968928859764
0.0183033334507986
0.0182328819029694
0.0182929795379076
0.0181204324109276
0.0182289827554158
0.0183343357286624
0.0182158392752323
0.0182128150857706
0.0182117590116126
0.0181657134928814
0.0183090779081777
0.0181241580332321
0.0181583011534783
0.018167748829379
0.0181894025819302
0.0183013375470489
0.0182443398433565
0.0182932595848381
0.0184663882013625
0.0182455325478897
0.0181754874956357
0.0182069378445978
0.0182090194608598
0.018167376779909
0.018262596162253
0.0183076062414444
0.0182612462012565
0.018108513940807
0.0182249778410649
0.0183534954007339
0.018133652308586
0.0183334251732401
0.0182161390374579
0.0180986089100868
0.0182654442587232
0.0184211256879907
0.018168582265762
0.0181806766583499
0.0183060859958688
0.0181902411261951
0.0182592336499779
0.0182735687752041
0.0182900886323873
0.0181769971425331
0.0182977745165792
0.018219466897832
0.0181018512500408
0.0181875062390577
0.0182611871088497
0.0181339261205693
0.0183162863442142
0.0182299605057368
0.0182526146461366
0.0181989384830685
0.0182463150239346
0.0181139884955445
0.0182793461233279
0.0182353327634773
0.0181965864732081
0.0182654517479113
0.0183109644941537
0.0183231552311965
0.0181800349119416
0.0182536926455961
0.0182084480151179
0.0181165594869366
0.0181262977768806
0.0182815406628484
0.0181304979283846
0.0182348281403898
0.0182220076612734
0.0182528513588531
0.0183320049405305
0.0182817517839079
0.018255603295229
0.0181741930725124
0.0181920891572176
0.0182958748727282
0.0182117831017341
0.0181932514603601
0.0183864677976345
0.0182681358180676
0.0182157395070379
0.0182751229125111
0.0183191648120176
0.0182862866943251
0.018360936842622
0.0182858548467729
0.0182980602568409
0.0182680942150102
0.0182782180157612
0.018309245002791
0.018315717692231
0.0182042775348867
0.0181424066938979
0.0182246786094473
0.0182444745974365
0.0181541992811275
0.0183637989785585
0.0182229145373935
0.0181579212227898
0.018271436555846
0.0183129176029643
0.01816997288539
0.0181543652790436
0.0182211935305127
0.0181976091080913
0.018177114705596
0.0184240360781591
0.0182756826144361
0.0182832963274373
0.0181894219653704
0.0181721268326405
0.0183156549399529
0.0182425854980957
0.0181818306967284
0.0181879953338426
0.0184099797406556
0.018270721629371
0.0182977442420153
0.0181697537056768
0.0182708275656643
0.0183554302929901
0.0182636533084519
0.0183294724941848
0.0182860187118691
0.0182390638158891
0.0183409062384423
0.0182467557287276
0.0182446666868606
0.0181233207712069
0.0181784126497686
0.0181977732518467
0.0183298362645602
0.0183173408020432
0.0183452644512004
0.0182654554586409
0.0183123492380833
0.0181307028822226
0.018329446888458
0.0182769474826799
0.0181664317801186
0.0181674749150605
0.0183206174351307
0.0181171933174418
0.0182347732647803
0.0182569379364147
0.0182406458695553
0.0182968075385342
0.018287594905984
0.0183377628432685
0.0181321382630172
0.0183432543166012
0.0183042776915687
0.018316238221128
0.0181992782674069
0.0181307605065449
0.018176065953871
0.0181478904116231
0.0181759492393924
0.0182490516630431
0.0181561902467149
0.0182263215156991
0.0183254652950583
0.0181064064565752
0.018157875360212
0.018170070028231
0.0184303794458646
0.0183143030150094
0.0181848954320789
0.0181842004631115
0.01821322832309
0.018251937145445
0.0181704057245994
0.0183423005911746
0.0183232818117019
0.0182478061432223
0.0181758183586964
0.018163076613918
0.0181619538687614
0.0182497340349269
0.018165034809328
0.0182736449514646
0.0183460227602572
0.0182053748650665
0.0182228155895973
0.0183179141428104
0.0181783801065169
0.0183181076037516
0.0182514656809122
0.0182127380735248
0.0182666985391193
0.0181660390047064
0.0183418818570637
0.0182639300303282
0.0183722516752678
0.0182201755401047
0.018344673530247
0.0182246864087358
0.0182614250864375
0.0182193910165293
0.0182652688958595
0.0182871917161271
0.0182515729412548
0.018237651533394
0.0182352354315463
0.0183184587528404
0.0182864281457906
0.0184343525116403
0.0183146002302975
0.0182556668853928
0.0181807456004883
0.0183288266104399
0.0181897944818154
0.0183201702702743
0.0183528939265504
0.018257427524504
0.0182963138309217
0.0182749557469413
0.0181968508634789
0.0182680038074993
0.0182293991308493
0.0182906970743607
0.0183250566422289
0.018299137983676
0.0182454746210559
0.018223260469851
0.0181353178375339
0.0182333571216445
0.0181945018404742
0.01828860299974
0.0182726295881164
0.0181077846797756
0.018224715694215
0.0181617569871463
0.0183849193388829
0.0182589941431638
0.0183062679887659
0.0182343239890871
0.0183541357118064
0.0182681778619077
0.0181486994454648
0.0183437295858454
0.0181884174349544
0.018217007423596
0.0181688139099906
0.0182671825375459
0.0182741882590001
0.0182318533024921
0.0182944456151663
0.0183113435784169
0.0183246554989274
0.0182844360617265
0.0183942662900228
0.0182225118282264
0.0182812993025299
0.0183061113358811
0.0182457194962375
0.0182050806317528
0.018192327075669
0.0182353936997295
0.0182766646101873
0.0182962060658925
0.0181677555738439
0.0182359842153509
0.0182524116057736
0.0182450135175024
0.0182463720421815
0.0183829597560647
0.0182515212626658
0.0181591553299308
0.0181359998588109
0.0182290553722461
0.0182302741493222
0.0182622697255521
0.0182208657942746
0.0182249741483991
0.0183362495455825
0.0182539989981916
0.0182797488283534
0.0181007402788288
0.0182394845788435
0.0182641724205438
0.0182660550273881
0.0183082064409147
0.0182749293267161
0.0181171185456573
0.0183055273206818
0.0182551687331163
0.0184244169168925
0.0181472022751857
0.0183920854182149
0.0182621098763803
0.0181885894578062
0.018186436895354
0.01831114408771
0.0181655809816529
0.0181249953802072
0.0182080904453055
0.0181963946155994
0.0183379994958374
0.0181992935220716
0.0182231980398207
0.0182266215138686
0.0182174541826769
0.0182107543485391
0.018285775595136
0.0182108534393698
0.0182943562352391
0.0182109248501934
0.0182935956725767
0.0183017569101758
0.0182335843065655
0.0181623249837709
0.0182592899530404
0.0183465784510139
0.0182309270448829
0.0181607908486205
0.0182330743688939
0.0181699786957424
0.0183090934776505
0.0183317381223744
0.0182015039048936
0.0182033211942338
0.0181254824960586
0.0182619942430334
0.0182032146858068
0.0182514768914341
0.0182685737847721
0.0183589347806937
0.0182666852476686
0.0182377247224558
0.0182626426248187
0.0182323965153019
0.0182697106656727
0.0181563467416926
0.018227812393779
0.0183184576399628
0.018194020076223
0.0182929351332841
0.0184036848953625
0.0181899067769054
0.0183479292861652
0.0182960255377886
0.0182520203910219
0.0183008751005294
0.0182018469501016
0.0181759061968277
0.0182982288104797
0.0183490299735865
0.0181663966977713
0.0183153822986814
0.018175232670707
0.0182087389166406
0.0181903051715067
0.0183344792040952
0.0183603554872186
0.0183686926055069
0.0182051096081295
0.0183307262020642
0.018188434054689
0.0182770219772052
0.0182327703503783
0.0182171381689512
0.0182665364687285
0.0182380858449426
0.0183229101340138
0.0182889058414487
0.0183528378290164
0.0182197324708536
0.0183052755944242
0.0182200862463186
0.0182430457493276
0.0182433785720206
0.0183216183821035
0.0182892312307956
0.0181971215057352
0.0183205312422981
0.0182527304875636
0.0182762779326612
0.0181990768693229
0.0182964446155851
0.018270558859187
0.0183431753136247
0.018196178020424
0.0182736441791791
0.0183108445643076
0.018259894161527
0.0183247141652399
0.0182405536968168
0.0182313299025875
0.0182905888047711
0.0182582405640744
0.0182239702417124
0.0182491498831825
0.0181254104870961
0.0182412618154888
0.0182991708390508
0.0183223040100082
0.0182477398643815
0.0181454290859977
0.0182583390256863
0.0183202521276555
0.0182780596722491
0.0182757392252937
0.0182068774343932
0.0182546542543457
0.0182356586489728
0.0183270280140177
0.0182794266390292
0.018272676214214
0.0180971457946697
0.0181293712568747
0.0181986343160024
0.0182860959803416
0.0184102244631853
0.0183684134033967
0.0183071669064352
0.0182940922736792
0.0180602629095138
0.0182005932929613
0.0181784833725056
0.0182801125354839
0.0182176040244934
0.0183327691841818
0.0182778633797843
0.0182911287277226
0.0182377807036824
0.0182869191049331
0.0181479061274031
0.0181930269522059
0.0182170223765226
0.0183440145481862
0.0183124808161677
0.0182577938534336
0.0183165593589782
0.0181125601193749
0.0183226538792547
0.0182461514959826
0.0183805211426622
0.0182813307941162
0.0182733427709292
0.0182845198192456
0.018176785547522
0.0181937477942344
0.0181755512454268
0.0183244865037573
0.0183160404870126
0.0183016263601016
0.0182778724005053
0.0181467699105561
0.0182507572006415
0.0182349448362613
0.0181757026713962
0.0183615205740232
0.0182128841424932
0.0182772676406114
0.0182480156402404
0.0182180105377042
0.0183414557613211
0.0182263066055195
0.0182551131336164
0.0183222250412949
0.0182455354269921
0.0181948772072155
0.0183714924746317
0.0182633280996539
0.0181340277754536
0.0181580674741885
0.0182923450171754
0.0181780273560146
0.0181513237649599
0.0182332434784538
0.0182546148872477
0.0183261282849362
0.0182368940021581
0.0182659821219224
0.0182827680131013
0.0181599101816983
0.0182340280786853
0.0183101477210241
0.0183596103392653
0.0182591991410159
0.0182221580704703
0.0182805181751376
0.0182930828501071
0.0182078730800043
0.018354539299746
0.0182126114195953
0.0182314546976082
0.018371114020451
0.018264303622285
0.0183951144833205
0.018232805174047
0.0183165557360838
0.0183587274561603
0.0181838282455539
0.018294807973473
0.018346671560824
0.0181261368064508
0.0182978483197177
0.0182444232420951
0.0183545015784445
0.0182961294910872
0.0183046964092875
0.0180953627438749
0.0181797830777539
0.0181924912544082
0.0182757212168525
0.0182314766127995
0.0183316953026647
0.0182275964728031
0.0182742303116924
0.0180835490683363
0.0181867162756494
0.0183081797259002
0.0181430419928383
0.0182783585446776
0.0181813377621768
0.0181586759857541
0.0183688466563885
0.0182346540398626
0.0182065812747283
0.01819735759274
0.0183254087115843
0.0182400459408084
0.0182384196140479
0.0182751742242881
0.0182297036295557
0.0182529351682969
0.0182655404126454
0.0181479703866339
0.0182858018916851
0.0183475622844764
0.0183136397992857
0.018278184532293
0.0182471111249596
0.018264236961716
0.0182354031906273
0.018214169610184
0.0182325873365086
0.0181991919583507
0.0181870722345689
0.0183242426312594
0.0183240181918681
0.0183728021465099
0.0182707536510359
0.0182708746448937
0.0181238600790186
0.0182785585794429
0.0182391362532944
0.0182940428562582
0.0183544224055982
0.0181661944311859
0.0182154757538177
0.0182307971788311
0.0181431980849364
0.0182039696929337
0.0182727222734615
0.0183827582252655
0.0181486300155141
0.0181728496173321
0.0182993352135762
0.0183583796657166
0.0182302202263604
0.0181796690221381
0.0182939146785885
0.0183153132655848
0.0182913465746955
0.0183052471139702
0.0182870432560514
0.0182346135460513
0.0183029103069246
0.0180980447657972
0.0183128097180591
0.0182162737580679
0.0183062152037792
0.018264121099463
0.0179999443007087
0.0182962888989973
0.0181835700122846
0.0184240540495254
0.018289321055053
0.018264794142975
0.0182460190078428
0.0182185936497545
0.0181937928405361
0.0183701260885546
0.0182354182117056
0.0183130968602348
0.018316645475326
0.0181926916980257
0.0181536298532308
0.0182318865900576
0.0184090779541982
0.0182372131784401
0.0182938959051414
0.0183206860973361
0.0183688785527135
0.0183043772534217
0.018135246550668
0.0182473549489595
0.0182217604576831
0.0182233394097301
0.0181808366379302
0.0182649421852712
0.0181347056164904
0.0181750568989879
0.018264750258862
0.0181936542990367
0.0182717682813091
0.018166148908676
0.0181257829315493
0.0182389556527481
0.018290042366711
0.0183391088719748
0.0182361883465066
0.0182661160467166
0.0184015354312908
0.018326362663287
0.0183691291491595
0.0181717210775952
0.0183251676065098
0.0184019918331802
0.0182038609804977
0.0183059350313643
0.0183155182314982
0.0182399203910338
0.0183174559974869
0.0182059339693127
0.0181379733919952
0.0182494994777962
0.0181854238160198
0.0182639396104332
0.0182215810048895
0.0182805141667628
0.0181717559771782
0.0181732537943982
0.0182056948009315
0.0181224856696799
0.018430628491782
0.0183263612110438
0.0183588456818961
0.0182073685379653
0.0182798885813077
0.018450032595977
0.0181458213914189
0.0182207375735628
0.0182942413405711
0.0182253463675271
0.0182217614722669
0.0182388873725711
0.0181597436970089
0.0182346060231671
0.0182029530861609
0.0182767761790518
0.0182291319555108
0.0182436402577009
0.0182148587375127
0.018212714314204
0.0182544332175073
0.0181778224307112
0.0181136872351823
0.0183072231279769
0.0181874765391996
0.0183714767306519
0.0183970895913993
0.0182652325152471
0.018316314413148
0.0182220262635263
0.0183420278470588
0.0183323462384918
0.0182124050898964
0.0180387497672131
0.0182191081180083
0.0182133504471599
0.018153589111312
0.0182041036290457
0.0183821008081709
0.0182165074378116
0.0182985940626201
0.0183350125746324
0.018247956902624
0.0181147140924789
0.0181493095656188
0.0182609287080736
0.0182933822973914
0.0181664033857647
0.0181945850777033
0.0182858855536715
0.0183766614007331
0.0181797142414157
0.0182081420139286
0.0181052707215981
0.0181878238662778
0.0181809104119844
0.0182543400531198
0.0181593682509474
0.0181819498345133
0.0182074146659217
0.018107845525408
0.01823223307025
0.0182997981445619
0.0182713361034887
0.0182043962700801
0.0183533548680375
0.0182451890739524
0.0181065338069063
0.01826866766535
0.0182998125780246
0.0183662509203905
0.0182558421255724
0.0182257860524371
0.0182019443973042
0.0181881459462131
0.0182159354185355
0.0181965775842253
0.0181833017909434
0.0182573285461535
0.0183562901550644
0.0182788833030632
0.0183064240993113
0.0182141345371446
0.0182614944164281
0.0183676273599607
0.0181812831852952
0.0181778132322656
0.0181969107072648
0.018237604795069
0.0183307553165591
0.0180965751213122
0.0182026425547802
0.0182221055976927
0.0181598930188675
0.018200183520014
0.0181769131957301
0.0183724398781625
0.0183637317503533
0.0183068580259595
0.0181772580324673
0.0182531998010763
0.0182166091228947
0.018410898175688
0.0182478692156702
0.018221265920644
0.0182582887597162
0.0181824921771025
0.0183231082844767
0.0183275858318072
0.0182329656939395
0.0182821340108989
0.0182254464726222
0.0183513212259979
0.018210905316127
0.0182441052308385
0.0182286820781643
0.0182467559148965
0.0182498281440751
0.018201787526652
0.0182383990940796
0.0182005221583229
0.0181976632235572
0.0181718557999015
0.0181776751920002
0.0182091816403437
0.018408700076731
0.0181727419260805
0.0182244407557727
0.0183807965052032
0.018236105472373
0.0182695866168332
0.0182903706247735
0.0181826311723324
0.0181861400810051
0.0180863266340014
0.0182969024131432
0.0182279601416717
0.018165565546557
0.0181864776255639
0.0181783177178454
0.0181691571261893
0.0182372319024432
0.0181897994184046
0.0183825955959932
0.0183298293921066
0.0182199202969607
0.0183308812426146
0.0182209827222834
0.0182585775966191
0.0181256471343692
0.0182788900860137
0.0182792471593048
0.0182424848042924
0.018295536274518
0.018347086452522
0.0183084518422509
0.0183355713291948
0.0182947341813691
0.0183113217562347
0.0181921447548581
0.0182745507348107
0.0182652265367914
0.0181976593619973
0.018238362519881
0.0182009205262418
0.0182236883006833
0.0182904295705819
0.0181573917613182
0.0183321640885807
0.0183388013999822
0.0182744668259737
0.018422844309928
0.0181681721530159
0.0182479977109025
0.0183280861121486
0.0183045400298778
0.0182202878013985
0.0181958997820482
0.0181952220730658
0.0183571688634817
0.0181696330116443
0.0183230554619204
0.0181461996655584
0.0182691187774266
0.018244794582498
0.0181755725748628
0.0181349653859941
0.0181601080172999
0.0182145772579996
0.018244232444908
0.0183581417761107
0.0182332877431533
0.0182857008298932
0.0181498623167918
0.0182664452172615
0.0182832948879924
0.0183067595701301
0.018306555287069
0.0181661776775673
0.0183405258974163
0.0181401965994999
0.0182220187164787
0.01819947602599
0.0183176639927893
0.0183282527801454
0.0181806885787002
0.0182240849618865
0.0183267957469087
0.0182458721466743
0.0182099786030659
0.0183111034788629
0.0181747475141959
0.0182869056772965
0.0182481765724363
0.0181763045391023
0.0182267011660061
0.0182513205114125
0.018322835639635
0.0183452619243474
0.0182951978729953
0.0182362049573691
0.0182875440855589
0.0182409829186243
0.0183500677230487
0.0182140723871228
0.0183053436467117
0.0182088145135662
0.0182692166334681
0.0181993705255802
0.0181040204762925
0.0181624033063093
0.0183307460475818
0.0182222188236374
0.0182471543761514
0.0182814913391494
0.0182773687617396
0.0182722572517067
0.0183014180283369
0.0181966809615194
0.0181090456230067
0.0181952534622781
0.0182306186959233
0.0182400107087527
0.0182558041963737
0.0182066760906502
0.0181233276560132
0.018339515264888
0.0182698325344894
0.0181649380028954
0.0181968583699514
0.0181714125083507
0.0184010741276495
0.0183144597228352
0.0182223231344364
0.018254125320129
0.0181133997661174
0.0182802919045386
0.0182263738834521
0.0183440127396073
0.0182781001029902
0.0181805417211831
0.0183491875068087
0.0182656473683898
0.0183627823267458
0.0182274297717005
0.0183335385810393
0.0182427045756653
0.018259594844648
0.0183742075149332
0.0182365383800623
0.0182748591254893
0.0181225657641952
0.0181510560557616
0.0182759497420941
0.0182498630156947
0.0183049010228502
0.0182144670351223
0.0182123918233366
0.0182571768022901
0.0181117263751285
0.0180560216305848
0.0183422948611913
0.0181085659356619
0.018327005730505
0.0183176322094259
0.0183266641431531
0.0183372616600536
0.0181617478932166
0.0182873779876862
0.018230948747682
0.0182196782153765
0.0181618102636246
0.0183161585977808
0.0183185250546502
0.0181252816297627
0.0182457118091012
0.0181751332726777
0.0183561595236926
0.0182557147667785
0.0183096270551548
0.0182459595765527
0.018292237212918
0.0182323017688394
0.018233666213095
0.0181970265389435
0.0181074739049481
0.0183120734750529
0.0182880659301322
0.0181547558477082
0.0182554860103191
0.0182640187577256
0.0182309694438275
0.0181384224542989
0.0183056561339205
0.0182551754280357
0.0183356621633118
0.018125820285787
0.0182769868774394
0.018300894820705
0.01835816506079
0.0182109857567429
0.0182721682513405
0.0181934662656252
0.0182268370895786
0.0182166375406171
0.0181483199148676
0.0182738231859772
0.0183400971409431
0.0182918421327279
0.0183059846228898
0.0182602713418373
0.018186063316685
0.0183094886710304
0.0182041962737563
0.0182042482179115
0.0182742793552256
0.0182971795891527
0.0182398556566871
0.0182846070616364
0.0182182210304899
0.0183179153797788
0.0182115815298615
0.0181523302098928
0.0180489784475138
0.0182952296923137
0.0181409285960414
0.0182306619389263
0.0181910172867275
0.018333800439614
0.0182262942766025
0.0181968791620744
0.0182831824212705
0.0181718861441781
0.0183027589045655
0.0182668339146831
0.0182739804002008
0.0183163066151369
0.0181996917629333
0.0184073048051037
0.0182345349891419
0.0181483396569898
0.0182901260439208
0.0182769204463159
0.0183453287955689
0.0182052657324933
0.0181215716203172
0.0183548305695272
0.018210257406016
0.0182140715914828
0.0181072308980979
0.0182847816806632
0.0182078032785606
0.0182819864489288
0.0182999974488752
0.0183060019255567
0.0182460929153425
0.0182526617739653
0.0182808052954853
0.0181770846441282
0.0182820368432717
0.0183142513374425
0.0182671545820123
0.0181765384533132
0.0182564631307647
0.0180734375313386
0.0182851556265097
0.0182165404613534
0.0182335064076477
0.0182774117629314
0.0182257967380463
0.0182499771195707
0.0181968362388525
0.0182105115994753
0.0182216751912221
0.0182355623672651
0.0182552079982597
0.0181808583525647
0.0182077579959148
0.0182464323281126
0.0183284389387823
0.0182208028959519
0.0182133821878065
0.0181635899583184
0.018221520007623
0.0182048397224119
0.0183921930559928
0.0182425384631449
0.0181373294455332
0.0182402320095581
0.0184145151669192
0.0182227012727296
0.0182915069901723
0.0182837466256045
0.0181858018768913
0.0182992202768154
0.0181859227549674
0.0182968032837169
0.0179605781176711
0.0183139556897209
0.0182504526112478
0.0183224006224101
0.0183143816887788
0.0182774386969418
0.0181669212971566
0.0182432766563611
0.0181998988929741
0.0183662357690607
0.0183286645406633
0.0181588746385001
0.0181473989810017
0.0182030059763196
0.0182941405734808
0.0183378852431602
0.0183060059297831
0.0182731323594863
0.0183115623511757
0.018308694362686
0.0182503832720608
0.0183453675017632
0.0181627148274609
0.0182716780104891
0.0182361243735187
0.0182862376034018
0.018236929173782
0.0183007341424462
0.0182635595605685
0.0182338534098042
0.0182971930416742
0.0182490483919408
0.0183033522993237
0.0182660650195338
0.018228273356278
0.0181901731697853
0.0183956438330559
0.018239990588107
0.0183037806757156
0.0182204856094944
0.0182483880445673
0.0182513796875533
0.018223115561469
0.0182620264945649
0.0183175394170478
0.01825692365672
0.0183154835812646
0.018248742897947
0.0181976451003306
0.0182816096466427
0.0183458909079225
0.0182726927522022
0.0181942429270877
0.018237921762928
0.0180132813074647
0.0183087545940969
0.0182645554919501
0.0181247912317129
0.01827293867163
0.0181629439539486
0.0182938079169275
0.0182701717229493
0.0181543448092102
0.0183270824600437
0.018255003439207
0.0181748800608499
0.0183470238068374
0.0181602092145766
0.0183581975480449
0.0182241547927844
0.0182030219095508
0.0181473888414284
0.0181443929476157
0.0183447365104281
0.0182398150472957
0.0182452205820571
0.0182452225924906
0.0182513522681047
0.0182278735733886
0.0182108329408347
0.0182417796519714
0.0182033910124437
0.0183394945718618
0.0181231644689787
0.0182134093687881
0.018340261094585
0.01828410063522
0.0182426471135425
0.0181945672266791
0.0182991851513106
0.018219959458148
0.0182267437714716
0.0182774369740946
0.0181780691144289
0.0182491507905993
0.0183138240482272
0.0183461624204849
0.0182305053384323
0.0182260902891111
0.0182777964145401
0.0182798621330272
0.0182672185715041
0.0181727378844727
0.0181845798569774
0.0182323911025716
0.0182562943446167
0.0182079400429536
0.0183285683319779
0.018320395102359
0.0182251200012213
0.0182267448829272
0.0182931517867712
0.0182139240988835
0.0181867022249367
0.0183242798344454
0.0182223902675897
0.018320427512973
0.0181171387821596
0.0182857187813731
0.0181912915065345
0.018290872014424
0.0182371048322738
0.0182656854642705
0.0181644540409768
0.0182790066227615
0.0182664144634657
0.018384566140125
0.0183541425604992
0.0182004639142774
0.0183314091982334
0.0182305074533524
0.0183449240561121
0.0182769814864643
0.0181832063692187
0.0182323482033621
0.0181269130091842
0.0182304130503357
0.0182924515590183
0.018296334199019
0.0183409365592413
0.0183045402992243
0.0182253400065369
0.0182521520142768
0.018175753395878
0.0182569149712067
0.018343640852257
0.0182335809567781
0.0183004244407501
0.0182481100809815
0.0182078310981242
0.0182115814419368
0.0181112115535776
0.0182319224249627
0.0182084798620126
0.018299181350432
0.0183473491760716
0.0181951964591952
0.0181858617278215
0.0182045835377768
0.0182944229546659
0.0182053414830119
0.0183039074485581
0.0181569420530753
0.0181980194173471
0.0183188936899294
0.0183389898970611
0.0182376304059443
0.0182029201097622
0.0182153270446835
0.0184049124421238
0.0181880237953871
0.0183638373498833
0.0181670002952241
0.0182476600061101
0.0181419470726555
0.018183253901027
0.0181975182034189
0.0183249552352016
0.0182449652824705
0.0182575682486218
0.0181591347740209
0.0182597161097218
0.0182216483994383
0.0183276442942613
0.0181810117940641
0.0182943795980912
0.0183018879399099
0.0182428769515897
0.0182420272658054
0.018191093125368
0.0182353506671498
0.0182815719780656
0.0184314418553443
0.0183061723739183
0.0183717473682035
0.0182157703840235
0.0182621176208457
0.0182639839366766
0.0181779482271816
0.018444754341678
0.0182764674818655
0.0182980305404552
0.0182283714487875
0.0181857009607053
0.0183023950738649
0.0182270562644465
0.0182284121917884
0.0182986253001162
0.0183011473587995
0.0181411129896193
0.018214490351708
0.0182489576328477
0.0182105796417911
0.018346396797152
0.0183629201739146
0.0183005904116138
0.0181237851809847
0.0182008302941114
0.0182323954742343
0.0182803395367303
0.0182115544963556
0.0183297168157291
0.0183309816566303
0.0182867686708311
0.0182005715796096
0.0182438339203291
0.0181808619126511
0.0183416223044367
0.0183063679740148
0.0183072852920895
0.018269096673465
0.0180751597324696
0.0183361445484905
0.0183671358987356
0.0182928970938968
0.0183269509254683
0.0183136363201246
0.0182813145746912
0.0183538405655814
0.0182132439871685
0.0182703711380006
0.018228064526829
0.018244527224037
0.0180901882432322
0.0182976977196766
0.0183571140239075
0.0182221384494149
0.0183347814760241
0.0182011378543931
0.0182275400872127
0.0182275824583189
0.018267880556684
0.0181983960863991
0.0182712245532783
0.0182946654247717
0.0181989900921478
0.0182922165605245
0.0182194378945986
0.0183932779320167
0.0183006880781561
0.0182265052552622
0.018264738888466
0.0183295935098027
0.0181929620442338
0.0182450347014265
0.0183404413222069
0.0181956973440502
0.0182216104002431
0.0182255265792792
0.0181523625045768
0.0182094241976366
0.0183741966303501
0.0181837993192854
0.0182290492138781
0.0182590186428663
0.0183141031894553
0.0182694441216659
0.0182487718482043
0.0181912228357971
0.0182678882834988
0.0182276025624994
0.0181760588629372
0.0181746383860532
0.01824827901406
0.0181535021801545
0.0183205849374432
0.0182106670007694
0.0182500639860035
0.0181565461461737
0.018340851159876
0.0182658344161852
0.0181509884438702
0.0183841209060596
0.0182641395235971
0.01823327523804
0.0181752714117306
0.018268317688809
0.0182090529643322
0.0183553376231378
0.0182737651535987
0.0183146328715284
0.0181579708444784
0.0181758570759269
0.0183101505079904
0.0183267291448959
0.0182537344163338
0.018267042880655
0.0182607571581281
0.0181778463820553
0.0182765771710387
0.0182968225561237
0.0181788471743416
0.0183235554360805
0.0183289761206224
0.018153769689965
0.0181958287992726
0.0182893215383311
0.0183430260385253
0.0182698595981995
0.0182828666116294
0.0181545687641136
0.0181603758010959
0.0181457736222715
0.0183605517591485
0.0182322629568349
0.018290921222939
0.0182780041712129
0.0182704684527403
0.0181630509580175
0.0182289281510896
0.018242774050883
0.0182158382632505
0.0183913451367106
0.0182630345987407
0.0182862618299945
0.0182661359513316
0.0182900897531447
0.0182741713153802
0.0183534980341358
0.0181930001375741
0.0182371097750925
0.0182257603020076
0.0181951589141865
0.0181819432287708
0.018241364149155
0.018219680930204
0.0182573850560831
0.0181710923671564
0.0183056948574099
0.0182509312087377
0.018356434834831
0.018281305491781
0.0182468257168171
0.0181357040321234
0.0183404466391273
0.0182799921576252
0.018262422737219
0.018207619799148
0.0182917644158153
0.0183715728081511
0.018230873128208
0.0182698485091462
0.0182886804832705
0.0181313325026891
0.0182481897756353
0.0184018947548765
0.0183044741976954
0.0182025176022427
0.0182618134567695
0.0180846568045712
0.0181556658020711
0.0182608704418522
0.0182834572749079
0.018298333411129
0.0182557564160368
0.018136845585379
0.0183251006387437
0.0181702740092292
0.0182790716338026
0.0182770768997184
0.0182472178968625
0.018178593754091
0.0183253049686522
0.0182695048516943
0.0181351216952955
0.0183074157398106
0.0182466339873017
0.0181705169812902
0.0183013424406742
0.0183055937252587
0.018205377715556
0.0183048116382059
0.0182210421711118
0.0182611922429702
0.0183058187386401
0.0182819870463728
0.0181898874292982
0.0183690969904606
0.0181367383590647
0.0182739894085628
0.0182345149616706
0.0183063584819278
0.0182162307487635
0.018378711527188
0.0182063044782656
0.0182802646883777
0.0182594421471558
0.0184147281151388
0.0183264570047577
0.0183300206530872
0.0182402877128508
0.0182839282496621
0.0182661730034616
0.0183179090424411
0.018245257224404
0.0181809236277195
0.018191604742476
0.0182412218783813
0.0182348513884007
0.0183106651057214
0.018226093897281
0.0182288575084388
0.0182619790619408
0.01825288489241
0.0182238842393361
0.0182554244450003
0.0183081659596787
0.0182593650320295
0.0183315576467515
0.0181709563217502
0.0182870641875866
0.0182648606060272
0.0182081727025233
0.018248368558785
0.0183014641224654
0.0182822816358027
0.0183679206969088
0.018339722172002
0.0181632851514196
0.0183532386804473
0.0183530553078873
0.0182282028887363
0.0183234766360258
0.0183719894311313
0.0182950392842434
0.018295411089482
0.018320116274362
0.0182544571723044
0.0181447762878129
0.0182355416412546
0.0182710203800456
0.0183695425097714
0.0183136167432471
0.018277354324796
0.0182531576032605
0.0183214848735473
0.0182862983056867
0.0182949017810006
0.0181936494516411
0.0182889043563634
0.0183016387952306
0.0183307990058653
0.0182165549654182
0.0182712709786494
0.0183095165219275
0.018256101906279
0.018377414880714
0.0182837004050266
0.0182498221042485
0.0182645839343427
0.0182413737499445
0.0181280852430644
0.0183998498678709
0.0182276336122447
0.0182590257665754
0.0182316124233175
0.01824999012366
0.0183897862601922
0.0182238650108026
0.0182812562833029
0.0183455988096921
0.0183202770295765
0.0182739191889134
0.018274434327127
0.0182634995795458
0.0182543047406128
0.0183079679288796
0.0181407049919028
0.0181501365443091
0.0182674156311408
0.0182201382290313
0.0182503526355696
0.0181517522597909
0.0182958918147465
0.0183349846894582
0.0181434804336334
0.0182805383883205
0.0181809169457092
0.0182499036602106
0.0182287698128913
0.0182271068491872
0.018241824539518
0.0183587471474777
0.0182512713001057
0.0181798046308579
0.0183409492572416
0.0183736611225476
0.0182010460405383
0.0182675520157121
0.0182072806132881
0.0182186788704429
0.0181873978005492
0.0182931481721617
0.0183562509765794
0.0182675797501919
0.0183635152661909
0.0181593533537317
0.0183119950263625
0.0182822724409837
0.0182666612547277
0.0182663094056756
0.0183265009982775
0.0181671488861729
0.0182602160202878
0.018194327451826
0.0182474705780743
0.0182838746115913
0.0183562750523971
0.0183965788031122
0.018336809127067
0.0183176654002871
0.0183518865696424
0.0184171991767809
0.0182301551265159
0.0182333134427133
0.0183036428122185
0.0183408615345043
0.0181548278714244
0.0182438590435182
0.0181683838470204
0.0182228965408525
0.0182747160383014
0.0183037502229629
0.0182142470885308
0.0182457947213354
0.0182324990255743
0.0182199941395643
0.0182920858716134
0.0182259402272517
0.0182061864055559
0.0182612619039301
0.018252485760209
0.0180773679790807
0.0182844313242575
0.0181619358283008
0.0183175796950785
0.0181887084254644
0.0182254540643452
0.0181272428977109
0.0182336105901692
0.0181571559023661
0.0182306449068667
0.0182801494912708
0.0182456296868322
0.018186069314693
0.0183220351901212
0.0182873110735146
0.018089076574777
0.0183538999229814
0.0182410278161964
0.0183295877761675
0.0181852680328031
0.0181415642124893
0.0183400887068715
0.0181793255796589
0.0182002864765194
0.0181866674566268
0.018365783830457
0.0183593170185812
0.0182739111121306
0.0181621401991656
0.0183505163340091
0.0182101518590703
0.0182526181600844
0.0181247842949748
0.0181561025564197
0.0183293398911553
0.0182728802845792
0.0181249678422153
0.0181429161539292
0.018112730942097
0.0181471087594297
0.0182765879163995
0.0181659853421103
0.0183079033213318
0.0182393493248357
0.0180938189548264
0.0184079023947359
0.0183042391838422
0.0183279618514545
0.0182891528677705
0.018236051675409
0.0182794435218647
0.018289700248724
0.0182948843899593
0.0183750874624301
0.0182242135365601
0.0182903274258823
0.018439101045312
0.0182954239349574
0.0182659279982894
0.018216505442098
0.0182137423570921
0.0182523138955401
0.0181179022771433
0.0182888047251871
0.0182677972532421
0.0182750906064266
0.0182002148046392
0.0181934501754169
0.0181832255126536
0.0182673133794265
0.0181772354303885
0.0182080835607203
0.0184075030717009
0.0183103128459112
0.0182014995642893
0.0181177523236251
0.0181750604900955
0.0182626144852114
0.0181913232468307
0.018202969581553
0.0182708740521637
0.0182218273921529
0.0182228962309003
0.0181623906607605
0.0182332506774975
0.0181837265942776
0.0182651629747922
0.0183157567218607
0.0183077184322909
0.0182804748668521
0.0181936521847909
0.018220356301608
0.0182119812175356
0.0182109852257985
0.0181714114198685
0.0182784444326053
0.0182628034282122
0.0182333621533371
0.0181717882029765
0.0182786320739865
0.0182613964100555
0.0181457604231871
0.0183343556396652
0.0182047826088628
0.0182770642438204
0.0182313250283294
0.018163097417432
0.0181696067573139
0.0182802475816801
0.0183283741009083
0.0183618469021916
0.0182615635543817
0.0183161863438181
0.0182732359471851
0.0181242883673693
0.01836706986194
0.0182766342510201
0.0181719720017386
0.0182271706851655
0.0183030419588233
0.0182690398521759
0.0183187363428814
0.0182976924751615
0.0183267565137605
0.0182610254101754
0.0181917018692995
0.018290334091388
0.0182216837770861
0.0183462119636542
0.0182211304201158
0.018348522457092
0.0181643035967609
0.0181607403926016
0.0183455423772042
0.0180991657102382
0.0183247442998443
0.0182919903350165
0.0183422809276841
0.018176116155269
0.0182491132523068
0.0181828438533093
0.0182098578647703
0.018287852336098
0.0182959373222296
0.0181942706007811
0.0183367993482055
0.0181725316830366
0.0181446203152376
0.0181725703864034
0.0183326511771983
0.0182249738885534
0.0182505846359659
0.0182021748666023
0.0182633348231539
0.0184643000857255
0.0183386257482319
0.0182542709563664
0.0181314976988082
0.0180984704168671
0.0181571678442812
0.0183098706578447
0.0181245383138417
0.0182322185899878
0.018333850973387
0.0182200140022279
0.0182600740523022
0.0184028893523653
0.0181974435642853
0.0181452817044751
0.0182725034868277
0.0183108539826696
0.0182575421479939
0.0182121085067889
0.0182228204780891
0.0183379592698064
0.0181152111339023
0.0184430725650593
0.0182549133451131
0.0181580380172689
0.0183366149544179
0.01832792176669
0.0183222852349727
0.0182550628439659
0.0180735849855575
0.0181433963920149
0.0182359713740418
0.0182214605164999
0.0183002956556257
0.0184328274616406
0.0181209586639012
0.018282581224822
0.0182098950707508
0.0182272182301093
0.0181811657667343
0.0183482871288903
0.018252770553033
0.0182928019510619
0.0181638123687468
0.0181588476448699
0.0182112156484814
0.0182894070372033
0.0183606522206198
0.0182244020880039
0.01835899795761
0.0181708320449069
0.0183121220120267
0.0183022337057939
0.0183755135872611
0.018175478490169
0.0182387909664061
0.0182200912417837
0.018286327792922
0.0181854358610733
0.018257186754452
0.0182616270297692
0.0183558486875017
0.0181947638137495
0.0182313990926036
0.0182630633672325
0.0182542684173894
0.0181470020052256
0.0183673381493515
0.018316500326317
0.0182352708863616
0.018339345656642
0.0183296194420203
0.0182743880772999
0.0182491356983542
0.0182546800585305
0.0182151559457203
0.0183314730479543
0.0181185300965774
0.0183278158308621
0.0183397233295557
0.0183471762248549
0.0181282762833993
0.0182467530700684
0.0182749706447614
0.0182639811757959
0.0182759859433857
0.0181990349595433
0.0181461916108547
0.0182084974624546
0.0182326971799014
0.0182098870714068
0.0181845128878811
0.0182252783381637
0.0182959513817335
0.018350583473299
0.0181712619671006
0.0183489408824845
0.0181962836500746
0.0182480451118283
0.0182277226496535
0.0182932715504624
0.018274985271235
0.0183738840004175
0.018277377456644
0.0181665060947467
0.0182667034494934
0.0182489472085916
0.0181712239847708
0.0181309827887016
0.0182424560769703
0.0182063889636458
0.0181324019601168
0.0182458455678901
0.0182468370707011
0.0181840272124282
0.0181220991296126
0.0182745744521099
0.0182608366078833
0.0182444638671175
0.0181406188366866
0.0183423973058874
0.018225962844619
0.0183574650364519
0.0181002620497945
0.0182071169029199
0.0181029760065632
0.0182389967312327
0.018182979237192
0.0182829298515922
0.0182686597060459
0.0182953082517275
0.0182014516326898
0.0182093486052813
0.0182772003645185
0.018272740122923
0.0182767953058139
0.018264205596339
0.0182924886079069
0.018406495553195
0.0183114995747414
0.0182242015362172
0.0181168855968569
0.0182879493392302
0.0181824186749691
0.018282108114809
0.0182969238773292
0.0182227032804805
0.0183249253925974
0.0181949474034346
0.0182940125066365
0.0182517628220201
0.0183696273169909
0.0182930944668383
0.0182207223903414
0.0183021705184565
0.0182656379261205
0.0182433517295636
0.0182749288912568
0.0183559125586209
0.018263491922409
0.0182650478075913
0.0182790768930018
0.0182911387262003
0.0182618797208475
0.0184144920950354
0.0182012730581448
0.0181804001454907
0.0182270863165655
0.0183103921917167
0.0182956688009306
0.0181789097837968
0.0181354579126655
0.0182988447211802
0.0181626786168404
0.0183180038509028
0.0183207276197892
0.0181877874989369
0.0181823574586377
0.018173370768069
0.018222743658429
0.0182612308155623
0.0182775730884569
0.0182547070942477
0.0183635745396321
0.0181760051030501
0.0182100136659666
0.0183203698032129
0.0181686610172109
0.018196917479589
0.018295331337896
0.0182654910652812
0.018265842422457
0.0182591812182959
0.0181954344433449
0.0183056781611734
0.0182099123914522
0.0181987041525165
0.0183162316877225
0.0182758612761141
0.0183378541634287
0.0182713098257003
0.0181424226645283
0.0182662720903103
0.0183133156481441
0.0182456910057273
0.018179237820837
0.0181765515497221
0.0182088663804747
0.0181678558916665
0.018246368916429
0.0183171567819941
0.018055002995348
0.0182870367281404
0.0182482773741921
0.0182338204594501
0.0183391136955455
0.0181651883171858
0.0182048400923865
0.0182793620364972
0.0183096163669595
0.0183261081288542
0.0182725822590531
0.0181734930842602
0.0181738042871094
0.0182700719343865
0.0183689725128241
0.0183106652514356
0.018188573989056
0.0183020361131839
0.0182124657005184
0.018275717369855
0.0182378392851633
0.0180540598723158
0.0182444314162448
0.0182211095927344
0.0183409858558023
0.018318239100954
0.0183375800762837
0.0182740146322601
0.0184414827465389
0.0184207850792548
0.0183549694187714
0.018229509687954
0.0181794626084208
0.0183644255410099
0.0181536189674438
0.0182887533554369
0.0181750539731302
0.0183943801669996
0.0182774442145262
0.0180660824626374
0.0182779947047793
0.0182870633037775
0.0183077750197171
0.0181808431719176
0.0182731087297996
0.0182031401004332
0.0181960466847232
0.018248094960148
0.0182540905058556
0.0181729409896345
0.0183940606736456
0.0182765591548036
0.0182741584848231
0.0181774481555692
0.0182171475573199
0.0182451537006007
0.0182527080395987
0.018342153651033
0.0182386433443967
0.0182287064055817
0.018283434782539
0.0181716393474335
0.018301259581825
0.0182882012385264
0.01818897547532
0.0181754298150972
0.0181753636475508
0.0182245159757307
0.0180881631384273
0.0182354493401725
0.0181594807205372
0.0182751560848667
0.0182936277131885
0.0182494147711576
0.0183280604372338
0.0182303226487804
0.0181888103386563
0.0181918151573392
0.0182236885941243
0.0182152033119052
0.0182118376527456
0.0181927440315244
0.0181641182730374
0.0181450427280791
0.0182106835590394
0.0183055403124977
0.0183153751984941
0.0182125019440189
0.0181886410276807
0.0183480290225267
0.0182937419739618
0.0183940252740291
0.0180973984299138
0.0181926797703863
0.0183108144946443
0.0182660263111326
0.0182529677485255
0.0180887042056658
0.0181875989748665
0.018232283071491
0.0184167378436949
0.0183533854428929
0.0181709745707582
0.0182334087461881
0.0183574206285393
0.0181142277830717
0.0180967023623734
0.0182207184640107
0.0181731308788375
0.0182769391449633
0.018138306771139
0.0184384504545563
0.018319928477563
0.0182593817880203
0.0182653701089922
0.0181683539450451
0.018214826736021
0.0183498385420894
0.0182521956009387
0.0182170931266631
0.0182241484639354
0.0182367334318404
0.0183525693859226
0.0181578400665256
0.0181787187758617
0.018262082562274
0.0182052685826648
0.0183077383530065
0.0181357304860856
0.0183472165035301
0.0183099057200837
0.0181378452479434
0.0183205263850959
0.0182202777708471
0.0182126092793726
0.0182149839717414
0.0183121638832226
0.018324065021121
0.0182519857972637
0.01833636689291
0.0181436555926035
0.018371861097447
0.0183138787352818
0.0181535828972584
0.0183307387603326
0.0182589353752108
0.0182210969602077
0.018273117351945
0.0182431255531697
0.0182201280182562
0.0183579200108131
0.0181840608341249
0.0182480166716546
0.0181799321858758
0.0183200959973007
0.0182239251269122
0.0181281465289714
0.0181845202627928
0.0183375848156975
0.0182876479768408
0.0182901485329979
0.0182131659000011
0.0183577871559448
0.0182406845918055
0.018251933241579
0.0181800583873908
0.0183038363692426
0.0181643586416124
0.0182346127283057
0.0181781554433933
0.0181736416629543
0.0182807871604919
0.018280437649139
0.0182627145727573
0.0183522744122697
0.0182037963270966
0.0184003398132143
0.0181751564125878
0.0182167843742779
0.0182326492092808
0.0183783227800682
0.018214847909287
0.0182164571026666
0.0182610755185836
0.0182948210611955
0.0183054829368592
0.0181311171893472
0.0181716160538084
0.0183165616924482
0.0182220930322234
0.0182902081320224
0.018252206270315
0.0182590856356905
0.0182223486665468
0.0182565720865338
0.0182716443709068
0.0182366674471172
0.0182453733457414
0.0182574499634571
0.0183660081421271
0.0182201984477582
0.0182902760953273
0.0182965396577616
0.0183003230792014
0.0181007650050048
0.0182711576593102
0.0182639530052276
0.0182785276010332
0.0183221838794185
0.0182900517629619
0.0183024180979179
0.0181938458676045
0.0183021396469622
0.0181938063238737
0.0181480973580218
0.0182747506875693
0.0183957334112655
0.0182363333424768
0.0183583909581266
0.0182882541313483
0.0184102341762548
0.0183168994905631
0.018223492645065
0.0183037492999329
0.0182101166597524
0.0183180646659339
0.0183008576978323
0.0182653468662357
0.0182089835228566
0.0181653611096373
0.0182188963147178
0.0182494303759998
0.0182161556226752
0.018235795492887
0.018266338526216
0.0182680194901555
0.0181553294173696
0.0185220029853252
0.0182186485348067
0.0183036619327478
0.0182089955867539
0.0181963545038355
0.0182028132408704
0.0182752691210992
0.0183026631853037
0.0182223694951058
0.0183350568835117
0.0182616589683304
0.0183011928002835
0.0182153403815576
0.0182009301402528
0.0183313318036909
0.0183628366131087
0.0182762998633598
0.0181692411559183
0.018280253325193
0.0182165589157619
0.0182883621909069
0.0182612878783602
0.0181228397357222
0.0183976641340139
0.0183664060058318
0.0182991675135809
0.0182659554971675
0.0182450558597536
0.0181954955351447
0.0181842152336723
0.0182598856679372
0.0183121069336892
0.0181608900510896
0.0182205353460224
0.0182408299863015
0.0182506239604959
0.0181267688680336
0.0182994106951625
0.0181693773518142
0.0182747308201021
0.0183248349911774
0.0182351314881329
0.018224734390967
0.018247370977437
0.0182644960162193
0.0182520112660849
0.0182780920806932
0.018334464703768
0.0182351967499739
0.0183750225865498
0.0182211255576883
0.0182705982679183
0.0182871742412304
0.0182547794958386
0.0181714167925503
0.0182624870696643
0.0182416886177602
0.0182662832689745
0.0182717889880973
0.0182543542761953
0.0182266528090887
0.0183137556540868
0.0184562530286856
0.0183780154256403
0.018293539355212
0.0183553514141439
0.0183408019329699
0.0182468033260255
0.0182600117186708
0.0183091330094045
0.0182592036201268
0.0181926785503839
0.0181385456309082
0.0182197675352376
0.0182900857500944
0.0183108438145502
0.0182751973045924
0.0182850639664639
0.0181450032705706
0.0182186548601436
0.0182867313322906
0.0181770619478272
0.0182610539885669
0.018145375802353
0.0182769184765807
0.0181737305424672
0.0182244619258768
0.0184017622572003
0.018366832842805
0.0184171029179683
0.0182071973324546
0.0182705627933624
0.0180692122897426
0.0180708627916812
0.0183008596842968
0.0182581265401292
0.0182309937900019
0.018193472265975
0.0183260023264384
0.0182916637586333
0.0182769200562697
0.018223834045211
0.018223266534558
0.0182842547024162
0.0182911451323571
0.018262732990076
0.0182526658422308
0.0182073843347089
0.0181675052048511
0.0181776815136739
0.0183403735254328
0.0182868795417889
0.0184378739250643
0.0181874376913651
0.0183308231159682
0.01837149299306
0.0181384635643989
0.0182475871663274
0.0182342014825614
0.0183489721139133
0.0181566618026037
0.0182388789856942
0.0182255622501664
0.0182934358966436
0.0183302974652966
0.0181432438743542
0.0183537169907651
0.018178559247362
0.0182523941343183
0.0183385966610342
0.0183007430345728
0.0181012849379631
0.0180885453918257
0.0182652629682554
0.0182532870662746
0.0183138462075615
0.0182884732567949
0.0184170915400917
0.0182813859567894
0.0182287965450338
0.0181895638721033
0.018207467703156
0.0182990050640942
0.0182649042311191
0.0183200185934707
0.0182649058701767
0.0182047291151383
0.0181332453254148
0.0182097844095439
0.018345599369445
0.018217270443991
0.0182406534416791
0.0182597666489122
0.018223359566646
0.018050832178894
0.0182223849769506
0.0182921913886267
0.0181921929714781
0.018235779382422
0.0183441029104017
0.0182049957467069
0.0182466674992904
0.0182743644075858
0.0181559683785295
0.0182835581107493
0.0182597651629652
0.0182260952447144
0.0181703735826114
0.0183481782555276
0.0180876622706791
0.0183481671159062
0.0183184622162024
0.0181928178410794
0.0182038830136438
0.0182272498406619
0.018313797685117
0.0182078261984683
0.0181423856180174
0.0183010386813405
0.018232594160122
0.0182742935638005
0.0182073337840019
0.0182744048665221
0.0182212026089421
0.0183415504722123
0.0181812668058399
0.018191414961279
0.0183329719100102
0.0181936495727689
0.0183082965857728
0.0183124416256403
0.0181072045398639
0.0183336188254287
0.0182306583805166
0.0182032972924173
0.0183188211714159
0.0183186320622353
0.0182174702875745
0.0181263901946314
0.0182527526440532
0.0182918223082647
0.0182858850619639
0.018146495837268
0.0183083714726652
0.0182396556291034
0.0183164800800416
0.0183457816219503
0.0181908278004983
0.0182012185896519
0.01822217294278
0.0182738757072645
0.0183680004174978
0.0182586892934468
0.0182991982507912
0.0182502382153826
0.0183193781955379
0.0182465912589699
0.0184285640530981
0.0183182979224145
0.0182001230856648
0.0182747297810898
0.0182574234809563
0.0183074638217116
0.0182826126616577
0.0182070380281418
0.0182972254983789
0.0181295310046128
0.0181834994022519
0.0181449691277001
0.0181656076701911
0.0181840588623059
0.0182437800783383
0.0183729982416624
0.0182059004411664
0.0183471655659278
0.0183056884889503
0.018295585055261
0.0181995568507376
0.0183149637095524
0.0183004387633314
0.0181555403223864
0.0182604336762318
0.018323609160795
0.0184117477536105
0.0182878360997497
0.0182682163058978
0.0181738412897978
0.0182491772131796
0.0182916710441725
0.0181941442068997
0.0182070858275625
0.018293541132405
0.0183500716524457
0.0182775450894461
0.0182311681661843
0.0182324657947876
0.0182008480813903
0.0183421334281434
0.0182882784305154
0.0183466357469922
0.0181512789862344
0.0181967082943011
0.0182243191012199
0.0182060194323156
0.0182270159147685
0.0181430961198868
0.0184422710695591
0.0182773724132193
0.0182985444102329
0.0182931541681153
0.0182418527888526
0.0182457271017966
0.0182273652850075
0.0182918837791511
0.0183702942615458
0.0184022372033775
0.0183760163995229
0.0182859297553715
0.0182247335289666
0.018132500702631
0.0182344624197208
0.0183255591042591
0.0182008821176755
0.0182034644327972
0.018245307801315
0.0182731110802391
0.0182429023082758
0.0181741392561876
0.0183638018376146
0.0183619225219105
0.0182972712723939
0.0182312675888123
0.0182034822466512
0.0182621702874411
0.0183445609335037
0.0182479061225133
0.0181998068831142
0.0183497441977856
0.0183525920030622
0.0182434668914396
0.0181328643708012
0.0181423732572138
0.0182216504764368
0.0182768867293233
0.018111192383586
0.0182393506484452
0.0181991004277454
0.0182514474571104
0.0182078932901228
0.0182642441234003
0.0182533572651078
0.0182041454625401
0.0181200610964854
0.0182690152737419
0.0182385873369884
0.0183372732038697
0.0182014296342898
0.0182880317648052
0.0181691451235496
0.0181356164515815
0.018276729833411
0.0181012868113831
0.0182824898674416
0.0182080280016988
0.0183442364288458
0.0182432799199382
0.01814060955794
0.0181910029180671
0.0183181422820388
0.018295244507624
0.0182010483420439
0.0182667786793205
0.0182525510711015
0.0182183468109239
0.0183213672524289
0.0181688839150978
0.0182910313409807
0.0182452390990033
0.0182390085607681
0.0181823883995786
0.0183172985819859
0.0182045753607032
0.0182871843488783
0.0183064162645648
0.0183136358501585
0.0183243944781936
0.0183553901014266
0.0182829832166932
0.0182907514923501
0.0183419228772024
0.0182153964412285
0.0182209062271688
0.0182763905966965
0.0181814828752919
0.0182260735017534
0.0183084758840648
0.0183110229245314
0.0182568760159297
0.0182756492724793
0.0182406652221326
0.0183037353692868
0.018345177977647
0.0183906842312234
0.0181888007662192
0.0182529461633554
0.0182544834258424
0.0181901635535676
0.0182389339461736
0.0181909921294313
0.018134167911363
0.0183074341380198
0.0183583989363751
0.0183032293898796
0.0182334641457693
0.0181452410073067
0.0181938106325234
0.0182894933298557
0.0182936660266921
0.0182615333395347
0.0181514273854565
0.018295638389927
0.0181744757876618
0.0183858111714449
0.0183324134506165
0.0182806056458625
0.0182514104698624
0.0182945125503763
0.0180463585002311
0.0182149228009374
0.0182286490934978
0.0182947352968114
0.018383132625048
0.018308380694584
0.0182684817388361
0.0182104280076595
0.0182718204853521
0.0182549923532628
0.0183571917478259
0.0183777693990395
0.0182601054511769
0.0182720966558974
0.018150607061928
0.0182987798311555
0.0183823939615125
0.0182331416725454
0.0182169304740947
0.0183178034775045
0.0183493777655943
0.0181686408395991
0.0182419098035426
0.0181511508578961
0.018267003458755
0.0182512920548208
0.0181741303513653
0.0183823632083695
0.018204735659818
0.0184044115163653
0.0182843017150891
0.0182816666930871
0.0183287830374321
0.0182421338400376
0.0183307155591971
0.0182092980479904
0.0183023839785336
0.0181603066804083
0.0182409440337851
0.018279853666547
0.0181509088421107
0.0182549395373867
0.0182339173909883
0.0183320191169168
0.0183021554207865
0.0182443694976138
0.0181880623168095
0.0183444779438209
0.0181426550920228
0.0182003438778747
0.0182629010862861
0.0181393198923716
0.0182651582780983
0.0182897337398668
0.0183921376836099
0.0182738835475855
0.0182179778335709
0.0181553620495784
0.0182993602867925
0.0181927263865584
0.0183038984508794
0.0183344997574038
0.0181899330050996
0.0183763630934433
0.0182363113860426
0.0182226069707311
0.0183754702018831
0.0182075012967029
0.0181384637857999
0.0181887425524189
0.0181940988376887
0.0182692952523412
0.0182854746297583
0.0181842823158254
0.0183073183359016
0.0181996288601258
0.0183212610897736
0.0181245377556445
0.0181296018397346
0.0183209610403127
0.018366413925929
0.0181774626525836
0.0182689733259966
0.0182057099868184
0.0182363813084573
0.0182898194431292
0.0183034798499114
0.0181830056039725
0.0182870178096093
0.0182831148880425
0.018335698220313
0.0181221329518559
0.0182137475164741
0.0182167553839208
0.0182416032003186
0.0181594854548118
0.0183208617318757
0.0182472388306474
0.0182296439006333
0.0183102012582739
0.0182855601100597
0.0182009707257807
0.0182470462255104
0.0181599510575738
0.0182233403061088
0.0182144972637142
0.0183632976239812
0.0182867327816404
0.018294559380398
0.0181130498588637
0.0181519800948535
0.0182090941793697
0.0182214041819476
0.0182789941905632
0.0182672177685876
0.0182725568826538
0.0182748626503179
0.0182469639479764
0.0182227343927277
0.0183388015024549
0.0183062655259525
0.0182314352283466
0.0182977343486223
0.0181775820554474
0.0183650003643996
0.0182454588539778
0.018318689425272
0.0182782718724709
0.0182138490365279
0.0181513713905657
0.0182300705330016
0.0182472616700469
0.0182258452920789
0.0182535831525695
0.0181142955635002
0.0183149200265445
0.0181888466869077
0.018208876115395
0.0181933356018116
0.0182630617187864
0.0181814113234241
0.0182343171473525
0.0182337115538327
0.0182564235487484
0.0183372459832851
0.0182315018758418
0.0182878550018335
0.018226108591947
0.0182310841954733
0.0181800731325313
0.0182693112680003
0.018263946042548
0.0183478079534804
0.0181338544943756
0.0181343856625366
0.0181873150020974
0.0182375895221649
0.0182493081612072
0.0181876551794306
0.0182979449194101
0.0182382031082754
0.0183408835079255
0.0183724294130303
0.0183350892397428
0.0182669588938789
0.0182706674894738
0.0181188941106221
0.0182239969551175
0.0182553397148983
0.0183194739285614
0.0182090548301851
0.0182118989717699
0.0182070175004184
0.018077809082155
0.0183603193156809
0.018236073599685
0.0182482721099347
0.0182612789219191
0.0182835475263583
0.0183763578797104
0.0183353848748153
0.0181842817832191
0.0181824407488079
0.0182538955618284
0.0183334705960539
0.0183923133617509
0.0181986054815818
0.0183378055196504
0.0182336019370991
0.0182950004828269
0.0181302413860959
0.0182611948708128
0.0183211017594708
0.0183257780096696
0.0182357814867017
0.0183059378475986
0.0181822258049929
0.0182394534894192
0.0182681575001245
0.0182704358529445
0.0182976026504737
0.0181030265794196
0.0182736258702061
0.0182986892594116
0.0183405322819369
0.0183463986812178
0.0182895595195963
0.0182376531411968
0.0182968781030967
0.0182284663409866
0.0183142317283818
0.0182017169240935
0.01829168005815
0.0182540434092423
0.0182291362454796
0.0182621703016161
0.0183793313110478
0.0181692344834102
0.0182171861177782
0.0181757787580156
0.0182244391935485
0.0183226965612872
0.0180712145500299
0.0182461453636519
0.0183618221378465
0.0181951524669907
0.0183280729661409
0.0182462125253459
0.0183373777030795
0.0182099966026962
0.0182158619730402
0.0183847846691642
0.0181859819379601
0.0181758600496323
0.018295652450709
0.0183604387193799
0.0183473498084586
0.018284772438306
0.0183974212230632
0.0182881929758567
0.0183760709704648
0.0182591041112877
0.0181049241438142
0.0183081402916599
0.0182161787335017
0.0182955819142912
0.0181908111073524
0.0182754472355501
0.0182612048808393
0.0182033684216941
0.0182329788056039
0.0181605365539337
0.0182196759332149
0.018113622393579
0.0181689583838389
0.0183412863221145
0.018121492976875
0.0183446352050565
0.0182293905684509
0.0182921539130223
0.0181375601311808
0.0183553821492274
0.0184146036457478
0.0180961783147691
0.0182390426887779
0.0183233526254961
0.0182662115756116
0.0183276247508658
0.0182697457469707
0.0182399661592108
0.0182953143262476
0.0182712884885757
0.0182607179251501
0.0183084115589268
0.0181490114275832
0.0183236187799865
0.0182559842656437
0.0181977078626453
0.0182903769609506
0.0183555079380453
0.0182264534683645
0.0182130332049521
0.018401940783721
0.0182137419112392
0.0182013274482631
0.0181776308141329
0.0181634435603643
0.0181872062998016
0.0184049549436841
0.0182423308591564
0.0182751022453979
0.0183249382763788
0.0181570210466037
0.0181539187799729
0.0184459856563797
0.018268601787529
0.0182501878790589
0.0183232924384624
0.0182511015289224
0.0183102645055208
0.0182477306377664
0.0181716902969659
0.0183002699309191
0.0182045896091068
0.0181552318602287
0.0181547313547788
0.0182370019768258
0.0182593620967281
0.0182277255777824
0.0182920793260195
0.0183498257783734
0.0183071842614556
0.0182472425920639
0.0183867074258562
0.0183048655822821
0.0183250292273321
0.0182502166069714
0.0181616501660659
0.0181229195902605
0.0182179426663439
0.0182674254201028
0.0181322006287411
0.018216329888192
0.018279304063296
0.0182300370769926
0.0183645818293967
0.0182058881961513
0.0182098501471779
0.0183395284765734
0.0182962247750218
0.0182513779249139
0.0183360152396166
0.0181872992745797
0.0183231120196914
0.0181783995735544
0.0183276290786559
0.0183082749741988
0.0182427859184121
0.018268680655989
0.0182559278741427
0.0182217537188879
0.0182992605838593
0.018215915965269
0.0182510835760885
0.0182667287046578
0.0182321953714817
0.0183626436568781
0.0183113729669699
0.018270726862144
0.0182340578959778
0.0183146768561337
0.0182804326958305
0.0184178260094487
0.0181425741072721
0.0181955639521581
0.0182493860505774
0.0183742546042246
0.0182305496442857
0.018240451155314
0.0183382106348543
0.018188235309667
0.0181628390182025
0.0183926874712641
0.0182289063454633
0.0183635994018873
0.0181108724730281
0.0181997623990436
0.0183523278277966
0.0182698645394673
0.0182946308725388
0.0181586095264504
0.0182252386519414
0.0181883576842891
0.0182821715382476
0.0181008813810355
0.0182441890232957
0.018279270937787
0.0183010936051667
0.0182906567208384
0.0182531957495656
0.0184147360985769
0.0181955062418282
0.0182789800687768
0.0182709643377765
0.0181636598056662
0.0183143807912927
0.0182479873271914
0.0183771313002067
0.018264351119753
0.0182124070694702
0.0182787442600622
0.0181481319347909
0.0183521534256847
0.0181976730088444
0.0182607965017874
0.0183575085671776
0.0182921506604992
0.0182948143302816
0.0181169864645024
0.0182481935339428
0.0183460955257772
0.0181490151599918
0.0181927805162603
0.0182435330098051
0.0183153830749875
0.0182076248556324
0.0184106987087005
0.0182064446100148
0.018178943763231
0.0180943391646705
0.0182216673148628
0.0183187619654677
0.0181899508487523
0.0182805216354886
0.0184394822096427
0.0181883236182258
0.0182065319966711
0.0182504076690509
0.0183771906260937
0.018226345273571
0.0182483581164519
0.0183116368804539
0.0183112582604978
0.018313422229225
0.0182346460925894
0.0181639135312444
0.0182516303392346
0.018439402160243
0.0183451738587372
0.0181662369963136
0.0182147974802102
0.0181030956481338
0.0184276010608596
0.0183204360163967
0.0183533120587181
0.018290625900377
0.0183025259297669
0.018170221005765
0.0183380785809369
0.0183664314555063
0.0182313210841686
0.0182499487501288
0.0182913035471913
0.0182162807655085
0.0182673993523447
0.0182277403112021
0.0182385917471023
0.0181952001788598
0.0181961189042029
0.0182381021490762
0.0181974111622059
0.01819762900362
0.0181723796416974
0.0182245975081903
0.018098186461148
0.0182548957333239
0.0183635092766328
0.018203713320175
0.0182300514967549
0.0181221633055229
0.0182278592106931
0.018346570444742
0.0182785356282737
0.0183007152467028
0.0182381390687401
0.0182585039369427
0.0181590712928597
0.0182671993233136
0.018202303709371
0.0183541569201214
0.0182351971769998
0.0181914097895682
0.0183403085260807
0.0181218841867362
0.0182528641973479
0.0183111510674609
0.0181568656216319
0.0183636118479467
0.0183043656986313
0.0181744177668345
0.0181154575012449
0.0181695666966232
0.0182400314299754
0.0182462274365695
0.0182298076333177
0.0182024710443079
0.0182456836734305
0.0182435389120614
0.0181977224432855
0.0182757309823722
0.0182062113210363
0.0183264636603398
0.0182683079469425
0.0182149195118546
0.0181809731837948
0.0181879472546275
0.018261248974466
0.0181757579732701
0.0181871062712257
0.0184322359712971
0.0182029514106754
0.0183099759207849
0.0181142095788203
0.0182708499820151
0.0181605996477753
0.0183127758458853
0.0181992752530647
0.0181462599875663
0.0182539850860231
0.0182646723257101
0.0181965725723608
0.018192229457837
0.0182379893812462
0.0182154643615064
0.0182214538604986
0.0182874861588036
0.0181959560984888
0.0182498829719703
0.0181938738432478
0.0181906162351669
0.0181572555538452
0.0181862623014572
0.0182933048027301
0.0182806053145041
0.0182318921188097
0.0182837866250544
0.0182265098552675
0.0181891643276865
0.0183416555994618
0.0182876281380183
0.0181673951416673
0.0183389178752122
0.0182194220956025
0.0183339698589629
0.0182720540691037
0.0181467351730232
0.0182265426393493
0.0182188212523764
0.0182860864843576
0.0181965541619515
0.0183350369727167
0.0182126518835304
0.0181046277454398
0.0181865519325342
0.0183967364607567
0.0182572354299792
0.0182505076682529
0.0182314992910092
0.0182802877411119
0.0182502402139942
0.0182886710308723
0.0184904764240073
0.0182742251467382
0.018377699411652
0.0182684041955576
0.0184662320342175
0.0182145017916218
0.0183577337507012
0.0182881371248929
0.0183075054845449
0.0182057383532313
0.0183473980825513
0.0182361792221313
0.0183662587441538
0.0181370478325398
0.018324907075128
0.0182217320565064
0.0181489249407078
0.0182917847640002
0.0183501196423819
0.0182794678160454
0.0183135437441075
0.0183912645071822
0.0182244296671044
0.0181864767317576
0.0181891672298144
0.0181773286964818
0.0182793103640881
0.0181515932738595
0.0181943382787739
0.0183250589794703
0.0181298570615947
0.0183313326028663
0.0182428488904698
0.018167402968664
0.018084036098808
0.0182702033532744
0.0181935451175141
0.0181092086752733
0.018117112309386
0.0182570376828236
0.0182244823904647
0.0183047045166498
0.0182730457953632
0.0182043230206628
0.018217106203145
0.01818636569426
0.0182713410327559
0.0182428585592845
0.018277574656421
0.0182004043448254
0.0184159311948139
0.0184203663377866
0.0182036164731424
0.0181740219071951
0.0183080866041269
0.0181671480844819
0.0183542035273602
0.0183359191006119
0.0183485663833201
0.0182746712877484
0.0183072277317655
0.0181810155859999
0.0183258906465069
0.0182835416506211
0.0181821996200684
0.0181207403711893
0.0180970053394251
0.0183054259772123
0.0181831845151494
0.0182386623940816
0.0181865218550798
0.0183671878388175
0.0183705350346414
0.018202249486708
0.0182802485213034
0.0182556494869398
0.0183410652132665
0.0182958451461732
0.0183127736033932
0.0181223515212438
0.0183390098203442
0.0181367347250814
0.0182641288575446
0.0182862424540639
0.0182763138427441
0.0183014765307322
0.0183139504984772
0.018173689939428
0.0182428180900145
0.0183228382801614
0.0183102605415634
0.0182286178236391
0.0182062224825317
0.0182296165785515
0.0182809088518535
0.0182275828042098
0.0183832315593272
0.018255687457658
0.0183157836242921
0.0182194680050224
0.0181812440944527
0.0183129443528545
0.0182246123156987
0.0181187384202179
0.0182156157418259
0.0182111147488486
0.0182625085985949
0.018277528996027
0.0181995711583726
0.0181032947602979
0.0182216551316819
0.0182367635233781
0.0181472864748385
0.0181625311451407
0.0181847613987846
0.0181847910186977
0.0183433508168921
0.01827145522716
0.0182855282643752
0.0181495994320805
0.0183338046805787
0.018271214211156
0.0180957157591365
0.0181696195379389
0.018383140923498
0.0181844792210653
0.0183056478131176
0.0181862653525216
0.0181819917444963
0.0181812728721082
0.0181255780038193
0.0182444956821216
0.0181323177528808
0.0181535079091844
0.0182269226588008
0.0180928850395452
0.0181955942691606
0.0181040662678783
0.0182837903864144
0.0183019316038555
0.0183732877643645
0.0182193693728798
0.0181778399601654
0.0182558485372604
0.0183831987993623
0.0181951957624895
0.0182230577032652
0.0181216786198323
0.0182682937387942
0.0182882066120654
0.018303113784384
0.0183901724933594
0.0183187641259881
0.0180744245257127
0.0182881104240596
0.0184031217486872
0.018385106069189
0.0181186058811234
