0.00011592733662879953
0.00010498786228990004
0.00010850184598730148
0.00011916679884390116
0.0001035861496582989
0.00011450987045380154
0.00011173803262799764
0.00011313475161850092
0.00011154386637610147
0.00010630806517189853
0.00012017139268779772
0.00011040396906759897
0.00011281250775730181
0.0001149761261182991
0.00010427866377549916
0.00011083138239060056
0.00011590869785030322
0.00010869644642680018
0.00011509775414769718
0.00011680108917879947
0.000108119920449401
0.00011951631196810072
0.0001057533320979985
0.00011406015083619686
0.0001088407119613985
0.00010327820882660016
0.00011296123145910011
0.0001165063172106004
0.00010730937116409933
0.00011500480211270106
0.00011446942619360023
0.00010953233820770042
0.00010977141931390114
0.00010795688357649949
0.00011649628209369975
0.00011353359321810211
0.00011237080371740218
0.00010916334559749746
0.00010458656062780139
0.00010822432451340278
0.00010997927245580061
0.00011255500953510217
0.00010445801651400022
0.00011595433370030148
0.00011198586958580115
0.00010626722979779901
0.00011414014054489732
0.00011297419391580188
0.00010654398037600321
0.00011526955993240023
0.00011112127557059981
0.00010232090193160182
0.00010646390484990095
0.00010899658671460061
0.00011314290899739829
0.00011211729245300117
0.00011171172245820135
0.00011660525495850102
0.0001094474105967011
0.00010872840230460173
0.00010651024021959832
0.00011635796767609993
0.00011218703636409894
0.00010797732482260153
0.00010771711033530015
0.00011283225563630053
0.0001064260366067972
0.00010395140781719811
0.00011465733038930337
0.00011033166976159858
0.00011669893729850112
0.0001069973961332002
0.00011276015292930111
0.00010689160127270309
0.0001165905802368028
0.00011148573200859754
0.00011491598616950038
0.00011190084506140091
0.00010445918278939939
0.00011220638603619965
0.00011135881309099968
0.00010709331485500226
0.00011073483723430047
0.0001175101246572996
0.00010453473823940004
0.00010874987611719789
0.00011701494959190026
0.00010643389667040065
0.00011873563837360226
0.00010725850585470084
0.0001156833636130998
0.00010460884980599897
0.00010608376413059895
0.00011429987976739955
0.00011164489115550111
0.00011014377169350081
0.00010522030863640078
0.00011224077843589864
0.00011578082500949757
0.00011868047474049986
0.00010600455755849919
0.00010723739721340067
0.00010471603911469882
0.0001148867236251995
0.00011404567713060171
0.00011543587767059993
0.00011681288548430133
0.00010576013852369934
0.00011854360239909809
0.000108712902899398
0.00011268013321579992
0.00010676972194340051
0.0001097386625220978
0.00010784875508179984
0.00011523442223849989
0.0001170872489060018
0.00010695396335130142
0.00011365368693330019
0.00011099757750560046
0.00010585653999110184
