2.616209415200188e-5
2.6468824911900918e-5
2.672700207210013e-5
2.338080300449963e-5
2.0962926299598894e-5
2.3110097963397608e-5
2.7075912213899572e-5
2.5227828209000575e-5
1.9000071732899054e-5
3.1486286286901144e-5
3.0069931324597926e-5
2.5537912157997528e-5
2.9357149090299822e-5
1.7566727443699137e-5
2.6128060697599986e-5
2.283684261769961e-5
2.7257035283900083e-5
1.6476765334699772e-5
2.91126714514027e-5
3.1432887954600114e-5
2.3583866408098675e-5
2.659569963220018e-5
2.6174293773700147e-5
2.1020959167998565e-5
2.4809880374600246e-5
2.8260594588502136e-5
2.7992822306598802e-5
2.5873846553302327e-5
2.5235354965201517e-5
2.367289640800227e-5
3.058190355730017e-5
2.7878443639699907e-5
2.0433268240999114e-5
2.615895606719945e-5
2.7603435154600897e-5
3.221145970869893e-5
2.4924278440398295e-5
2.293254623529986e-5
2.7589120335499984e-5
2.6503369848499686e-5
3.141876982400149e-5
2.474468736729865e-5
3.098967457320148e-5
2.3002157675901247e-5
2.575990718249946e-5
2.9896827560899758e-5
3.722672037989941e-5
2.580673694109817e-5
2.3241698680301348e-5
3.0016804671299108e-5
3.1278195266101066e-5
1.8388616655099638e-5
2.533164627210177e-5
3.52585020051005e-5
2.6637468745500242e-5
2.9097202147599505e-5
2.444978740509876e-5
2.026299931909975e-5
2.7704277676801614e-5
2.159389354340277e-5
2.4443878194401608e-5
2.1676259963701594e-5
2.6056869889500706e-5
1.1963136206900177e-5
3.96895034034013e-5
2.737193740199803e-5
3.158090240469938e-5
1.751077709599702e-5
3.135889094840055e-5
3.115425707200109e-5
2.1431380101299968e-5
2.514275631069693e-5
