-1.1001096106501296e-5
-3.33223729019963e-6
-7.680552617598743e-6
-7.324523193000601e-6
-1.1223105024498956e-5
-1.1901904564199511e-5
-9.566858952701415e-6
-1.0215193821598578e-5
-9.954282208400264e-6
-5.410123773499226e-6
-3.901778795100189e-6
-1.1648477924400963e-5
-1.1025289108800712e-5
-2.8943901680990314e-6
-9.499157748900366e-6
-7.191987253201207e-6
-2.3862274912012787e-6
-1.2420259983100118e-5
-9.839099986398703e-6
-7.170735785700516e-6
-5.5329891461997766e-6
-4.017299800700147e-6
-4.1766333564001445e-6
-6.857676772401011e-6
-6.417796179001081e-6
-1.0367789627999113e-5
-8.474166678000897e-6
-7.499347249200969e-6
-3.204417500299664e-6
-7.422071065301197e-6
-9.440776358300013e-6
-7.250724757800961e-6
-9.16338505929995e-6
-2.598308037801353e-6
-1.05839948237995e-5
-7.5962217909002205e-6
-5.8797692828998355e-6
-5.903876313301248e-6
-8.682525309300707e-6
-9.756420442999514e-6
-1.167828421910072e-5
-1.2043942063999502e-5
-3.3677161756003743e-6
-7.053729360100014e-6
-9.408203287299133e-6
-1.0244771509999515e-5
-5.0066767828000486e-6
-6.585758740001307e-6
-9.052838880899486e-6
-9.256492902100233e-6
-8.540511672698592e-6
-1.172953233880003e-5
-6.619731803100132e-6
-1.0475759582601052e-5
-6.6284145938001054e-6
-8.494817625898793e-6
-8.257177462599533e-6
-9.591821839198891e-6
-1.253610371190067e-5
-5.617994209700106e-6
-3.5867021018001766e-6
-8.68354991099933e-6
-1.084004863320144e-5
-6.525649198398445e-6
-1.374201235950119e-5
-1.1338428118399732e-5
-1.0263465044400497e-5
-9.501948603900592e-6
-7.432535020900771e-6
-8.499331846800393e-6
-3.543086361499498e-6
-9.041812115299919e-6
-5.895462813399269e-6
-7.467641525900695e-6
-7.2381857699997665e-6
-7.954716445100415e-6
-8.680436696599514e-6
-9.742128982401232e-6
-8.625943625301113e-6
-5.690919270599781e-6
-9.711365256299953e-6
-1.047476717599971e-5
-8.196071678999786e-6
-6.226268666099585e-6
-7.559327680199679e-6
-1.1181580098199376e-5
-5.927157810300607e-6
-1.0699347189899525e-5
-6.2215963955013914e-6
-1.1948129176599445e-5
-7.789318241298998e-6
-6.388157263599245e-6
-1.3987254491001216e-5
-1.095531412079881e-5
-9.291732111700937e-6
-1.27962917878012e-5
-4.8787522838999314e-6
-1.1646148937500059e-5
-7.713612467999398e-7
-1.06384473219992e-5
-7.52196959199862e-6
-9.050191811301248e-6
-6.511840908701022e-6
-4.906491331000892e-6
-6.820135544899353e-6
-7.925816293099727e-6
-5.484852883199873e-6
-8.031132661699691e-6
-9.115738862600087e-6
-8.365841902700094e-6
-6.107129597700614e-6
-8.336505744898498e-6
-1.2547094554598431e-5
-1.0304316990400117e-5
-5.2395518271991515e-6
-1.1416837809700292e-5
-9.268067674299968e-6
-7.389849782600197e-6
-9.959856569199607e-6
-1.0515206663799792e-5
-5.34865016959922e-6
-8.99223158500051e-6
-2.522664803500038e-6
-5.5378776513993755e-6
-9.152826371899847e-6
-7.630904745200423e-6
-1.0912393182700014e-5
-1.0521664253698368e-5
-9.564043394300406e-6
-3.228132959899252e-6
-7.218782351501099e-6
-6.877260578399755e-6
-9.228162353300956e-6
-5.0568379636999755e-6
-9.750510106900506e-6
-3.739634723699814e-6
-2.6473597213999556e-6
-8.346231257300857e-6
-9.720308314899173e-6
-9.10614794340063e-6
-8.406405191400262e-6
-5.771121399999329e-6
-5.161121683500136e-6
-7.79703250200145e-6
-5.202581221098318e-6
-8.426226619501556e-6
-8.417336439799777e-6
-1.4014478180999698e-5
-1.1440276525000528e-5
-1.2358895150199264e-5
-5.3255662109986945e-6
-8.866244797100728e-6
-1.212859758330069e-5
-8.440745794799365e-6
-1.4578072757799251e-5
-3.0301729558000756e-6
-5.114647353398824e-6
-1.0384650344700402e-5
-5.850266839500101e-6
-6.529251500899877e-6
-9.466615488598965e-6
-7.259642508500308e-6
-9.391874467499367e-6
-1.0602389967999046e-5
-1.1016024868399851e-5
-1.3206184827899495e-5
-8.075502638401136e-6
-1.3416449792601204e-5
-9.007366789800034e-6
-1.1650454142900571e-5
-9.553447277299218e-6
-4.30348125849897e-6
-9.435199834999589e-6
-9.154182198600758e-6
-6.919876558899446e-6
-9.497360952799572e-6
-9.005926906299408e-6
-9.46607121890021e-6
-1.0978373121200632e-5
-7.054806778801145e-6
-8.908730452299521e-6
-1.0383729214601123e-5
-8.499197628100003e-6
-5.139734977000626e-6
-5.8296613490993465e-6
-1.1024274256700786e-5
-6.419268222200222e-6
-7.799168649900642e-6
-8.354608806300859e-6
-1.1616955604899781e-5
-9.687240568000827e-6
