5.656353994500096e-6
-2.714839560200022e-6
-6.902258010399107e-6
-8.956505755698674e-6
3.671441071001133e-6
7.95255106399162e-7
4.094418551399762e-6
-2.881208226000395e-6
8.620852214001606e-7
2.9617633737991783e-6
-3.8119020012005594e-6
3.4905760519995943e-6
-1.2797226166001013e-6
-6.703942936100993e-6
-1.1768343072988963e-6
-1.0352312693598376e-5
6.184935441300166e-6
-6.510100131598695e-6
-2.0774213940061292e-7
1.8515464795011705e-6
1.8052779212004988e-6
-1.6720900684500523e-5
-2.614291568399374e-6
-2.094953979700151e-6
-1.2329760150000396e-6
-2.1170578194985856e-6
-4.858863534400182e-6
-4.041869603900808e-6
2.474045880900347e-6
-9.396930185003732e-7
6.533970170100045e-6
-6.924160131701468e-6
-4.6525452479864726e-7
-3.3026056551997696e-6
-3.809007223401148e-6
-2.82430124189971e-6
-2.4115315106001955e-6
1.4471267918998026e-6
-4.755655902799472e-6
4.657117432900135e-6
9.951925678004098e-7
-4.938390989889241e-8
1.5495937980003482e-7
-3.946089741798525e-6
-2.297517595799617e-6
1.25735421880116e-6
2.02271585350057e-6
7.0762036714008825e-6
-3.761256321000578e-7
-2.375637943499015e-6
8.59694510160075e-6
-2.825850670299529e-6
-2.928469687898949e-6
-6.564823966988959e-7
-7.881086227998213e-7
-9.925574462003178e-7
-7.615489221995259e-7
5.3003226569009465e-6
-2.2852554393999747e-6
6.582365611599791e-6
4.991296453298738e-6
-5.703832638998679e-7
