0.001923577371117098
0.0016719403147593022
0.0018341636901305983
0.0016219848150207002
0.0018574660366194005
0.001869669835822499
0.0013869756751372989
0.0018437372804462025
0.001591285086741799
0.0018209655324795994
0.001895174779595197
0.0016853702436891022
0.0017376110607011976
0.0017602722443917015
0.0014149653121410984
0.0018312489060937007
0.0015547030265968993
0.0015039603569601996
0.0015218445906871013
0.002163878302274498
0.0016545472590030995
0.001634972270891901
0.002213446928526701
0.0024081465588330978
0.001766269146507099
0.0016724863050795007
0.0017722111846062982
0.0014979479023665004
0.0016514237265661987
0.0017311763814646004
0.001668647480495701
0.0017186665900940992
0.0017981083065933996
0.0017035279573657004
0.001816498815269199
0.0015090998260391016
0.0017241726609890998
0.0019539011462637
0.001694267003195398
0.001718110388592698
0.0016649260786933996
0.0013201127346093994
0.0017533595218676978
0.002055018222842899
0.0016976661286094985
0.0016794180521622973
0.0014267201853741009
0.001768991699329401
0.0017925076566574008
0.001451035408915901
0.0018632806409096987
0.0013476793619005
0.0018866318535742006
0.0021683071439626
0.0018666522727994982
0.0017927997993060982
0.001697351065892399
0.0015744145564379024
0.0018596545511471996
0.0015892686811684008
0.0018480157813372984
0.0014769090998483989
0.001770543420287398
0.0020460946067023984
0.001449324647186799
0.0016597529411565004
0.0015013033461080023
0.001795183990953901
0.001967849336481701
0.0014656820551974016
0.001755139278899101
0.001594538639567801
0.0014333480866781968
0.0016829628931880024
0.0016093822550233006
0.001965569512318001
0.0015545364855538008
0.0017635595658521998
0.0020540256836431986
0.0016779501271092997
0.0016099007525444999
0.0017857525400050006
0.0017344849714680984
0.0015085080975956004
0.001864835541768202
0.0019662092406190976
0.0016109524699655028
0.0017786207137684001
0.0017913678443626027
0.0017353022820056976
0.0019102868977164018
0.0015681966779698998
0.0016038545455616011
0.0014081648423119979
0.0016332768997408993
0.0016025037450671
0.0015301530759383002
0.001797534751799102
0.0016251201385529025
0.002327416012944599
0.0016733040624967999
0.0017802496260250003
0.0017081208347324989
0.0017847091362184
0.0020230721279910005
0.0019831777296590025
0.0016074301379441977
0.001711856217037202
0.0018854540047399011
0.0017550666287625
0.0017239061742975008
0.0022917002598632982
0.0019140798971513003
0.0019302126852390987
0.001817219437572199
0.0016744210841228013
0.0018244063799521988
0.0016534517265578003
0.0015689180952037987
0.0012958204232383988
0.0018295679362566007
0.001629452520974
0.002425482309694301
0.0014585411663392972
0.0018172141688748006
0.001804640281994497
0.0018225451169798998
0.001474139930455698
0.001745664269638899
0.001722306213814702
0.0017813047529047984
0.0017323005597918995
0.0017727366751610976
0.0019088401158320022
0.0015490778370110987
0.0017722692926619016
0.0016325204955828995
0.0017438189180238005
0.0014179765175667998
0.0019146275185571021
0.0016538503927988023
0.0017330434025215023
0.0017211145845206013
0.0017466500926751997
0.0019007079081954995
0.001742931994019599
0.0016740981145905998
0.0017034144629274987
0.0018348348308627992
0.0015163300433042003
0.0017347181839876998
0.0013749973675163986
0.0019225905261427978
0.0015911937549298004
0.0018113717514795999
0.0017194399565490029
0.0016671856120787018
0.002017712695247302
0.0017868774244504011
0.0018713798886641
0.0018499855008225
0.0015592787555629983
0.0019081306044577
0.0020659199813524987
0.002075041878131699
0.0016215114906990014
0.0018689586879177995
0.0019615303039308973
0.0018004972273148005
0.001665853202493
0.0018446309671146
0.0019304163889574018
0.0015228921011224972
0.0014729857007917992
0.0018735619932581
0.0015633841512058995
0.0017784851569685005
0.0017434752482217986
0.001447015698127
0.0020029211986153997
0.0016947432530957998
0.0020459568536433
0.0020649377445878005
0.001998409755559701
0.0018019086624606988
0.0016847745008506006
0.0015535776914959998
0.001335932791010002
0.0016955148518612018
0.0015742687920793988
0.0017052069199366
0.0019032173247676004
0.001850488838894198
0.0016621222220726019
0.0018711199761328005
0.0016000945116400982
0.0016059836190060982
0.0017406723877372993
0.0016299483828720006
0.0017757156837201991
0.0017907770095228967
0.0018277639304444988
0.0018595047944570016
0.0015616338015987004
0.001809296333379399
0.0017164086122100006
0.0019511363497626
0.001596271201791101
0.0015333124530866986
0.0015809689712099999
0.0015863837580555006
0.0017100152357464003
0.0016444978641239998
0.0017342578952810016
0.0019170350035081982
0.0019248924908170997
0.0016582568565302012
0.0018318998493103977
0.0016392725887740024
0.001241669118894298
0.0015750580635317986
0.0018139661650539984
0.0018606448776875006
0.0013533284261541996
0.001857137937693397
0.0017438342321487998
0.0017194691126376019
0.0017036638287025
0.0018912669369812
0.0016125515861455005
0.0017672765094504002
0.0018858688257116021
0.0016702657597394005
0.0016605307479123019
0.0015393201826011983
0.0013127723802693995
0.0017125301421057997
0.001740470337264599
0.0020107356843401016
0.001510946244383398
0.0017284492357823
0.0018121694230650992
0.001411118432922298
0.0017163429699285984
0.0014855554167361
0.0016206862835854013
0.0018660144808694996
0.0014616662489086996
0.0015357236368544018
0.0020113753457885013
0.0016853575729201993
0.0013927647512545008
0.0016502846385311985
0.0016706791197971006
0.0018179374827695
0.0016518714284530014
0.0016346333188107
0.0018171823437844008
0.0013721840112437024
0.0016587962701966018
0.0018317945187525005
0.0013502397277177988
0.0019223794294172987
0.0015630317812393019
0.002070646307315901
0.0016403664607665992
0.0019099521514815976
0.0015732134390453976
0.0017942730388531003
0.001639949276402701
0.001829868978044602
0.0017973536082982015
0.0017837092678777977
0.0014123827003762017
0.0017082127914356988
0.0017468163061149997
0.0019103459935772976
0.002009426931229002
0.0014640903137705004
0.0017567702643867013
0.002113239436746399
0.0015554021716494004
0.001754885600612703
0.0018076684916281012
0.001946939441239002
0.0016155871075691011
0.0016081609087058996
0.0017911326290966992
0.0017181308274867024
0.0015963495626026003
0.001628531698658401
0.0017026276995626977
0.0016562523952651995
0.0018851328124855973
0.001939050556817399
0.0018049671995888986
0.0014223991941917022
0.0019003613927758983
0.0020101491040848997
0.0018497327649921978
0.001564923775679801
0.0018941091016909002
0.0016509269527209998
0.0014103788865677015
0.0018378843493729972
0.0016799282535186998
0.0014239354241227
0.0017350551520914984
0.001572796205235101
0.0018701198661943003
0.0016595465059011001
0.002147382746709302
0.0017255435743402
0.0018524214678545016
0.002085844054866802
0.0019019294701664996
0.0015677012665811993
0.0016514951327037015
0.0015061105837981016
0.001706390903866803
0.0020172952100879007
0.0020450623574742
0.0018945935629539022
0.0017318427242335004
0.0018409133897004
0.0017142998905192997
0.0017250348799623984
0.0016758127945834984
0.0018394580035302997
0.0024554668318561984
0.0013949035427048007
0.0019071753911748986
0.002165422763680397
0.002147476247378901
0.0019569921732380986
0.0017723665919731
0.001355850342585601
0.0018953614527045005
0.0017238924723263008
0.0018936230314451005
0.0015371379646434008
0.002201164074961598
0.001776854832466701
0.0017393075658651003
0.0018278046765340013
0.0015135324970713022
0.0016282730191522002
0.0016197556823278024
0.0016323789192015
0.0021077155496277006
0.0017668137740270012
0.0016931778210394002
0.0016755775090231996
0.0019111865173337995
0.0016467805923782997
0.001690346901053099
0.0016315651258628008
0.0016313230861520998
0.0014652607954914985
0.0017664559909036995
0.001994010661261897
0.0019788897161438987
0.0017620374138121002
0.0016228671791326983
0.0017578999710985005
0.0018394056583034973
0.0015907168831536984
0.0012782295816732986
0.0016159500220813
0.0019657104477232012
0.002365312201343301
0.001679966068012597
0.0021682915313634005
0.001947871855084101
0.0016315381781907001
0.0017210765607648983
0.002138125598126702
0.0019634557296914004
0.0013672812017874007
0.0017177887779908016
0.0019418759646037016
0.0018280832937713001
0.0017549011602150007
0.0017745731027493002
0.002210516191271602
0.0018083998776037002
0.0018865859913040003
0.0018231392179462007
0.001827796873130002
0.001637989017560501
0.001529060777051297
0.0016444034686908006
0.0014294788549546987
0.001731559046759798
0.001741276014288598
0.0016151380762568016
0.0018804917094157984
0.0016405666302265025
0.001386153892494798
0.001810648450804201
0.0017733003376068993
0.00159823799024
0.0016573442514035003
0.001810911206435499
0.0015228878129973991
0.0014572972576105993
0.0018739682795210003
0.0022110358623113995
0.0014276864414149992
0.001987681432071599
0.0016710705119863008
0.0018356385485240982
0.0018066909724035012
0.0018628830140274
0.001883333328390701
0.0015949792331271008
0.0017718645707778015
0.0016331721842419988
0.0019176907533442998
0.0016510497804540017
0.0016638089521829984
0.0016830020586087978
0.0015440379050096
0.0016882543009290006
0.0017810476304096004
0.0021264828036138966
0.0018645097051060017
0.0018346618594319991
0.001698834983174101
0.0017102965967722983
0.0015302153429605017
0.001756673818661101
0.0022142377316072027
0.0016866466029427998
0.0016347877299874997
0.0014620381996378017
0.0014547441193270005
0.0019442500819912
0.0016487986526387
0.0019631141705369996
0.0015855873917632012
0.001887943359810601
0.001646582055541898
0.0017325588539949983
0.0018585008614249998
0.0017964059556716018
0.0017985636510614994
0.0015629240210517995
0.0018590521005954971
0.0015739917880360985
0.0018015409536902005
0.0019239347858463
0.0016092333415456996
0.0016846026431698996
0.001743882629599302
0.0018069930612406027
0.0016438948960413972
0.0015254185750739994
0.0020113772476550995
0.0019128564686323006
0.0017245719553748984
0.001576201336677803
0.002028809605164099
0.001793038356824598
0.0018445841522509998
0.001695631345994198
0.002042220142315001
0.0020046041656295
0.001837619420750801
0.0018831298047354006
0.0019067658798701016
0.0019359802428850006
0.002201676541680901
0.0015029914463762992
0.0016757121789129983
0.0018112907321826029
0.0019101540237137019
0.0018022531736034998
0.0016050844870128013
0.0018154513399637993
0.0016185867863479989
0.0015564128032466984
0.0015988817876689994
0.0016942774577290987
0.0021437886873421977
0.0016607703424406997
0.0016494285019251
0.0015696602666574987
0.0017421593097864015
0.0016256916909228973
0.0016965909008276013
0.0018329371833044998
0.0015396761075474018
0.0017600421678755987
0.0018385900094160974
0.0021778586893417967
0.0016273747423262985
0.0016769825770670994
0.0014379554071487013
0.0015838993332498996
0.0014722680704058015
0.0019340163839773016
0.0017459831756834014
0.0018183669569146015
0.0017392236581941986
0.0019486577401193021
0.0018474697804178007
0.0016013328335423016
0.0018086552801333013
0.0016201691889779976
0.0020878838094944008
0.0013454499841573028
0.001728711725500598
0.001973115582792801
0.0015730260358921
0.001863138265394599
0.0016523355769533996
0.0015560084412700008
0.0020491489696787997
0.0021795335562786004
0.0017341784899362021
0.0018036655081473986
0.0016313513328294997
0.001769004582225897
0.0014268615112195022
0.0015565233767543991
0.0014197930222271983
0.0019300915007859007
0.0017458922483686995
0.001913907020712799
0.0013638552204378006
0.0013838851352583996
0.0018017767984034004
0.0018219935565413
0.0022250401150064984
0.0016494716963817019
0.0017424093465802995
0.0021890670206356003
0.0015672602524554984
0.0018553667456726979
0.0016066515882535992
0.002097224155174101
0.0024395585019938992
0.0017929262931922
0.0015827118173163991
0.0016174335986775014
0.0019653525378527
0.001687787690114198
0.0015538210392960008
0.0021917165043395005
0.0016846562675548009
0.0018230564113726998
0.0016356146004824976
0.0014934484978376995
0.0018365426577782971
0.0016406916836454975
0.0018228688710171005
0.001755657629412398
0.0019271637819507983
0.0018099763241139002
0.0017069810165691
0.001891019153294097
0.0015241485954858996
0.0017396262200862003
0.0017642202466925001
0.001854788750109599
0.001777043851323698
0.0015671442897739994
0.0016281520609260983
0.0019278895596923987
0.0016351680101834992
0.0021673176558131
0.0016653172462631968
0.0015734649097609993
0.0016344582056985989
0.001896538047058801
0.0016663985823021019
0.0016342215210065
0.0016398359366817973
0.0018028413665918987
0.001392353071069101
0.0016228082886557
0.0015746813815749987
0.0018275169971629993
0.0016826807651165974
0.0016439062263207023
0.0016968441950847984
0.0015869484895203005
0.0017724174422189994
0.0017183850546836008
0.0018073688568574012
0.0020616091875540997
0.0023772272900359007
0.0017086673332864025
0.001804632417831898
0.0017230116653124995
0.001933333410549097
0.0015409855838222977
0.0017643564800393016
0.002015619775001601
0.0014073502189735979
0.001771180478900198
0.0016651208805161
0.0017040236442668992
0.001994980468439999
0.001812786499749898
0.0019184243306027
0.0015790689776231
0.0016792294410329991
0.0017094979192045015
0.0017742885230347984
0.0018715286726815016
0.002271461833403699
0.0018693216130445008
0.0018866384438694025
0.0017840089553705016
0.002041802663840301
0.0018390340537331011
0.0017552212393209983
0.0019499862222315985
0.001837435368501502
0.0016812686871751983
0.0018111498869356028
0.002160634024021401
0.001555529762787302
0.0016709951709619995
0.0015030695850963977
0.0016955991245691006
0.0019254308014449995
0.001937913913121602
0.0015849308143627977
0.0022225629423563015
0.0015707504649639
0.0017609897103443989
0.0018390399385639009
0.0017420420904975982
0.001525606001235101
0.001521110045944199
0.0017173402452481008
0.001760019527862998
0.0018727745699265025
0.0015379437515782995
0.002103817481088302
0.0017436629688441993
0.0017470693816830987
0.0018894194927800978
0.0018447050367029032
0.0014536174223872995
0.001437485917702399
0.0015195027118490995
0.0013233240612148985
0.0017791462183726
0.0016894615173951022
0.0016267325762855007
0.001526238494273701
0.0017506581573455
0.0015327056846407977
0.0018949546574756997
0.0014347425647961015
0.0018156435177039028
0.0016779323654771
0.0018647042035401032
0.001780672495813998
0.0018279642773761998
0.0019793709797011026
0.0017054420941797002
0.0018492947432773993
0.001971245740376902
0.0015350794595170997
0.0020560755424569
0.0016698891570404994
0.0017974710158899995
0.0016867222402881972
0.001756173974513102
0.0017344732093855994
0.0017462259202400028
0.0018238878709848014
0.001832527830946902
0.0018204509663297015
0.0016290838767065996
0.0016965259162378017
0.0016264552815700994
0.0016786665636552012
0.0017343071237925015
0.0018277049054240997
0.0015411527651671975
0.0017082612564434975
0.002428553744622801
0.0017255102596471991
0.001605545671082901
0.0018925158453836008
0.001742648033713802
0.0018217610747221988
0.0013090934853242017
0.002021207228661299
0.0018393305761730018
0.0015520729004202018
0.0017727312948641986
0.0016659690681307994
0.0016386771291398011
0.0016520305907360006
0.0016938423658153998
0.002081686587346799
0.001547279289614803
0.0013963449773344017
0.0018798354325349
0.0018897130428956015
0.0016642893697331983
0.0016414089002184003
0.0018390481618206986
0.0018085662885095992
0.0017707874813490017
0.0021097412115285014
0.0016116274748206004
0.001770955114642602
0.0017937023935683007
0.0018754866376774967
0.0015686201745487016
0.0024269357519763023
0.0019639035905716015
0.0016279478405339005
0.0016421511652013991
0.0017572823170326005
0.0016608860106898
0.0015274528692503023
0.0016005677069502004
0.0017101783291111998
0.0016515099899737998
0.001835878091848698
0.0017383414620738974
0.0017876809801281
0.0016492774206647992
0.0017082105031881005
0.001607010042383998
0.002136467277069603
0.0015163275368447991
0.0016736626513200008
0.0019102465497717012
0.0016142316741511974
0.0014404005972963978
0.0018463576223546989
0.0015462450905241003
0.0013650080491776004
0.0016715235973012998
0.0017756686258753006
0.0015256155165049023
0.0016719458964902997
0.0018176124146597993
0.0018190526894195022
0.002166521740478298
0.0016164107628413998
0.0017640725163098996
0.0019331812353485002
0.0015550003381204006
0.0018761236577056993
0.0019062536796502008
0.0014008060531447986
0.0013788002351821024
0.001684728400227098
0.0019673749053686004
0.0019952453864664
0.0017848353379698034
0.0016949916801064016
0.0016138494591066976
0.001703479167916997
0.0017832330678885996
0.0014934451673931995
0.001994689417948302
0.0019514908252613004
0.001984989665837201
0.0018696115451620025
0.0020133218163962997
0.0015458291226896
0.0015600102036492022
0.001752693873495699
0.0015831904353596007
0.001731563729556497
0.0017517833678381972
0.0019722152477607002
0.001565908335858502
0.0016073139945970982
0.0020697623974056008
0.0017625364346222014
0.0017291506045359027
0.001694430358865101
0.0017808069016303982
0.002602271322899998
0.0015434138663395006
0.0020561044388672997
0.002145194165201602
0.0015699695914015988
0.0020231993496671007
0.0014114450372496
0.001728317653736499
0.002036505243763302
0.0018049059287598007
0.0016441471374889008
0.0017547603384626999
0.0015560020036736004
0.002068417187289999
0.0017042591774582005
0.0021467691139092013
0.0021269652213452006
0.0013929448802484992
0.001830610963414199
0.0017374576773839003
0.0023964620072235987
0.0015496597733253015
0.0013352655841092007
0.0019372202274215988
0.0017227460887361996
0.0017364807257125997
0.001984339667074401
0.0014817447717248994
0.0017055447482265985
0.0018289219048986012
0.001608914687800899
0.0018543007694356017
0.0015570936151279996
0.001854355559858599
0.0014759720826955022
0.0014190036566988987
0.0015345456429304016
0.0018642039850701002
0.0014861472819454012
0.0016456322126454995
0.0017522464955432998
0.0016488611584615995
0.0018101001616213017
0.001730824204665301
0.0018641646759860984
0.0016465887291633972
0.0020302466853718004
0.0016642478383744018
0.0014599511844798976
0.0017482129029281028
0.0018855295090950998
0.001832560884380302
0.0016440067964256996
0.0017865812594342022
0.0021518202297698026
0.002407584630457
0.0016504096905131
0.0018571097771128003
0.0017870307216986021
0.0015556187917370005
0.0018768807552259972
0.0014983351785881997
0.0016671703733860017
0.0015965297799179004
0.0016669541700464995
0.001659111446059
0.0015317671742148022
0.001746937599947103
0.001658174409443599
0.0019949135784924008
0.0017808252620181986
0.0015592043333998995
0.0017343164060306983
0.0019319082386964025
0.0016119675644598007
0.0018291733153225978
0.0015402194776560005
0.0019489061355215005
0.0016195793693996006
0.0015054928177296
0.001893104815861
0.001655146062027102
0.002110454850310802
0.0017934714310481985
0.0020822900736009
0.001578387913568298
0.0015109707388121993
0.0022659334439456003
0.0017474120425080009
0.0017835895877594994
0.0019543052784973987
0.0017597354255713994
0.0018438919076191017
0.0014286619116246
0.0017720846061586998
0.0016598683546708015
0.0015834176763138003
0.0018185808067890004
0.0017486109071506023
0.0014051681163883
0.001868927489512201
0.0017224337592531003
0.0016425827869266975
0.0014018684938806002
0.0018568693660301998
0.001735477341189201
0.0014956485713507016
0.0016907944200231992
0.0017913220592740003
0.002229481271211999
0.0016435076406959015
0.0022749239414362014
0.0019311928162356017
0.0019699660183683
0.0016665870270850987
0.0016045331673398
0.0015886455890550995
0.001803386910385299
0.0018246230251845984
0.0014883089965982976
0.0019477570834140027
0.0017951615093170989
0.001901945696575598
0.001668681299494601
0.0020500769810329993
0.0020309981153094
0.002563690299152297
0.0017503307306789007
0.0019104018719248994
0.001883742151489301
0.0015384802922308004
0.0019093894371446998
0.0019123934109978
0.0018198392182306004
0.0017691102965064001
0.002160628794255298
0.0018830157045078982
0.0015424566927607006
0.0019024832575798983
0.0017898331287304996
0.001961312929980901
0.0013410023655861004
0.0015846895930155987
0.001700456442154101
0.0017059154820648
0.0018404549674632988
0.0020586813363787995
0.0019012341586683024
0.0015570325393142008
0.001731022643535602
0.0016834352873915
0.0012712715753822011
0.0015627536570163997
0.0015558801040993012
0.0017798338476913006
0.0017492366770893025
0.0018252794861863993
0.0019121865271828006
0.0015459015524775
0.0018130350122224012
0.0018187276245924013
0.0018818850262921974
0.0021256160717505017
0.001527031346776602
0.001610328642344297
0.0016464078131854
0.002121472778708399
0.0015017229516347992
0.0018668913504670988
0.0014417384544017989
0.0016943306313772014
0.0015403375638704982
0.001873750712988901
0.002028112317058399
0.0016736750626814012
0.0016723038362804997
0.0016572335433317
0.0017336365004368033
0.0017525315183237987
0.0018776306246040021
0.0018390168993305013
0.0016301504467275997
0.0013669974262441008
0.0017245260904042992
0.0017007342654587025
0.0021125934083151
0.0015673176103793984
0.0016454325822090991
0.0020816034717544007
0.0019878088009875026
0.001763606683138498
0.0019513392871483987
0.001542311485583498
0.0018638035721369982
0.0017725575497113018
0.0016866445047949014
0.0016277599893076977
0.001821730393213098
0.0016131896725965975
0.0014054273767690993
0.0020882592845741996
0.001522657686620698
0.001737612378597899
0.0015403719260330996
0.0023224101712629
0.0019817272257589003
0.0018580872820841005
0.001613674468893201
0.0015637438633446
0.001780235197077401
0.0013521795619291996
0.001751400378949601
0.001746838241598398
0.0016956281007520016
0.002170208588972298
0.0023203251426118995
0.0013891117670189017
0.0017672466677228008
0.0016628335801690992
0.0018654363636712024
0.001645788007787502
0.0013234441973324004
0.001808517333875402
0.0017111231906748008
0.0013884975993943005
0.0015938303974218984
0.0020217450455787996
0.0019864097359248017
0.0015725077722313005
0.0016807848831867991
0.001714184587310999
0.0018490278617573977
0.001828102967367698
0.0016559804496514008
0.0016996788332469016
0.0017129110231709002
0.0015037018091839
0.0018752729505762018
0.0015859458421859998
0.001744006558060899
0.0015811752310627009
0.0020762673234818
0.0015219045599791023
0.0017100477946979005
0.0016704707213608984
0.0016705575973517024
0.0015248638748440978
0.0016839133691243027
0.0015457890967283013
0.001645315682259698
0.001994777047563401
0.001584636337436801
0.0016357803978976002
0.0018101233815740018
0.0018440293958103017
0.0020166705840700024
0.001320718839815098
0.001547453547930698
0.001819950205421101
0.0017961951204816008
0.0018188603177946017
0.0017974316059062995
0.001833584829538
0.001718962759105002
0.001842272860889102
0.002034199424997798
0.001672627859883799
0.001455103737438998
0.001703649612499001
0.0016279133397830992
0.002136208266493498
0.0017842677096089991
0.001702895543591397
0.0015059328815747001
0.0017744356168831014
0.0019326495750177988
0.0018910932038705003
0.0013562153455785979
0.0016930226338204013
0.0015924576945782996
0.0016775485402256013
0.0017456588523108996
0.0018656525673337969
0.0017585278733494997
0.0015676703739685993
0.0016130197931231022
0.0018656879980622973
0.0020069612234047025
0.0017468541902763007
0.0017240165651756997
0.001737357490564001
0.0021932432413271016
0.0016762421324592984
0.0016580631490049
0.0016600144187899
0.001726091337523699
0.0016809953588310007
0.002342530496630999
0.0017717335275455985
0.0017108845700814987
0.0020240343150838003
0.0017960991790838994
0.0018621925223806027
0.0020125333498142994
0.0016867342489929986
0.0014196781201256982
0.0017762538361113002
0.0018307677542956993
0.0015963977242002998
0.0015905136977607988
0.0016154502711237008
0.0017567698499962002
0.0013556007862044993
0.0018147190406603009
0.0018740200494295998
0.001590868025825802
0.0024689847314404018
0.0015201956920607024
0.0020006004170554995
0.0016293049317912013
0.0015192696595392012
0.0017591081717273985
0.002211245805417001
0.0017211808385183026
0.001788909898887997
0.0016453781028972977
0.001803741425598901
0.001572776681542199
0.0017351101405754
0.0016225931102883014
0.0015657328748329008
0.0018058407123811016
0.0017492429307595023
0.0015700845092204985
0.0017482596546858006
0.0016662177508253995
0.001866200717381302
0.0017198063545500984
0.0019287201988380971
0.0012769829085731987
0.0017557158503432972
0.0018869096055568017
0.0014111477384743006
0.001779323727679201
0.0016950359633229016
0.001836915321379702
0.001325569594652
0.0019417745799020017
0.0018499063322424993
0.0019100232148441983
0.0014806605403159014
0.0016505267627149982
0.0015956247150466993
0.0015813522303618002
0.0015512032626075999
0.0018600362182146987
0.0017634477268227006
0.001805918493630699
0.001841846225377898
0.001992280886919901
0.0016505628596750997
0.0018015017181080006
0.0016116283521036973
0.0015944064563726025
0.0017973263094542002
0.0021745424323837
0.0015317455821429009
0.0018189108978191003
0.002097266420939402
0.0019879486564706
0.002308133677745298
0.0015333850480168006
0.0018370179333001002
0.0017465127509770986
0.0016303569832511987
0.001617584688207798
0.001481194519834899
0.0014266135333735018
0.0017466658703584985
0.0017625136347765996
0.0020598341409543003
0.0017803896048495006
0.002171840263965198
0.0018646350596434984
0.0018515148446608988
0.001671105339137901
0.0017502619869870992
0.0015976838124538983
0.0017295993524794988
0.0017314574325297018
0.0017842010684060994
0.0016879663137454974
0.0014510649938096025
0.0016379146926885982
0.0015711676553972
0.002382154904343299
0.0018152116996978003
0.0015207988677812985
0.0017048565098238995
0.0018086124792294975
0.0019412122914661024
0.0020572893152184975
0.0020916249598292996
0.001958012180250001
0.0017243854413425998
0.0018488162225086015
0.0015089272029964011
0.0014497382812756997
0.0018213797466761009
0.0023129604541497
0.0017293630022507007
0.0020081754540229
0.0017315237489280988
0.001669279209166999
0.001624008446348
0.0021615124154918015
0.0020273779237381974
0.0017714691627297025
0.0017171166464063012
0.0020112255184357025
0.0021936819048629028
0.0016037215351399
0.0016755987956348015
0.0014809695549355996
0.0016971628789771015
0.001750658403740099
0.001788115079484301
0.0015143111870261003
0.0016206310389494001
0.0018547776837400005
0.0017956218569562012
0.0017104670026341015
0.0019855329848633974
0.0016516635411173014
0.0020592709735174006
0.0018799295128217007
0.0015390306305979005
0.0018607079702504005
0.0016006856248394
0.001833128601582499
0.0017792833431816008
0.0016841059015652998
0.0016055869474075994
0.001971292007621299
0.0016942640942297013
0.0017050660230691003
0.0018779578446125982
0.0017494775146104993
0.0018224486804330024
0.0016963508396782012
0.0021263098297455985
0.0023136693568294
0.0016178305366737998
0.0015705402439725007
0.0015554207889964984
0.0016349944021472988
0.0018204885859965
0.0023366753708716007
0.0014643217212780002
0.0018604443338349
0.0019101748820774013
0.0018087490167267989
0.0018906034525994
0.0017781633929339
0.0017729813684301023
0.001889931849593001
0.001938078847819602
0.0014748982246915003
0.0018333715158116992
0.0017449448434773002
0.0016641390572980017
0.002080752245210798
0.002097464316598102
0.0017099484042503998
0.0016550898822697002
0.0020972976456415
0.0015564810955343011
0.001743116466761098
0.0015603777911323002
0.0019552349958992
0.0018419873656482996
0.0016466254308400013
0.0016277757651308976
0.0018846179011891007
0.0015601198241741998
0.0013103483350686007
0.0018345374596223998
0.0019089298815496009
0.0014743909346152002
0.001889821810025099
0.0015793540913706973
0.0016844637934123018
0.0014345838221468017
0.002611544053343899
0.0014627977125049978
0.0023663724195925016
0.0016327564272247026
0.002230055311963502
0.0018490497474968996
0.001860519573782301
0.0017491521476672989
0.0016732619310237985
0.0017818481551160996
0.0020494073568749008
0.0014614121501794995
0.0016333504026389
0.0017654543321543002
0.0018611687022900003
0.0017726350825843992
0.0016066732848322024
0.0017484186249326003
0.0018705356022586002
0.0018118093489673005
0.0017566466079026975
0.0015975140963092015
0.0017061061095393001
0.001550707505779101
0.0016862781826490966
0.0016425263068376023
0.0016359335348282988
0.0019237636353217
0.0018257029493487995
0.0017518911228876985
0.0013919963458753001
0.0017520989095670993
0.0015338753825734977
0.002405699805025901
0.0018231849413971983
0.0013139512694958985
0.0020362019175638006
0.0012740299021274
0.0014883996023850009
0.0016057922015489008
0.001993994580972599
0.0019134032448465989
0.0017074555504238975
0.0014187004728452024
0.0019933994459251994
0.0017860624870898976
0.001779367994823998
0.001835021169843
0.0014588061741105003
0.0018393764172241998
0.0016855634228436986
0.0015214205104877032
0.0017453961968892998
0.001694464445338998
0.001664114176823099
0.0015165885449165
0.0016109232186553996
0.0022492562716886003
0.0016928531600320998
0.0013654681895788993
0.0018016854720805005
0.0018009746042057968
0.0020317661605274012
0.0019937079567476992
0.0016667531726092012
0.001688754025902
0.0018632265727582982
0.0015758490642651009
0.0017352321654982017
0.001694123926910901
0.0015195134954145983
0.0017538017425561998
0.0019982506752857995
0.0016871054782527997
0.0017014600313573977
0.0017746012432316993
0.001978746525756501
0.0017766693723304978
0.001681133497308699
0.0017663357760565983
0.0014329883540669976
0.0016943110413105977
0.0018691046005354997
0.0016363839574971006
0.001406253103985601
0.001546600459219602
0.0016264330479206987
0.0016185372091068982
0.0016413948496410008
0.001762192315357302
0.0017608246101659987
0.0017291997883627994
0.0018553723628576997
0.0015257393549511986
0.001745333881957599
0.0016874810952681
0.002200635738127999
0.0020520926777243993
0.0018631825270606986
0.0015851070112122972
0.0017636852853617005
0.0018481390474047003
0.0017996646896757985
0.0016557482974162985
0.0018297974451222006
0.0017431956216309996
0.0015784524274203987
0.0015179116131745982
0.0016766390893869984
0.0017797612297657008
0.001616431606484798
0.0015479327636377
0.0017381609267342023
0.001567135725486099
0.0019980438908004973
0.0016913375075712986
0.0017342330584233998
0.0019468127221126987
0.001477756087528797
0.0019707065245448997
0.0017208914541160976
0.0017374683811419017
0.0014240705179001008
0.0015524101207230016
0.0017733927168658015
0.0014228281905507012
0.002188528466464102
0.0018882915100012984
0.0016304101823478995
0.001719375499234798
0.0018658945986755014
0.0014282296744370995
0.001658840899264099
0.0017020442843848974
0.001883317477810599
0.0025410668136068987
0.0017708413815603029
0.0014985523949394008
0.0019740659677209005
0.001570106719007102
0.0017471152157475973
0.0018123997473774994
0.0019860921844966004
0.0017630010502574997
0.0015154591270635995
0.0022154985628429005
0.001657851099208199
0.001434361649914298
0.0018723953181601014
0.0013841102331327015
0.001619988081410801
0.0016985061904851023
0.0017663087674468989
0.001924769803491301
0.0013935139225859997
0.0017029156358197989
0.0015068567267274013
0.0017540475952927993
0.0015419227213409985
0.0018415036954312
0.0016666183628739999
0.0014636630361854995
0.001728911385137099
0.0022020341679439004
0.001591163497130798
0.0019699557189916013
0.001410140581164402
0.0018651854243004994
0.0019382171268323006
0.0017637065392204984
0.0018823232851000009
0.0018254335752703986
0.0024796417395254976
0.0017241096702824005
0.0016143648685332003
0.0020162056068683994
0.0017000257279458988
0.0020736346282435
0.0018507448380352988
0.0017395397620370984
0.0018612782646192025
0.001706832650285598
0.0020247911288438017
0.0016618611787021023
0.0022010291122674976
0.0015840865377973988
0.0018118522610215994
0.0017010468555366982
0.001665787902697901
0.0014159612161828011
0.0018126924668037982
0.001854057237930102
0.0018614200295837026
0.0017498817314476993
0.0015221967731432993
0.0017397094407368002
0.0015237708485470007
0.0017472081355949
0.0020296312593427006
0.0018314010445453013
0.0018488222693743006
0.0016075560929984002
0.0018752381632952987
0.0018927294932723979
0.0018883501117927005
0.0020302971475376005
0.001772194402012598
0.0014671560788119993
0.0019015764067981979
0.0015850243624213993
0.0016449535861353982
0.0016236481065651995
0.0018705661748267023
0.0017028323615346994
0.0019989394897008024
0.0018256721581110004
0.0016132662355863997
0.0015252336357845994
0.0018412041574337977
0.0021564197789443983
0.0017916251112251973
0.001592090067226399
0.001892074478241499
0.0018291512340617017
0.0018294261508544005
0.0015371981096199
0.001997365017468701
0.001742332985381602
0.0018276369621073978
0.0017203366103720995
0.0016772317521219007
0.001463058037863802
0.0018954275602636982
0.0018466615281753987
0.0013879454853042983
0.0016418073479776002
0.001361974307562002
0.0018238042225073997
0.001789559850851101
0.0014426985667029997
0.0016457208599447992
0.0019152446737930005
0.0019220890291694985
0.0019493103418928986
0.0016961745526676009
0.0017902687378111015
0.0017255812276297001
0.0019832126240496017
0.001600471312468002
0.0019502797441299999
0.002579457820539501
0.0017126380555440024
0.0016541938250263996
0.001313816037903398
0.0015885945130190982
0.001661780744511298
0.0016053933090868985
0.0015389059464679979
0.0015060704800937998
0.0021099499514358987
0.0019169756679432992
0.0017976270534389993
0.0019412905608655988
0.0015678391029413999
0.0022546112254408987
0.0015787508507565974
0.001804199186451999
0.001857718581334801
0.001595205753546998
0.001999710872998401
0.0019073536923310992
0.0015538050950440994
0.0016464022854252996
0.001702464001325999
0.0017698801293892993
0.001810865713609399
0.0014672429617478
0.0014905128149835974
0.0015598220124718003
0.0018665478986598996
0.0017092608282841988
0.0017650760865474992
0.001805186964138901
0.0016670233017091023
0.0015751532627144016
0.0018383836226297003
0.0016109408923890983
0.0016896018082358973
0.0018434783796053983
0.0017758704745008992
0.0017793847206647
0.0016138595518385007
0.0018054181177246005
0.0016481283229618018
0.0018695256597752
0.001787832447748102
0.0016673059513739007
0.0018274169901574995
0.0019484236775922995
0.002172075286650803
0.001621110146550201
0.0018024016654144027
0.0020143332792176005
0.0017040646757198984
0.0019090827515608998
0.0018010126989024995
0.0018115651465712007
0.001970440079540701
0.0017483661573403017
0.0017557899617081998
0.001449264369628299
0.001631205037476699
0.0018683669738184007
0.0018342638171951024
0.001685112784997101
0.0018581417936565994
0.0016404886799249
0.0016347449033697996
0.001706069436787
0.0017573758559480991
0.0014741603548822993
0.0012445755050688005
0.0016182879359736002
0.0017506360523347995
0.0017300665735394995
0.0016172841007199984
0.0015466738617249016
0.0018045557457814984
0.0012206495389521996
0.0015351564570569992
0.001880723203942801
0.0018766472127486993
0.0021443803449760004
0.002026140755614702
0.001743018932149197
0.001626249132068703
0.0019381994086464967
0.001761925527026701
0.002216888243178502
0.0018139955567462
0.0015693474544723994
0.001288636114906698
0.002018194296303198
0.001760631102341599
0.0017082184848168994
0.002148039959076798
0.001605923651693899
0.001679517143363101
0.001614177148290298
0.0017028673322568993
0.0017962105446543003
0.0017022591472507995
0.0014505633412774006
0.0017697378002450997
0.0018269903661000016
0.0017827215848368987
0.0021594360118562007
0.001845361452016598
0.002040037725071598
0.0017887672213426006
0.0016659712767871995
0.001547369041659103
0.0019198103111462
0.0015582345600879018
0.001817031155880798
0.0015312355142724013
0.0018003691288595025
0.0023037119391921997
0.001418291478344099
0.0016158351672157997
0.001960649656444602
0.0017135031086517004
0.0015486629510313016
0.0017722497433191008
0.0017791687295864028
0.0017789414643889986
0.0017072184491269994
0.0019302835306777982
0.001672732027475303
0.0015546738499178994
0.0016255618157745982
0.0014234087358382976
0.001683360893197601
0.001801477525998598
0.0015411301701023991
0.0019411218103520984
0.0014880001068381006
0.0017481584743749001
0.0018676484874628023
0.0019490799440748004
0.0014869244814820007
0.0014864908469792992
0.0018882938596742026
0.0019409570998213006
0.001771372312501001
0.0014026154044671987
0.0016257160030841988
0.0019456242644528
0.0015033779426222998
0.001706920273324402
0.001830181712930902
0.001571493310522299
0.0017179053444670023
0.0016324873814678002
0.0017113250179570973
0.0016080509256414
0.0015847587935322004
0.0014706101213347
0.0016554641547289993
0.001656144986017901
0.0017170490910750971
0.0017242796373801023
0.0015026222677481
0.0015793782727203005
0.0016389276863886977
0.0021109368150938022
0.001850732384557699
0.0018393874018995011
0.0013268822453105997
0.0015153781146124007
0.0012878189941952015
0.001446610842935299
0.001632016264675601
0.0017663177650185033
0.0019740599894855007
0.0022400174248426025
0.0017854990674498993
0.0013696011352562001
0.0014333550697283974
0.0017159369123205016
0.0019154728766079022
0.0021204741426853017
0.001887979808668401
0.0016581957482978
0.0018912551595287007
0.001824399086940598
0.0018919503768169005
0.0019341775034487987
0.0018761680476225978
0.0016817919611928009
0.0016782896586842976
0.0016550216569733989
0.0017841946892545
0.0016932573918259988
0.0016841802883213984
0.0017289834909091986
0.001774000883751601
0.0021599465203163
0.002084376737221099
0.0018680964526530015
0.0017767225439771009
0.0013467493538894988
0.0018114021440917005
0.0015554656489178004
0.0016993882452692975
0.0017341160667201996
0.0015711382430585001
0.0017960275697995985
0.0018902296561485003
0.0020148551793032973
0.0020190106949258997
0.001736966339527201
0.001715967119032498
0.0019356769228183988
0.0018419320675132009
0.0016780913880860004
0.0014843187370533993
0.002054641114634999
0.001850045480659701
0.0019064430077528997
0.001746869230189501
0.0021020708063558997
0.0019790894679040973
0.0016987451317543
0.0020191950794249992
0.0019252735608438001
0.0016910711732331003
0.0016778270080459005
0.0015859499917730002
0.0017154327616109993
0.0014548839287890983
0.0013757007726495005
0.0017377884487849021
0.0015475912717955002
0.001538136466010899
0.0017751776306426
0.0016876672853706996
0.0017933728527164995
0.0018345038230896012
0.002382801704882899
0.0018854518076734002
0.0019051041995798018
0.001718701831354301
0.0016865436250768015
0.0015768338429257983
0.0015549129485196989
0.0017163246358657992
0.0016963673237977983
0.002039771017776703
0.001945607454555201
0.0017634360146406985
0.0018720785279106
0.0017208075313766003
0.001663773009184702
0.0014248464060646997
0.0018087189077041002
0.0016798071708824004
0.0016014312099418004
0.0020064917538152004
0.0016528436963307025
0.0016875737236820981
0.0018808812190421013
0.0016264420842634006
0.0019023499456490012
0.001798731583955701
0.0017304174708891
0.0018190904260832023
0.0018489603146887024
0.0021682505362208976
0.0019304960354020982
0.0018541997209929988
0.0018537424334005986
0.0016850721167478017
0.0025800915667919984
0.0018693279313183979
0.0017120263863469008
0.0017684266327799014
0.0017354983286752002
0.0017560997615961998
0.0016879252862521017
0.001731408696503598
0.0016275551363049007
0.0016736571654843019
0.001527176574450801
0.0017901081134386009
0.001562362282671599
0.0017261678952681
0.0017264150465071994
0.0020350134836030973
0.0018737683716078014
0.0021829472777167014
0.0015181131115485982
0.0016025403970086997
0.0013820347845568993
0.0015978817356324011
0.0015238511481435978
0.0018470735486760988
0.0018330432282001978
0.0021866729480057995
0.0017978819532214023
0.0014217083269991992
0.0016571709827319994
0.0017437062525905017
0.0017143312823130995
0.0012417657003029985
0.0015352499305109
0.0016840456113506978
0.001895743403941899
0.0019032496149082
0.0017297810484612
0.0016913685971924018
0.0017022191223384012
0.0018257126694342998
0.0018361071901900998
0.0016196995329680018
0.0017444169822610003
0.0018669411907725995
0.0017175858321025993
0.0016081046159761997
0.0013521454372767
0.001724383127566998
0.0023708872968523018
0.0016122441561609024
0.0013961757453422007
0.0016470842339781008
0.0019310779082750001
0.0017998151636816999
0.0016059966995815994
0.0018724370759920991
0.0019230796130700993
0.001978909346639298
0.0017294047967109996
0.0016806960346359978
0.0017356674393449976
0.001477712197273398
0.0012897056683883017
0.0015872700183507983
0.0017695296590777981
0.0018848447057073017
0.001751156761828597
0.0019820986680935994
0.0020662467174721033
0.0020388729357681996
0.001797030023723601
0.0017859992035510995
0.0020457268792195976
0.0017165844931964977
0.0019647540106872002
0.0018082069941716995
0.0018472492343308
0.0015599277014030008
0.001482296506052503
0.0018763005092213014
0.0016313291362194011
0.0016956214783269002
0.001637201763997398
0.0017695344272414017
0.0020038012151144015
0.0014247791524331019
0.0016202602739789976
0.0017947639261162995
0.0017310597041325995
0.0015744358362779001
0.001947266575018803
0.0014905597217652992
0.0017198106089670977
0.0016590124915187021
0.0014697369954575004
0.0017821584697256011
0.0016225147798773001
0.0017869965910878999
0.0017256078629761008
0.0013482767173719004
0.0015597467269272969
0.001689419960403199
0.0015852681574428998
0.001788299440274501
0.0018004100264119999
0.0015509724033633022
0.0018337151762808993
0.0017248261736849992
0.001626510268997402
0.0020435975921741026
0.0013857977299269984
0.0014805543181246987
0.0016136878723080027
0.0015335380380347013
0.0015237529932213972
0.0016157819633723022
0.0016765682408366005
0.001878189268309502
0.0018616418177608007
0.0014872600998745017
0.0016664158178893995
0.002343255700441499
0.0015118846253133998
0.0017984497561827004
0.001544535743708001
0.0021443738616474008
0.002035243039225001
0.0015081025769016002
0.0017794020828312967
0.0016583286607229006
0.002142359710705602
0.001599256340455997
0.0016443313422218019
0.0017480182652963028
0.001826899094045098
0.0017467995741675992
0.0019396471562245013
0.001784978222471801
0.0017472363923582007
0.001660404171948699
0.0016441811445036987
0.0019132697632040022
0.002107214304306399
0.0019324367725668985
0.0013401034675699988
0.0015854731370690996
0.0014970532885566004
0.001764486273583301
0.001638060699302099
0.0019719170612185026
0.0015183410524501027
0.0017447891013990004
0.0018923368399024025
0.0020762384307147982
0.0025300152272078984
0.0020240058227325997
0.001617604764831599
0.0015536612544263008
0.001418228638771498
0.0019997189256605007
0.001865251684683402
0.001633598579388499
0.0016878667425415002
0.0018558485468311986
0.0017319503263429
0.0016832304373152994
0.0018301571326192999
0.0018481379741468011
0.001958238538902899
0.0020149092838557987
0.0018044484276779002
0.0020394466271389
0.0016764012073880973
0.0018424189290950008
0.002115076897679001
0.001827748682257501
0.002145133044100401
0.0014894794600966987
0.0017888384974602996
0.0019172404721503992
0.001709854938927901
0.0018949716264447004
0.0016083963617094972
0.0018240860614959012
0.0016291969128975
0.0017439307440475019
0.0017610322822959011
0.0017385065234170986
0.0012191951670400998
0.0017210338592957009
0.0015804431570853004
0.0016271231357256992
0.0015365702372778997
0.001794420379242899
0.0017175440387275018
0.0017900740671549023
0.001393985112279901
0.0016468282531260994
0.0014447773698673984
0.0012100855502276998
0.0017780776999564984
0.0018222248514839015
0.001654727426202901
0.0018323154129047982
0.0016041070452154013
0.0018022341564749994
0.0016301851279914986
0.0016667663310074021
0.0016691295615453017
0.0015398649995486992
0.0020640954451746005
0.0018453842409598999
