0.0005552785670292007
0.00044613226603269773
0.00035955670050090427
0.0007858071042034995
0.0006957944756771986
0.00016128236795440176
0.00021759036633640233
0.00019173930600620281
0.0008489391618044032
0.0006189290360478009
0.00021362846263910107
-0.00017608739084790104
0.0005854248035236931
0.00012055231406220279
0.00017062617683179931
0.00021712255069909758
0.0001222628187489
0.0009390235650720002
0.0007354274137411007
6.495154799480984e-5
0.0007973541500468986
0.000146016862982698
0.0003591601558497054
0.00028966505401880477
0.0005956112208991005
0.0001218196978687025
0.00017120970649289746
0.0007876421019702984
0.0004074214520400077
0.0004939204693141033
-5.53470268857964e-5
0.00042674785921369834
0.0010387738112654019
2.7449152588898684e-5
0.00040663386551199887
0.00037399335738470124
0.00047806596975749627
0.0003316237507605055
0.0005214530977806012
3.2071671475106256e-5
9.082275789359939e-5
0.0007060851435476967
9.622601389880359e-5
0.00017785010016859587
0.00041140397530790157
0.00042414339975849896
0.0006939106052044966
0.00018623303424179782
0.0007286858576243949
0.00015493389782909872
0.0001993648454848007
0.0002923932627546949
0.0002239349648428049
0.0008047201133871973
0.0009766231385045995
0.00014544567438198874
0.0003915247278675968
0.0001847983101959938
0.0009744889018889966
0.00020702835461300362
0.0002391584803612054
0.0005630940357113021
0.0002059467796622083
0.0002790595673890922
0.0002606469686740054
0.00035335507571900016
0.0006009445745786962
0.0005009413798844897
0.00013786128380960383
5.677873577889653e-5
0.00038312514210120385
0.00036956944133709896
0.00041306474048309616
0.000309294352927203
0.0003151755909868992
0.0002555240556608024
0.0003226992475353005
0.0007805659337467991
0.0006030330974753986
0.0007799735268166075
0.0007987400396350999
0.000618898222698297
5.289702158880333e-5
0.0005731732246622989
8.610157162519672e-5
-0.0001179361314128935
0.0005800507924579035
0.0007166678668264967
0.00039795325583530383
0.0008294825376237019
0.0004390039963681064
0.00011625135578659934
0.0007193770116480994
0.0002540631870135007
0.0007296871171180996
5.563356895420257e-5
0.00026718633939869924
0.00020780543841410204
0.00012412617499550638
0.0007156338132109016
0.0003494965848237913
