0 0
20 0
20 4
12.6666 4
11 2
0 2
20 14
15 14
5 2
6.66666666666667 0
13.3333333333333 0
1.11111111111111 0
2.22222222222222 0
3.33333333333333 0
4.44444444444444 0
5.55555555555555 0
7.77777777777778 0
8.88888888888889 0
10 0
11.1111111111111 0
12.2222222222222 0
14.4444444444444 0
15.5555555555556 0
16.6666666666667 0
17.7777777777778 0
18.8888888888889 0
20 0.666666666666667
20 1.33333333333333
20 2
20 2.66666666666667
20 3.33333333333333
16.3333 4
19.3888833333333 4
18.7777666666667 4
18.16665 4
17.5555333333333 4
16.9444166666667 4
15.7221833333333 4
15.1110666666667 4
14.49995 4
13.8888333333333 4
13.2777166666667 4
12.3888333333333 3.66666666666667
12.1110666666667 3.33333333333333
11.8333 3
11.5555333333333 2.66666666666667
11.2777666666667 2.33333333333333
8 2
10.5 2
10 2
9.5 2
9 2
8.5 2
7.5 2
7 2
6.5 2
6 2
5.5 2
4.16666666666667 2
3.33333333333333 2
2.5 2
1.66666666666667 2
0.833333333333333 2
0 1.66666666666667
0 1.33333333333333
0 1
0 0.666666666666667
0 0.333333333333333
20 9
20 4.83333333333333
20 5.66666666666667
20 6.5
20 7.33333333333333
20 8.16666666666667
20 9.83333333333333
20 10.6666666666667
20 11.5
20 12.3333333333333
20 13.1666666666667
19.1666666666667 14
18.3333333333333 14
17.5 14
16.6666666666667 14
15.8333333333333 14
12.5 11
10 8
7.5 5
14.5833333333333 13.5
14.1666666666667 13
13.75 12.5
13.3333333333333 12
12.9166666666667 11.5
12.0833333333333 10.5
11.6666666666667 10
11.25 9.5
10.8333333333333 9
10.4166666666667 8.5
9.58333333333333 7.5
9.16666666666667 7
8.75 6.5
8.33333333333333 6
7.91666666666667 5.5
7.08333333333333 4.5
6.66666666666667 4
6.25 3.5
5.83333333333333 3
5.41666666666667 2.5
14.4904118874557 7.44078415645749
10.1504936715891 4.54478355033154
16.4094769571416 10.4741790046846
11.961501111809 6.99711354135781
17.4466377689195 6.98299263222841
16.0261519812426 4.57346402607625
15.7190039624852 5.1469280521525
15.4118559437278 5.72039207822875
15.1047079249704 6.293856104305
14.7975599062131 6.86732013038125
14.1864432395464 6.86732013038125
13.8824745916371 6.293856104305
13.5785059437278 5.72039207822875
13.2745372958186 5.1469280521525
12.9705686479093 4.57346402607625
15.415035314576 4.57346402607625
14.4935912583038 6.293856104305
13.5816853145759 4.57346402607625
15.1078872958186 5.1469280521525
14.8007392770612 5.72039207822875
14.1896226103945 5.72039207822875
13.8856539624852 5.1469280521525
14.1928019812426 4.57346402607625
14.8039186479093 4.57346402607625
14.4967706291519 5.1469280521525
7.91666666666667 2.5
7.83333333333334 3
7.75 3.5
7.66666666666667 4
7.58333333333333 4.5
5.91666666666667 2.5
7.41666666666667 2.5
7.16666666666667 4
6.41666666666667 2.5
6.91666666666667 2.5
7.33333333333333 3
7.25 3.5
6.75 3.5
6.33333333333333 3
6.83333333333333 3
12.4102501853015 10.332852256893
12.320500370603 9.66570451378594
12.2307505559045 8.9985567706789
12.141000741206 8.33140902757187
12.0512509265075 7.66426128446484
12.3829862410834 7.07105864387442
12.8044713703579 7.14500374639104
13.2259564996323 7.21894884890765
13.6474416289068 7.29289395142426
14.0689267581812 7.36683905394088
14.1586765728797 8.03398679704791
13.8269412583038 8.62718943763833
13.4952059437278 9.22039207822875
13.1634706291519 9.81359471881916
12.8317353145759 10.4067973594096
12.7419854998774 9.73964961630255
12.4727360557819 7.73820638698145
13.7371914436053 7.9600416945313
12.6522356851789 9.07250187319552
12.5624858704804 8.40535413008849
12.8942211850564 7.81215148949807
13.3157063143308 7.88609659201468
13.4054561290293 8.55324433512172
13.0737208144534 9.14644697571213
12.9839709997549 8.4792992326051
10.3269168519682 7.83285225689297
10.6538337039363 7.66570451378594
10.9807505559045 7.4985567706789
11.3076674078726 7.33140902757187
11.6345842598408 7.16426128446484
10.7435835186348 8.33285225689297
11.7243340745393 7.83140902757187
11.9935835186348 9.83285225689297
11.070500370603 8.16570451378594
11.3974172225711 7.9985567706789
11.8140838892378 8.4985567706789
11.9038337039363 9.16570451378594
11.5769168519682 9.33285225689297
11.1602501853015 8.83285225689297
11.4871670372696 8.66570451378594
15.2349128261903 13.4123631674474
15.4698256523805 12.8247263348949
15.7047384785708 12.2370895023423
15.9396513047611 11.6494526697897
16.1745641309513 11.0618158372371
17.0078974642847 11.0618158372371
17.6063179714277 11.6494526697897
18.2047384785708 12.2370895023423
18.8031589857139 12.8247263348949
19.4015794928569 13.4123631674474
16.0682461595236 13.4123631674474
16.7729846380944 11.6494526697897
18.5682461595236 13.4123631674474
16.3031589857139 12.8247263348949
16.5380718119041 12.2370895023423
17.3714051452375 12.2370895023423
17.9698256523805 12.8247263348949
17.7349128261903 13.4123631674474
16.9015794928569 13.4123631674474
17.1364923190472 12.8247263348949
7.94174894526485 4.92413059172192
8.3834978905297 4.84826118344385
8.82524683579455 4.77239177516577
9.26699578105941 4.6965223668877
9.70874472632426 4.62065295860962
10.1254113929909 5.12065295860962
10.1003291143927 5.6965223668877
10.0752468357945 6.27239177516577
10.0501645571964 6.84826118344385
10.0250822785982 7.42413059172192
8.35841561193152 5.42413059172192
9.68366244772607 5.1965223668877
9.60841561193152 6.92413059172192
8.80016455719637 5.34826118344385
9.24191350246122 5.27239177516577
9.65858016912789 5.77239177516577
9.6334978905297 6.34826118344385
9.19174894526485 6.42413059172192
8.77508227859818 5.92413059172192
9.21683122386303 5.84826118344385
12.0790175931741 6.49759461779817
12.1965340745393 5.99807569423854
12.3140505559045 5.4985567706789
12.4315670372696 4.99903784711927
12.5490835186348 4.49951892355964
13.7649581102719 6.79337502786463
12.5005027224486 6.57153972031479
12.8530521665441 5.07298294963588
13.3434729809975 6.71942992534802
12.921987851723 6.6454848228314
12.6180192038138 6.07202079675515
12.7355356851789 5.57250187319552
13.1570208144534 5.64644697571213
13.4609894623627 6.21991100178838
13.0395043330882 6.14596589927177
10.8584156119315 2.42413059172192
10.716831223863 2.84826118344385
10.5752468357945 3.27239177516577
10.4336624477261 3.6965223668877
10.2920780596576 4.12065295860962
9.79207805965759 4.12065295860962
9.43366244772607 3.6965223668877
9.07524683579456 3.27239177516577
8.71683122386304 2.84826118344385
8.35841561193152 2.42413059172192
10.3584156119315 2.42413059172192
9.93366244772607 3.6965223668877
8.85841561193152 2.42413059172192
10.216831223863 2.84826118344385
10.0752468357945 3.27239177516577
9.57524683579456 3.27239177516577
9.21683122386304 2.84826118344385
9.35841561193152 2.42413059172192
9.85841561193152 2.42413059172192
9.71683122386304 2.84826118344385
17.0078974642847 10.2284825039038
17.6063179714277 9.98278600312305
18.2047384785708 9.73708950234228
18.8031589857139 9.49139300156152
19.4015794928569 9.24569650078076
19.4015794928569 12.5790298341141
17.6063179714277 10.8161193364564
19.4015794928569 10.0790298341141
18.8031589857139 11.9913930015615
18.2047384785708 11.403756169009
18.2047384785708 10.5704228356756
18.8031589857139 10.3247263348949
19.4015794928569 10.9123631674474
19.4015794928569 11.7456965007808
18.8031589857139 11.1580596682282
8.27508227859819 2.92413059172192
9.35032911439274 4.1965223668877
8.02508227859819 4.42413059172192
8.6334978905297 3.34826118344385
8.99191350246122 3.77239177516577
8.90858016912789 4.27239177516577
8.46683122386304 4.34826118344385
8.10841561193152 3.92413059172192
8.19174894526485 3.42413059172192
8.55016455719637 3.84826118344385
19.5744396281532 8.6638321053714
19.1488792563065 8.3276642107428
18.7233188844597 7.99149631611421
18.297758512613 7.65532842148561
17.8721981407662 7.31916052685701
17.8721981407662 6.48582719352368
18.297758512613 5.98866175481894
18.7233188844597 5.49149631611421
19.1488792563065 4.99433087740947
19.5744396281532 4.49716543870474
19.5744396281532 7.83049877203807
18.297758512613 6.82199508815228
19.5744396281532 5.33049877203807
19.1488792563065 7.49433087740947
18.7233188844597 7.15816298278087
18.7233188844597 6.32482964944754
19.1488792563065 5.8276642107428
19.5744396281532 6.1638321053714
19.5744396281532 6.99716543870474
19.1488792563065 6.66099754407614
12.2472489452649 4.09079725838859
11.8278978905297 4.18159451677718
11.4085468357945 4.27239177516577
10.9891957810594 4.36318903355436
10.5698447263243 4.45398629194295
11.9694822785982 3.75746392505526
10.7114291143927 4.02985570022103
11.1361822785982 2.75746392505526
11.550131223863 3.84826118344385
11.1307801691279 3.93905844183244
10.8530135024612 3.6057251084991
10.9945978905297 3.18159451677718
11.4139489452649 3.09079725838859
11.6917156119315 3.42413059172192
11.2723645571964 3.51492785011052
14.8102560657367 7.94634996449534
15.1301002440176 8.45191577253319
15.4499444222986 8.95748158057103
15.7697886005796 9.46304738860888
16.0896327788606 9.96861319664672
15.7578974642847 10.5618158372371
15.1063179714277 10.6494526697897
14.4547384785708 10.7370895023423
13.8031589857139 10.8247263348949
13.1515794928569 10.9123631674474
14.4785207511607 8.53955260508576
15.4380532860037 10.0562500291993
13.4833148074329 10.319160526857
14.7983649294417 9.0451184131236
15.1182091077227 9.55068422116145
14.7864737931467 10.1438868617519
14.1348943002898 10.2315236943044
13.8150501220088 9.7259578862666
14.1467854365848 9.13275524567618
14.4666296148658 9.63832105371402
17.2610814740996 6.48582719352368
17.0755251792796 5.98866175481894
16.8899688844597 5.49149631611421
16.7044125896398 4.99433087740947
16.5188562948199 4.49716543870474
18.9633229614866 4.49716543870474
17.6866418459463 5.98866175481894
17.1299729614866 4.49716543870473
18.5377625896398 4.99433087740947
18.1122022177931 5.49149631611421
17.5010855511264 5.49149631611421
17.3155292563065 4.99433087740947
17.7410896281532 4.49716543870473
18.3522062948199 4.49716543870474
17.9266459229732 4.99433087740947
10.4523282449591 4.95350521550259
10.7541628183291 5.36222688067363
11.055997391699 5.77094854584468
11.357831965069 6.17967021101572
11.659666538439 6.58839187618676
10.4272459663609 5.52937462378066
11.3327496864708 6.7555396192938
10.3519991305663 7.25698284861489
10.7290805397309 5.93809628895171
11.0309151131008 6.34681795412275
11.0058328345027 6.92268736240083
10.6789159825345 7.08983510550786
10.3770814091645 6.68111344033682
10.4021636877627 6.10524403205874
10.7039982611327 6.51396569722978
13.5682461595236 11.4123631674474
15.5229846380944 11.1494526697897
14.8182461595236 12.9123631674474
14.2198256523805 11.3247263348949
14.8714051452375 11.2370895023423
15.2880718119041 11.7370895023423
15.0531589857139 12.3247263348949
14.4015794928569 12.4123631674474
13.9849128261903 11.9123631674474
14.6364923190472 11.8247263348949
14.983116201033 7.36448556908598
15.4758205146103 7.28818698171447
15.9685248281876 7.21188839434295
16.4612291417649 7.13558980697144
16.9539334553422 7.05929121959993
17.2737776336232 7.56485702763777
17.1009174983268 8.14672142304713
16.9280573630305 8.72858581845649
16.7551972277342 9.31045021386585
16.5823370924379 9.89231460927521
15.302960379314 7.87005137712383
16.7810733200459 7.64115561500929
16.2624929141569 9.38674880123737
15.7956646928913 7.79375278975231
16.2883690064686 7.7174542023808
16.6082131847496 8.22302001041865
16.4353530494532 8.804884405828
15.9426487358759 8.88118299319952
15.622804557595 8.37561718516167
16.1155088711722 8.29931859779016
16.2117082760625 5.07062946478098
16.7683771605223 6.56212578089519
15.2902642197904 6.79102154300973
16.3972645708824 5.56779490348572
16.5828208657023 6.06496034219046
16.275672846945 6.63842436826671
15.7829685333677 6.71472295563822
15.5974122385478 6.21755751693348
15.9045602573051 5.64409349085723
16.090116552125 6.14125892956197
17.180757599581 9.64661810849445
17.6993380054699 7.90102492226637
18.9760191210102 8.90952860615216
17.3536177348773 9.06475371308509
17.5264778701736 8.48288931767573
18.1248983773167 8.23719281689497
18.5504587491634 8.57336071152357
18.3775986138671 9.15522510693292
17.779178106724 9.40092160771369
17.9520382420204 8.81905721230433
12.1297324638997 4.59031618194822
11.7771830198042 6.08887295262713
10.8716792996942 4.862707957114
12.0122159825345 5.08983510550786
11.8946995011693 5.58935402906749
11.4753484464342 5.68015128745609
11.1735138730642 5.27142962228504
11.2910303544294 4.77191069872541
11.7103814091645 4.68111344033682
11.5928649277994 5.18063236389645
14.2999766666667 2.4
16.793322 2.08
11.5499961111111 2.06666666666667
12.0999922222222 2.13333333333333
12.6499883333333 2.2
13.1999844444444 2.26666666666667
13.7499805555556 2.33333333333333
14.0277472222222 2.66666666666667
13.7555177777778 2.93333333333333
13.4832883333333 3.2
13.2110588888889 3.46666666666667
12.9388294444444 3.73333333333333
11.8277627777778 2.4
13.4777511111111 2.6
12.6610627777778 3.4
12.3777588888889 2.46666666666667
12.927755 2.53333333333333
13.2055216666667 2.86666666666667
12.9332922222222 3.13333333333333
12.3832961111111 3.06666666666667
12.1055294444444 2.73333333333333
12.6555255555556 2.8
13.4944405555556 0.4
13.6555477777778 0.8
13.816655 1.2
13.9777622222222 1.6
14.1388694444445 2
11.3888888888889 1.66666666666667
11.7777777777778 1.33333333333333
12.1666666666667 1
12.5555555555556 0.666666666666667
12.9444444444444 0.333333333333333
13.1055516666667 0.733333333333333
13.5888733333333 1.93333333333333
11.938885 1.73333333333333
13.2666588888889 1.13333333333333
13.4277661111111 1.53333333333333
13.0388772222222 1.86666666666667
12.4888811111111 1.8
12.3277738888889 1.4
12.7166627777778 1.06666666666667
12.87777 1.46666666666667
14.6388638888889 2.66666666666667
14.9777511111111 2.93333333333333
15.3166383333333 3.2
15.6555255555556 3.46666666666667
15.9944127777778 3.73333333333333
13.5499461111111 3.73333333333333
14.3666344444445 2.93333333333333
15.3832961111111 3.73333333333333
13.8221755555556 3.46666666666667
14.094405 3.2
14.7055216666667 3.2
15.0444088888889 3.46666666666667
14.7721794444444 3.73333333333333
14.1610627777778 3.73333333333333
14.4332922222222 3.46666666666667
5.27777777777778 1.66666666666667
5.55555555555556 1.33333333333333
5.83333333333333 1
6.11111111111111 0.666666666666667
6.38888888888889 0.333333333333333
6.88888888888889 0.333333333333333
7.11111111111111 0.666666666666667
7.33333333333333 1
7.55555555555556 1.33333333333333
7.77777777777778 1.66666666666667
5.77777777777778 1.66666666666667
6.61111111111111 0.666666666666667
7.27777777777778 1.66666666666667
6.05555555555556 1.33333333333333
6.33333333333333 1
6.83333333333333 1
7.05555555555556 1.33333333333333
6.77777777777778 1.66666666666667
6.27777777777778 1.66666666666667
6.55555555555556 1.33333333333333
19.4655536666667 3.68
18.9311073333333 3.36
18.396661 3.04
17.8622146666667 2.72
17.3277683333333 2.4
17.3277683333333 1.73333333333333
17.8622146666667 1.38666666666667
18.396661 1.04
18.9311073333333 0.693333333333333
19.4655536666667 0.346666666666667
19.4655536666667 3.01333333333333
17.8622146666667 2.05333333333333
19.4655536666667 1.01333333333333
18.9311073333333 2.69333333333333
18.396661 2.37333333333333
18.396661 1.70666666666667
18.9311073333333 1.36
19.4655536666667 1.68
19.4655536666667 2.34666666666667
18.9311073333333 2.02666666666667
14.7155342222222 2.34666666666667
15.1310917777778 2.29333333333333
15.5466493333333 2.24
15.9622068888889 2.18666666666667
16.3777644444444 2.13333333333333
16.7166516666667 2.4
16.6399813333333 2.72
16.563311 3.04
16.4866406666667 3.36
16.4099703333333 3.68
15.0544214444444 2.61333333333333
16.3010941111111 2.45333333333333
16.0710831111111 3.41333333333333
15.469979 2.56
15.8855365555556 2.50666666666667
16.2244237777778 2.77333333333333
16.1477534444444 3.09333333333333
15.7321958888889 3.14666666666667
15.3933086666667 2.88
15.8088662222222 2.82666666666667
17.021087 3.68
17.251098 2.72
18.854437 3.68
17.0977573333333 3.36
17.1744276666667 3.04
17.7855443333333 3.04
18.3199906666667 3.36
18.2433203333333 3.68
17.6322036666667 3.68
17.708874 3.36
4.16666666666667 1.66666666666667
3.33333333333333 1.33333333333333
2.5 1
1.66666666666667 0.666666666666667
0.833333333333334 0.333333333333333
1.94444444444444 0.333333333333333
5.27777777777778 0.333333333333333
4.44444444444444 1.33333333333333
3.05555555555555 0.333333333333333
4.16666666666667 0.333333333333333
5 0.666666666666667
4.72222222222222 1
3.61111111111111 1
2.77777777777778 0.666666666666667
3.88888888888889 0.666666666666667
16.2166572222222 1.73333333333333
15.6399924444445 1.38666666666667
15.0633276666667 1.04
14.4866628888889 0.693333333333333
13.9099981111111 0.346666666666667
18.3544425555556 0.346666666666667
16.7511035555556 1.38666666666667
15.0211092222222 0.346666666666667
17.8199962222222 0.693333333333333
17.2855498888889 1.04
16.1744387777778 1.04
15.597774 0.693333333333333
16.1322203333333 0.346666666666667
17.2433314444444 0.346666666666667
16.7088851111111 0.693333333333334
10.2777777777778 1.66666666666667
9.55555555555556 1.33333333333333
8.83333333333333 1
8.11111111111111 0.666666666666667
7.38888888888889 0.333333333333333
8.5 0.333333333333333
11.8333333333333 0.333333333333333
10.6666666666667 1.33333333333333
9.61111111111111 0.333333333333333
10.7222222222222 0.333333333333333
11.4444444444444 0.666666666666667
11.0555555555556 1
9.94444444444444 1
9.22222222222222 0.666666666666667
10.3333333333333 0.666666666666667
7.61111111111111 0.666666666666667
9.77777777777778 1.66666666666667
8.27777777777778 1.66666666666667
8.33333333333333 1
9.05555555555556 1.33333333333333
9.27777777777778 1.66666666666667
8.77777777777778 1.66666666666667
8.05555555555556 1.33333333333333
7.83333333333333 1
8.55555555555556 1.33333333333333
14.0711053333333 0.746666666666667
15.8010996666667 1.78666666666667
14.554427 1.94666666666667
14.6477701111111 1.09333333333333
15.2244348888889 1.44
15.3855421111111 1.84
14.9699845555556 1.89333333333333
14.3933197777778 1.54666666666667
14.2322125555556 1.14666666666667
14.8088773333333 1.49333333333333
0.833333333333334 0.666666666666667
3.33333333333333 1.66666666666667
0.833333333333333 1.66666666666667
1.66666666666667 1
2.5 1.33333333333333
2.5 1.66666666666667
1.66666666666667 1.66666666666667
0.833333333333333 1.33333333333333
0.833333333333333 1
1.66666666666667 1.33333333333333
