-2.296791961960143e-6
-2.380478119169867e-6
-2.686679747430226e-6
-2.2942413622903043e-6
-2.3398749023403193e-6
-2.238658104960177e-6
-2.357439742019414e-6
-2.3606121377197156e-6
-2.551363702010291e-6
-2.3313396116907137e-6
-2.218314010649959e-6
-2.3460157959004704e-6
-2.6314321198506532e-6
-2.1777796110301548e-6
-2.3925795673007677e-6
-2.36659623798971e-6
-2.1672227132202293e-6
-2.3748114284100064e-6
-2.2223064963600506e-6
-2.227787179500014e-6
-2.3488255913098333e-6
-2.223163583769776e-6
-2.337826292489985e-6
-2.2485854184305792e-6
-2.3771176160293506e-6
-2.3455531586004733e-6
-2.3356542214400533e-6
-2.1867627117899344e-6
-2.377895709879986e-6
-2.1620024672095936e-6
-2.2601917287305706e-6
-2.2813759596000682e-6
-2.589190211769836e-6
-2.325886357179563e-6
-2.2275571253801627e-6
-2.3435418241499195e-6
-2.3765207859396606e-6
-2.2888563018701527e-6
-2.326863148310182e-6
-2.320505499980516e-6
-2.3572835535900366e-6
-2.6295164278801464e-6
-2.3567008667103873e-6
-2.2230603684792946e-6
-2.6221103957497008e-6
-2.320505499980516e-6
-2.3169174500200715e-6
-2.2178035604201313e-6
-2.3227469233702905e-6
-2.172236702039851e-6
-2.2945493709106493e-6
-2.356881439660209e-6
-2.330728555499824e-6
-2.3106575818198846e-6
-2.472017527549615e-6
-2.449200894750342e-6
-2.3854253958502034e-6
-2.2151331702802146e-6
-2.192981815739639e-6
-2.319564251469959e-6
-2.3316355835601224e-6
-2.2207664186098264e-6
-2.5376941229096964e-6
-2.6073703801700668e-6
-2.330609973859657e-6
-2.4854948092100856e-6
-2.352310767590217e-6
-2.3676351895499104e-6
-2.1578410008991564e-6
-2.3694729941996923e-6
-2.231602878730553e-6
-2.3286211509694274e-6
-2.5043071340200007e-6
-2.320505499980516e-6
-2.1850442152599597e-6
-2.3005647382902047e-6
-2.1840875472798824e-6
-2.203549543250416e-6
-2.320505499980516e-6
-2.254690244040021e-6
-2.587609742549929e-6
-2.6193617062202426e-6
-2.3436981726699876e-6
-2.1771132998399043e-6
-2.320505499980516e-6
-2.6857322964601166e-6
-2.301002319350133e-6
-2.3728270374901925e-6
-2.2075394510495325e-6
-2.367075383610459e-6
-2.1541833849503256e-6
-2.320505499980516e-6
-2.3258469567799533e-6
-2.3296119140599203e-6
-2.6659555371700075e-6
-2.293170044000148e-6
-2.334554017590154e-6
-2.682898652079345e-6
-2.1546057708899183e-6
-2.2598889375903194e-6
-2.378959827999995e-6
-2.3366852254201598e-6
-2.413502997639788e-6
-2.145014029320512e-6
-2.223950873839718e-6
-2.179200022219864e-6
-2.1759278934496695e-6
-2.3583799489699034e-6
-2.1953760606903752e-6
-2.6246888576901897e-6
-2.321360085610208e-6
-2.3422212299499534e-6
-2.350398025999234e-6
-2.5113548363696683e-6
-2.1732180260497502e-6
-2.254889906549637e-6
-2.331868757030238e-6
-2.2102181679401964e-6
-2.3584596003994526e-6
-2.3233327786998173e-6
