0.002447240080087197
0.0020195961337344005
0.002266979465118602
0.0019361114772635003
0.002364590816524601
0.002385553634314499
0.001672633782687099
0.0022886888410284002
0.001911415905083199
0.002259966851344001
0.0024041721521315985
0.002028850767589699
0.0021006382507764015
0.0021327543842811006
0.0017001105038744989
0.0022664935126051992
0.0018692342939931987
0.0018119169020334967
0.0018350543125169975
0.0029689880027016988
0.001994576593913399
0.0019631891187849027
0.0030833835864034
0.0034018348945857
0.0021495656322797
0.002023154591388198
0.002189592029354901
0.0017997841192171973
0.0019864056916700998
0.0021032102437714
0.002006456903294103
0.0020919851927015017
0.0022063084117210016
0.0020531094960692005
0.0022423233517379
0.0018196713364153974
0.0020921536673434993
0.0025276507790603017
0.002045476790813898
0.0020879873885822006
0.0019923746277372006
0.0015894700395286988
0.0021299201954997
0.002770676390671401
0.002049964039349001
0.0020182374985548007
0.0017180210162281995
0.0021787903356554027
0.0021906018702482002
0.0017510630886642016
0.002344997808175299
0.0016225651496999012
0.0023660460881688994
0.002956937628259902
0.002339044440109902
0.0021861135581847033
0.0020637549584867007
0.0018887215593879
0.0023381202449221997
0.0019079480379645998
0.0022903671684733028
0.0017796881084518983
0.002157942674432301
0.002739101103764203
0.0017482976204205025
0.0019858901343980974
0.0018103119062208989
0.0022011239312719998
0.002545433334719502
0.0017608714059757016
0.0021309355641154007
0.001908365510520798
0.001724737219461002
0.0020185182818166017
0.0019417464996439003
0.0025663914662899003
0.0018653980810802995
0.002136815262483698
0.0027151782251391005
0.0020152842313422015
0.0019257013065193986
0.0021677434690638986
0.002105267912220099
0.0018213208303182009
0.0023468069808422025
0.0025472603306806
0.0019310944042413986
0.002185485567910799
0.0021880642477092004
0.002091498250768202
0.0024553827790472008
0.0018813894688033024
0.0019117600684425001
0.0016966994805836001
0.0019523174764123005
0.0019132154849203983
0.001841992360292602
0.002203601614169902
0.0019477744916259025
0.0032908365927167005
0.002003984749683399
0.0021518402892881996
0.0020619085383775
0.0021501201527390976
0.0026592989165065
0.0025732161328312006
0.0019334266815310003
0.002069039617557101
0.002321677009837299
0.0021242525616460006
0.002078376349317502
0.0031823883136191007
0.002443760416752601
0.002482736407598097
0.002220867824663901
0.002019284891948501
0.0022643537710789995
0.0019753422012731003
0.0018873143841358006
0.0015635490362452993
0.0022945202906532007
0.0019471336343766
0.003447300036784201
0.0017524604452949025
0.002266531730352298
0.0022142654238495006
0.0022580184398285005
0.0017769109760207985
0.0021293068536657016
0.0020876390360435003
0.002160904899686497
0.0021019372562533986
0.002149269311569703
0.002471618605942298
0.0018628855035597025
0.0021447084984130976
0.0019592805980259004
0.0021096457902542998
0.0017076815603744022
0.0023932999919776994
0.0019760607383753
0.0021146206425622996
0.002069259100151599
0.0021104582023381974
0.0023880021009646986
0.0021360543898314988
0.0020333454923461003
0.0020742661330331
0.002263788552139802
0.001828401227257699
0.0021020496841075986
0.0016563803659431983
0.0025481222514222024
0.0019152512981937993
0.002239317638767599
0.0020685103213663007
0.0020211608768616017
0.0026854253805854017
0.0022170319296085997
0.002349481153127001
0.002320443056037399
0.001874707475518201
0.002468405177213799
0.0027882477630079006
0.0027435667479357995
0.001942378000297399
0.0023778200129726014
0.0025723660865787992
0.0022076466498391
0.0020161706534153993
0.0023668263087768017
0.0024950785956327007
0.0018322634565534
0.0017709326174762015
0.0023808030871463985
0.0018751491629593019
0.002185244732013602
0.0021281270310791016
0.0017388667731058974
0.0026785922106023
0.0020510901821194014
0.002718377504265901
0.0027928729567437
0.002641533126729198
0.002181072190035098
0.0020416170712243
0.0018701790021665027
0.001611391404570301
0.002029422735935999
0.0018909666636393006
0.002047131717847199
0.0024154280450912995
0.0023311112318106994
0.0020059895481141995
0.0023393814884251005
0.0019226828607177004
0.0019353591444070013
0.0021021527765067993
0.001958527182710501
0.0021760278787189974
0.0022237301659108998
0.002259850972765702
0.0023373276743556028
0.0018784258992522
0.0021949898613062013
0.0020802045238181993
0.0025411316055845984
0.0019165528326904012
0.0018458460565621004
0.0019015375725997992
0.0019045376869876
0.0020509372674048995
0.0019861721709868024
0.0020990882409909
0.0024628865228607
0.0024603510705057986
0.0019873835793578973
0.0022730458452239997
0.001954481890678199
0.0014986695746685014
0.0018896682021981026
0.002264895919450498
0.0023581954965011982
0.0016311167956993
0.0023086873659469015
0.0021150947837938992
0.002079328622990699
0.0020548025324028975
0.002423110474424301
0.0019298770976688001
0.002144992570758699
0.0023983013352117007
0.002008364195513899
0.001997620838913302
0.0018521380279543018
0.0015808297972879012
0.002093363151125297
0.0021297104308952985
0.0026485561556589994
0.0018273137980151996
0.002083913005903302
0.0022339713029842986
0.0016989041075673
0.0020537156084438
0.0017887287788331992
0.0019373187376411985
0.0023364864694280993
0.0017696445567503029
0.0018549966394627998
0.0026071149652928984
0.0020188249873153014
0.0016816302608089022
0.0019900404723114974
0.002015605558626298
0.002249408020975601
0.0019895720929219984
0.0019694469111513
0.002271855975244
0.0016558685400101976
0.001994336430590299
0.002285810584506699
0.001627514564089199
0.0024658831260022003
0.0018790572968061005
0.0027895517935769
0.001963171276978499
0.0024487856490659
0.0018828998628956026
0.002195164948929698
0.001982292913192199
0.0022790945749838996
0.002220854838234001
0.0021743314466332007
0.0016954167431846995
0.0020471639711927003
0.002122658262253302
0.002420607163448902
0.002716539206281003
0.0017634897005734985
0.0021282596099013
0.0028799394908406023
0.0018758014095605
0.002142827276733799
0.0022313841546158023
0.002537053739860899
0.0019305096521578004
0.0019352142448380016
0.002197416768909201
0.002088022264678198
0.0019150973545060991
0.0019451683271981997
0.002051078378842601
0.0019947664244950973
0.0023987965161313997
0.0025020925799033
0.002180489387507298
0.0017166656719085974
0.002426809516675399
0.002640557265553699
0.0022945397683647
0.0018768195871548023
0.002388303173388801
0.001996617098415202
0.0017012284987435004
0.002301216087250601
0.0020151254520295
0.0017229753721179006
0.002102390590156801
0.0018850541425732004
0.0023300996056563987
0.0019990047341438
0.002915861028362901
0.0021095561705894994
0.0023270508166552996
0.0028294972207812998
0.0024556949552142007
0.0018851029710189003
0.0019734253044562007
0.001814482829363702
0.0020532027644378018
0.0026242279523627995
0.002724702573354401
0.0023854578671622002
0.0020986961080122976
0.002257405225122199
0.0020681625833495997
0.0020955260488793002
0.0020084311258305974
0.002292954135120699
0.0035248149570207
0.0016829767208756015
0.0024889865132106982
0.0029364274456306003
0.0029108088459094024
0.0025281732315886978
0.002165899483095101
0.0016368020522886974
0.0023913274052289983
0.0020928432250925007
0.0024096320288675005
0.0018469997828968986
0.0030631565375002986
0.0021824455808927
0.0020950863307647
0.0022505062236058
0.0018243725760750014
0.0019542657027302006
0.0019329238513327018
0.0019533766546919983
0.0028351164364263
0.0021643262178501
0.002050541723337098
0.0020231561945502977
0.0023742911315411987
0.0019807932157106
0.0020410623561315996
0.001959101664264499
0.001961294716614298
0.001764141946040302
0.0021580051953646977
0.002616110961061499
0.002589880708406201
0.0021760676657435994
0.0019392679909501984
0.002150796028641301
0.002294407787471201
0.0019041883971225998
0.0015410650056312016
0.001934524902984902
0.0025624143109226998
0.003350277133365498
0.0020185017596528014
0.0029724673383513013
0.0025267630025441017
0.001946397856368201
0.002091290225001898
0.002889393949844502
0.002594301323142801
0.0016472842293220012
0.0020755710113673984
0.002516790811018601
0.0022769827230599005
0.0021546133201817974
0.0021952654094033013
0.003073888474742801
0.0022182122244573006
0.002342716170835299
0.002266286864904099
0.0022460709403454987
0.001962021375483198
0.0018436057751885018
0.0019669376672999984
0.0017202159631287024
0.002105314580562699
0.0021041995323514
0.0019296404389852993
0.0023572096996455003
0.0019536604122908988
0.0016704189670579996
0.0022591088423579014
0.0021397299458924997
0.001917573842112899
0.001998915527002699
0.0022306510850512995
0.0018291766247049007
0.0017517745240782992
0.0023773027137513995
0.0030699577134666
0.0017177637383027008
0.0026175770993775993
0.002010483704982701
0.0022952475375787006
0.002240581264113802
0.002348758497114599
0.002396454040971701
0.0019110301467125008
0.0021516950368559995
0.0019483166305027007
0.0025137913056312022
0.0019926485568325
0.0019944146149157987
0.0020279458714602995
0.0018540892000556003
0.0020211866762603996
0.002195118943929101
0.0029123413664002007
0.002360053157067502
0.002284106621592001
0.0020512225852761974
0.0020634869648953995
0.0018417471430272996
0.0021269373703136016
0.003107322437665299
0.0020322910695407988
0.001980644912405901
0.0017612522394193017
0.0017589271195387994
0.002514638471342298
0.001985882973792201
0.002549545674674001
0.0019005956076014012
0.002436786441193401
0.001983870471375899
0.0020937870047928984
0.002329444107113301
0.0022150476186507013
0.002185533520950498
0.0018748616787666005
0.0023025108568591017
0.0019007900903392008
0.0022398717945393
0.002493959054115702
0.001933096475964801
0.0020348630865069
0.0021088634098796015
0.0022099753713092987
0.0019715151054205994
0.0018398800607001033
0.0026353455322419006
0.0024562084116413994
0.0020855934991167967
0.0018920651481450015
0.0026862788099384985
0.002203008987296598
0.002291268430868503
0.0020535436589834005
0.002749025212154501
0.0026608053913105
0.002276979961252
0.0023969884689803017
0.0024368182818533014
0.0024803398364095994
0.003048969278331398
0.0018108315314420975
0.0020240893296941016
0.0022247316211355013
0.0024285448361419
0.0022435107894794998
0.0019272512828201992
0.002249218546253099
0.001941848689193098
0.001871930431185699
0.001915130237635801
0.0020462684828843024
0.0029225409009616017
0.0019899273750428013
0.0019951224464138002
0.001885557330754302
0.0021055047895368988
0.0019503359672967992
0.0020459313145263017
0.0022367987008386006
0.0018523405044523003
0.0021494583161051975
0.002288933776130899
0.0029645216320786996
0.0019465920236897
0.0020153926796198027
0.0017294877507782018
0.0019062233632335009
0.0017750027270917977
0.0025265113436423008
0.002127762889591097
0.0022213745386986984
0.002099012958553498
0.002555257709182801
0.0023112766221756002
0.0019122509031777972
0.002234105576950203
0.0019378762061647015
0.0027861735024261
0.0016234347188213982
0.0021252333509390008
0.002589998157394701
0.0018939685444686015
0.0023146156353476
0.0019944994605445993
0.0018709763488462018
0.0027301456800729977
0.0029543416273549
0.0020924228779840015
0.0022243038420459993
0.0019684162717873988
0.002149366658866697
0.001721886351380198
0.0018708284929052008
0.0017069610094089006
0.0024852660328635
0.0021064280576173003
0.002459159776765002
0.0016465390833536979
0.0016668814280905997
0.0021841346072580987
0.0022892923330740007
0.003119440181294099
0.001973487315893401
0.0020962273481132006
0.0029800929745024997
0.0018773891945818022
0.0023094156994869983
0.0019278238156129994
0.0028817960459254985
0.0034195188507641985
0.0022246636386775015
0.0018969481411139008
0.0019322453803995998
0.0025882693842132
0.0020225566774931987
0.001873012013082001
0.0030026682447974982
0.0020305012924612016
0.0022658302805218
0.001961135826602501
0.001791808289247198
0.0022836133167588
0.0019749547839434008
0.0022639448457599
0.002139380214805399
0.0024718212936552
0.0022211761660412
0.0020611920713695005
0.0023845699867073994
0.0018340611719382012
0.0021121496688076974
0.0021486284212917026
0.0023116320334462988
0.002159960494494101
0.0018818044619289993
0.0019572061926704
0.002494513957564802
0.001952340851553002
0.0029292495685360985
0.0019987692395418005
0.0018838642606137969
0.001959300217849399
0.002412863525570401
0.0020001187631666986
0.0019718384198259
0.0019612584327786987
0.0022489494953267
0.0016813935945911018
0.0019398915881110972
0.0018929011056162993
0.0022857116921197983
0.0020199051937403976
0.001962647485109499
0.0020478104092056006
0.0019031654063185986
0.0021818014933667022
0.0021006109550101015
0.002229369941624402
0.0028007360920420978
0.0033898405045980004
0.0020551903900749013
0.0022283727225825
0.0020791643635974
0.002509658183667402
0.0018499308027782983
0.0021337085877852977
0.0026704286066481023
0.0016932129559558001
0.0021493073202744004
0.002001131205033299
0.0020626436450610977
0.0026123791644619004
0.0022424355210036995
0.002440911386115397
0.0018957541771005976
0.002035631747742902
0.0020745734510018987
0.002158952769377203
0.0022958356985209004
0.003175908525556402
0.0023541057925737
0.0023625945037552
0.0021503185051892013
0.0027453088664349014
0.0022486078524215983
0.002121589034449898
0.002553915577922703
0.002264656822175498
0.002028106001859001
0.0021965747901508993
0.0029674546902313005
0.0018687071648601991
0.002016802981398301
0.001812776077024899
0.0020288604056430994
0.002506740427667402
0.0025049195650868016
0.0018999508536318988
0.0031470491227704005
0.0018880301718143012
0.0021690580544127987
0.0022543297456403995
0.0021084328032758004
0.0018399559844671995
0.001836838910772201
0.002076286880922599
0.0021460987062489993
0.0023639456375200985
0.001847351780961598
0.002849265616071201
0.0021098808185405007
0.0021146511247271994
0.002406657871601301
0.0023164265706953
0.0017473355490131987
0.0017345249655206021
0.0018257708597510004
0.0015960568496970022
0.0021623905462044984
0.0020489306714265992
0.0019465595544982985
0.0018364018920218016
0.002128700769190202
0.0018470432683616
0.0024231173383218
0.0017314250070856983
0.002269872446903902
0.0020110796188809975
0.0023308801790736973
0.0021918708109518008
0.0022333017024443007
0.0025772027533126005
0.0020510238935696028
0.002297162167272798
0.0025858516702411995
0.001841266902014499
0.0027221197637496003
0.0019982764986196007
0.0022097641501377004
0.002025580862192799
0.002154924258647297
0.002087532000463403
0.0021290049445999992
0.0022546599163972003
0.0022588356897843
0.0022351126554630008
0.0019531112393821014
0.0020439806947357003
0.001941466003754399
0.0020161300903111003
0.0020984103316457996
0.0022482021790741005
0.0018545964021228004
0.0020572697604554005
0.0034324744750533
0.0020829994034359985
0.0019294637010224998
0.0023913218588768985
0.0021363758413236004
0.0022495812308217997
0.0015775786521660985
0.002686838796695599
0.0022957314736981004
0.0018729372826051978
0.0021517542212721
0.0020043821590562012
0.0019548010786994002
0.0019749635756682003
0.0020254649182527007
0.0027696114724747
0.0018624593355562984
0.0016808140392278008
0.0024077892778664005
0.002390090593058801
0.002002892068436901
0.0019716517916255026
0.0022710845258065993
0.002213368121532798
0.0021523320985276997
0.002830957005724201
0.001933030765926002
0.0021350312369591007
0.002226329753083501
0.0023621844458219
0.0018833234182406011
0.0034812086919637983
0.0025309477144975986
0.001945727777756999
0.001969972486868303
0.0021283750400344983
0.0019901064523167
0.0018412127144324004
0.0019153655282263989
0.002056033147123798
0.0019934534551913005
0.0023075053955334997
0.002126225142284298
0.002162605265848102
0.0019820999886352997
0.002063042730494402
0.0019237979243111013
0.002906668340002097
0.0018269780510058002
0.0020279755511390975
0.002480969436386
0.0019421503786645998
0.0017319928963629994
0.002321554760585799
0.0018582386581995
0.0016493411684197004
0.0020191211018650984
0.002149581889456402
0.001835447766090098
0.002015773808546298
0.0022656695250530996
0.002257595732016098
0.0029351139192582004
0.0019310934775291985
0.0021666390230791997
0.0025231873909958014
0.0018727385562766
0.002339188728741299
0.002457903331764901
0.0016895573053851975
0.0016645424305116
0.002045223091175899
0.0025789064427350003
0.0026181283367762015
0.002209400603564799
0.002033579350436899
0.0019314644707374012
0.002051869592049102
0.0021820455707156003
0.0017939126434609008
0.0025973507283698002
0.002557180354781599
0.002616811165337997
0.0023710713022356
0.002645662144341497
0.001860794344698699
0.0018770067145739006
0.002114859326884499
0.001901221467880198
0.0021014157233991
0.002122099718769501
0.002602259949893798
0.0018752229192230997
0.0019230703159144984
0.0027381475308773003
0.002144428531897599
0.002096936085808798
0.0020559836725827993
0.0021700235424630017
0.0037226259440628004
0.0018567276219744015
0.0027306276209675996
0.0029649896421719
0.0018802893444792995
0.002666942231432202
0.0016988591029066975
0.0020812998009411
0.0027429336251251005
0.002201652487428197
0.001984813432099799
0.0021240676309350996
0.0018765745711940007
0.0027852941634028995
0.0020545164682901004
0.0029174928519288996
0.0028733420522021012
0.001678308491788797
0.0022689497942505014
0.0021061174344213993
0.0034307394174206
0.0018661993889026
0.0016100250875411976
0.0025152051880966003
0.0020703588086003998
0.002120379488994399
0.002639098965930002
0.001784607492862602
0.0020584574240620976
0.0022710812228491015
0.0019267026802365986
0.0023119220304889006
0.0018682053975135997
0.0023301194631722005
0.0017781253112640998
0.0017042945368454
0.0018478207571496
0.002355665386661498
0.0017870554206639994
0.0019734672992213
0.002132968730287201
0.0019920735261240025
0.0022281291621270016
0.0020879384276751983
0.0023305521124117982
0.0019620676182818993
0.0027378532876729013
0.002012224196597901
0.0017610960963111016
0.0021520584010712995
0.0024038073205596977
0.002303156541333
0.0019783013122578984
0.002195187485590201
0.002975645808587401
0.0034168831364433
0.001979119950250699
0.0023474617413281017
0.0022228993877513002
0.0018725770252291003
0.002411366829166102
0.001806903988755701
0.002001934673486201
0.0019164298182034016
0.0020296271464143
0.001991748596940998
0.001839591300282599
0.0021142805548028006
0.0020091000674236983
0.0026268191917351025
0.0021667049951367007
0.0018706280277124981
0.0021076133835184994
0.0025231619329276027
0.0019228178579957997
0.002270255977129699
0.0018516116773559
0.002479920359376199
0.0019399316836845003
0.0018104479709757024
0.002426060484631898
0.001989826130275301
0.0028609227218863026
0.002230009383235601
0.0028185100177590995
0.0018970203522140974
0.001812667967566
0.0031786459286332995
0.0021354441049715005
0.0021727458045763016
0.0025332906128842023
0.0021379909480412004
0.002307172812420398
0.0017283213655048986
0.002141880391036601
0.0019928932986750976
0.0019064831247907026
0.002253403492150502
0.002103199573987899
0.0016928912778933977
0.0023002288832862025
0.0020862556154301985
0.0019884028408894
0.0016874861353070002
0.002326533650823099
0.002110353253598301
0.0017999486156095
0.0020390389075014004
0.0021736040542057015
0.003047420655775998
0.0019707842827123984
0.0031918048099397987
0.002494070003596898
0.0025889973913960987
0.0019990091306816005
0.0019274945820396995
0.0018988199253907982
0.0022382680780663015
0.002254149574502703
0.0017979365574189027
0.0025253660336530016
0.0021657444213891014
0.0024211901640217998
0.0019860390668103994
0.0027547490473450002
0.0026982624960608
0.0036474112390117025
0.0021094636925079006
0.0024414151357379996
0.002403874177742703
0.0018545580533678024
0.0024032515603517983
0.0024690444671012987
0.002243990883137103
0.002148119894677697
0.0029524430224477996
0.0024235185053680976
0.0018566264905570014
0.0024468261993953015
0.0022146666589293977
0.0025368080030779006
0.0016196461324913987
0.0018992707579884999
0.0020501399345234997
0.0020873603659205993
0.0023088671369908
0.0027545364260394
0.0024056297569266007
0.0018740543699740028
0.0020960812552317
0.0020182657436998014
0.0015325193106452
0.0018794914769974004
0.001869867992383898
0.0021738424941840015
0.002118250356632101
0.002239263251369198
0.0023898294356648996
0.0018567976893275988
0.0022388989536666973
0.002261137124804302
0.002393083688476301
0.0029008241168340977
0.001838704212854099
0.0019288889632703976
0.0019795056925982005
0.0028875993932648003
0.001811677735781999
0.0023301297499803003
0.0017409068718615
0.0020500070176757007
0.0018521455670811003
0.0023760732965793993
0.0027129841248457985
0.0020107522196665985
0.0020135573549211992
0.0020017153780455994
0.0020983353862153997
0.002146622202127
0.0023573214384041002
0.002271868388476102
0.0019494180022928999
0.0016496518901906003
0.002091699954081202
0.002035939410923799
0.0028622822881685
0.0018902448103840994
0.001970001106332598
0.002792782483069099
0.0026147777447620008
0.002126431856759297
0.002523688064629801
0.0018469582319255995
0.0023245493548369987
0.002152729339761999
0.0020465730825358006
0.0019487567297728006
0.0022514133295782023
0.0019302527993113015
0.0016945499983792994
0.0028035054917781993
0.0018319926764378998
0.0021015652626725015
0.0018525750155477007
0.003271847005047901
0.002594143946882
0.0022902258939993016
0.0019322678194308995
0.0018731755400954002
0.002187554781621498
0.0016299925980640013
0.002095051859428501
0.002103001859021701
0.002052682104590201
0.002971908854248001
0.0032281840900822006
0.0016744977814841001
0.002136447345941501
0.001976770749662498
0.002297801827562399
0.001963363252296301
0.001595993518688301
0.002242904151811699
0.0020737657536045
0.0016679067120805025
0.0019220208237163972
0.002653994508560801
0.002608523535167301
0.0018956060897805
0.0020178532103896987
0.0020786148829872973
0.002292574818503701
0.0022650932631945
0.0019971100722960995
0.002040252295174398
0.0020764024095424986
0.0018163536156604008
0.002398582618672998
0.001905970270611599
0.002111199283787099
0.0018956406235643986
0.0027865710538511022
0.0018276179367924979
0.002054394246956401
0.0020068892865694014
0.002016184009136099
0.0018359515741520997
0.002033721969288898
0.001857767501794099
0.0019841536892915984
0.0026651312017819014
0.0019024684715150987
0.0019550762916622985
0.0021927042616743976
0.002307585509582301
0.002680730996471599
0.0015929780722106976
0.0018633507543063983
0.0022519552012240027
0.0022056901903622014
0.0022457031483192995
0.0022096358684075
0.0022463786082564975
0.0020718520894601987
0.0022922745605734006
0.002695910111593501
0.0020102151335526022
0.0017557861123633986
0.0020592660619551985
0.0019468263368422022
0.0028942896567937977
0.0022000957224068
0.0020462913080627025
0.0018126722614102003
0.0021821430754880994
0.002525079078222702
0.0023983712686707
0.0016336664223434022
0.0020593021346883983
0.0019077614663320988
0.002044999895565402
0.0021058838542732
0.002349786287417499
0.0021624498026763007
0.001883785371263099
0.001932892667831098
0.002352075477616799
0.002686391546606503
0.0021279971436437006
0.002088226682960999
0.002109972394390501
0.0030039026510157996
0.0020056937868636014
0.0019799286133747006
0.0019940506510780012
0.002116761343796899
0.002024624912632597
0.003335687169272898
0.0021393856288334026
0.0020525613270499996
0.0026525342315490974
0.002232551959825902
0.0023251989491478997
0.0026361709619963994
0.002038011581128398
0.0017111284056808007
0.002188440916052199
0.002277760026250998
0.0019132175547015018
0.0019085669615145004
0.0019312312366492022
0.0021357510979951
0.001639296695862498
0.0022166666649720973
0.0023541591567350986
0.001908844817916703
0.0035211662317662998
0.0018264482226805004
0.0026640100698766996
0.0019521950892639993
0.001821116196191002
0.002132349651218602
0.003048724883076597
0.002079382071778501
0.0022208405466999995
0.0019634914935048008
0.0021742007226037002
0.0018893478712175005
0.0021334864463897
0.0019431607114364993
0.0018845258626072996
0.002216048911308298
0.0021450407863022984
0.0018816159741589025
0.002127677916746503
0.0020094081182480024
0.0023415451972161015
0.0020812577847554997
0.0024860670747762006
0.0015392746134641998
0.002119956683363299
0.0023976193279507986
0.0017048097450609
0.002150256280312998
0.002029927934634499
0.0022708443933185003
0.0015944768959045008
0.002468423544761199
0.002300802303378903
0.0024701702413096986
0.0017825504315541994
0.0019908364216336023
0.0019108008105475985
0.0018913633337555996
0.0018662777162009973
0.002313689351892901
0.0021389438699831002
0.0022289382688564993
0.00227386109516
0.0026222150237606018
0.001980971077027799
0.002240667414942301
0.0019314005676812004
0.0019139449279169003
0.0022277074137501025
0.0029882304050737017
0.0018477892349739976
0.002242048816762699
0.0028218742116241993
0.0026105435734368986
0.0032391269783551002
0.0018465141090596021
0.0023044118734169977
0.0021365822034888
0.0019528481780401
0.0019308617414550006
0.0017811250543945008
0.0017152324611194002
0.0021333547863290996
0.0021230590319255005
0.0026976777929503017
0.0021605248679325006
0.0029734113490816998
0.0023183331034200005
0.002350523589958003
0.001992694008019401
0.0021346901552300977
0.0019152814017912995
0.002119819291506401
0.002094225815466297
0.002189631314520799
0.002045794522352498
0.0017475630452969994
0.0019528744965663994
0.0018897108557586022
0.0033966470315726985
0.0022444307774220004
0.001831236804718802
0.0020630613446505006
0.002261706736667698
0.002477501921807502
0.0027569075935626013
0.0027948682110188992
0.0025668513811378003
0.002077763759899501
0.002320906245703698
0.0018159076542274
0.0017491273674061017
0.0022466322212424984
0.0032364649029898995
0.0020960716183934004
0.0026420816062443994
0.0021101359565540018
0.002013366585663201
0.0019429453873343015
0.0029505795439884012
0.0027096564297929004
0.002142961024044699
0.0020796349918637998
0.0026432112877426
0.0030103704069222997
0.0019224657409895006
0.0020232283997579995
0.0017810876673232008
0.0020495192423456987
0.002101558499481501
0.0021673674374188996
0.0018295613757093009
0.0019508175343319993
0.0023298648553978993
0.0022158757912589984
0.002059219906248598
0.0025810136745215984
0.001968001914259398
0.0027873709846659017
0.0023321740788909
0.0018545758192454014
0.002312901102034602
0.0019301088874522018
0.0022416779920796
0.0021958971912256
0.0020004900399726022
0.0019300658276261012
0.0026138570547478007
0.0020511213117938992
0.002056998989377199
0.002331052745985003
0.0021060381041277977
0.0022557430073528
0.002052817797241601
0.0028842187083555973
0.0032616193217673978
0.001937758219810102
0.001889059598430099
0.0018828480313766022
0.001953941701353299
0.002288607176338102
0.0032694929369021
0.0017672448150154
0.0023192950255267013
0.002463694720075703
0.0022487753262011995
0.0023430517616013016
0.0021507873244977008
0.0021630542612543005
0.0024026720025122003
0.0024483058681318004
0.0017759243699808983
0.002266806072370002
0.002147682020438399
0.001992499384773399
0.002804669977833199
0.002830800446001501
0.0020620102322761007
0.0019809856246006015
0.0028081828482391
0.0018727695211467991
0.0021144128632084
0.0018698790338528004
0.0025231324439483997
0.0022952589420465012
0.0019742627888180986
0.0019548588054748017
0.0024031716290718007
0.0018766253856551986
0.0015807480710671
0.002273835880770101
0.0024618684420983986
0.0017827339427902988
0.0023987091676410006
0.001894132335597501
0.0020402446705546015
0.001729063531295802
0.003752571730357198
0.0017647014674409996
0.0033441337270193015
0.0019508467586925975
0.0031284155601019985
0.0023323909611368994
0.0022814394365021987
0.002143178896224899
0.0020006800866001
0.0021922396053935013
0.0027359529944685004
0.0017553011586321013
0.001954660140485398
0.0021609140099363017
0.0024189200598374004
0.002159185868374703
0.001927347718777398
0.0021407073615003006
0.002333635063325099
0.002229826381722498
0.0021335128934173997
0.0019188797343471023
0.0020541284923173975
0.0018696269355369007
0.002022731648587399
0.0019641875114047025
0.0019613512228960003
0.002493854321487198
0.002210913386275999
0.0021141525572124995
0.0016774386907156998
0.0021535600502796994
0.0018443282944989002
0.003392136052689898
0.0022926336303694984
0.0015849808873701007
0.0027028119548462015
0.0015346106285220006
0.0017924556201887008
0.0019293846953956015
0.0026556858449048003
0.002472151839934298
0.002078685378885798
0.0017161602396157
0.0026020005581410995
0.0021997524994553028
0.0022043813255595984
0.0022806556382943023
0.0017567191864714012
0.0022616745942223015
0.0020262961771186985
0.0018270027318848005
0.0021308963309170995
0.0020284464806972977
0.0020008515396559984
0.0018200668531173983
0.0019271174533983006
0.0030852711166895995
0.0020496629157290003
0.0016473167498501015
0.0022154797971087013
0.0022058794411109993
0.002681096111561903
0.0025886563384346986
0.0020075503381893
0.0020459167935902994
0.0022990606904934006
0.0018949349465607994
0.0021057339160688027
0.002034156028423998
0.001833585706660798
0.0021288447193265995
0.0026559708485085
0.002031228822424399
0.002054219121566201
0.002153208685443598
0.0025863182754246004
0.0021429517341618014
0.0020365790666287027
0.0021608762704213025
0.0017205912211243
0.0020495326603701992
0.002376390699030801
0.0019731441322254004
0.001691444281207901
0.0018590156707897001
0.001955783326396999
0.0019418014171772024
0.0019593983463251016
0.002128293700322203
0.0021474966189923977
0.002099895518669001
0.0023181188882305005
0.0018304163213099002
0.0021092723146716
0.0020360738507646005
0.0030035003487071006
0.002783568485665803
0.0023420360605197997
0.0018963086297388992
0.002144150031198701
0.0023363242119764996
0.002232339007206402
0.0019992154437019002
0.0022543469337032995
0.002107359427158298
0.0018906773479192979
0.0018208146660425029
0.002022141602647
0.0022184900187517016
0.0019392251144020982
0.0018603963959234991
0.0021359474161706977
0.0018872062028936001
0.0026196906665745014
0.0020346065377768
0.002093671381066701
0.0025403492909005024
0.0017848275961214015
0.002561813012361601
0.0020770299942848014
0.0020911952031160974
0.0017117516866396003
0.0018664702569562014
0.0021823739586188003
0.0017247542335450013
0.0029988091916555992
0.0023528653879796996
0.0019734320878743994
0.0020819904540801994
0.002358347384519
0.0017189448723764003
0.0020025172439127013
0.0020576170442535013
0.0023760594463376992
0.003641703814481801
0.0021984037266882007
0.0018038500547604003
0.002573038662907798
0.0018814135630276993
0.002117471402255801
0.002231220310799399
0.002627784358254299
0.0021378882389337
0.001830308283517601
0.0031061500886123
0.0020014883025172986
0.0017329649603474995
0.002358049789798103
0.0016642540564615997
0.0019475823901183992
0.0020508676945232007
0.0021377360203002974
0.0024804387428131007
0.0016790666605456007
0.0020477715364744
0.0018065931532424
0.0021240969072440982
0.0018508702017781022
0.0022611851367345982
0.001999334017915501
0.0017630808467080997
0.002088423055394601
0.0030667283375476993
0.0019048176110854007
0.0025822839191123985
0.0016986342827816012
0.0023240136317481987
0.002508976180054398
0.0021648302107445012
0.0023442895257759985
0.002238388273735799
0.0035498901026814016
0.0021059491119503997
0.0019292549664298997
0.002665882661888299
0.0020471598239970024
0.002769783429644998
0.002300577415113799
0.0021281542214629974
0.0023616788960624004
0.0020612717726923024
0.002737877833707901
0.0020049971703335993
0.0030448231888802017
0.0018993079258969002
0.0022371851562176005
0.0020530816051877003
0.0020098266054817022
0.0017086718140550024
0.0022561470414209014
0.0023261456437371
0.0023595163491798993
0.002126753138732
0.0018232831113096024
0.0021217764705387977
0.001829657319359898
0.0021008690268039983
0.0026938305900738
0.0022490024644047993
0.0023588561350022
0.0019290590342996017
0.002410434531911497
0.002409538888244401
0.0024170135020675013
0.0026780626266612977
0.0021740514069112996
0.0017676012788081022
0.002477724011520001
0.0019012364809967014
0.0019688308486691987
0.0019549638869892014
0.0023436056130633
0.0020406872903540006
0.0026187393796789013
0.0022713056424394015
0.001955856771702999
0.0018377797400926967
0.0022819313158766
0.0029315779272443
0.0021871653101285006
0.0019057436248439003
0.0024270278962027006
0.002252211740893798
0.0023013678103016993
0.0018587384293847
0.0026100087941185006
0.0020962227392267024
0.0022266223626807996
0.0020764729089485026
0.0020235354679317002
0.0017637939898790984
0.002433393485446401
0.002354751474332801
0.0016777538520486995
0.0019673567986033015
0.0016381269316300025
0.0022822547937970013
0.0022205733915186994
0.0017334160318264007
0.0019810215521374984
0.0024943924999985996
0.0024761313411331004
0.002548645363942798
0.0020439523448812016
0.0022271414659566988
0.002098747680994297
0.0025777607713932983
0.0019177497484637006
0.002517936953753099
0.003669490579974899
0.002069255595496998
0.0019862328407857996
0.0015801090530866008
0.0018998504761825012
0.0020103108371535006
0.0019228085793888995
0.0018533453445257024
0.0018129171061328983
0.0028964731579003977
0.0024590203351092
0.002177944259686298
0.0025434186891910987
0.0018810211313202013
0.0031060664905570023
0.0018907995301348998
0.002190695810252802
0.002284400951505103
0.0019078038356606028
0.0026282063730692015
0.0024375311109617014
0.0018586570868491005
0.0019681804242518974
0.0020476066426659
0.0021602082225558004
0.0022294934669794993
0.001766615457423501
0.0017900824443215016
0.0018731124411675987
0.002341564744174799
0.0020737954734585014
0.002128220856145401
0.0022622257465489994
0.001997188741800101
0.0018982381582967993
0.0022802426942187017
0.0019350571510373012
0.002047042357838199
0.0023136890640926
0.0021588561519970996
0.002195717815228298
0.0019360158364683973
0.0022253113017561
0.0019719794683060003
0.002333887377426798
0.002170294401262398
0.0020117273223449993
0.002278964490951999
0.0025420978136145994
0.0029641307078462006
0.0019405548418389984
0.002221339990254499
0.002633589386335202
0.0020613235923405
0.002447368306722101
0.0022099314413484977
0.0022350632722276005
0.002577343591777602
0.002148756834691099
0.0021298133952881992
0.001744174777655802
0.001959496218514
0.0023622847879870013
0.0022864920784288027
0.002017646279407301
0.0023183387259026016
0.0019740557207391027
0.0019585218576928
0.002055377082531999
0.002132830182834701
0.001777251043872198
0.0015030278150159997
0.0019319788652834013
0.0021300436844004997
0.0021104626685091027
0.001942561379962699
0.0018610733454644986
0.0022268762984120026
0.0014731128990090984
0.0018512533880911987
0.0024113516382109
0.0023415450314457006
0.0029091136671600994
0.0027200918797851
0.0021355001282166997
0.0019383571175726998
0.0024968555369967033
0.0021435446548289
0.0030860811223603
0.0022435616843957985
0.0018922303371573974
0.0015516283462485986
0.0026582243165517994
0.0021675839143276004
0.0020712081593461003
0.0029174514136184986
0.0019239911380854978
0.002019107961930399
0.0019336433818669015
0.0020533727820647996
0.0022201291478350996
0.002071045707487
0.0017468780392971978
0.0021942301727308003
0.002274157394705302
0.0021985983998593986
0.0029945040303870005
0.0022999587390094
0.002701623599037601
0.0022161674200806003
0.0019918235316755996
0.0018637623892379003
0.0024481054024676
0.0018704114409915026
0.002247489821278901
0.0018470434949188
0.002225286403060099
0.0032301031327456008
0.0017062468967307017
0.0019427093423073014
0.0025650530031747013
0.0020748436045043006
0.0018627788815094998
0.002177959277203701
0.0021581893059537983
0.002168574300676601
0.0020561964359404987
0.0024846370563994004
0.0020175617872819004
0.001870162646261598
0.0019416205044784987
0.0017140682791508995
0.0020191612570926998
0.0022150515939914003
0.0018536376655103985
0.0025115775879273015
0.0017940372518530992
0.0021306547387948994
0.002392290793513701
0.0025379545585777
0.0017937260526454009
0.0017912993756672019
0.0024148429250941995
0.0025632762167083004
0.0021702062879978
0.0016911305019180999
0.0019486267993826974
0.0025038722846876006
0.001809878478225703
0.0020805875295106004
0.0023134269097445023
0.0018895187665588994
0.0020703476013557015
0.001964479232438903
0.0020706458096091986
0.001923486857465101
0.001905951946612798
0.0017679288330811997
0.0019922871541202987
0.001997046059222598
0.0020689945980851
0.002120791333482301
0.001808391943973
0.0018967763765158005
0.001983305382395901
0.0028477312740426003
0.0022740947756668024
0.002280501835035198
0.001597386656616899
0.001827288845116199
0.0015519522189360972
0.0017486631770790018
0.0019676201207950023
0.002144698904403799
0.0025942322561406
0.0031042811185066008
0.0021843065061391
0.0016512238630145004
0.001728611640895699
0.002071346405603098
0.002444903504521201
0.002892039557064602
0.002373314406193601
0.0020007080592115006
0.0023990969650617006
0.0022587522780568997
0.0024254640865320996
0.0025069876366342995
0.0023490430655818996
0.002032767441331698
0.0020115841755597996
0.0019722114994792997
0.002168928678773798
0.002051127439575501
0.002033803822385702
0.0020952223956718016
0.0021780777600788996
0.002992984164892503
0.0028355573280272987
0.0023170283119095005
0.0021690921402843025
0.0016210078128034988
0.0021918771281946997
0.0018720185208209
0.0020478277462086004
0.002089265881631601
0.0018858860729326007
0.0022067313355194004
0.002379157702782301
0.0026640907455517983
0.0026801443987744984
0.002099754059669303
0.0020844307260169982
0.002478341070068401
0.0023064944772106
0.002023143385326099
0.001789692031086601
0.002742287446095601
0.002307744264181299
0.002429298141103299
0.002111144822331202
0.0028418228609151004
0.0025706281363001016
0.002047872370180198
0.002704804537957
0.0024903627068781006
0.0020251586363027978
0.002006939794687898
0.0019058764857113018
0.0020744847888966994
0.0017516823438330012
0.0016629708764550992
0.002102933363155899
0.001860509587708798
0.0018495603140448007
0.0021568233397026987
0.0020585604679108013
0.0022093598293309
0.0022503984681414013
0.003355011440056902
0.0023659644460976986
0.0024226488726218007
0.002081747349316803
0.0020288247087132012
0.0018946909030955993
0.001865091142706398
0.002065380333384298
0.002053622921543298
0.0027113239844037997
0.002512536065656802
0.0021629257182168987
0.0023932423009065985
0.002079235964333799
0.0019826963389700976
0.0017139080781889
0.002230387240063799
0.002027718907216699
0.0019192383618936992
0.0026520757826931987
0.0019948151764177975
0.002027142852127302
0.002377463178006002
0.0019436160293095986
0.0023916815495869
0.0022184234435335994
0.0020977435004025
0.0022525923736451993
0.0023289748634348004
0.002965929285673498
0.0025301073694307986
0.0023449960419088013
0.002308837667501097
0.0020376083772782987
0.003707966782607198
0.0023494980020022996
0.0021018801127066014
0.002159873837526999
0.002098476885512599
0.0021322425657919024
0.002075729081426999
0.0021011210072297976
0.0019415383546267997
0.002015865063001797
0.0018398024485852989
0.0021713671796014
0.0018745915764350023
0.0020717474277815
0.0020692803918172
0.0026929261955688025
0.0023584692214956016
0.0030378479165336994
0.0018271511993112992
0.0019230223828631023
0.0016705309344203986
0.0019214257503757
0.0018374644070716997
0.0022836712306461004
0.0022665823510939
0.0029867931156741002
0.0022490308763793987
0.0017143144145632012
0.0019998104872522016
0.002112204230079899
0.0020743916952539986
0.001503481394137099
0.0018554852016120019
0.0020289714534697002
0.0023707311443017
0.0024050899509622005
0.002088742886438802
0.002028242392572901
0.0020514682629345984
0.0022905616259412016
0.0022819462615777004
0.0019483709746087978
0.0021385976411108024
0.002304393391416401
0.0020747836702200984
0.0019342879538466994
0.0016308352658378003
0.0020786091974400005
0.0033879044389930994
0.0019286032284211996
0.001682959458571099
0.001967912285286498
0.0025031671265839
0.0022194424470352997
0.0019246367643746994
0.0023682248681073
0.002498066547649499
0.002645552623400601
0.0021141389499423
0.002018138980200399
0.0021039399937168995
0.0017744835256660978
0.001555343985261897
0.0019028349237480008
0.002175708643040699
0.0023750693849964
0.0021294379281973017
0.0025865699759255005
0.002761825138308298
0.002759460780222798
0.0022386475818780005
0.0021762068025186
0.0027490842729437012
0.0020600883042922007
0.0025453444619837028
0.0022678660062469998
0.0022824256320298983
0.0018776748344835996
0.0017857783071074003
0.0023415945053808992
0.0019513683494133023
0.0020528787358337006
0.0019701079703394013
0.002136084773163599
0.0026513391054793986
0.001711286616435402
0.0019555596359093
0.0021799443600856
0.002095684369602901
0.0018931088719733973
0.0025600654639378988
0.0017917411431403983
0.0020842771404086004
0.0019738579508344
0.0017758748371163
0.0022213294263339
0.0019431558184726007
0.002173460602827002
0.0020774307318157
0.0016239902891445022
0.0018774539966552976
0.0020325833851428006
0.0018983995548414005
0.0022106683395682995
0.002195865246962799
0.001861112256951701
0.0022645218523232
0.0020932513437846995
0.0019492206510622993
0.0027382595661761995
0.0016722564452954017
0.0017853991561384008
0.0019362307242038988
0.0018463380977799988
0.0018353442634201009
0.001941083830890599
0.0020251352949300014
0.0023316722435631
0.0023253000911458988
0.0017938276271423012
0.0020057770988543
0.0033023499155029994
0.0018190615274094012
0.0022528549415840975
0.0018591629314360994
0.002964756316707201
0.0027404670228695013
0.0018210452025656
0.0021706892444262015
0.001994166915911401
0.002898284785885899
0.0019099305102618994
0.0019625440588808968
0.002153716928634801
0.0022421077167361983
0.0021207912346609993
0.0024848594917659984
0.0021624761127407993
0.0021119739781547027
0.001979635544926899
0.0019725066533123996
0.002468467687673802
0.0028788201138424986
0.0025212042139779976
0.0016142833867802998
0.0018986417960420998
0.0018050295528325017
0.002176542596903898
0.0019605372781649998
0.002572377310877002
0.0018308180627602984
0.0021347042664879995
0.002422174138147201
0.0027999942391917984
0.0035879278276952017
0.002642583228470101
0.0019304238051319998
0.0018687906723267
0.0017112722597661008
0.0026349948749835976
0.0023562513093333994
0.0019501518313757987
0.0020505171055279006
0.0023395609781940996
0.0020836342012946
0.0020327990091840026
0.0022610571004641027
0.0023491717772084995
0.002581310842959199
0.002691969958676897
0.0021845301790898997
0.002731498278480498
0.0020159396491045006
0.0022948678102119
0.002833765828301398
0.002262127413657198
0.002930688183767502
0.0017865144083135005
0.002218193817862101
0.0024244705631360983
0.0020481314387620006
0.002395972414465798
0.001921645668725002
0.0022593138475411993
0.0019696096757362974
0.002137629932499597
0.002146347236294699
0.0021034347910316026
0.001473321581879801
0.0020865810076106
0.001894299191882002
0.0019459252450392019
0.001853123562828702
0.002205337704968398
0.0020881080540623986
0.002206724247443101
0.0016815742856866982
0.001966577205828199
0.0017414156755800013
0.0014612744110210976
0.0021902046402213007
0.0022331995991748017
0.001976074355833402
0.0022737992775193998
0.001925907513978
0.0022503891540663
0.0019578913631844025
0.001986310238595801
0.0020258974010567005
0.0018538777969419017
0.002793806009844701
0.002279310592753603
