-3.01993570799991e-5
0.0005698142095025005
0.00034059954817469706
0.0001642406552821024
0.000189953786512001
0.00016687664252049844
-6.924142616070161e-5
-0.00011495362000039921
0.0004329656037170976
0.00010635614424560347
0.00017228165671850232
-0.00017664509090890151
0.0005907692784495946
0.00021737087246460202
-6.195130330080567e-5
-4.687464698997779e-6
0.0006185093078587001
0.0004791388035195049
2.181231962439939e-5
-0.00020093914829939774
0.00016419813305460634
-0.0002442318232731
0.00019187157198510135
7.219626295010273e-5
0.0001625890929521992
0.00014252583724039952
-6.595351253795012e-6
-0.0003228026038811019
0.0002768146790074963
0.00010372694630610135
0.0005438732581882003
-0.00015432103739449615
7.607724411660272e-5
-1.3964984104199163e-5
0.00011950211587589965
9.152867749610133e-5
-0.0003816239968411003
0.000205678068353303
-0.0005029655386765003
-0.00025555887225689466
0.0007442635149361998
-0.00031390697605859774
-3.0131461091598144e-5
-4.0580484615602985e-5
0.00044164755581999754
3.463370611959948e-5
6.612142566689988e-5
-8.095834491140402e-5
0.00022644911795319939
-7.483672877690167e-5
0.00010060848705549519
-9.103114307990046e-5
0.0001116651733671023
0.00022316274160329858
4.912203626329659e-5
0.0001085282375074964
7.027429438379723e-5
0.00028083892945919564
0.0006785600741675002
7.570671874169987e-5
-3.960576951000244e-5
0.000656914052381101
-0.00026587760673639493
0.0006508370664465024
4.278408807710521e-5
0.0004988232347586039
0.00015647922506330236
-5.393477973750227e-5
-0.00010515003042929627
0.0005256355229995013
0.0003057956750341026
0.0001010420505909021
0.0004484282400310999
-9.547233163809815e-5
7.166815894500689e-6
0.00026521431644130344
0.0002044516514373984
-0.00013690026656900528
-0.00013060390624090173
5.321343271769835e-5
8.575211321229514e-5
0.0006203721868649967
0.0004056114352675999
-0.0003153758086733016
-0.00014696314181419923
-0.00015400581030829835
0.0002648265888285026
3.3917943908015613e-6
0.0002917658558419037
-9.849027908299945e-5
9.749435082460206e-5
0.00035535422442990044
-0.00010408854633069814
0.00017971277704949967
-0.0001522432565193993
-0.00018051081273800368
9.164225741899873e-5
0.0001568051323932937
5.006947329840028e-5
0.00038160229395649975
0.00018469049507979785
0.00013199063042849957
0.00010033653085919636
-0.0003193970473385002
7.458723150693958e-6
0.0002078084349802986
0.00016583147895510297
0.00039546851826369883
0.0002291939975512039
-0.00018103318604279633
0.0003108039548931976
-0.00035470580430100457
-9.622316618697335e-6
-8.190925086179468e-5
0.00038341991541120113
0.0004941817969248002
-7.016063936000905e-6
-5.8780497214104555e-5
-0.00017561515316499854
0.0003787011911390997
0.00012037649843140569
0.00021400139025010145
-0.00020040635494510128
0.00031047209820759397
0.00022289008494350004
5.3886573557301864e-5
-0.00010838664119600105
0.00024663950887639924
0.00010247381419020013
2.610150444760234e-5
8.01872772419887e-6
5.9815101197499554e-5
0.00013988925126989793
0.0004059150905116049
8.945703511030467e-5
0.0005007600459136022
-0.00011135020391370154
-0.00028900205909990206
0.00038656264519060235
-1.1227839574599885e-5
5.804580937220083e-5
5.169429975103446e-6
2.2130208569899612e-5
8.329173339879925e-5
0.0004830998475569004
0.00046110019273219727
0.00020672126961159693
9.810499329701572e-6
0.0004989499482023971
0.00031517283381959915
-9.243249150050342e-5
0.00018902760197889862
0.0001514111328566048
0.0003760507889159978
-0.00016523472219130003
-0.00014649619836489686
0.00032478826101810243
0.00016357885497900182
2.2030566767097803e-5
-4.747063979979732e-5
0.000258147203527799
5.557595434370344e-5
0.00027116941806300254
-0.0006811628991556032
-8.475454414800382e-5
0.00011786510881070522
-7.49497469004004e-5
-0.0002078119387912969
8.15599316726992e-5
-4.331075853929861e-5
-0.0002821364550781996
-0.00027335235533370444
-1.5639398299002738e-5
0.00018421552202610436
-0.00014916600406070235
0.00034499935478170263
8.93168311569964e-5
0.00010259665136849727
0.0001685413973458033
5.127053386280028e-5
1.8143100660401867e-5
0.00014986458538489983
-0.00016861997064020195
0.0002581279769576991
0.00021489488980130228
0.0005054400340790965
0.00020998363955199856
-0.00023378880943410174
0.0005807693878365008
0.0001337674370755007
1.3662457963997676e-5
8.964687857149906e-5
0.00022317988082690143
0.0001712701777114023
0.00011127634147799909
-0.0003537519441098036
-4.701058348800802e-6
0.00014092499889680615
0.00020855720673600142
-0.00021586724540090252
5.171131420379782e-5
0.0002206716443756973
-0.0002941485889845011
0.0002244451571680947
-0.0004215212764372006
0.0004055550655804041
0.00013136582106570288
0.00046247796051580164
0.00017096336686620028
0.00035172667970129884
0.00010077767530460024
0.00045795500839489883
-0.0001351137384096035
-0.00012504380260870002
-1.733674599859597e-5
0.00020984495679360338
0.0002227716940761959
0.00017599588483190043
3.0526340456700496e-5
0.0002801423050960983
1.3129158044397626e-5
0.00017873198804859575
-3.1673109209956474e-6
0.00017879169159590313
0.000321073556289006
-0.00014535955740969941
-0.00020798307459039822
0.00018749098834400235
9.901419871750222e-5
0.00010936644796260414
-6.927071434429527e-5
0.000529489356113598
5.829059180269963e-5
5.792194914529952e-5
0.00010073678642340267
0.000498654092931497
0.00013795107575970134
1.0412526278494316e-5
-0.00013203773496769933
0.0004043671863205936
9.919962486650002e-5
0.00031800001556800406
0.00022861845413919835
-0.00023006986840919813
0.00033078822266340013
8.924384324539986e-5
5.111273413720141e-5
-0.0001573520501445963
7.986889011209891e-5
0.00013877663672810098
-0.00018033520730229707
0.00022558099269569948
6.305653254949639e-5
2.2020271228800903e-5
1.382255751389977e-5
-0.0001639805579626008
0.00016052790216680018
0.00020200811959179832
4.385282330099383e-6
-0.0001447651216536991
0.0003544719478230998
0.0002609214766807963
0.00012002592467479783
0.00021963789565999925
-0.00012992187482550183
7.479880111700005e-5
0.0001336669051663006
-0.00025679834266230384
0.00011115190526360397
0.00022928216483469877
0.00012102242981999745
-0.00011259623619919862
0.0001367498831792019
0.0003006479339039969
-9.894231918450291e-5
0.0002710977470232051
0.00014219915277620399
-0.00012736086461960505
-0.00012400375366639765
0.00012274172270470424
0.0004282963316043012
-0.0001599050013794054
0.0003089263866698985
0.0001385636538951962
-0.0002896998505409962
-6.813825132630236e-5
8.463639854810329e-5
-0.00018701526090390136
0.000443000553266501
0.00013897193087240162
0.0005545478814448015
0.00024428895975919795
4.6256657554005765e-5
2.661297354340092e-5
-0.00020804981499500386
-0.00011737422791220642
8.72988323342011e-5
1.9042137595397246e-5
0.0005189053828243001
2.2887219442900564e-5
0.000409717407014204
0.0001483967443782
-2.4960884471902922e-5
-0.0002464242071374967
-5.356762785250352e-5
-0.00011171903866819682
-5.557189236976567e-7
0.00011548591836339772
0.0001311369906311019
-2.461564743080208e-5
0.00029375915756980203
-0.0001621785521154981
0.0004061916958032971
-0.0002225421879895953
0.00018015751296979882
0.00024666864832709884
-0.00012284999085169362
0.00020589151453229843
-5.093120301149362e-5
-3.249317975220073e-5
1.652476863699126e-6
0.0002689220611014967
0.0002513283169693001
0.0003955176982068029
1.8200168877498257e-5
0.00016842504934160007
0.00010585231364090147
0.0002476584887975003
0.00027511544845540414
-0.00019542539530449654
1.5640987834797393e-5
-0.00011060181084560083
0.00028667714216100426
-0.00037768678139779577
0.0001238545498217017
5.243029467895399e-6
-4.678626941629488e-5
-0.00011042680044069664
0.00035493759381340084
-0.00018766302661729628
-9.321183053970228e-5
0.00011324070538269726
8.043668859510078e-5
0.00013490766765369977
0.00037336019278120386
0.00038715412472010297
2.288901477799643e-5
-6.558741779149474e-5
0.00010206757833110258
0.00034825881642320394
0.00016687196326710396
2.998613817780521e-5
0.00022536468880200028
0.00013150895470020324
0.00027773368577559826
-0.00029871985659229994
0.00031311545448600014
-4.4053710826004455e-5
0.00014678321332430022
0.0002655270298684981
0.0002785315757318982
-0.0001130161696598006
-0.00011234588411589835
0.000273280181713402
0.0006701981067016999
8.754123779300405e-5
0.00038077810521700006
0.00028724328456439935
0.00023637209156340128
-0.000108275584929797
0.00012819575479659784
5.3849488650600796e-5
-0.00011832528596459474
0.00030600657599050285
-0.00023496352298510437
-0.00031120270311799786
-0.00027115507035310044
-0.00011698297764999727
0.00019099713757209785
0.00044805371822820295
0.00018262513654419832
-6.569520969779835e-5
-8.95729041655996e-5
4.1396174650501494e-5
-5.54108411700005e-5
-4.700386740439516e-5
-0.00043773569863660156
-4.912448025579802e-5
0.0003107683979141976
1.4896668020999981e-5
7.124986595939686e-5
-0.00017791768676689995
0.0002502605745858949
-0.00030573030737820334
7.414969691989931e-5
8.072216397479737e-5
9.957105442590097e-5
7.605980403430079e-5
6.041116753319892e-5
-0.00012267678205069715
