0.0030121488680081993
0.002611999086771101
0.002667829729623098
0.0030730908045816
0.003485093035138498
0.003971392821513001
0.0028505596228791015
0.0027369456995397015
0.003868521101281802
0.0026962681572786015
0.0019776460519618996
0.002140645243197299
0.0037256158129639998
0.002386808769767001
0.003277476623330902
0.0031097218834909013
0.002617710524020999
0.003229952623392301
0.0026612511133283015
0.0025802854576878996
0.0035752638853716982
0.0026860695900135997
0.0029188804295552997
0.0029604816875322022
0.0028288616736476986
0.0041770112645137004
0.003418518474672297
0.0032461508844871985
0.0029717342653022977
0.002650728442491198
0.002562075799992
0.003021938210548303
0.0034330219716253996
0.003170006093841299
0.002631134833141799
0.0030476200082289982
0.0027159629899797012
0.002361170730108199
0.0034971251070711994
0.0024618603667100995
0.002940304624169901
0.0024661759119445
0.002513477573468398
0.0021091439049440996
0.0020659840200939993
0.0031413074582947002
0.002445502471755498
0.0028892363766673985
0.002655030000005998
0.0032867762531185
0.0030570742381953973
0.002748603060389501
0.0027143684347763
0.0023621217756443977
0.0022981728387577
0.002693583539427502
0.0027051916976946998
0.002868744919060001
0.002515518566756001
0.0028708577166315988
0.002912442340437603
0.0034032881882114993
0.0031776646969411994
0.0028225634243205996
0.0023138286688664
0.002663775131459
0.0033072655278331003
0.0024228658807833
0.0029310274749387993
0.0028073020188093024
0.002489611665886699
0.002296096546481302
0.0025975340833389975
0.001993262109449702
0.0024958487677320985
0.002611108927414802
0.0026705258630140005
0.0035077570968198996
0.002617046100415601
0.002532757656778302
0.003387882211622499
0.002306228371067899
0.0024374222630073987
0.0038788498064921996
0.0028457224900305007
0.002751566574003498
0.0027255149889794973
0.002561227783662398
0.0029052098900900977
0.0036578411519467974
0.0032294822826908973
0.003157439459873998
0.0033074574232474993
0.0024888493880783
0.002328189054906102
0.0023264128955815012
0.0029304515783886986
0.0035515630114092006
0.003423398593107599
0.0024357601237934012
0.0028073918034491017
0.003313039850238002
0.002951403180155899
0.003021146511594599
0.002820124107700602
0.0030473476567626986
0.002873608198431101
0.0026175430818637
0.002494308197495399
0.0026182313985991974
0.0027101534036338
0.0024944509289596996
0.0022723428961091002
0.002762114445778001
0.0031527107305320996
0.002735153785059799
0.0029451178090905
0.0024384892967518994
0.0028932434990996993
0.002935354024809999
0.0025965540824412006
0.0024864031241225992
0.002988182469698397
0.0023350532548372
0.0035975384076427017
0.0033125357736180014
0.0031531028312316994
0.0025754031387633
0.002501180586004799
0.0023501096042426
0.0023537252911231994
0.0030659515244710993
0.002357417089108499
0.0030391315969479013
0.0033737296716218994
0.003205531736905399
0.0024207987023628016
0.0030533879707568996
0.0027814921018801016
0.0025687970964145997
0.0026216630344162023
0.0022544683422565
0.0041867342576924
0.0027247784509393976
0.0030338469887837005
0.0031038863013412993
0.0028876296748029003
0.0024162610773148
0.0032242974706038
0.0025742863812948
0.0029824701167592005
0.0028880822061494033
0.002899897912522001
0.002952856729004298
0.0029976759104987996
0.002232448174774901
0.003439913475395299
0.002506153656542401
0.002835353716792499
0.0023850793174170007
0.0029922944759335005
0.002218021627921802
0.0030224884446169997
0.0029806275526269993
0.0026352857393627006
0.002352186043613501
0.003005987058380802
0.0034045115972732992
0.0032916537164785
0.0026198606884170993
0.0030595984917396006
0.002576287960272601
0.0021977025158789014
0.0030978008489262986
0.0028645586429780004
0.0032297043749952986
0.002362811168348602
0.003134576119839
0.003436888595426197
0.002569275990794602
0.0029977811005965985
0.0040875601672734005
0.0024524147715013003
0.0026053350019348
0.0031589906130291
0.002791675019498698
0.0030517522422053023
0.0023306073046044026
0.0028028820759081995
0.0023224407706431
0.0029013054815824994
0.0032897537111179
0.002417920485057897
0.0024573013377291
0.0024799441600110023
0.0028454821894253017
0.002715701508855299
0.0027398922126442987
0.0024822675259916008
0.003520705508801701
0.0038325337799614
0.002649901884283299
0.0024421893595526004
0.002667718377391
0.0035357688936537013
0.002276125345281401
0.0025186144168448006
0.002185447629412602
0.002667608000078401
0.0024522534847121018
0.0027329452239636016
0.0025016334386227003
0.003437855237739297
0.003032245492532698
0.002495620474027703
0.0023689087471984
0.0028809076720898996
0.0026606064322468002
0.0028028128457250993
0.0029115505474431
0.0029989675954711983
0.0027615309652663997
0.0033791916441290974
0.001982538189923201
0.0028497453582472
0.0024137488392983013
0.0025963489960427015
0.0022989082616097015
0.0026400870803831022
0.0027559261524854016
0.0028007838658952004
0.003814008872827901
0.0030279467465977004
0.0031769445179007025
0.0022020157583193985
0.0025579452904347967
0.002538330168630497
0.0036131025564797997
0.0024180172235567024
0.0034789044225165995
0.0028592895536409015
0.0027206092593065993
0.0030887416223273
0.0024211032716571004
0.0027156637691873008
0.002158725231469403
0.0023484730483807996
0.0025984027237767014
0.003357437331195298
0.0033271578149168014
0.0033502767211703
0.0034645266067493997
0.0024971892769822986
0.0030353379281957
0.0025960268839972968
0.0034044943607138
0.0024725849596582
0.0031278182969282017
0.003229341785850798
0.003460282487812598
0.0024466120314791014
0.0020285904117854983
0.003003018916640201
0.0027942391665983987
0.0021988670438725967
0.0027794744909116
0.0023140465480547025
0.0029671152243962995
0.0030328661447737992
0.002934478002308099
0.002407085236728803
0.0025143304810102997
0.0026406003928217993
0.0021301388664791004
0.002716832728303
0.0027755131766963002
0.0024414767555879027
0.002657124066849398
0.0026782156537068016
0.0029624014861133023
0.002625203002143601
0.002899105871482798
0.0027208494856014002
0.0022854480761968984
0.0025640652755830017
0.0033668370473774016
0.0025667824793387008
0.0023161026723565008
0.0034479230047276023
0.0025767990939980986
0.0029154048259265007
0.0026272576219718985
0.0029983721829085
0.0027163509925953004
0.0025954195815566967
0.0034137987154577026
0.0028237707823596005
0.0030361581195901995
0.0029351261485205983
0.0032542087457351
0.0026984466456216986
0.003494173566718002
0.0025011816111755007
0.002813220273783803
0.0029350992624015
0.002890430086665098
0.0031101095520901997
0.0023215955316269014
0.0033381656690197985
0.002622747400181598
0.002752286538288299
0.0022894620944666003
0.0023264565007408006
0.0029125345205434985
0.002442078910732698
0.002790967112974701
0.0023831019732734014
0.0021389904738351
0.0025199805874293983
0.0034312481223530006
0.002756441575379902
0.0026896784341072996
0.002882847399275898
0.0026384351658043995
0.0032238970519934997
0.0026021624485980006
0.003008915823887501
0.002743360800977101
0.002745230086640401
0.0030199033950205
0.002779665686364601
0.0026295770100310013
0.002610117434872699
0.0033365130888328015
0.0026902797816260003
0.0025515860821180986
0.002489369687585199
0.002503005299336898
0.0026824501374208
0.0025700184164567028
0.0023422074255551005
0.0026617260933030004
0.0026829151807643004
0.0031174897635966974
0.002505261551558998
0.0039789167793533
0.0027433662789217994
0.0029029457582479996
0.0027064534061823006
0.002467147863777202
0.0030524832768588986
0.0026760349008205994
0.0026565842369052003
0.0028868875740066004
0.0023652894964534994
0.0023700488614721987
0.002484450324778103
0.0030456106738214993
0.0024566055007702
0.0028473183372557005
0.0032284988818662014
0.003330723209679202
0.002614788705000301
0.0028386302584646993
0.0029250881489721013
0.002383880553844399
0.0021335588040041
0.002445183546571701
0.002807440637085299
0.0027687558246065995
0.0030433136472723006
0.0030942311430232003
0.0027767358859682005
0.0028387687916553994
0.0027032190782738004
0.0020185640964431976
0.0028661369494153016
0.002765010450623301
0.0028919588476489996
0.0026169160681582017
0.0033077571588258983
0.0020913373409266016
0.003340059285713501
0.002713141838871197
0.0030805047845648
0.0030245895939814
0.003317739561363702
0.0041255922294072996
0.0037916056447127
0.0021980705224620006
0.0032958084423917004
0.0033361888188094997
0.002109684732222901
0.0022606873934038
0.0024212600878411976
0.002181118179695702
0.0027827191331062998
0.0035742895857510983
0.0029726147870186986
0.002720557593498301
0.0032817189363844
0.0035657751646604
0.0029424797703037006
0.002728393657682498
0.0024186502243940984
0.0026295120734928998
0.0031987477446473976
0.003221570568961902
0.002684458974393903
0.0035367492241405
0.0029623859196193994
0.002433574766958501
0.0020983636484097
0.0029094692639706973
0.0023389734970722005
0.0025368244979979
0.0025801273966664026
0.0030452942095162
0.0029973432796912003
0.0023053967137493005
0.002797051397761499
0.0022343612088345996
0.002709356777371101
0.002970406083845297
0.0023248193702802983
0.0026352403759433013
0.0026789991210041976
0.002609716919265901
0.002302429137011501
0.0024139065263514004
0.002749532472548801
0.002502376689677701
0.002701602511791301
0.0033220384057123
0.0029867853141621013
0.0029619682744489
0.0027400752666832014
0.0029800827632653
0.0037567308490223
0.0020869325212078994
0.0025373801609587
0.0026487422514578987
0.0024985351011294968
0.0027541400753624996
0.002340810963608199
0.0023894028979900006
0.002868474631344299
0.0026698891791676997
0.0034072756244527998
0.003260291015396901
0.0024383520567844985
0.0031031153717621003
0.0029318250187795013
0.0023402635695335995
0.0034796304185634
0.0023737736795295984
0.002748061167048302
0.003162851592474699
0.0024535619945283
0.0030411184967975013
0.002795028976339299
0.0027670899104494003
0.0030802202795767
0.0026961746355401994
0.002235457102795501
0.003534603158744199
0.0028061547579013996
0.0027549650339544
0.0023225150280082006
0.0022691581155489977
0.0027715159025683
0.002639706930702701
0.0029605922071900027
0.0025566328536146994
0.0022253611707360003
0.0020056749223386003
0.0034276695041143
0.002673672984987
0.0032512390975381993
0.003429829373198502
0.002318038884580799
0.002481713783098999
0.0035349062276091026
0.003121643233287199
0.0028227322697733995
0.003447456644024103
0.0036207103326624003
0.002622147969668899
0.0024824139551326008
0.002152576053276501
0.0029416146108577
0.0023479158985435997
0.0027992006213344994
0.0027445441244311995
0.0029007413579944
0.0030327470919540994
0.0029190845116723006
0.0027674828059688975
0.003019337665030101
0.002649915184985901
0.0033289645900557996
0.0024946980180869
0.002603786352722501
0.002701539904055101
0.0025231954960668983
0.002218507367331101
0.0026591906503605003
0.0043174281694689995
0.0028688466474165
0.0029878508794999002
0.0031666016625091983
0.0030289114463840014
0.002481713712033297
0.002373082679217601
0.0024522364505949017
0.0029987356939661994
0.0027969065365316993
0.0024031624081947006
0.0021913277111834002
0.0029350841771215996
0.0024356429396608995
0.0027206263544166005
0.002776242693177798
0.0025092713120847994
0.0028749357039022996
0.0025404358731186995
0.0027497068417267
0.002264416410397402
0.002807423734218901
0.0031726090834438975
0.002985769472882399
0.002505134938105901
0.0022255050747912
0.0030063885279175
0.0022067226766868016
0.0024175844738603992
0.0022560517225290004
0.0029497572411570014
0.0032484635897172993
0.0027699802656886985
0.0031440115935445004
0.0033149244509274034
0.0027007615932132002
0.003822969783712899
0.0026966348631888015
0.0029723078246635982
0.0026744276140203
0.0034868605870385996
0.002876395094353997
0.0032344434549267005
0.0023517144898864972
0.0030666171270367984
0.0030240070532342005
0.0030815538491007002
0.0034014263443223995
0.002958373047314302
0.0029542618064122006
0.002479763189024601
0.002512441939798899
0.0022224917370405987
0.003236740992695098
0.002234179835738797
0.0026246963842293976
0.002842509511000499
0.002298551173160499
0.0030760494705816994
0.0026670768362678995
0.0026865988634866
0.003731990995554803
0.0028365533372764
0.0026030759405815986
0.0027492450419282013
0.002818955987108601
0.0022552134477993
0.0028604546955532002
0.002477553077416799
0.0021602910233729025
0.002643643588959299
0.0028281286133300977
0.0025727610858126
0.003271427606734
0.0022781319298904
0.0029038936197939985
0.0022669617655518004
0.002236166229140999
0.0026389801475782022
0.002548636542400902
0.002618700137447399
0.0022857666454925013
0.002630134957350202
0.0027791126946533976
0.0029787907216491
0.0023340565171877
0.002476039068194897
0.003499579621295299
0.0030407107813339024
0.0028833819322566998
0.0031357012583500994
0.0029628930411905972
0.0024603516835327993
0.003044048716463202
0.0031183959602353005
0.002819739893463801
0.0036281718145661987
0.002603580666445098
0.0024097344934981
0.0022583534294421982
0.0032673752584268002
0.0029301703922758986
0.0027996143129813966
0.002688957409115199
0.003561532723806899
0.0029734120030926008
0.0026438393350672017
0.0033738274818187995
0.0031253148222794014
0.0026866918294308
0.0028474632715745005
0.0029667091966586005
0.0024418882344060984
0.0034683690369041002
0.003420081590185399
0.002164820301125501
0.003170331430142597
0.0026285712154165003
0.0024236521423549005
0.0032968576627956
0.0033316748323642016
0.0027461061915936003
0.003155107799902298
0.0023606226874501
0.0029923345671734013
0.0033255323872707007
0.0025895212562513995
0.002323012247719001
0.0029312386337900023
0.0031136277956308016
0.002778098831952
0.002544324519143
0.0025179418465426998
0.0028307180248576015
0.003048932642013301
0.0035804980715570985
0.0027596645376999976
0.0026450316801829993
0.002540208538300698
0.0024397591080575
0.002613801245276999
0.0032922790296316985
0.0031686855886106993
0.0022392494702121006
0.002297786674511599
0.0028073575537880015
0.0028466710528946976
0.0025088474671586987
0.002189909192162002
0.002857454251865999
0.002470493321735802
0.002843588091972802
0.003109098297945402
0.002552979144737899
0.0027621745446726985
0.002587266196350399
0.0025486682916908004
0.002273430118365498
0.0036710516508616994
0.0021529743761051004
0.002310767762825499
0.0025663597998355006
0.002840323834012101
0.002619041240031598
0.0024084770715821005
0.003738981699695599
0.0033202341069801973
0.0027160085697733004
0.0026288969064684996
0.0034924081552830007
0.0026754214353518976
0.0031876040373213996
0.002432437410783101
0.0030765114726427
0.0030465801077478004
0.0027933668662791997
0.002437083012493301
0.0028163848577030005
0.0027190541477243
0.003418970807010497
0.0027731308290024
0.0030404103049593983
0.003082125977110002
0.0032439117255885982
0.003514089355747499
0.0027584073487192003
0.0024076690764673996
0.0023586855864229997
0.003090937080732801
0.0025626833772569996
0.0021949830330538003
0.0032859536809411
0.0025089466171656014
0.0022349964414802997
0.0028849303709386973
0.0027378377307989976
0.001968445426583299
0.0025538111464564993
0.002977347317800697
0.002305767742065902
0.0026892064444654015
0.0030543933508761015
0.0024061056651766
0.0035276082105586
0.002537476590380002
0.0024090966685859985
0.0020251571227919984
0.002629400531015399
0.002586082728637102
0.0033636796487458986
0.0029852121636705017
0.0028844641334138006
0.0028813124716966995
0.0035259213622395973
0.003057728385333202
0.0025657397339898004
0.002956426475856099
0.0030272046438478
0.0027779662671216995
0.003758351285355798
0.0026548123748372995
0.003182484604101799
0.002529397427454401
0.0027728696264694985
0.0025536031770193
0.003164332982451501
0.0025812884463821996
0.0025374434493221007
0.0026549999890836014
0.0031197606674030973
0.0028720795208703014
0.002649160402587898
0.0033053067385521023
0.0025530366686799984
0.0029445071956384003
0.0037672253238110014
0.003414377423034999
0.003654766851237501
0.002745883248084998
0.0037915735065735985
0.0023953494493712015
0.002338099025047502
0.002666421195509
0.002346323398557299
0.0030216453918639995
0.002573923081210301
0.0025685091535560985
0.0027537191702487994
0.0026153945455672997
0.0027805199597113993
0.0033259866787828003
0.0027394106736831
0.0026835694703768002
0.0026961026975340988
0.0028292146289439976
0.0027900935611769005
0.0024125989122445006
0.0025376199664020015
0.002869948313632801
0.0026966981619281002
0.0032419760158768005
0.0034281991173454006
0.003150861961677298
0.002377808439451099
0.0025276698397765987
0.0028931756371291008
0.002226722580051698
0.0025127260109039026
0.003002551110699799
0.002856861926190099
0.0031044016498094004
0.002569993994494299
0.003235868215709998
0.0023960780689167988
0.0029829838635678993
0.0025272097130659005
0.003098708467247
0.0026640598551239993
0.0027974556487346987
0.0026285594159888015
0.002878237946474599
0.002978134643814599
0.0029827097613695994
0.0029529539045146
0.0024669013892411017
0.002810713464252497
0.0027356771314344004
0.0019993411649701018
0.002403394818435701
0.0022683964732458026
0.0029689933635662982
0.0029929391632177
0.002947897872490099
0.0029478591963160994
0.0027195649925990974
0.0021466959406290023
0.0030772366778593005
0.0031891329359913026
0.0032713988476802992
0.002931320968424401
0.003737777973044802
0.002612344374454699
0.0026892130157033026
0.0026072842474430015
0.0023764515594669987
0.0031871162187518016
0.0030561460829419997
0.0023103794451726986
0.003099865232051
0.0024839423132053014
0.002593270300578498
0.0034878168998399017
0.0033797093691803025
0.0030336698381638987
0.0026632011071353982
0.0039322916846576995
0.0027969697405951996
0.0027403155925531004
0.0024912445993647003
0.002501908934428098
0.003304876325183701
0.0028961412715610008
0.0022001974842403987
0.0025153099886760025
0.002353547349929201
0.002376409337212001
0.0040219210023723015
0.002776000610292498
0.0030274960672382993
0.0023539399610597
0.002043658012126401
0.0023768304807892
0.0034640499749293008
0.0029123277789621996
0.0029379403572969975
0.0029139790712789
0.0025106836342778
0.003026509185559901
0.0028587244215826993
0.0030081416587236995
0.002485073584807599
0.003019532890404998
0.003531980777382898
0.002507043139398299
0.0030375136485624003
0.0032146516685031025
0.002506399273263002
0.0024503435361035997
0.002369523474711501
0.0028639095004865008
0.0028031393541921995
0.002136075473498998
0.002759164203871598
0.002588783186356299
0.0036672472713856
0.0028295172690956
0.002853344185675899
0.0023423599077480005
0.002502987472305599
0.002442923540988299
0.0032073757134033973
0.0025255709647902004
0.002778289517030498
0.003170125614010401
0.0029260199184708985
0.0029600674531582993
0.003123832929487997
0.0036567445686378
0.0026042040914217995
0.003119464182749998
0.0024828426329618
0.0025389812771843996
0.0027787996211007977
0.0023649147440321996
0.0023260018040280987
0.003914263597231599
0.0034671677415988034
0.0029493652898706993
0.0035577295585496986
0.002371179394983502
0.0023830476385402026
0.0025695924307708
0.002826507580574001
0.0028795222033120016
0.0027496633348257984
0.0027529916974498997
0.0027679248881389007
0.0028018743541218007
0.002747617284651803
0.0032679421761602004
0.0030504516213782015
0.0034109369631275983
0.0028841002102441005
0.0024134828092968012
0.0025849458159455975
0.002496072315851
0.002014512211376999
0.0031768602621015003
0.003063954797667603
0.002764010151487001
0.002730556015599097
0.0028936688622324992
0.002721549940048102
0.0025471644325250967
0.0025249067595859986
0.002234174631054603
0.0026390042860973996
0.003614664041707301
0.0028439259429214984
