-5.204271997301391e-6
8.510665422100869e-6
-1.0399070500544116e-8
-2.0223442496001415e-6
-6.396401681900074e-6
-7.597146123800372e-6
-3.6387218510999797e-6
-3.1209726253991765e-6
-3.6664531855995497e-6
2.580453190801149e-6
6.137779410199384e-6
-8.783277880298687e-6
-4.524025093698494e-6
9.135544441299728e-6
-2.8965581822994885e-6
3.27789460999664e-7
1.0329543161500046e-5
-8.304978519000847e-6
-3.2290753627997604e-6
-8.092475365997776e-7
4.979966806699376e-6
3.682941288100927e-6
7.93793781459981e-6
1.0669419060992114e-6
2.8724262441000292e-6
-6.572753585098665e-6
-3.221937820013787e-8
2.7829353317007643e-6
6.9433753467004755e-6
8.794232105001354e-7
6.748673292995139e-7
3.687186188599742e-6
-1.5871865450996225e-6
8.68225786200029e-6
-6.083225593899941e-6
4.4433871389942814e-7
1.15812545369888e-6
4.495569191999282e-6
-1.9574095395987617e-6
-1.6918977476989422e-6
-7.192961260700861e-6
-8.594449558699951e-6
7.921617257999197e-6
3.209204662001433e-6
-4.786503266299841e-6
-3.874559773900041e-6
3.5678479629007442e-6
-6.891134161010615e-7
-6.025345235995822e-7
-5.515108883901235e-6
-9.107712544004221e-7
-6.672849586599958e-6
3.2462904742004e-6
-5.933322250999823e-6
1.2073926085008624e-6
-1.6394430054997994e-6
2.780502269600013e-6
-4.656656529600234e-6
-5.1179874268995895e-6
3.401501939599358e-6
5.195176693799722e-6
-1.0740016070064085e-7
-4.094911151501096e-6
2.8857052811002287e-6
-8.982749391898623e-6
-6.022939966500093e-6
-7.610868662398865e-6
-2.0788636741000954e-6
1.6138731200390777e-8
-1.3712077029902348e-7
6.888512811300401e-6
-3.203394080100383e-6
4.274055778200059e-6
4.012828844499397e-6
1.1797335016001942e-6
-1.9272888676005046e-6
-1.4697865179970349e-7
-2.950770658000784e-6
-4.4706878248000625e-6
5.776298034899582e-6
-2.6315908629014756e-6
-4.6638991792000845e-6
3.6751389571997722e-6
8.29187608149956e-6
1.6768273616001722e-6
-6.8807051238992806e-6
4.416341779200569e-6
-4.355825668300381e-6
1.8236712988999038e-6
-3.5748487603997486e-6
2.394878158300598e-6
3.53862050909981e-6
-1.2673344765299147e-5
-7.470628754099873e-6
-1.4034792381999867e-6
-7.753575047600783e-6
5.394105181700734e-6
-6.401889154000057e-6
1.048948106320037e-5
-6.4649230902009275e-6
1.4882754734001774e-6
-6.089434506200905e-6
1.3120937731002369e-6
5.293127845399162e-6
2.749793964199748e-6
-2.0703301843987693e-6
4.183281810199793e-6
1.9667801490035053e-7
-4.3816228125995865e-6
-3.7062680543001325e-6
7.107881462003335e-7
-4.159684904100555e-6
-8.879943295099849e-6
-3.971326011700457e-6
5.103559286298923e-6
-5.02381786510013e-6
-1.6191194625002348e-6
4.999576399000033e-6
-3.1903213616995413e-6
-3.9925362974990025e-6
3.125465031599689e-6
-2.448788199004709e-7
1.0093707997999718e-5
6.132426247699302e-6
-5.986512923994436e-7
1.9239065460023574e-7
-5.139394506000275e-6
-2.588927110200659e-6
-6.105103448799179e-6
7.448711462399588e-6
2.9886182237003067e-6
2.1896920460000302e-7
-6.956845647002746e-7
3.6769222008011665e-6
8.58097235599195e-7
7.048072217200052e-6
6.434196828900007e-6
-1.7013347614995566e-6
-3.6327526371990326e-6
-3.3909044947003086e-6
-8.52155894400658e-7
2.81437071401186e-7
4.203361724798918e-6
-4.094400428799119e-6
5.670009177699553e-6
-1.364341627200713e-6
-1.1077093169976904e-7
-8.717901919698748e-6
-6.618290717399708e-6
-3.558996252600241e-6
3.7360015918003198e-6
-2.23455566259953e-6
-6.738019903499912e-6
-7.308502428006458e-7
-9.100930517799699e-6
9.878586356900157e-6
5.896805853699769e-6
-3.091033140098509e-6
4.773503005000082e-6
4.252177383900699e-6
-5.246679417699601e-6
3.577371688099837e-6
-3.366788476498808e-6
-5.470415560801523e-6
-3.1487105912001573e-6
-9.019533949600547e-6
1.5463058183999567e-6
-9.721040742101394e-6
-3.18356272500063e-6
-7.894342814599234e-6
-1.3207573999005767e-6
4.82960252569907e-6
-2.473024967499654e-6
-2.7942029841004218e-6
1.9404500244003114e-6
-1.640937627400002e-6
1.7157066298928436e-8
-3.708546731599066e-6
-7.1843162633006274e-6
4.725638324199616e-6
-9.478635698001447e-7
-2.8196038136998197e-6
-2.9850484400094357e-7
8.347540773100473e-6
4.917641626300817e-6
-4.321075022600818e-6
1.286260249498683e-6
-3.615610706005079e-7
-2.937673125300022e-6
-8.57506375049992e-6
-9.437334929016106e-7
