0.0217805513469663
0.0217441161060877
0.0220431923380965
0.0218764015154181
0.0216606092488557
0.0218302319118367
0.0215190171453962
0.0216719153356051
0.0219647148759498
0.0218932988768957
0.0216383970243514
0.0219633767683689
0.0216770504476113
0.0216923508772341
0.0220044912770505
0.0217961906979019
0.021653127257865
0.0214368374076625
0.0221135467704273
0.0216357421034976
0.0219866052161335
0.0215859340216346
0.0217883765814094
0.02191432736823
0.0219243835335638
0.0215445637759109
0.0217926316640546
0.0218593114919645
0.021790344081239
0.0220566547086254
0.021967711416052
0.0216315293282984
0.021621888753683
0.0216917133089344
0.021715555557775
0.0219010349501555
0.0217947789386832
0.0221439637437713
0.0217654896608599
0.0217560831574729
0.0219419905696367
0.0219746090744183
0.0217934936649187
0.0218939779202225
0.0218296058214511
0.0217171116819033
0.0216562872187565
0.0213822960268977
0.0215547103394691
0.0218324788501062
0.0220356889656972
0.0216617557539484
0.0213619814485274
0.0216698568879516
0.0217527966489528
0.0215923967850861
0.0220498879071244
0.0216986159158173
0.021924854444274
0.0218822878203209
0.0218789520248641
0.021858469555586
0.0217788977801405
0.0220266944556426
0.0219037402158999
0.0215263206588826
0.0218997648514901
0.0216096510511802
0.0218554661125078
0.0213955160910153
0.0217349744942935
0.0216946505089808
0.0218882133022795
0.0216144635555913
0.0216773748701367
0.0218397824030761
0.0219191088896051
0.0216935102614396
0.0216980829381485
0.0216092082165847
0.021748551094816
0.0219617793004376
0.0220495918189836
0.0215561278318821
0.0219718209071736
0.0218865308034874
0.0218522438952786
0.0220275472206084
0.021797112550523
0.0216111894447733
0.0219995233962957
0.0217031725137915
0.0220574428954354
0.0219173979581753
0.0215955771665554
0.0220041415169504
0.021456740061854
0.0218926520595177
0.0219634690689678
0.0219488553685127
0.0217206375528582
0.022019198781756
0.0216039408941966
0.0221334663731694
0.0217450156732301
0.0218014224604637
0.0218917850035341
0.02165867291127
0.0217182160108255
0.0216374769333505
0.0216967062096267
0.0218098219845724
0.0218156782932797
0.0214550813907122
0.0219690385230917
0.0219631526803022
0.022081598796825
0.0217156951360464
0.0218935766405501
0.0217772465351511
0.0216129624469926
0.0216762634152979
0.0217837948367709
0.0216963949754235
0.0217945273545988
0.021743999974165
0.0215683139737856
0.0215464009566835
0.0220223399711096
0.0218154634569128
0.0220072460741529
0.0216691509689041
0.0216177295614011
0.0221277551329366
0.02168095880476
0.0219380651066808
0.0219480805425431
0.0219623835882229
0.0218139715251006
0.0219465448932051
0.0217744797947495
0.0215807225728771
0.0217380211002219
0.0215884493316181
0.0219129502659307
0.0218407308027228
0.0214517566803671
0.0217272124492019
0.0217676123499435
0.0218316750305045
0.0219024856521968
0.0221382949237547
0.0217407721166694
0.0219041120493608
0.0217279506857433
0.0217328406853973
0.0220695105705826
0.0216907985728743
0.0217740833543084
0.0218988339291384
0.0218018216168632
0.021825071689633
0.021516863040328
0.0216406240965858
0.021571363036269
0.0218730008858943
0.0217951236784731
0.0219867198788729
0.0218586590081814
0.0216016948672035
0.0216722891159308
0.0216451317263809
0.0216086009248582
0.0219317370227701
0.0218831853114205
0.0216683299159878
0.0219317700173711
0.0220477609415036
0.0216299056427966
0.0216502332899517
0.0214887037004527
0.0218388285563014
0.02178482154528
0.0217300825646094
0.0217330011885481
0.0217665672326772
0.0218766427612881
0.0219372862300258
0.0218796239341793
0.0217106633059081
0.0219808841481765
0.0217708438847383
0.0216544608774698
0.0217819719914613
0.0220205843261996
0.0218462155586697
0.0218191707940033
0.0217533848880744
0.021763186425532
0.0215655140383563
0.0215954570795235
0.0217719453794598
0.0218024891058309
0.021622814116505
0.0218273527305268
0.0219579368339102
0.0216510565458707
0.021749243298193
0.0217452889155135
0.0216827368415814
0.0216775927805406
0.0217587150806171
0.0219375202267305
0.0216139010763903
0.0217636385134657
0.0216513315025883
0.0217799895365041
0.0218119158322774
0.0218226110425303
0.0215612945620575
0.0219542767345522
0.0216810756757298
0.0217385725346146
0.0219885804885287
0.0216915698798185
0.0219165509976104
0.0217493762744689
0.0217032460894484
0.0220624969061676
0.0216331716814021
0.0219146132266855
0.0216693228696895
0.0219972020760121
0.0219798902685954
0.0215937464350662
0.021843740033428
0.0220627481204878
0.0217428035207025
0.0216846624752544
0.0220042603125499
0.0215721688202893
0.0218380678199145
0.0216860449145286
0.0219154483910695
0.0219559259635077
0.0218796013554561
0.0218405510358759
0.021994742774133
0.0215412564481105
0.0215682021528456
0.0217429959473075
0.0218940051302359
0.0216138135088486
0.0216150653701955
0.0216492664792605
0.0219796079792245
0.0217029539837608
0.0217260085497069
0.0222936067579104
0.0219366949079194
0.0215944056092151
0.0221463397594609
0.0216586672943813
0.0215978257585379
0.0218480902704806
0.0218689553810369
0.0218687666279015
0.021669575228137
0.0218268889858618
0.0215872309488718
0.0217101677074759
0.0219415047643281
0.0217134548033758
0.0220462143763976
0.0217583769932822
0.0217807360028133
0.021822962935478
0.021955074061987
0.021637685487039
0.0215661943020096
0.0219726505802022
0.0216873895424601
0.0218746135870151
0.0216167853670347
0.0218652106091394
0.021368161894448
0.021725158296438
0.0218015825913835
0.0214721580996407
0.0216066698377558
0.0218345383475522
0.0219167070831518
0.021893538031865
0.0217909418453958
0.0218333803786533
0.0218392136478554
0.0216192253414849
0.0219624918208598
0.0218518228207934
0.0218700891924293
0.0217837362138661
0.021982148871566
0.0215465399623459
0.0217899858188603
0.0216476880332589
0.0217076952878975
0.0217254757196006
0.0217483434380128
0.0213025097272335
0.0216691304554274
0.0216196629359837
0.0217599591399487
0.0218162474942063
0.0221322941548609
0.0215405059344868
0.0221111583893323
0.021631730918091
0.0217076232261206
0.0216607230794708
0.0220648468157292
0.0223270138411768
0.0217518786941254
0.021601462763813
0.0218419476146161
0.0218696428783318
0.0218995703658604
0.0217229180821407
0.0219938788481576
0.0215753078262281
0.0217997791083988
0.0222007975325418
0.021919082881494
0.0218694131688609
0.0217832762218819
0.0217715728100074
0.0217222347427602
0.0217259289438454
0.0218724558060803
0.0218806531283556
0.0216634590236443
0.0217675668287002
0.021695851198881
0.0215853903589311
0.0218849842929945
0.0220611225749395
0.0218395871800054
0.0218085440167953
0.0217860962114194
0.0215983597900002
0.0215748873229817
0.0217168939645557
0.0217596739244563
0.0221248034369676
0.0217214013553345
0.0215019021459767
0.0218418140022355
0.021828895563853
0.0218486597713937
0.0218868485202999
0.0217509098678886
0.0219167332988478
0.0217768814745744
0.0223212040813177
0.0216129888312157
0.022008454484997
0.0220400257615412
0.0217246201389742
0.0220244842200981
0.0215459551329499
0.0217986875825669
0.0217163800130582
0.0220298188535389
0.0220691940342313
0.0218760082596771
0.0214454228562837
0.0216700705175643
0.0216681842192321
0.0222509711716188
0.0215838442350266
0.0217626065422421
0.0218792955334558
0.0219640761180189
0.0220761336038542
0.0217937322476181
0.0216142138604654
0.0216443985963518
0.0218866205161344
0.0217272996088942
0.022033061152319
0.0217776730364202
0.0216585789907991
0.0221407573017579
0.0219916388517502
0.0217961451254089
0.0218812802963501
0.0219219384425296
0.0220440572373952
0.0217306776439226
0.0216630012638973
0.02185835810857
0.0215651719343713
0.0219560011202084
0.0219362472882195
0.0214767958194464
0.0216840515941132
0.0214246389123149
0.0215609386371039
0.0216848839768675
0.0218966886009473
0.0220788210305094
0.0218882750373676
0.0216591585069739
0.021844906901723
0.0218392013482982
0.0215221574294169
0.0219270476118064
0.0217662295656563
0.0216149636317126
0.0217032629465087
0.0217739908943759
0.021720258299085
0.0220091004507789
0.0216340958339987
0.0217650749562642
0.021688973723823
0.0219226017375881
0.0217510795314535
0.0217787130012767
0.0217386731461645
0.021700089627982
0.0220200810237022
0.0217353297151284
0.0218226559606663
0.0217237969232911
0.0217305391161611
0.0216722084640171
0.0216003864218906
0.021820351820164
0.0217257478708837
0.0218511847173584
0.0216490367288585
0.0217645362522828
0.0215430607285342
0.0215071957270231
0.0216442454858573
0.0219019604120915
0.0217126547831848
0.021787704308411
0.0214986264532565
0.0215249465500058
0.0217039401790854
0.0220608395879198
0.0219267960725432
0.0217258705731875
0.0216625890362776
0.0221287216850493
0.0215426452832092
0.0215284207581008
0.021656043946239
0.0220385060258116
0.0218573393260404
0.0218681446914235
0.0217731513963028
0.0216969761958444
0.0217220984691771
0.0218180907999702
0.0220365014023555
0.0218580008807615
0.0218808068501947
0.0220066694797136
0.0215962240490273
0.0217667692652844
0.0218672288830027
0.0215209932469369
0.0218264731766966
0.0220223962248596
0.0216647589657333
0.0217674034459698
0.0219749140720153
0.0218809314718111
0.0220376138496719
0.022124559586172
0.0219659364865214
0.021897700601746
0.0215239717149193
0.0219962012636768
0.0216175394800685
0.0219202842091085
0.0223172195926272
0.0218206717194907
0.0216234237386463
0.0220453392795133
0.021692049666844
0.0216358875223855
0.0217660070245254
0.0218614302588016
0.0219384651706929
0.0216995835678321
0.0216645885438141
0.0218673385603808
0.0216323800663346
0.0216774148780154
0.0217739443969933
0.0218327112874351
0.0219373702944206
0.0218303542926555
0.0219327527286261
0.0217288023592751
0.0216678468672143
0.0218803514318039
0.0219528148011354
0.0217737474800223
0.02184122847237
0.021962115326274
0.0215391952256611
0.0219340560605692
0.0217076827210267
0.0217219448100311
0.0217917106526653
0.021867450125321
0.0216650279074196
0.021697284837583
0.021790144464881
0.0217555204931357
0.0219266809416096
0.021728815846142
0.0217050088243579
0.0219432752715286
0.0217724107301685
0.0217025277228397
0.0217708356732461
0.0216319857885924
0.0217333250657277
0.0217854571903823
0.0218609398437169
0.0216826854753961
0.0219454615638892
0.0220595170368263
0.0215601061888753
0.0218221244850224
0.0220109486508308
0.0216417876017291
0.0217238070365125
0.0216478813925518
0.0220670045503827
0.0217690637266068
0.0218575377678936
0.021990210452966
0.0216926987709453
0.0218421851951185
0.0218817138433927
0.0218565981577899
0.0217102658522182
0.0219337979925187
0.0215893618843017
0.021584446171887
0.0217642851626637
0.0215177278317792
0.0218116363256154
0.0217955873539383
0.0215940578741949
0.0217723979765742
0.0218689009375608
0.021872023300941
0.0218466256681972
0.0219258407383886
0.0220054228873831
0.0216934397858057
0.0218112483514899
0.0217065685958556
0.0216697218717669
0.0217254901930002
0.021775135762865
0.0217425676586994
0.0218057652411655
0.022041504656946
0.0217669694387912
0.0216796464039302
0.0217907701122959
0.0218540789422776
0.0217453007420933
0.0214400338728308
0.0217760944549941
0.0217426742425335
0.021635632010186
0.0215671332426322
0.0218775558816245
0.0218550658739898
0.0217483154226945
0.0217424558861754
0.0218183952948506
0.0218826244868119
0.0214196264630341
0.021695679947277
0.021659804739442
0.0216494092265372
0.0218643892151819
0.0218661127667732
0.0217654157538273
0.0220964343437616
0.0219029378930481
0.0219602027980178
0.0218543395511216
0.0215156279752411
0.0216018953851993
0.0219714109776803
0.0219676122018342
0.0219765231039789
0.0214736432830952
0.0217295205476226
0.0216687002783238
0.0218667145337836
0.0216998175043709
0.0217286800372451
0.0215754460788881
0.0217146422634249
0.02169441183451
0.0218927032151645
0.0218752866122072
0.0221735165961926
0.0219381223065969
0.02170951265199
0.0219043147788978
0.0220002636416529
0.0219559165814677
0.0218364450086828
0.0219618952504555
0.0219861439881001
0.0216680925537787
0.0219039423898423
0.0217033663598092
0.0216503096616413
0.0220787208517649
0.021729595883105
0.0216688909066754
0.0217378902873511
0.0215905009031475
0.0217151321439687
0.0219413995970567
0.0218657802240709
0.0218178646677472
0.0218187416882855
0.0220790180208866
0.0218671670061296
0.0216917814458842
0.0215864203743634
0.0216968872011576
0.021978293195242
0.0217572645960557
0.0215700872726821
0.0216904268814458
0.0216991533171682
0.0218660528908033
0.022086199212387
0.0217488263004067
0.0216830605286553
0.0213147997987562
0.0218053533215709
0.0217621806291763
0.0214910688483522
0.0219840666014144
0.0215966417555788
0.0218395166742952
0.0217039288437183
0.0215634808920049
0.0217797958784836
0.0217145386580121
0.0216614322129234
0.0218535504130686
0.0218881004121856
0.0217782221048415
0.0217096369507601
0.0218469857297094
0.021946627985617
0.0217385828209245
0.0218403743955174
0.021811068671133
0.0218922511341477
0.0219904606865631
0.0216937443924445
0.0219545642285414
0.0214742750349847
0.0215344685282382
0.0216502497303297
0.0218336630445364
0.0216438224783345
0.0215645567831219
0.0217706344033816
0.0215797354260258
0.0215234029096853
0.0217922286663772
0.0217125259987125
0.021731059779644
0.021807810281887
0.0219007295371034
0.0218662487605344
0.0217238137810218
0.021869251022862
0.022230552671943
0.0216576944165468
0.0219738353586227
0.0216797600638895
0.0220524951898404
0.0216042013701408
0.0217053572542671
0.0216547501469901
0.0216222032216489
0.0216541903309629
0.0217278025666304
0.0215482381574289
0.0219393257760008
0.0217432169838329
0.0222633099319299
0.0220212968191122
0.0220135886356185
0.0216279249697743
0.0218316664962801
0.0217062946987562
0.0219458892325198
0.0216172942045198
0.0219450744419698
0.0217601130383185
0.0218607871934444
0.0216374463187942
0.02186457445949
0.0218951623377671
0.0214337506372035
0.0216935782359738
0.0213453182276266
0.0218086329372076
0.021704589727877
0.0217001982529016
0.0217585598365542
0.0218431080161045
0.022131651092106
0.0220161745650693
0.0216975804014639
0.0219827120179409
0.0219508949936193
0.0216772995604623
0.0220686880115283
0.0214234538808957
0.0217304212945912
0.0216366700839007
0.0216407588726139
0.021537011693992
0.0219037804712907
0.021640940388159
0.0215720678787021
0.0218120479479958
0.0215675361505903
0.021707781587847
0.0218357581552827
0.0217479786082728
0.0217704878058645
0.0217320036079016
0.0217961456067982
0.0217011770481912
0.0215344485842276
0.0216593191644142
0.0217382006951813
0.0217707450807868
0.02172138981979
0.0217874053522677
0.0218446790342347
0.021988111692333
0.0217462654100822
0.0217462039137773
0.02176370533712
0.0217439403931307
0.0217086817684064
0.0218125631309137
0.0214794169650163
0.0216609820805859
0.0219501698493227
0.0214721962639977
0.0220279933042825
0.0219217855696752
0.0216837800299168
0.0214866803033715
0.021600526500533
0.0217791062174285
0.0219802371236756
0.0221438832315978
0.0218238705203789
0.0215605177793202
0.0215836636184023
0.0218342762030818
0.0220053570226949
0.0220647526084033
0.021689361626283
0.0217362303934357
0.0217467023341661
0.0216875014403696
0.0218331734478545
0.0217579318967355
0.021684944753536
0.0220590350348025
0.0216339381802586
0.0217155912580831
0.0218828527220915
0.0217428119614595
0.0215967687869489
0.0219582249434332
0.0217789210985104
0.021928422140316
0.0216421085469219
0.0216206554349335
0.0218990804942898
0.0216429353504586
0.0215814176623088
0.021817343272623
0.0217537858633403
0.0220644863108745
0.0216578594146317
0.0218891149701473
0.021513543178345
0.0217312604718225
0.0217489570304341
0.0219218315903937
0.0219182653065041
0.0217346200700752
0.02161944649741
0.0217701454618969
0.0221058134331989
0.0219644174117292
0.0217627087796347
0.021898271060354
0.0219317126576006
0.0219538561321314
0.0217732273760784
0.0218565151463771
0.021839102761038
0.0220711776147686
0.021929326251054
0.0217788863981091
0.021856825705816
0.0217946422356799
0.0217317599325126
0.0218958796508335
0.021774817157504
0.0214183084801417
0.0215038700811853
0.0220189026562339
0.0216289375402426
0.0218596352805687
0.0217813963548503
0.0215847961722209
0.0216129565977154
0.0218956272547542
0.0216689691822838
0.0218569999623458
0.0217910331963555
0.0217045040768607
0.0219499540682159
0.0220215202850905
0.0216413339521742
0.021843612252224
0.0217114524752219
0.0220782290528132
0.0216985660309037
0.0218479058117619
0.0219921622249331
0.0218509386086045
0.0215047329867103
0.0218169143791112
0.0217607191851205
0.0213909834568995
0.0216984472809553
0.0216377080058454
0.0216516171784728
0.0214697901835256
0.0214310393135084
0.0217748479472024
0.0220038369820126
0.0218871270720617
0.0218436930574821
0.0219014234828919
0.0220824758626709
0.0220391727199353
0.0218208581880155
0.0217442380250683
0.0219585962832053
0.0219581604447439
0.0216208516364174
0.0218457933262818
0.0218139137950044
0.0216378384468484
0.0215214515911792
0.0214815792617555
0.0220667993609391
0.0219267995604958
0.0217270212381433
0.0218948287195699
0.0220416546736374
0.0219139095124302
0.0218175997188378
0.0218622211649131
0.0217489119874654
0.021568319681643
0.0217110234437809
0.0219356123896919
0.0220017131554592
0.0218838309538556
0.0219087704585179
0.0217562415727859
0.0217310962737997
0.0217926736317789
0.0217810415962156
0.0218063660528534
0.0217343115354054
0.0218281526337698
0.0216620006306043
0.0220608480021126
0.0220103870786761
0.021950968764472
0.0216329727912937
0.0217171308481943
0.0214382650967117
0.0219186372648296
0.0218983415089293
0.0218039611763178
0.0218080875915782
0.0215907929073267
0.0222116514914622
0.0216984718228225
0.0217925378450843
0.0216712246075557
0.0217961155222178
0.0215166761094661
0.0218689067533255
0.0218525162643151
0.0215900911242687
0.0218555455032788
0.0215113622493871
0.0215026176088607
0.0217710793700417
0.0219190510949062
0.0217490942178978
0.021852243557945
0.0218931709531686
0.0216949178123084
0.0217233008651921
0.021881032838947
0.0218536048241064
0.0216828246199259
0.0218485546587639
0.0217449724616052
0.0220532086507468
0.0218350734089923
0.0215834130480948
0.0220724521949077
0.0215967748985063
0.0216981181529385
0.0218852731768514
0.0216992165052591
0.0217516002025507
0.0216474573207659
0.0216888873991594
0.0220085551811091
0.022036528060493
0.0217255564579114
0.0215775402448968
0.0218210513008273
0.0218220239933838
0.0220200803287134
0.0219562516779869
0.0217567996512645
0.0220081700051266
0.0214906282564359
0.0214197851802361
0.0220644842424638
0.0222930146270439
0.0218165881597919
0.0218175614855827
0.0218365277701867
0.0214899036406592
0.0219032625082522
0.0218051160514372
0.0216633020055929
0.0216037186792965
0.0216392244445567
0.021749205747028
0.0218350642146454
0.0217083517174658
0.0216906498557501
0.0218392894381365
0.021916959177193
0.0219855777227366
0.0215656061004974
0.0218686911380266
0.0216175045796135
0.021979045703456
0.0217623737752188
0.0218747729860501
0.0217355558925961
0.0216570463940828
0.0220823684507578
0.0218271259268906
0.0218041481663729
0.0215614578317345
0.0218856421732239
0.0219933445963343
0.0217054848786795
0.0217003090547811
0.0214729173734123
0.0219781377935081
0.0217753274403593
0.0216932638405177
0.0220711039089508
0.0219915538515669
0.0216387001903565
0.0218602942387001
0.0217783588764492
0.0217456033974326
0.0220075797800297
0.0218421345980339
0.0215822057415118
0.0218485380604499
0.0216707583299205
0.0220293927577393
0.0215685775190401
0.0217994919154963
0.0218568225134585
0.0219040065775407
0.0218811380413843
0.021426408679394
0.0220534864607671
0.0220284303945229
0.0217170197276178
0.0213839294940753
0.0217516803825311
0.0217841713998091
0.0218503740080736
0.021754627559139
0.0218063734405988
0.0216103693864236
0.0215516828005719
0.0216382807441612
0.0215315878622953
0.0217162123872467
0.0217914776658189
0.0220396721062979
0.0218580994139545
0.0218247909165148
0.0216224252369658
0.0218889362078667
0.0218440804846904
0.0216379806029932
0.0215625425187174
0.0215550397237863
0.0218740975919313
0.021799808610407
0.0217214452386798
0.0217865026771633
0.0219109626532505
0.0217610918073106
0.0216216457862245
0.0215486054790173
0.0218409449658632
0.0216483010371037
0.0220338104897152
0.021844150401509
0.021830635273198
0.0219038199063252
0.0217506718629033
0.0216372245106864
0.0218210713671421
0.02165648070187
0.0218524023805056
0.0217503940627018
0.0217429866539761
0.0219420896728558
0.0217417311509849
0.0217847522113955
0.0217429172519985
0.0217430907263716
0.0214819453656435
0.0217113977967508
0.0217217362785853
0.0215589860272007
0.021798049441468
0.0217980064987191
0.0218194225699427
0.0218932274228767
0.0217091171934169
0.0217077011935805
0.0217557874251596
0.0218619615009092
0.0218390139734581
0.0217603218702256
0.0216672061523187
0.0219062590486537
0.0218068521125509
0.0217667841094283
0.0217721449788102
0.0220640406323463
0.0217845883983676
0.0218263550638155
0.0217589401163513
0.0217677085050003
0.0218701982012175
0.0218171279280441
0.0220731695718294
0.0216331455351219
0.0218175987300708
0.0218465979346441
0.0216247254264569
0.021861161997803
0.0216636210677368
0.0216146008247849
0.0219619058835223
0.021776279000616
0.0216820915612075
0.0217456600393653
0.0219874400902485
0.0216197815846886
0.0217606073864844
0.0216109538990121
0.0216748770683142
0.0214903976561987
0.021996055885531
0.0216844733708399
0.0217957144201805
0.022104035810152
0.0218558879641782
0.0217901187988059
0.021913150724788
0.0220322998898402
0.0218063327447565
0.021700154818869
0.021627905195764
0.0218373203503963
0.0220705459124633
0.0217921139221896
0.0220035854321761
0.0216699823903456
0.0217006544954846
0.0218396944777522
0.0219233335757644
0.0219886084027144
0.0218748856516897
0.0218238513204857
0.0216820024907736
0.021640713037636
0.022050743896757
0.0221296802073049
0.0216618739199594
0.0217040768752189
0.0216059425640179
0.0217035317284973
0.0219505599142963
0.0219208728199744
0.02198636317479
0.0218245870367935
0.0218167984836976
0.0214633092233288
0.0215122495302186
0.0217204340461981
0.0215280557812299
0.021712553528457
0.0218531525392058
0.0220196367191637
0.0219588185030708
0.0215512500991439
0.0216451047254005
0.0218325137416029
0.0219840345019568
0.0216212804723034
0.021767947285497
0.0217172217061415
0.0219145608035447
0.0216166506296849
0.0218147587081703
0.0216358230684499
0.0215522107925715
0.0220377946279664
0.0216477704609046
0.0219234268559492
0.0217882222186602
0.0219072438329869
0.0217251104410057
0.0219790670418196
0.0219187552138104
0.0219079051031156
0.0218834350766036
0.0217487171883413
0.021731623344265
0.0219412126392661
0.0219259938797456
0.0215927702803773
0.0217996998517709
0.0218135525869854
0.021778414148754
0.0219368492473675
0.0217579745342018
0.0218722651430421
0.0216976962404243
0.0219934630329288
0.0219382133032201
0.0216543166642974
0.0216583313237814
0.0216970259520448
0.0216670910912671
0.0218458323893472
0.0217956876344399
0.0219246053916428
0.0220057513615429
0.0216992796186017
0.0217785259786065
0.021647245272115
0.0213760631227547
0.0219218067420003
0.0217472120363306
0.0219458206127345
0.0217800496238089
0.0217846124516919
0.0219024490966682
0.021681905283097
0.0218205604184943
0.02174295044735
0.021988001359933
0.021708354195407
0.0218362546663895
0.0218450360346465
0.0218151077914861
0.0217805980169017
0.021881429322726
0.0221150240975139
0.0218745130779667
0.0217930404764847
0.0218186460918933
0.021821409330467
0.0217355226144793
0.0217960548674717
0.0217890157908114
0.021991468657516
0.0215849750429418
0.0217484144519456
0.0214479697659511
0.0217984787470295
0.0216922252170338
0.0218547651907764
0.0219470379241468
0.0216316128227587
0.0219386689037931
0.0217857442545544
0.0219710780984976
0.0217961231484676
0.0217548183944708
0.0215564149581878
0.021728308827191
0.0220018145192543
0.0220303172546072
0.0219662739550304
0.0219575975033678
0.0218516067408452
0.02196594149424
0.0215086072645799
0.0215403253271038
0.0220145762373387
0.0216962145860723
0.0215511809645547
0.0216291225733006
0.0220206008053213
0.0215820322045565
0.0220602534989465
0.0221521348273806
0.0215806299539187
0.0216320267738872
0.0215433429920816
0.0217983681141845
0.0218479557628581
0.0217499436865198
0.0218643881439683
0.021564533850244
0.0218662239113056
0.0217428107467995
0.0217320792255629
0.0217335592969061
0.0217308671253913
0.021911163267282
0.0219827252656472
0.021598070174133
0.0216485700402797
0.0217888457600014
0.0216724040660517
0.0219627535076115
0.0218234358425989
0.0217465625882515
0.0216274493065929
0.0215496597928294
0.0219314104869144
0.0218442225533276
0.0217519866351036
0.021865350978028
0.0218143449457694
0.0216061867980488
0.0216636312265347
0.0214386601443001
0.0218607901936742
0.0219831424367142
0.0217423343027743
0.0218963515051303
0.0218522652900047
0.0220059931486062
0.0216426389143324
0.0216204208440817
0.0217332754392971
0.0218765360007659
0.0218450717593822
0.0218425448229002
0.0216752850285343
0.021959745023786
0.0217625741680923
0.0221040146349982
0.0217554881294422
0.0216885138482046
0.0217717259895775
0.0218345408732623
0.0219851064324835
0.0218095533118383
0.0217309172295456
0.0217299372084575
0.0216071967050193
0.0217344808188286
0.0220375486153905
0.021609281420869
0.0217270725604283
0.0219163192365266
0.021479295737045
0.0216714842091575
0.021912982148772
0.0216568473968038
0.0218469229079207
0.0219138227893428
0.0220951794123499
0.0219128919235725
0.0214837983121363
0.0220688534568578
0.0219195230304289
0.021557682798918
0.0221006971684177
0.0217124593878578
0.021809735730419
0.0218631134127298
0.0218795046104095
0.0217128074459428
0.0217737046690922
0.0218375639298177
0.0216799602112954
0.0219364518036508
0.0216609465204409
0.0219276732903739
0.0219072217282021
0.0216905094266109
0.0218129813938578
0.0216481692125165
0.0220322248902929
0.0216843781904198
0.0219644278492996
0.0215189645396719
0.0217894956799934
0.0218822156247263
0.0217696046251916
0.0217981141069212
0.0217460572778677
0.0220529662182801
0.0219113591536333
0.0215192410246355
0.0217417852031218
0.0217357774729603
0.0214844051773144
0.0217256571249196
0.0218213076336035
0.0216188644768085
0.0219116626141585
0.0218371903547097
0.0217280702544679
0.0217925701244533
0.0217190715763363
0.0218561933943881
0.0221310907526485
0.0216506906499374
0.0217610664633681
0.0218363685072949
0.0217997694609363
0.0220491261989746
0.0215250115598815
0.0216143729313738
0.021872519826354
0.0219504998482948
0.0219927536388342
0.0214754685875974
0.0213564960260493
0.0217391148270958
0.021689699441121
0.021634933455196
0.0215383186544769
0.0217430445230913
0.0219902134039344
0.0217759741652493
0.0216849994897722
0.022003512329676
0.0216652011914352
