1.3379143793399925e-5
8.004725106005445e-7
-1.7598346765002743e-6
-4.497866434000075e-6
1.0770671495701281e-5
4.592569763400833e-6
8.856075422300144e-6
1.7371310282992408e-6
7.376880328400365e-6
7.311531857200071e-6
-8.42951095200023e-7
9.401294827500115e-6
5.199819682499829e-6
-6.871228831700424e-6
2.0516286778991116e-6
-8.426143489798782e-6
1.569187708009949e-5
-4.045863866299071e-6
8.120400053799465e-6
7.722893311398749e-6
5.956056687799957e-6
-1.7439228178400823e-5
2.4641490622007156e-6
4.064796343600241e-6
8.020542862988145e-7
3.5241239107006855e-6
-1.7075648539935373e-7
2.0359671710993427e-6
6.4044002338996264e-6
6.522501298501099e-6
1.4226791027499575e-5
-5.84991843829985e-6
4.963481376000015e-6
-1.70687248099953e-6
1.4771734014994847e-6
3.732618830899065e-6
2.8713974571988737e-6
8.70172159220077e-6
1.528858864899979e-6
1.0357251367399886e-5
8.029191782599893e-6
6.818533488600967e-6
2.912440223700255e-6
5.549437242999278e-7
4.655327761100489e-6
3.996809266800308e-6
9.458208512299823e-6
1.5414570929399296e-5
3.6359237523004434e-6
3.503356890898965e-6
1.8210363420000097e-5
1.1457853307996618e-6
-4.667052473997235e-7
5.013647091598947e-6
6.889050959598894e-6
4.154982576000735e-6
3.903325323699816e-6
1.2961878395098547e-5
1.6476588866002478e-6
1.5011434547499217e-5
1.4557264108800913e-5
2.545137080599974e-6
