4.4803058299500154e-5
8.067140682169877e-5
5.722534168759938e-5
6.30872887392997e-5
4.793868259209827e-5
4.587141514200005e-5
4.1121483675899545e-5
4.807874946160043e-5
5.9804871605898674e-5
5.993397425550079e-5
7.26072219272983e-5
4.53004491468012e-5
5.797668720999849e-5
8.051214438159829e-5
5.259734420389947e-5
6.301188231290153e-5
8.492129297809833e-5
5.4650314480198664e-5
5.5191596442599744e-5
5.583089195079771e-5
7.127695520000102e-5
7.246809031990001e-5
9.515107963069952e-5
7.345125072029737e-5
7.767782034069984e-5
4.69442410090011e-5
6.1019907168499005e-5
7.086744982250093e-5
7.099025884809915e-5
6.344390476830178e-5
6.781953588949965e-5
7.850822717580044e-5
5.4632763063399564e-5
8.930755877820107e-5
3.96617695815997e-5
6.777674666219938e-5
6.775119503089899e-5
8.292253361859986e-5
4.8568605182201796e-5
7.107822777700085e-5
4.164070043100043e-5
4.943907525389868e-5
7.730669849639882e-5
7.27314330871004e-5
4.6266120870198935e-5
4.936046653709891e-5
7.953519040959992e-5
6.598397507449894e-5
5.7565790339299955e-5
5.649363051970016e-5
6.124079865160031e-5
4.3399010141997874e-5
6.833193636380033e-5
4.9163288080401185e-5
6.146095378879723e-5
5.3729910746400794e-5
7.600059079630045e-5
6.455916717480054e-5
6.356342268490009e-5
6.862188333709926e-5
7.53356286868033e-5
6.593047505079955e-5
5.131661694089684e-5
6.282332557369999e-5
5.0540462949697634e-5
4.4165739630699224e-5
3.613340597819967e-5
5.314099206760181e-5
6.0835969669399e-5
6.408985885890048e-5
9.0262029972598e-5
4.765988879470301e-5
6.447779376989732e-5
7.602353646690013e-5
7.796493969459972e-5
5.6069063128699054e-5
5.82498486546984e-5
5.005145176740014e-5
5.183916490479959e-5
7.47796421075031e-5
5.5205597109000276e-5
4.9733470668500424e-5
7.132913444789918e-5
9.58827887873985e-5
6.721262944870202e-5
3.905567574380084e-5
6.911345474109806e-5
5.157820398200147e-5
6.711008511410196e-5
6.0659828020399875e-5
7.36312033556008e-5
5.936144104920146e-5
2.7525188863800065e-5
4.5149889212999644e-5
5.028747376310122e-5
4.0339242486000376e-5
7.926949499590177e-5
4.310430809029847e-5
8.34864716316025e-5
5.264997905250063e-5
6.0486431068002694e-5
4.555124661760265e-5
6.071699790230131e-5
8.20210648997989e-5
7.328858937509855e-5
4.3594771228200324e-5
7.209013972939854e-5
6.979619304830001e-5
5.220072435919987e-5
5.085496643719711e-5
6.559412546669821e-5
4.9227743040499566e-5
4.077588289860129e-5
5.530990676209935e-5
7.39520908713022e-5
4.534718200470064e-5
6.923673869660071e-5
7.435870630529903e-5
5.347947028489994e-5
5.041781799080061e-5
6.822275639760053e-5
5.426512768230002e-5
8.199820269120042e-5
8.101379701999992e-5
6.181682811329942e-5
6.123853036779994e-5
4.8194105060898884e-5
5.946392269899972e-5
4.931760245080116e-5
8.837445134729852e-5
6.44381615759991e-5
6.0197298477199235e-5
5.736640140860047e-5
6.962035380589718e-5
6.36219231147997e-5
7.541044111130171e-5
7.981239135599824e-5
6.806734108739942e-5
6.199730144140075e-5
5.4801908371600316e-5
5.326334785020134e-5
6.088786531600193e-5
6.208120953739987e-5
4.8289216183699385e-5
9.031088781579974e-5
6.514993277290104e-5
6.291439169260268e-5
4.2563823020400765e-5
4.837858668770012e-5
5.0676737352602086e-5
7.051438135330032e-5
6.738300131670094e-5
5.339099434279945e-5
5.743228819530058e-5
4.787857294750314e-5
8.26171066854002e-5
7.830578882789957e-5
5.2484187785098446e-5
8.035075934429911e-5
8.502041673099855e-5
5.8170951110998736e-5
7.432014250600277e-5
5.7692119040702455e-5
5.682257444829947e-5
5.012827154530011e-5
3.390587105979795e-5
6.810379419110169e-5
4.4689815575399416e-5
6.16446948434983e-5
3.606752414930109e-5
6.0616727241398494e-5
8.17262424362003e-5
4.797170747499954e-5
5.8091559382102836e-5
7.894802179250066e-5
5.892780510719994e-5
5.6451855594698286e-5
4.851616091730224e-5
4.333027273530077e-5
7.213491763729749e-5
5.60967270009996e-5
6.358741963939998e-5
6.39298448139973e-5
8.681459343800116e-5
7.229484542030026e-5
4.642090792279785e-5
5.793670567619952e-5
5.218484775839846e-5
4.5342792448100494e-5
4.7357884292401065e-5
6.93297234375008e-5
