9.544675518469506e-6
6.7010137451296165e-6
7.158047792309337e-6
9.966294729839634e-6
1.2346490278310022e-5
1.475029831965978e-5
8.530301492840758e-6
7.707328600760344e-6
1.4340345469480119e-5
7.403311469530299e-6
1.0750572619301277e-6
2.373524481670726e-6
1.3467737564330437e-5
4.908212329339523e-6
1.1012735004809968e-5
1.0170459151259865e-5
6.888807584610329e-6
1.0829075447040502e-5
7.168210891480599e-6
6.656869272939937e-6
1.2693921067979952e-5
7.362677503169358e-6
8.892547166050244e-6
9.215124307790541e-6
8.415581779930119e-6
1.5902883714979596e-5
1.1843735487250193e-5
1.083943052155971e-5
9.297124732649681e-6
7.075284981659415e-6
6.382495310799409e-6
9.581124727750523e-6
1.1879954720319524e-5
1.0456590705950133e-5
6.979507165339946e-6
9.711866581720366e-6
7.670246626199917e-6
4.666166499190695e-6
1.235627019165967e-5
5.576389322579575e-6
9.134230799499356e-6
5.462641883729677e-6
5.918512987950451e-6
2.0222067540097075e-6
1.6209086715996898e-6
1.035230204938977e-5
5.386917771579673e-6
8.787108867260376e-6
7.110800473439545e-6
1.1147852722590001e-5
9.872463774839892e-6
7.923167987779894e-6
7.482654218829779e-6
4.697621987829852e-6
4.049926911600318e-6
7.4305866333305645e-6
7.5812523315900784e-6
8.636404903009792e-6
5.955866134290354e-6
8.644798064140306e-6
8.910710057749571e-6
1.1688954215459402e-5
1.0521993026109573e-5
8.343913357669944e-6
4.1741214381295355e-6
7.1796714281894755e-6
1.1125429157449879e-5
5.3090523597504324e-6
9.06808306660057e-6
8.223071389670128e-6
5.5787331759002065e-6
4.086653141949746e-6
6.56332076785001e-6
9.070172525401862e-7
5.74307266735033e-6
6.6847490593898926e-6
7.203775077529832e-6
1.2360655126969489e-5
6.782068971360189e-6
6.07275568197032e-6
1.1601078814519987e-5
4.147237527859712e-6
5.471642371280248e-6
1.4463863898550068e-5
8.501640236050108e-6
7.899045875470537e-6
7.714044035430495e-6
6.302228754359769e-6
8.833446211629903e-6
1.3292652814950352e-5
1.0871672845369669e-5
1.044970750108034e-5
1.1202496459610488e-5
5.743277630029971e-6
4.410100551700477e-6
4.39596230627972e-6
9.032575275709845e-6
1.256839158734948e-5
1.1759758756339951e-5
5.4219404579296596e-6
8.278715415839868e-6
1.1149048286409821e-5
9.125254067409924e-6
9.577331555800372e-6
8.308752557729948e-6
9.778430398730761e-6
8.707379391629383e-6
6.804776697909992e-6
5.627868985130617e-6
6.804294639299949e-6
7.574962391330466e-6
5.817436462530155e-6
3.8347103030198296e-6
7.960195878710385e-6
1.0370481158169728e-5
7.784141461770512e-6
9.149880953919151e-6
5.433788503400594e-6
8.887036706790342e-6
9.087887391260804e-6
6.684444932820478e-6
5.666712236909732e-6
9.37733743432926e-6
4.488903345249706e-6
1.2748241022460596e-5
1.1259111926329758e-5
1.039566841408001e-5
6.517078703829199e-6
5.925206271929599e-6
4.7216655067999075e-6
4.7829018383696575e-6
9.909602506349285e-6
4.643858397039569e-6
9.727323525689918e-6
1.160843340872967e-5
1.0598656034539744e-5
5.299764090079678e-6
9.824663800399487e-6
8.04804457170058e-6
6.446209085380315e-6
6.909448232320439e-6
3.5414348529203e-6
1.5891132581250314e-5
7.702127960170294e-6
9.690955886340266e-6
1.0127682655879273e-5
8.830237656130488e-6
5.09547205727965e-6
1.0809897982619332e-5
6.448061023349612e-6
9.360670658879917e-6
8.805016814069852e-6
8.85637895972971e-6
9.147129659020647e-6
9.414467156690191e-6
3.265898505200489e-6
1.1938186389709622e-5
5.820773552460065e-6
8.48842555031988e-6
5.095509106100259e-6
9.35498545078916e-6
3.1267988995706264e-6
9.583335500339824e-6
9.265580634589508e-6
6.937213833439933e-6
4.7778483234697106e-6
9.515391551350241e-6
1.1848898154250692e-5
1.1136340996489857e-5
6.901115773430035e-6
9.892673182609543e-6
6.572928210689562e-6
3.0888253701602877e-6
1.013135947749988e-5
8.593846952989828e-6
1.0848920747709781e-5
4.729786386090118e-6
1.0326884416859798e-5
1.1804988345729718e-5
6.474887560020508e-6
9.427264847089792e-6
1.5464604849199995e-5
5.360716697410013e-6
6.683244427450018e-6
1.0405859829130427e-5
8.146243069849513e-6
9.834483193420403e-6
4.28581154016984e-6
8.209034405049463e-6
4.406473102310134e-6
8.82589281165063e-6
1.1154476205530069e-5
5.274089226789576e-6
5.451742145859591e-6
5.630972890030214e-6
8.519292327230366e-6
7.593093548170261e-6
7.784344627110099e-6
5.723440635600069e-6
1.238565578124979e-5
1.421256141271015e-5
7.13689026184041e-6
5.48869826362975e-6
7.222794924669797e-6
1.2536013675209894e-5
3.8008127868300115e-6
5.936520779100188e-6
2.8640482482899035e-6
7.185488773760011e-6
5.529500635740106e-6
7.757896875190164e-6
5.876340158469245e-6
1.2011037861569922e-5
9.700125248739838e-6
5.810140871059799e-6
4.833107191260302e-6
8.808078788499936e-6
7.22713447945042e-6
8.160513591980688e-6
8.911630303999434e-6
9.445580548730036e-6
7.990916259509491e-6
1.1661045713389287e-5
8.268525790201819e-7
8.513002429450661e-6
5.174287056209682e-6
6.604300021290262e-6
4.0633376950198474e-6
7.026814051610229e-6
7.767059000299975e-6
8.200935379639937e-6
1.394895974776017e-5
9.624461854820625e-6
1.0452520794870107e-5
3.100590174979871e-6
6.341775791949764e-6
6.052277189240625e-6
1.3029513027880066e-5
5.14774666572973e-6
1.2215625898259752e-5
8.605536709910093e-6
7.567526975439838e-6
1.0029995227030068e-5
5.118618569869941e-6
7.625711628659465e-6
2.7593693038797593e-6
4.643259166429992e-6
6.650302365399617e-6
1.155183070854996e-5
1.127165182074081e-5
1.147122424720922e-5
1.2030665345419932e-5
5.777616448369993e-6
9.704126359639902e-6
6.712588497839733e-6
1.1683386640909572e-5
5.62834627868946e-6
1.0294519227610661e-5
1.069241452809986e-5
1.2018764958719556e-5
5.394280479399834e-6
1.1437466125203966e-6
9.458694948209605e-6
8.173733658340017e-6
3.0531847200494094e-6
8.025438946199746e-6
4.250164867969884e-6
9.247963791030045e-6
9.718692635579673e-6
9.051974397259431e-6
5.167177336029907e-6
5.943409001929988e-6
6.944087831989992e-6
2.4538827444898353e-6
7.560364338870043e-6
8.059079541609775e-6
5.350415694699469e-6
7.204620298999903e-6
7.227618474529678e-6
9.267121424020447e-6
6.925713963239731e-6
8.890866055610153e-6
7.694860015459819e-6
3.913553442790214e-6
6.45192241086924e-6
1.155502144950006e-5
6.4042331596901245e-6
4.365113532439624e-6
1.2023517979820389e-5
6.473104274250588e-6
8.941222652179837e-6
6.902575981250145e-6
9.465586354019326e-6
7.66674667501948e-6
6.614916912889637e-6
1.1726228939610422e-5
8.382549767330105e-6
9.68463388285011e-6
9.053008715180673e-6
1.1064109507829753e-5
7.488329672849722e-6
1.2227257611489503e-5
5.854874125069652e-6
8.367761933010184e-6
9.101409208980143e-6
8.83895637990035e-6
1.0188705276919716e-5
4.275803913830235e-6
1.1420787037169644e-5
6.885520315020113e-6
7.916049521979572e-6
3.890745762009755e-6
4.482430821189584e-6
8.95806846632971e-6
5.431313467880311e-6
8.19203537933983e-6
4.8615780427804095e-6
2.3095391979699453e-6
6.05018694880069e-6
1.2005409616330266e-5
7.943848845690625e-6
7.383380409690422e-6
8.747001579769223e-6
6.952180746500405e-6
1.0837689676689542e-5
6.765715385750361e-6
9.516069726089697e-6
7.818624506539945e-6
7.852341100999909e-6
9.595794930209595e-6
8.033741362140252e-6
6.929027754860179e-6
6.814248887300478e-6
1.139429989185925e-5
7.360531281539254e-6
6.2633064850997275e-6
5.73469949024033e-6
5.906700068480583e-6
7.317364433999211e-6
6.398065016960039e-6
4.572971687819179e-6
7.1454635106500686e-6
7.2363084973898345e-6
1.0195518956639983e-5
5.933122041539701e-6
1.5059429480129838e-5
7.855885750800151e-6
8.922907056839978e-6
7.452588149159389e-6
5.556353384319514e-6
9.80084950934993e-6
7.347805710019965e-6
7.165748652069974e-6
8.814526584150634e-6
4.720729799959772e-6
4.950489510479987e-6
5.78100910166978e-6
9.776911266639807e-6
5.47232751006016e-6
8.545430944080327e-6
1.0778181255150128e-5
1.1328999579819643e-5
6.837198448649863e-6
8.502132383330502e-6
9.047626645639767e-6
4.9699336112998815e-6
2.4881040331199353e-6
5.523683224300385e-6
8.342794031100144e-6
8.023395694080164e-6
9.770844985029954e-6
1.0048315214089554e-5
8.104999975489663e-6
8.483208665169446e-6
7.3648428826605244e-6
1.112104229540091e-6
8.625976548639648e-6
7.929224948710102e-6
8.768325962669327e-6
6.700281402940121e-6
1.119552317460984e-5
1.921499859589698e-6
1.1274229684199964e-5
7.6262822360801535e-6
1.0011030785849438e-5
9.654168612430007e-6
1.1270348993299394e-5
1.5692997643800347e-5
1.4002457607529932e-5
3.1490609033795955e-6
1.1151161447359864e-5
1.1325902623249978e-5
2.2696310420702165e-6
3.5414388207793274e-6
5.11935991621016e-6
2.979650045520192e-6
8.156563246609558e-6
1.2656147607949947e-5
9.32683399835002e-6
7.595402239569775e-6
1.0987512184819359e-5
1.2601959683169843e-5
9.136197022009684e-6
7.709160363899951e-6
5.193494912929773e-6
6.8015863226794995e-6
1.064922831803955e-5
1.078573252532005e-5
7.25840159308995e-6
1.2389324232219869e-5
9.24637844444947e-6
5.332804161230047e-6
2.031469784649978e-6
8.942552743290005e-6
4.425987828769913e-6
6.130682105159706e-6
6.435865368970006e-6
9.782156048050196e-6
9.457367267210609e-6
4.1967118390101935e-6
8.21047834280008e-6
3.433599609660269e-6
7.507907931399681e-6
9.278475807479938e-6
4.327866891569963e-6
7.0050475613897545e-6
7.278097836989697e-6
6.60170461749994e-6
3.939200956809899e-6
5.074324713190241e-6
7.890680591159799e-6
5.8529046196393805e-6
7.503873835659931e-6
1.1331978741420216e-5
9.382337495080113e-6
9.2344089518007e-6
7.815007708010004e-6
9.36356428768003e-6
1.383018051513002e-5
1.7979706293698439e-6
6.037114253529784e-6
7.010601463450228e-6
5.845489576789681e-6
7.88942847019039e-6
4.5514561404901704e-6
5.052552659219785e-6
8.737263710540365e-6
7.213757510859432e-6
1.173552490687027e-5
1.0914587003679928e-5
5.285549846610789e-6
1.01512418614301e-5
9.045886342099602e-6
4.725219711719866e-6
1.229785720173026e-5
4.867940264399739e-6
7.870735952390275e-6
1.0407750392039776e-5
5.342451035779232e-6
9.742751343609808e-6
8.122621330310283e-6
8.034566779969825e-6
9.976768919160196e-6
7.392987934699488e-6
3.5367832000700664e-6
1.2453604964059693e-5
8.257184255970086e-6
7.968163930890254e-6
4.251783750689603e-6
3.838462995699871e-6
7.986010826009984e-6
7.085398167880168e-6
9.238350144779445e-6
6.2990714004198395e-6
3.2733647383296344e-6
1.1988404031602548e-6
1.1905685095040149e-5
7.325631488390091e-6
1.0941309240909344e-5
1.201466644010045e-5
4.187572782029386e-6
5.641312491929708e-6
1.2631041813289737e-5
1.0243980274190004e-5
8.3766667725799e-6
1.205402251880025e-5
1.2900550638620355e-5
6.9375673624394105e-6
5.667707176070305e-6
2.69015814345977e-6
9.119193385070251e-6
4.48811202635041e-6
8.252645081060009e-6
7.804680293569885e-6
8.890297551279736e-6
9.64284108691e-6
8.98083302141011e-6
7.930082850129277e-6
9.601531832840494e-6
7.13251590533058e-6
1.1399049313890255e-5
5.753934812040111e-6
6.809540584230139e-6
7.535041266310168e-6
5.9201102230203514e-6
3.3373706157897517e-6
7.074930243039859e-6
1.6643555744880016e-5
8.702741778539823e-6
9.395884115660606e-6
1.0439736225519892e-5
9.628171542480114e-6
5.704288341089325e-6
4.93436059503978e-6
5.421608078789823e-6
9.455696548839668e-6
8.19861776941988e-6
5.214545019379367e-6
3.0149123163300887e-6
9.041005523640136e-6
5.341300463260028e-6
7.630457087679995e-6
7.948757670579731e-6
6.078461603450415e-6
8.715477113719478e-6
6.140239932029938e-6
7.914813093700367e-6
3.7526382248099024e-6
8.178605198170402e-6
1.0487787990690056e-5
9.407054339240044e-6
5.806147156699713e-6
3.516119325180228e-6
9.509687655600424e-6
3.192457220740387e-6
5.19048203963951e-6
3.622482934889995e-6
9.163494807199954e-6
1.0900481430870315e-5
8.02097637339974e-6
1.0369359213389592e-5
1.1211868388399937e-5
7.490100198160286e-6
1.3984966546859781e-5
7.439523170870051e-6
9.255954631819455e-6
7.354778080189903e-6
1.2189215364029685e-5
8.714230588329624e-6
1.0868644945909861e-5
4.793904734450016e-6
9.880995840119873e-6
9.66952987412062e-6
1.0014153880499518e-5
1.180980555254979e-5
9.223577784210277e-6
9.19530799473045e-6
5.690675657810118e-6
5.938809187819652e-6
3.2155491915698137e-6
1.0848396488210253e-5
3.318521466860562e-6
6.802400861379877e-6
8.52394316637993e-6
4.082087539650746e-6
9.980309577770248e-6
7.156381917129348e-6
7.30103146317964e-6
1.336945140474003e-5
8.412792461010184e-6
6.690055850589946e-6
7.889670703690142e-6
8.351434104580599e-6
3.665741712900218e-6
8.68052649502949e-6
5.6439072939704765e-6
2.649796289330014e-6
7.012494637190399e-6
8.43491387795929e-6
6.444443368659909e-6
1.088127705313989e-5
3.876583694929943e-6
8.909874564900187e-6
3.6424520856899456e-6
3.464202966430019e-6
6.985652060889809e-6
6.2680213940803295e-6
6.794925880780102e-6
3.7096797873498524e-6
6.999939541309924e-6
8.00976917542974e-6
9.358801584160269e-6
4.485984762379533e-6
5.5607457977802435e-6
1.2171189849659488e-5
9.754657971790606e-6
8.790665962329393e-6
1.0297176285410138e-5
9.235202928019673e-6
5.4869675147495994e-6
9.73674300957985e-6
1.0235117829750229e-5
8.347759697899769e-6
1.3081830857199737e-5
6.748279284699531e-6
5.3091331989997895e-6
3.678230998740116e-6
1.104411194902035e-5
9.049742071060539e-6
8.228079219329762e-6
7.27223922735061e-6
1.2714107351110247e-5
9.305187000609692e-6
7.003236484260343e-6
1.1638508647859522e-5
1.0257368824400336e-5
7.3887905770505385e-6
8.577983279200313e-6
9.229457318969507e-6
5.383475494550281e-6
1.2157910198699884e-5
1.1905736355250635e-5
2.745977727159829e-6
1.0443081901120171e-5
6.901662435210114e-6
5.203311334819535e-6
1.1150582433210737e-5
1.1423397344749973e-5
7.85288109394957e-6
1.0385735828159597e-5
4.533059346579875e-6
9.393924040679812e-6
1.1355421334139672e-5
6.591966649670267e-6
4.3493924510602106e-6
9.006378545649459e-6
1.0189346733959978e-5
8.080602576810217e-6
6.21050511596076e-6
5.849425317569837e-6
8.371245166739413e-6
9.792497099169774e-6
1.282468361113974e-5
7.958797327469423e-6
6.956402891779637e-6
6.161918706470461e-6
5.3148887373304435e-6
6.746119619840257e-6
1.110499951637988e-5
1.0485077867539855e-5
3.4263390359902043e-6
3.990265718600491e-6
8.270094256269782e-6
8.533776178079946e-6
5.842712843149786e-6
2.824095722330465e-6
8.617551719530131e-6
5.59886269947945e-6
8.580672734199296e-6
1.0146023864119821e-5
6.284262782869747e-6
7.978380832439867e-6
6.580889693550557e-6
6.2682155578400525e-6
3.757583636240097e-6
1.3238596022990129e-5
2.556223224540327e-6
4.239942710440592e-6
6.469469123649915e-6
8.517085565150004e-6
6.877266265139896e-6
5.215240966780638e-6
1.3535544840800363e-5
1.12638602065597e-5
7.607826210950103e-6
6.86704565794078e-6
1.2352642818890328e-5
7.312660281710154e-6
1.0553962853289238e-5
5.254564225559179e-6
9.929097649170535e-6
9.802301351209339e-6
8.185010259910072e-6
5.441175024000627e-6
8.369381129719189e-6
7.589104627830391e-6
1.1887509225309845e-5
8.028394810940219e-6
9.687959818560112e-6
1.0018483866200238e-5
1.0853689348369958e-5
1.2477107339570713e-5
7.974597412790246e-6
5.087106605439727e-6
4.681132463919477e-6
1.0041580462999411e-5
6.400365196040231e-6
3.0096785445504065e-6
1.1061344972369824e-5
5.974821689100178e-6
3.369915885369744e-6
8.76232250538074e-6
7.815170127160181e-6
7.8292679641951e-7
6.235988389029744e-6
9.343132446990206e-6
4.142336592670784e-6
7.365979495300469e-6
9.855648439099744e-6
5.073259694750483e-6
1.2483724927649792e-5
6.2122667810393314e-6
5.083755453369476e-6
1.3460594678899734e-6
6.871761458259601e-6
6.535758519420239e-6
1.1573347147499947e-5
9.365202882089495e-6
8.725265392919672e-6
8.803534347719653e-6
1.2404542201220267e-5
9.883037574669531e-6
6.387119168559628e-6
9.202643903779943e-6
9.631095268029972e-6
8.043105243450352e-6
1.358839357233025e-5
7.1451658815707e-6
1.056113293189994e-5
6.087617424710423e-6
8.052911783120072e-6
6.289679468829759e-6
1.0446002214950338e-5
6.539087953719679e-6
6.174155895909313e-6
7.1247178866301955e-6
1.020369921623035e-5
8.673146429590516e-6
7.151404175239663e-6
1.1175995772189952e-5
6.267211239799862e-6
9.112801627820036e-6
1.3691745232160407e-5
1.176998539229989e-5
1.3104014842220228e-5
7.781717654569559e-6
1.3879842784380106e-5
4.979636661610158e-6
4.465972116609804e-6
7.125164406749686e-6
4.508604746179638e-6
9.615029439759802e-6
6.415510370580066e-6
6.422526000050659e-6
7.88265758991033e-6
6.749636189259597e-6
8.110815131740293e-6
1.1197247965680224e-5
7.773826095549587e-6
7.4136850547303415e-6
7.453920835340418e-6
8.360803985249694e-6
8.129823543940456e-6
5.152220463989533e-6
6.0590700703003555e-6
8.724466662109881e-6
7.357585171250368e-6
1.0851926917719752e-5
1.1943413654830377e-5
1.0471351268290241e-5
4.744409414640313e-6
6.1400723808200525e-6
8.72999723001023e-6
3.1968954644096687e-6
6.041710295710302e-6
9.480371477199774e-6
8.609935227780335e-6
1.014875504154987e-5
6.464162015199296e-6
1.0755741953129457e-5
5.063658145310415e-6
9.381051969929374e-6
6.165796771059537e-6
1.0109102284779937e-5
7.205276195920013e-6
8.13375062458984e-6
6.967281773119678e-6
8.735000130899798e-6
9.3286221586001e-6
9.342090670310527e-6
9.161678047530167e-6
5.599811140669618e-6
8.314365623870307e-6
7.753924165050143e-6
9.062574581096897e-7
5.106238955830331e-6
3.637798892680219e-6
9.283483288169588e-6
9.390780670140257e-6
9.128040661100095e-6
9.153818730779813e-6
7.605032461470082e-6
2.335653017180271e-6
9.996815962539686e-6
1.0607734489210055e-5
1.1039756766359661e-5
9.069877103139688e-6
1.3671703391419585e-5
6.86894045208962e-6
7.398904384360409e-6
6.739758840010324e-6
4.878499705660358e-6
1.0601007387509714e-5
9.824070553470475e-6
4.143391675359535e-6
1.0113223661999474e-5
5.71864413310974e-6
6.560124260929744e-6
1.2307387876450172e-5
1.1666889420650431e-5
9.673188117219692e-6
7.10715870621062e-6
1.4442116853610049e-5
8.209496832060209e-6
7.80075606341031e-6
5.715912923669707e-6
5.943019827670329e-6
1.1211368941080498e-5
8.892214744479938e-6
3.0013023536194436e-6
6.002149769470007e-6
4.589800929769711e-6
4.983778107620074e-6
1.5179561170339945e-5
8.14956050167008e-6
9.640903665010005e-6
4.72018274502977e-6
1.4379651947296623e-6
4.781537007220518e-6
1.221648917537968e-5
8.9220732549097e-6
9.058256800240083e-6
8.950158102759807e-6
5.904457484099367e-6
9.61132678712999e-6
8.597307377540032e-6
9.495020044419239e-6
5.682301280990516e-6
9.595205789760496e-6
1.2611466117980197e-5
5.790238392209927e-6
9.787402781289908e-6
1.0706006003640377e-5
5.856700375860002e-6
5.394904823000091e-6
4.7756336041000075e-6
8.642411323690063e-6
8.214203796450513e-6
2.4579880786102307e-6
7.967651205489923e-6
6.66831229974036e-6
1.3116829796089996e-5
8.456026125599515e-6
8.473353058720441e-6
4.649981246760727e-6
5.942982439039943e-6
5.4230853730602435e-6
1.0754234477969998e-5
6.122616720739479e-6
8.094584653410043e-6
1.0503134039580031e-5
9.01082226527957e-6
9.182931389089925e-6
1.0269607932689682e-5
1.3205091795170064e-5
6.816065967920129e-6
1.0225520365870176e-5
5.639944772639453e-6
6.171195159799907e-6
8.098621850290665e-6
4.809044588799383e-6
4.3309756840304026e-6
1.4671718053770044e-5
1.2090242831899745e-5
9.157345956679191e-6
1.2491315666900496e-5
4.8717891614593126e-6
4.886911101779912e-6
6.377793421569883e-6
8.378213761139723e-6
8.632105044239537e-6
7.855377485170047e-6
7.954466686780487e-6
8.033752670950044e-6
8.133582950270099e-6
7.90711462067984e-6
1.0945106863769621e-5
9.82904115660009e-6
1.1881844338969445e-5
8.681680387730498e-6
5.137834470030078e-6
6.530072641789536e-6
5.94853751919016e-6
1.0145565546900576e-6
1.0506144792729426e-5
9.882338288479814e-6
8.006441971809483e-6
7.722947657259893e-6
8.811640208309171e-6
7.549196948770584e-6
6.20684497621999e-6
6.012521263639575e-6
3.259570578340032e-6
6.954040083890188e-6
1.3031509722209907e-5
8.522641054570061e-6
