0.00575520568801361
0.00574605188669138
0.00574696295039634
0.00574693616547529
0.00574998581275369
0.00574856648840903
0.00574769212693861
0.0057486020689124
0.00575343655152905
0.00575268614646338
0.00575177954162439
0.00575067983957556
0.00574732181352976
0.00574835477324832
0.00574937196101901
0.00574836565541164
0.00574911861938664
0.0057489749704338
0.00575085549682224
0.00576030112944457
0.0057518094813156
0.00575740471649978
0.0057478025083802
0.00574569185702128
0.0057492577580938
0.00575317578584788
0.00575678263915479
0.00575496712411628
0.00574887528288867
0.00574792240642376
0.00575559758974811
0.00574966348223217
0.00574797354904704
0.00574569217758343
0.00575242102032549
0.0057488207393401
0.00574750065009316
0.0057499718004353
0.00575078682343748
0.00574907250917958
0.00574857002923429
0.00575044276273698
0.00574952084229313
0.00575712021764733
0.00574756664020994
0.00575174342000745
0.0057528378868973
0.0057480232475947
0.00575526420991689
0.00574819519094699
0.00575111681952042
0.00574848115143236
0.00575863074128573
0.00575078210049685
0.00575097504621925
0.00575023657714526
0.00575204326777762
0.00575156068656181
0.00575530140366485
0.00574890090810617
0.00575313126687348
0.00575218176123332
0.00574895801661193
0.00575828942381544
0.00575305698035608
0.00574921497299322
0.00575148608091547
0.00575132550445269
0.00575992789219087
0.00575395979925706
0.00575517964613306
0.00575185384366257
0.00575083401324645
0.00574762443069475
0.00575601847092565
0.00574981990098917
0.00575328598633556
0.00575202609622941
0.00575113765533758
0.00575280758003523
0.00575133468506241
0.00575022467344063
0.00575427105359786
0.00575428496654241
0.00574929155207111
0.00575404855983633
0.00574603218209676
0.00575437339885054
0.00575028706106864
0.00575339133046902
0.00575269001417949
0.00574834183615524
0.00574673897723437
0.00575484292868626
0.00575164553839853
0.00574849387314969
0.00575287899296719
0.00575398312780322
0.00575580727980178
0.00574966359740859
0.00575151773959981
0.00574904825233044
0.00575370722703887
0.00575040012168769
0.00575315616940365
0.00574629548418003
0.00575025490641126
0.00575544261541073
0.00574975672862861
0.00574970365077515
0.00574961715843462
0.00574791314061596
0.00575409419351469
0.00574644134185797
0.00574762684694345
0.00574799507662522
0.00574879851451996
0.00575364399733737
0.00575083244891195
0.0057532317845348
0.00576351775908862
0.00575086319311646
0.00574825341869823
0.0057494233987905
0.00574950278582095
0.00574795958063791
0.00575159835859924
0.00575395068002905
0.00575157027612414
0.00574590446906584
0.00575010604742116
0.00575657686041879
0.00574678217755567
0.00575545567779341
0.00574976762449909
0.00574559347008822
0.00575172902495026
0.0057605183699237
0.0057480117068368
0.00574844182464395
0.00575386312420872
0.00574880262780835
0.00575145462667997
0.00575214821549986
0.00575303702565947
0.00574830875331765
0.0057534470495265
0.00574992295763843
0.00574568626329652
0.00574870294130067
0.00575153732361147
0.00574677516946329
0.00575443455748449
0.00575030030851058
0.0057511718438695
0.00574912505815165
0.00575089836458612
0.00574612440269509
0.00575241352482797
0.00575050806178893
0.00574903668163381
0.00575180372385994
0.00575411598904397
0.00575489025755993
0.00574841889082065
0.00575126734412685
0.00574948701163557
0.00574620550261623
0.00574649764577358
0.00575259947915444
0.00574667721998448
0.00575048772293745
0.00574998666250774
0.00575118841039087
0.00575535462046213
0.00575252236796118
0.00575131548463753
0.00574820663408817
0.00574886738791314
0.00575326367647495
0.0057496059749704
0.00574891154637508
0.00575844398000404
0.00575197832741519
0.00574976305014531
0.00575220341232829
0.00575460997803807
0.00575279755762672
0.00575703877042368
0.00575281445591724
0.00575341997204644
0.00575189050584974
0.00575247612306023
0.00575399805121861
0.00575440344423952
0.00574932532180659
0.0057470934541759
0.00575008660360629
0.00575084681939655
0.00574751445326925
0.00575716318047614
0.00575002046760149
0.00574761322447994
0.00575204074592022
0.00575431017729584
0.00574808420593185
0.00574750920986962
0.00574998412299984
0.0057490751435888
0.00574831235009041
0.00576056616370135
0.00575227323641048
0.00575266608525631
0.00574876711662113
0.00574813296325812
0.00575443866606697
0.00575076437481426
0.00574848370027841
0.00574871378159249
0.00575999201173426
0.00575198076110133
0.00575337620026823
0.00574804458803783
0.00575198086121553
0.00575666927039328
0.00575169351163941
0.00575528392841554
0.0057527522302544
0.00575064166828496
0.00575586101900379
0.00575090693861992
0.00575094125979204
0.0057464201457731
0.00574835944714971
0.00574908474022964
0.0057552122603626
0.00575442875622347
0.0057560774976004
0.00575176193551782
0.00575429624780916
0.00574667086562382
0.00575516256061955
0.00575231674129328
0.00574792587252619
0.00574796118565039
0.00575467185311045
0.00574617516783456
0.00575047042720215
0.00575136204365306
0.00575071107686675
0.00575341800118457
0.00575284225569521
0.00575562767467253
0.00574670960120031
0.00575592652564651
0.00575388532456055
0.00575444958753278
0.00574913790552528
0.00574666640730611
0.00574827695083779
0.00574726845156312
0.00574828172682736
0.00575103724602965
0.00574754969707137
0.00575014745253137
0.00575495913170569
0.00574581956494848
0.00574762550634867
0.00574805651262435
0.00576106780541921
0.00575432587608657
0.00574859649279442
0.00574857118848971
0.00574965912301956
0.0057511541150562
0.00574806866418549
0.00575592052733614
0.00575488257195504
0.00575100757438124
0.00574826536571284
0.00574781092659486
0.00574775971090875
0.00575102882984379
0.00574787332554706
0.00575214045100934
0.00575614970449416
0.00574936645269814
0.00575010821231524
0.0057545464800879
0.00574835852730188
0.00575448632939619
0.00575114074709258
0.00574964246158919
0.00575180691390282
0.00574790941459567
0.0057558849283783
0.00575170665198219
0.00575762662468846
0.00574991870583723
0.00575602773121389
0.00575008689413738
0.0057515593882075
0.0057498893636457
0.00575183831584832
0.00575279700924013
0.00575114161354698
0.00575058860490128
0.00575048761002847
0.00575463104654594
0.00575275604968741
0.00576122989043665
0.0057544591510492
0.00575129233686312
0.00574844472223089
0.00575524792214096
0.00574878536029622
0.00575470098802931
0.00575652408628289
0.00575137939254741
0.00575328595289077
0.00575217858481678
0.00574904655027091
0.00575191121085073
0.00575027041502264
0.00575298491406646
0.0057549279978307
0.00575344939283467
0.00575093531946252
0.00575003542985072
0.00574680822870249
0.00575044782030591
0.00574895835124925
0.00575303470191108
0.0057521016204484
0.0057458618183346
0.00575008832864246
0.00574777919633612
0.00575836617115214
0.00575143805638672
0.00575399303764372
0.00575048407266042
0.00575659267045616
0.00575184595648365
0.0057472840518991
0.00575599765349788
0.0057487294749635
0.00574981748158061
0.00574801335811279
0.00575185116342067
0.00575222646475521
0.00575036179196352
0.0057532589241623
0.00575422257127204
0.00575493045986931
0.00575272119942668
0.00575886677316002
0.00575001316935996
0.00575256442537652
0.00575385875023871
0.00575089786412706
0.00574935503956715
0.00574887643498066
0.00575049354659029
0.00575238631082257
0.00575339035832822
0.00574797177946893
0.00575051558100905
0.0057511506058791
0.00575084385598621
0.00575091933102488
0.00575823232875298
0.00575111301316333
0.00574766982239315
0.00574683943773786
0.00575025849247509
0.00575033826821045
0.00575158732360084
0.00574995823754186
0.00575012023026533
0.00575551007013692
0.00575124727712404
0.00575248320724404
0.00574567904464669
0.00575065015010983
0.00575167584740839
0.00575180423338177
0.00575396279999541
0.00575218646357968
0.00574618686023728
0.00575387544496879
0.00575128657665776
0.00576068584332429
0.00574723133509221
0.00575875765721253
0.00575157898683111
0.00574873613068586
0.00574865538635157
0.00575417622178856
0.00574790480593388
0.00574647360730554
0.0057494675164748
0.00574906683444672
0.00575565774292165
0.00574913823446641
0.0057500314349026
0.00575015861054413
0.00574981671609601
0.00574956771135046
0.00575280351273102
0.00574957027564637
0.00575318326171854
0.00574957658746031
0.00575316277878039
0.00575358628544004
0.00575042620080569
0.00574777368592566
0.00575145611398593
0.00575616143149881
0.00575032731274067
0.00574772371467881
0.00575041858694293
0.00574808712706976
0.00575411842835329
0.00575548312476482
0.00574923450463235
0.00574929607383796
0.00574649619105555
0.00575166877092714
0.00574928546211384
0.00575113386354674
0.00575195729355321
0.00575682839588665
0.00575178902165681
0.00575060287674208
0.0057516037397047
0.00575038278068245
0.0057519267807365
0.00574759051893534
0.00575020373433506
0.00575455772132694
0.00574894006357304
0.00575326708169979
0.00575942930648025
0.00574878540164262
0.00575633103568696
0.00575327025530316
0.00575120049195864
0.00575361315749395
0.00574923406810936
0.00574826849377758
0.00575338829288332
0.00575632678573163
0.00574792244415564
0.00575438761500931
0.00574824448899381
0.00574950160785788
0.00574880058504003
0.00575558849684629
0.00575692086853966
0.00575744498621257
0.00574935589114477
0.00575521127889734
0.0057487318640081
0.00575232231854205
0.00575039592066978
0.0057498199741714
0.00575177076820317
0.0057506267640133
0.00575495919470287
0.00575290581109423
0.00575653246152885
0.00574990929611398
0.00575386961601782
0.00574991501859401
0.00575078248174112
0.00575078701558128
0.0057546946562756
0.00575290539074456
0.00574906855304538
0.00575469516508203
0.00575124362824556
0.00575224389423064
0.00574914898663687
0.00575342303205558
0.00575197323730264
0.00575594357435063
0.00574902110992514
0.00575210774070599
0.00575426308057267
0.0057514827401966
0.00575500736294357
0.00575068653701308
0.00575034231031419
0.00575301536769426
0.0057514091088682
0.00575006277733182
0.00575102821509569
0.00574648491616802
0.00575072392328276
0.00575349109776948
0.00575476400932219
0.00575095882632636
0.00574716614539876
0.00575144115784089
0.0057546795847708
0.00575232996227994
0.0057522642242104
0.00574943503940616
0.00575125074420087
0.00575055037336493
0.00575500741043208
0.00575251438688137
0.00575207309296248
0.00574553797752277
0.00574661537308334
0.00574911340329979
0.00575284923707044
0.00575978036331359
0.00575747056172865
0.00575389995008975
0.00575320577803457
0.00574434080350755
0.00574919891610533
0.00574836275679245
0.00575242756510695
0.00574984747269851
0.00575535181185717
0.00575233240134516
0.00575302960554671
0.00575058235531116
0.00575295352501633
0.00574726931094728
0.00574890287887526
0.00574981209236813
0.00575603225888716
0.00575424963202868
0.0057514131193185
0.00575441923012249
0.00574604686889476
0.00575479655157285
0.00575092559815738
0.00575807919472209
0.00575254637574857
0.00575209422359469
0.00575272437490801
0.00574830845536783
0.00574892997855021
0.00574825637090816
0.00575508052918845
0.00575435644048439
0.00575360188731353
0.00575235546679157
0.00574723043793767
0.00575107384926964
0.00575050991594895
0.00574826164574639
0.00575696091480934
0.00574964677049562
0.00575228593737335
0.00575095945433616
0.00574985164248096
0.00575597049996551
0.00575018369541005
0.00575126958596388
0.0057547528485237
0.00575089077819547
0.00574898181721713
0.00575758803524055
0.0057516433565534
0.0057467620623405
0.00574764339530756
0.00575317762813698
0.00574834614618264
0.00574741209889938
0.00575041357253557
0.00575125449625074
0.00575492846316556
0.00575056230627473
0.00575174712215844
0.00575260738199877
0.00574768963420858
0.00575046545379326
0.00575410090221074
0.00575688684640275
0.00575145325407541
0.00574999225276878
0.00575252879857696
0.00575327102349367
0.00574946064363368
0.00575669334579911
0.00574964121579128
0.00575034889129679
0.00575755636894311
0.00575169086117923
0.00575888846709314
0.0057503971821448
0.00575452476444629
0.00575688764188713
0.00574855691419439
0.00575331236345723
0.00575616343758753
0.0057465181964027
0.00575343328385095
0.00575082481206453
0.0057567202295153
0.00575331496509903
0.00575376791264805
0.00574548154311846
0.005748409821143
0.00574888301859817
0.00575223285808327
0.0057503908647208
0.00575531724289386
0.00575022343573661
0.00575219914001025
0.00574507586535278
0.00574866492917029
0.00575408799385705
0.00574708413162725
0.00575243647364824
0.00574846560639359
0.00574764065776938
0.00575738083559791
0.00575048102529683
0.00574941057922446
0.00574907964435729
0.00575498759452834
0.00575074291886232
0.00575062028219321
0.00575219764106558
0.00575028991509392
0.00575117465300552
0.00575174927480891
0.00574731465048348
0.0057529125411932
0.00575621163275553
0.00575437926779312
0.00575232658660083
0.00575093341324334
0.00575170546427161
0.00575052428048204
0.00574969431438025
0.00575038911111722
0.00574913458995342
0.00574867845634036
0.00575481120952588
0.00575487933144112
0.00575760346842125
0.00575197372330436
0.00575217290505267
0.00574641850237724
0.00575238915078989
0.00575064203409549
0.00575330128183227
0.00575658466102187
0.00574791462853067
0.00574975446702187
0.00575037856553926
0.00574710500913204
0.00574932735634459
0.00575210167000544
0.00575830418450222
0.00574734009054572
0.00574815720635518
0.00575362146276921
0.00575686842153079
0.00575030094525877
0.00574840553193256
0.00575320308490962
0.00575435364456503
0.00575307529222842
0.00575378320966154
0.00575283093427316
0.00575051322799651
0.0057536643825816
0.00574556205278139
0.00575427176601281
0.00574977637452333
0.00575390844415155
0.00575168959076427
0.00574224352084535
0.00575331724715113
0.00574854733070888
0.00576063038184985
0.00575292710916394
0.00575170694198997
0.00575088610246503
0.00574985931952684
0.00574893367126548
0.00575751355651746
0.00575049434410319
0.00575422297152613
0.00575446755129487
0.0057488903325361
0.00574748104879709
0.00575036306377601
0.00575975019203599
0.00575058017189743
0.00575315585439215
0.00575477343142255
0.00575740203263973
0.00575378432560581
0.00574682022869716
0.00575095326959316
0.00574997744335277
0.00575003634375697
0.00574845235503735
0.00575176941397484
0.0057467870368257
0.00574823801863761
0.00575170092334542
0.0057489263560322
0.00575210187269702
0.00574791316021324
0.00574648216929875
0.00575064227023924
0.00575310607690392
0.0057557191088464
0.00575052303928904
0.00575175572967393
0.00575933430425137
0.005755080099423
0.00575740270284827
0.00574811649615862
0.00575496238787319
0.00575939742294336
0.0057493096413937
0.00575381164016634
0.00575438450712131
0.00575066170409964
0.00575444951712915
0.00574938827703362
0.00574696317540424
0.00575109440949103
0.00574863586585294
0.00575166531891112
0.005750022199324
0.00575251468956106
0.00574811755387796
0.00574820349580699
0.00574937848019319
0.00574639087491344
0.00576103886030952
0.00575505293815907
0.00575685745072733
0.00574944392351946
0.00575243132775372
0.00576226986128677
0.00574719133998824
0.00574994348467121
0.00575321043239527
0.00575011715280239
0.00574997977472108
0.00575062333655016
0.00574767963396471
0.00575046424039229
0.00574927543955249
0.00575231161730938
0.00575026049395255
0.00575082504919572
0.00574972008823433
0.00574963959111253
0.00575123751064081
0.00574833871611169
0.00574613054307001
0.00575393114043536
0.00574869978576204
0.00575754762382644
0.00575902877878602
0.00575173858595512
0.00575447812869161
0.00575001568727527
0.00575603489439276
0.00575531404723984
0.0057496283134072
0.00574352637962539
0.00574988631895293
0.00574967231347362
0.00574746390477793
0.00574933439742473
0.00575818227303688
0.00574978165382452
0.00575344877996469
0.00575552684005273
0.00575099340343173
0.00574610365508342
0.00574732047438283
0.00575152403316033
0.00575313961446534
0.00574792280235211
0.00574897929683439
0.00575282340350247
0.00575781807329113
0.00574840727563376
0.00574948233404337
0.00574577219849872
0.0057487071935366
0.00574845082802708
0.00575123696614981
0.00574766547907345
0.00574848850399325
0.0057494415597638
0.00574590177529838
0.00575037592501429
0.00575354586036038
0.0057520824419377
0.00574934272516642
0.00575659239965207
0.00575084868663508
0.00574589098808605
0.00575199824456388
0.00575360277630174
0.00575730647357365
0.00575134605657369
0.00575012992915996
0.00574923797095899
0.00574872690057873
0.00574976380300992
0.00574903641820662
0.005748537028372
0.00575140136469199
0.00575670525511025
0.00575239975367794
0.00575389606338167
0.00574970339570492
0.00575158918866785
0.00575743051707756
0.00574846397214674
0.00574833827682792
0.00574904891500787
0.0057505756870037
0.00575539094509536
0.00574552961389439
0.00574926290970658
0.00574999028784121
0.00574772784127274
0.00574917187842646
0.00574830560864382
0.00575762365489653
0.0057571369515862
0.0057539591093152
0.00574832723092962
0.00575118424516189
0.00574978515850116
0.00575983062182756
0.00575097424896634
0.00574997312232799
0.00575142538449508
0.0057485082504833
0.00575481624464722
0.00575502651750755
0.00575045034662031
0.00575260382485181
0.00575013538131802
0.00575643500733527
0.00574958391993502
0.00575082437771573
0.00575025137990553
0.00575091440936695
0.00575104065695958
0.00574923339876173
0.00575060820684089
0.00574918462513104
0.0057490771132782
0.00574812160331483
0.00574833327396864
0.00574950841034909
0.005759739748151
0.00574815342165487
0.00575007740021985
0.00575806264553794
0.00575052480856638
0.00575194766279842
0.00575298211497108
0.00574851310799399
0.00574864415272942
0.00574516263109047
0.00575335580474262
0.0057502092553974
0.00574790229770586
0.00574865643460833
0.00574835636298363
0.00574805617287715
0.00575056652298962
0.00574878176021973
0.00575828563563128
0.00575516763515086
0.00574992002130223
0.00575535773837302
0.00574996291696523
0.00575142530347903
0.0057465126292538
0.00575241543156988
0.00575240005070664
0.00575077316221331
0.00575328648863696
0.00575621295979678
0.00575394809897442
0.0057555692304187
0.00575328076642793
0.0057541241060965
0.0057488785898466
0.00575217967781898
0.0057517226335172
0.00574907713195639
0.00575063857810669
0.00574919924670214
0.00575004931829752
0.00575299772136493
0.00574759362492888
0.00575548505884749
0.00575569788764328
0.00575218134928174
0.00576059439472119
0.00574798719766305
0.00575096549076002
0.00575505022459243
0.00575384978475061
0.00574994641788484
0.00574904423748986
0.00574899656299387
0.00575678206230745
0.00574805605413524
0.00575483613621364
0.00574721244705025
0.00575207194887079
0.00575083635416868
0.00574826484123581
0.00574681583351006
0.00574769870427612
0.00574970954091732
0.00575081697847474
0.00575687661081383
0.00575042238518053
0.00575273012162016
0.00574734897007875
0.00575185829078334
0.00575263289779358
0.00575384587025584
0.00575389983617147
0.00574791398133321
0.00575577523348222
0.00574699497773776
0.00574998708256622
0.00574914515866735
0.00575461306724067
0.00575523371270348
0.00574844219487128
0.00575007893919519
0.00575512619498
0.00575089269895005
0.00574954534498886
0.0057541680350728
0.0057482266139672
0.00575280111076402
0.00575097728396985
0.00574828347067407
0.00575016161169789
0.00575111527782948
0.00575482926118444
0.00575603011647553
0.00575338522713057
0.00575052646778642
0.00575286274517106
0.00575070866362083
0.0057562983455807
0.00574969038352944
0.00575378459296288
0.00574952975134235
0.00575191517870802
0.00574914128734516
0.00574574172210995
0.00574778608819481
0.00575539427162183
0.00575000504302878
0.00575093188100869
0.00575261435850313
0.00575232168419499
0.00575208171358846
0.00575365065818797
0.00574904022832091
0.00574593933095959
0.00574898672172474
0.0057503283265196
0.00575068347168263
0.00575130127665317
0.00574945167445554
0.0057463918497864
0.00575576031482996
0.00575199214181302
0.00574786883638845
0.00574904700081801
0.00574810464314655
0.00575924965170676
0.00575436997101405
0.00575000191692371
0.00575124406829161
0.00574605020983496
0.00575251576087041
0.00575014938044159
0.00575600570597588
0.00575241172580175
0.00574843720188874
0.00575631775357018
0.00575173760560953
0.00575717168139
0.00575019119600099
0.00575543074912937
0.00575079192397265
0.00575146927013063
0.00575775463654325
0.0057505446085558
0.00575219460747682
0.00574641924795167
0.00574739768746447
0.00575229990074818
0.00575116172335611
0.00575385497746408
0.00574970837836261
0.00574963981632438
0.00575136247789625
0.00574601529789294
0.00574413224911451
0.00575599293898563
0.0057459391514562
0.00575510985578342
0.00575455812508721
0.00575497719868877
0.00575574183687413
0.00574777108795087
0.00575285253027413
0.00575032815128336
0.00574992268752569
0.00574776887752019
0.00575443801928984
0.00575459878894602
0.00574645346512069
0.0057508781520744
0.00574824020455127
0.00575670054917198
0.0057513026784589
0.00575415562274367
0.00575090662258938
0.00575315050813652
0.00575038067799977
0.00575045904618918
0.00574905331287107
0.00574587948094689
0.00575415581437848
0.00575284766921314
0.00574751020626631
0.00575129584005176
0.00575167791733422
0.00575034714227791
0.00574691699148279
0.00575381982459737
0.00575129202790341
0.00575547866387296
0.00574652635669476
0.00575236628404947
0.00575354814744222
0.00575683501372677
0.00574957522219864
0.00575211757721679
0.00574891932139051
0.0057501701621596
0.00574979979650728
0.005747281419347
0.00575220847794398
0.00575581090475138
0.00575310513327608
0.00575381605004573
0.00575152171314899
0.00574864094662233
0.00575402231518423
0.00574932993923202
0.0057493237275319
0.00575214298836973
0.00575354843700168
0.00575069414079433
0.00575266095829433
0.0057498470034261
0.00575448906472233
0.00574959775779991
0.00574743581388416
0.00574390939608799
0.00575330767613493
0.00574702389190315
0.00575031747218452
0.00574882755482581
0.00575543681501136
0.00575014641312579
0.00574904744831995
0.00575267751904928
0.00574812202073527
0.00575365949307899
0.00575178389998901
0.00575213203512442
0.00575454021909586
0.00574915334117789
0.00575964790706522
0.00575046156577268
0.00574727122483589
0.00575296407235142
0.00575227411464779
0.00575605228906406
0.00574936176093431
0.00574637767132648
0.00575664960274594
0.00574954887350896
0.00574969139104185
0.00574585246873461
0.00575269258256066
0.00574945727488321
0.00575254397657888
0.00575353209540327
0.00575387040226415
0.00575088493797109
0.0057511739375764
0.00575261898582207
0.00574831098597411
0.00575261752882705
0.00575430425175936
0.0057518495382293
0.00574830088287323
0.00575132998418459
0.00574472100248037
0.00575279022348318
0.00574978257792766
0.00575043515365467
0.00575231244651973
0.00575014366995842
0.0057510847164239
0.00574907065904207
0.00574962174088651
0.00574997458932912
0.00575050603701337
0.00575127640790586
0.00574844839348287
0.00574946001422638
0.0057509107170384
0.00575509766078212
0.00574994205747947
0.00574966595481571
0.00574782237365225
0.00574996849813409
0.0057493457890775
0.00575879136719562
0.00575077121042327
0.00574688042561337
0.00575067327692935
0.00576003854683093
0.0057500125329128
0.00575313339538565
0.00575267462914719
0.00574863109421257
0.00575348488907484
0.00574864846727375
0.00575340512175607
0.00574091800307008
0.00575435598096361
0.00575107680934081
0.00575489561277519
0.00575437838636601
0.00575230306651251
0.00574794139084102
0.00575078626132439
0.00574916094113668
0.00575728916227355
0.00575514947147508
0.00574765292532946
0.00574724550447119
0.00574927698156683
0.00575321036797542
0.00575565039897961
0.00575390328768484
0.00575214895015491
0.00575435055084968
0.00575400682385406
0.0057511249260232
0.00575608406934941
0.00574779777042367
0.00575210298981606
0.00575053782874558
0.00575276745321487
0.00575058190939097
0.00575355244835283
0.00575169647081184
0.00575043840081981
0.00575339577425244
0.00575101875473528
0.00575373719415497
0.00575175755259696
0.00575022951579738
0.00574879540686334
0.00575897896142042
0.00575066968315969
0.00575379508571538
0.00574992989360538
0.00575099672362152
0.00575112647273182
0.00575002795176974
0.00575158514780739
0.00575447766851282
0.00575136240124464
0.00575439346264836
0.00575100645356995
0.0057490762567584
0.0057525603419213
0.00575613887130976
0.00575209729634628
0.00574894870863116
0.00575058992944319
0.00574271419623082
0.00575405586924661
0.0057516933684859
0.00574647767690252
0.00575209637728766
0.00574782841722176
0.0057532268281822
0.0057519476307131
0.00574749714568059
0.00575504090564632
0.00575132821462563
0.00574825630618964
0.00575623510391283
0.00574770568994605
0.00575678978510322
0.00575010765283655
0.00574927814603651
0.00574722778817941
0.00574714367149691
0.00575599874320199
0.00575074731178163
0.00575087490994616
0.00575085612653706
0.0057511179945381
0.00575023856339615
0.00574957021014186
0.00575077685187555
0.00574929214527787
0.00575573170342843
0.00574642573862556
0.00574969101780713
0.00575573581440958
0.00575268276669403
0.00575083949207567
0.00574896082205209
0.00575345822628512
0.00574991058011588
0.00575018031798338
0.00575230383972407
0.00574834774205467
0.0057511570244059
0.00575430871449493
0.00575614383522966
0.0057503116113709
0.0057501399241516
0.00575230040452587
0.00575242353192077
0.00575191832309501
0.00574815338975014
0.00574858679041966
0.00575041478592387
0.0057513248495917
0.00574946237659638
0.00575512417363603
0.00575460982868592
0.00575010304774183
0.0057501719016651
0.00575317308604523
0.00574969417876274
0.00574866509649457
0.00575488734460212
0.0057500070683428
0.00575464125855579
0.00574626185762498
0.00575279736207806
0.0057488379479761
0.00575304402494897
0.00575065895108006
0.00575173705227063
0.00574785455665943
0.00575242657214565
0.00575180524269696
0.00575833583655048
0.00575656910032838
0.00574920750263
0.00575528477969847
0.00575033716645192
0.00575606788415871
0.00575235325050379
0.00574853387635487
0.00575039283467415
0.00574656519307877
0.0057503081204819
0.00575312044033072
0.0057532879480537
0.00575582594007652
0.00575386589314259
0.00575011086600952
0.00575114790516189
0.00574826335417232
0.00575135288366139
0.00575597849715211
0.00575045083095569
0.00575355845459182
0.00575099415165861
0.00574946553853829
0.0057496416530333
0.00574603271329168
0.00575036439539027
0.00574948116242442
0.00575351290563832
0.00575623389076708
0.00574898452892862
0.00574870570649123
0.00574933681119036
0.00575332372840573
0.00574936503997912
0.00575373828123951
0.00574759938424944
0.0057490894557554
0.00575458053350157
0.00575571937060008
0.00575058031912865
0.00574927924055506
0.00574973753511424
0.00575945389961111
0.0057487146951267
0.00575717306787022
0.00574794433620014
0.00575096513988825
0.00574704906977634
0.00574853577521195
0.00574907714588151
0.00575494666815455
0.00575090637640402
0.00575141668708344
0.00574765881021806
0.00575148561664436
0.00574999279025126
0.00575509849088704
0.00574847205220074
0.00575331918406905
0.00575364503531878
0.00575079686528242
0.0057508303449369
0.00574884693383491
0.00575050919020133
0.00575254960403191
0.00576115414437563
0.00575384552462475
0.00575760952941661
0.00574975413587413
0.00575162748648566
0.00575169597906907
0.00574834257766474
0.00576198141672063
0.00575224403556466
0.00575339448843503
0.00575025995805991
0.00574862738115403
0.00575361123893718
0.00575018212283694
0.00575023360400607
0.00575341541233805
0.00575363069100303
0.00574702032945846
0.00574972391063947
0.0057510307394702
0.00574956075511406
0.00575613026553116
0.00575709047400795
0.00575357744952818
0.00574641555717214
0.00574924151717408
0.00575038567528798
0.00575252308866684
0.00574961173733068
0.00575526282369631
0.00575519889082177
0.0057527907031477
0.00574918619421736
0.00575080541379957
0.00574844910171351
0.00575589530765441
0.00575385268440688
0.00575388586777206
0.00575193618147282
0.00574479379942066
0.00575555888170698
0.00575729336718544
0.00575315438560829
0.00575513073744975
0.00575426396034328
0.00575260245093808
0.00575657198768926
0.00574966911140711
0.00575198540057327
0.00575023161727848
0.00575082549632212
0.00574531631255335
0.00575345459064233
0.00575672559957317
0.00574999190623923
0.0057554496122839
0.0057492074942278
0.00575019283652302
0.00575020205324595
0.00575196444054556
0.00574910475676154
0.00575198158324833
0.00575319975739954
0.00574912858983131
0.00575314686656935
0.00574989077846909
0.00575881693548879
0.0057535479689599
0.00575024527400856
0.00575169897678519
0.00575517140338498
0.00574890055867157
0.00575089755499397
0.00575585628984065
0.00574900325215591
0.0057499718408298
0.00575012632592397
0.00574744743647094
0.00574951767995483
0.00575771116082703
0.00574855540058284
0.0057502573545695
0.00575144151364243
0.00575439895550137
0.00575189909336443
0.00575099249928018
0.00574883515859125
0.00575185567009733
0.00575019514707817
0.00574827432297189
0.00574822210677712
0.00575101924898959
0.00574745153720511
0.00575474705853915
0.00574956357418673
0.00575106588640707
0.00574758208228352
0.00575592800470642
0.00575176893447282
0.00574736666007447
0.00575828172252092
0.00575167811625396
0.00575046802207899
0.00574824588912667
0.00575187288166479
0.00574951254770921
0.00575663202543357
0.00575212282062627
0.00575440473736822
0.00574762594085348
0.00574828662379483
0.00575408717508207
0.00575503713128554
0.00575120792565881
0.00575184660795924
0.00575151585971844
0.00574833891231798
0.00575228776392113
0.00575337576146024
0.00574837600148564
0.00575488531106264
0.00575510354193231
0.00574746488996167
0.00574904466194825
0.00575291330609783
0.00575592311275906
0.00575193511073998
0.00575257158831656
0.00574751989598447
0.00574770901564936
0.00574721893277677
0.00575693274424664
0.00575037893538538
0.0057530854853795
0.00575233918611134
0.0057520776452981
0.00574780017342728
0.00575025325831801
0.00575076963834406
0.0057497707257999
0.00575879688833789
0.0057516170421483
0.00575278868884465
0.00575177259289187
0.00575311161995484
0.00575214203858204
0.00575654785931618
0.00574892079473798
0.00575055728998625
0.00575019680796357
0.0057489959100335
0.00574848807753281
0.00575071814346868
0.00574993950236114
0.00575143887745107
0.00574809337752055
0.00575391740358143
0.00575108544810966
0.00575673546498544
0.00575248571279612
0.00575092158568882
0.00574683358167715
0.00575588254961791
0.00575250329163001
0.00575162203528497
0.00574945000014668
0.00575307578575055
0.00575756919586615
0.00575034048689487
0.00575193240727325
0.00575295297708903
0.00574665306752215
0.00575099092073965
0.00575933623478685
0.00575383258271748
0.00574925906412852
0.00575156249937831
0.00574513496743846
0.00574754552062625
0.00575155785896248
0.00575263661246235
0.00575343974145044
0.00575133576038095
0.00574688497342546
0.0057549191066069
0.00574806776723691
0.00575243015745868
0.00575231578981655
0.00575095125739898
0.00574836641181048
0.0057549583257108
0.00575196160984614
0.00574683802791003
0.00575418267335048
0.00575093359955097
0.00574807285366749
0.00575359743063353
0.00575389032754632
0.00574936592896573
0.00575380013412616
0.0057499506676296
0.00575154360161703
0.00575381342557362
0.00575252936177769
0.00574878445674481
0.00575742469641131
0.00574687643095839
0.00575219828545536
0.00575047896780566
0.00575383806847065
0.00574977131609398
0.00575797609308299
0.00574940115091708
0.00575256859294799
0.00575147110630826
0.00576018843834459
0.00575500492520839
0.00575519699109903
0.00575067945013555
0.0057527594227076
0.00575175485403773
0.00575470710889167
0.00575092279107422
0.00574845081139591
0.00574884936017828
0.00575070999802042
0.0057504733304364
0.00575418756895027
0.00575014016317268
0.00575025479444838
0.00575162703279321
0.00575117627278928
0.00575005809933618
0.0057512802388202
0.0057539596873222
0.00575146857717397
0.00575529981664726
0.00574809139659159
0.0057528336445616
0.00575172998139774
0.00574947292002877
0.00575098634643871
0.00575365084234478
0.00575261374164196
0.00575738169189519
0.00575572707211121
0.00574785584234463
0.00575652420319253
0.00575655474080653
0.00575023311996412
0.00575480177687548
0.00575769023763921
0.00575334275966397
0.00575330027877569
0.00575467081353266
0.00575124397246222
0.00574714548340039
0.0057504989925911
0.00575200399059665
0.00575747959662203
0.00575430525793553
0.00575230467983629
0.00575119938206648
0.00575479400267922
0.00575280620614844
0.00575330516308067
0.00574894505800445
0.00575289688889504
0.00575367207544151
0.00575524998912266
0.00574978346961808
0.00575205412743314
0.00575406472340526
0.00575131616153784
0.00575791572182906
0.00575261687729114
0.00575103542844808
0.00575169844379159
0.00575071562871188
0.00574658109182732
0.00575916761070214
0.00575021780546099
0.00575145598054119
0.00575037835946369
0.00575104829085212
0.00575855111702013
0.00575005590614331
0.00575248583718896
0.00575609614514359
0.00575462807714771
0.00575222126401395
0.00575225375915476
0.00575163702781966
0.00575125721271231
0.00575399931951975
0.0057470061995762
0.00574735591513658
0.00575191270598156
0.00574991692954423
0.00575106285901675
0.00574740333805753
0.00575333422374294
0.00575546377804808
0.00574711457446167
0.00575252621465342
0.00574845043484063
0.00575104639857882
0.00575024694623925
0.00575022585295609
0.00575073390758496
0.00575686001023342
0.00575109705527669
0.0057484099845994
0.00575600326530417
0.0057577763070251
0.00574921569932841
0.00575184780650014
0.00574943707097164
0.00574986282461091
0.00574869113078948
0.00575320469453942
0.00575669068639486
0.00575187995236669
0.00575709412412049
0.00574766525933149
0.00575422847299364
0.00575258165251512
0.00575178291374224
0.00575176509661022
0.00575508494376822
0.00574796035320731
0.00575150657121503
0.00574897380235708
0.00575096994848482
0.00575262563913292
0.00575667934074615
0.00575902839341934
0.00575565380425569
0.0057545796465774
0.00575644005885354
0.00576028755761064
0.00575029860190346
0.0057504339473561
0.00575375830208814
0.00575580640867874
0.0057475211989811
0.00575083223174568
0.00574799495595417
0.00575001978697017
0.00575218097406816
0.00575368477134546
0.00574969820530444
0.00575088441124026
0.00575038585348563
0.00574992702888805
0.00575309671939477
0.00575013363943443
0.00574939666404138
0.00575154057193078
0.00575116849488834
0.00574485192961138
0.00575266343014929
0.00574779551566905
0.00575462936438106
0.00574876057349619
0.00575011514813576
0.00574657585710798
0.00575043478612862
0.00574760709860003
0.00575031675522494
0.00575245077211023
0.0057509339110592
0.00574864125145979
0.00575477630285437
0.00575283530884346
0.00574531327976183
0.00575659263286636
0.00575073744550697
0.00575520331973751
0.0057486114671241
0.00574704357671004
0.00575575608783111
0.00574839397606171
0.00574917570056536
0.00574866323262822
0.00575720640859341
0.00575684824587168
0.00575222922165273
0.00574778629808293
0.00575633614093454
0.00574954452644111
0.00575121405725872
0.00574645908498849
0.00574754766105402
0.00575517871996145
0.00575212086100074
0.00574643145111821
0.00574711184060006
0.00574603554359381
0.00574724046446018
0.00575234891835697
0.00574790751520669
0.00575391971940053
0.00575068376556372
0.00574539669425086
0.00575972020082221
0.00575377636324492
0.00575513555999252
0.0057529488844526
0.00575051885184257
0.00575253898242915
0.00575296245635138
0.00575321079999205
0.00575776746618111
0.00575011964250266
0.00575316729368843
0.00576152436543227
0.00575327402002561
0.00575178588156906
0.00574979984339477
0.00574969128330974
0.0057511444484721
0.00574621442045913
0.00575290450839283
0.00575193161223683
0.0057522615485602
0.00574917284500445
0.00574898795691296
0.00574855249964824
0.00575182075013884
0.00574831718234145
0.00574950756001974
0.00575960450944539
0.00575418363427205
0.00574922108887681
0.00574619601562905
0.00574824510757248
0.00575160054485487
0.00574883904798286
0.00574927604601672
0.00575200919393532
0.00575001631218669
0.00575002846298811
0.00574777565670225
0.00575042142129764
0.00574855286398935
0.00575187030334775
0.00575434934658025
0.00575398127849708
0.00575254599909586
0.00574892621529064
0.00574993580772673
0.00574962302568818
0.00574957594576582
0.0057481049911312
0.0057524518002141
0.00575161796025945
0.00575041833683947
0.00574812012700105
0.00575242958855021
0.00575155689767358
0.00574719492461983
0.00575553484404745
0.00574934696418623
0.00575230629517027
0.00575046270913045
0.00574781079820968
0.00574803955455342
0.0057524352835147
0.00575519500812185
0.00575704662894952
0.00575158203679674
0.00575452211717434
0.00575219153026503
0.00574643188512046
0.00575733452047271
0.00575230851648149
0.00574812590572865
0.0057501944245134
0.00575375888181464
0.0057519005568308
0.00575453712262051
0.0057533821859589
0.00575508658356904
0.00575152891177211
0.00574886162254662
0.00575299267633974
0.00574997494290397
0.00575616415617337
0.00574995428304032
0.0057563381259493
0.00574784973028714
0.00574773384066531
0.00575608611639892
0.00574559843584225
0.00575496706171395
0.00575310628242412
0.00575604040095343
0.00574829217273397
0.00575102249749322
0.00574852103977592
0.00574953269847205
0.00575296218917952
0.00575340765725944
0.00574894967598888
0.00575568693884418
0.00574814577524619
0.00574713671282228
0.00574814697803419
0.00575535629061709
0.00575010025739018
0.00575108053262318
0.005749246425134
0.00575171937487722
0.00576321271303991
0.00575570567380517
0.00575122999624584
0.00574670448561893
0.00574556926157619
0.00574759628480169
0.0057540238485928
0.00574643996329938
0.00575037532860464
0.00575550054522975
0.00574991229839246
0.0057515082734196
0.00575932574515748
0.00574907137459177
0.00574717091600566
0.00575205703052057
0.00575417121788979
0.00575137477489153
0.00574961749854975
0.00575001733481977
0.00575563117818615
0.00574611152328994
0.00576191526950951
0.00575127543086461
0.00574761686988086
0.00575565371920913
0.0057551348106021
0.00575486576726084
0.00575135561332266
0.00574472242015611
0.00574710498541715
0.00575051497793732
0.00574996994413349
0.00575350073740597
0.00576128495422462
0.00574631393824821
0.00575269352336166
0.00574954358557539
0.00575019458972924
0.00574845937444867
0.00575622836390404
0.00575117154966088
0.00575317795185248
0.00574783550114586
0.00574771881961803
0.00574958379606045
0.0057529724172851
0.00575699183906732
0.00575007593709647
0.00575685696545755
0.00574808389235655
0.00575425486323789
0.00575369625221029
0.00575778236038594
0.00574825341752216
0.00575064134894957
0.00574995840652945
0.00575276447597699
0.00574861730967148
0.00575143160319713
0.00575158728149425
0.00575667883968473
0.00574896789564551
0.00575034493778324
0.00575164632218159
0.00575123602592208
0.00574724258246229
0.00575735473955277
0.00575438573941818
0.00575051070193056
0.00575586217837064
0.00575519248505202
0.00575223715318906
0.0057510350726326
0.00575127482517058
0.00574976646288384
0.00575541554898728
0.00574622816743274
0.00575504194886711
0.00575579482832086
0.00575633227094042
0.00574659479062162
0.00575092997699577
0.00575236231823659
0.00575167229310042
0.00575228358999781
0.0057491274292224
0.00574720348980166
0.00574948284623116
0.0057504054074187
0.00574953410017879
0.00574858234667526
0.00575013463598065
0.00575331283433639
0.00575645893957027
0.00574809974234271
0.00575631036561457
0.00574902542704751
0.00575096328671622
0.00575019964584365
0.00575325405315067
0.00575220745754229
0.00575775801554059
0.00575233118602249
0.00574792584467312
0.00575178288512056
0.00575103168311423
0.0057481017062537
0.00574667738079148
0.00575075877397898
0.00574941970221227
0.00574679707466899
0.00575090279334227
0.00575092111248045
0.00574857394502544
0.00574637025075951
0.00575214434267965
0.00575152580179688
0.00575084304315368
0.00574700480472583
0.00575598854351642
0.00575013406346331
0.00575673390313498
0.00574566353162227
0.00574943040322217
0.00574574467254891
0.0057506274460073
0.005748527355751
0.00575256719449347
0.00575197291036874
0.00575337130280297
0.005749228720952
0.00574951449544162
0.005752371423092
0.00575216899321857
0.0057523018767959
0.00575173523381719
0.00575326985584142
0.00575963120595098
0.00575411704201206
0.00575007012002301
0.00574618245968255
0.00575289334482017
0.00574850541964014
0.00575254109353011
0.00575335541778478
0.00575001780286993
0.00575502643419341
0.00574897511074582
0.00575316198125015
0.00575113985597355
0.00575747377452129
0.00575321164385756
0.00574995105005819
0.00575370771747428
0.00575184808379368
0.00575078946051788
0.00575222455587094
0.00575672013246559
0.00575163675293282
0.00575171860774414
0.00575244971510042
0.00575313193557346
0.00575158428900888
0.00575997296638101
0.00574922743538689
0.00574843261084122
0.00575017592599348
0.00575407462717932
0.00575336481510265
0.00574838942238737
0.00574683689964548
0.00575342378760533
0.00574779455915362
0.00575467437670669
0.00575466474895749
0.00574870586111695
0.00574850298902037
0.00574817682287896
0.0057500240371098
0.00575154389067152
0.00575230154020472
0.00575127660035208
0.00575716327824845
0.00574827914689557
0.0057495403712867
0.0057546412466377
0.00574800499576058
0.00574904924326522
0.00575323279330354
0.00575172678597805
0.00575177415209118
0.00575149136562754
0.0057490018579099
0.00575388960477328
0.00574955335574118
0.00574912838980098
0.00575450676163291
0.00575221792658929
0.00575568207519591
0.00575204813261402
0.00574706864168266
0.0057517881709498
0.00575429596387112
0.00575087503560163
0.00574838996972541
0.00574829196805795
0.0057494966291358
0.00574798263357589
0.00575092898443443
0.0057544195886065
0.00574410561611211
0.00575292093964847
0.00575097834131301
0.00575043498521562
0.00575580923450661
0.00574787803684332
0.00574934643855629
0.00575243425671843
0.00575403692090446
0.00575504588686285
0.0057520512938664
0.0057481809906167
0.0057481923455169
0.00575194153675602
0.0057574658700946
0.00575411573679557
0.00574873515723489
0.00575360174778383
0.00574963061562484
0.00575224429216138
0.00575059119828238
0.00574408716174786
0.00575082340432823
0.00574995317214192
0.00575579606653366
0.0057546366268292
0.00575559620302674
0.00575221553965095
0.00576167757397079
0.00576036137547272
0.00575662423333043
0.00575027448785363
0.00574839832263328
0.00575718558589055
0.00574747739857764
0.00575291281041712
0.00574823780325135
0.00575888129755716
0.00575231117824369
0.00574447437800343
0.00575236057769843
0.00575282795964035
0.00575403546125232
0.00574844794213043
0.00575208984332248
0.00574928203479448
0.00574902369494118
0.00575104016504214
0.00575123095350153
0.0057481610341764
0.00575886433595522
0.00575226786739543
0.00575212637945791
0.00574832510162399
0.00574980616744287
0.00575085783935992
0.00575122733860583
0.00575587317897125
0.00575061440672735
0.00575023936939101
0.00575261555335344
0.00574811805956984
0.00575361846853162
0.00575305490807674
0.00574878010977744
0.00574825457257378
0.0057482550510046
0.00575008015185843
0.00574520370145755
0.00575052088984727
0.00574768318166335
0.00575221751248175
0.00575320828539989
0.00575102719700752
0.00575515775039059
0.0057503159317428
0.00574874451379789
0.0057488575388643
0.00575004973129931
0.00574974263623141
0.00574963778474869
0.00574889216812809
0.00574783904605427
0.00574714213352881
0.00574956481701555
0.00575387169630327
0.0057544378061187
0.00574963196161907
0.00574873792064509
0.00575630236061986
0.00575317606468596
0.00575889056233874
0.00574555943049575
0.00574890386595674
0.00575408267178976
0.0057517523854817
0.00575117352420331
0.00574525884073461
0.0057486987020863
0.00575038923528634
0.0057601180797384
0.00575650590670026
0.00574808946557132
0.0057505390306225
0.00575682052399739
0.00574615698301223
0.00574552943073939
0.00574995554501425
0.00574816734048735
0.00575230401919275
0.00574692338049122
0.00576145321092377
0.00575459147803803
0.00575148716965945
0.00575172175540795
0.00574801977308638
0.0057497188562301
0.00575633356778283
0.00575116603146567
0.00574980382957266
0.00575008911928408
0.00575056266177802
0.00575649275264876
0.00574762223434241
0.00574837108490568
0.00575158651496223
0.00574938665436594
0.00575390440420699
0.00574685159136971
0.00575620002631213
0.00575408605873557
0.00574696418854554
0.00575464895937813
0.00574992297475061
0.00574963620908291
0.0057497293830675
0.00575437112286288
0.00575492139682007
0.00575112891698637
0.00575554938493378
0.00574711547627168
0.00575755769970156
0.00575431349308433
0.00574746428644142
0.00575522085084725
0.00575144193490516
0.00574999397112849
0.00575206801722394
0.0057508082980016
0.00574996436534083
0.00575683564527689
0.00574856736420382
0.005750994029165
0.00574841450616821
0.00575472701043045
0.00575015675127128
0.00574658209265441
0.00574858269405856
0.00575558053873553
0.00575284666540244
0.00575302429124649
0.0057496570308543
0.00575678818956773
0.00575073377112027
0.00575114511779744
0.00574841948423763
0.00575383170480932
0.00574784760807173
0.00575046782514809
0.00574835032242061
0.00574818725769846
0.00575250819514457
0.0057524998834288
0.00575163553571814
0.00575661651356342
0.00574930851231852
0.00575929846577062
0.0057482414956096
0.00574979239622716
0.00575039530309662
0.00575798696870264
0.00574971931291698
0.00574979469493354
0.00575157526980752
0.00575322749037605
0.00575393628975389
0.00574666360419546
0.00574811229513372
0.0057543730664626
0.00575001811358658
0.00575314763025845
0.00575120848145929
0.00575146242066789
0.00574999935769463
0.00575133705199106
0.00575208012028875
0.00575056367817406
0.0057508929505437
0.00575143764585073
0.00575724830893021
0.0057500014795074
0.00575299564031318
0.00575333707845236
0.00575352962655736
0.00574569483969038
0.00575202560658844
0.00575167415533079
0.00575234913246414
0.00575478549379677
0.00575297049438866
0.00575371914542444
0.0057489336290218
0.00575364651672858
0.00574894322802027
0.00574735969404494
0.00575219672512135
0.00575900539182952
0.00575058316863359
0.00575677392767871
0.00575298775817667
0.00575976778061269
0.00575442737197777
0.00575004199629866
0.00575377042900875
0.00574954268782531
0.00575451733463133
0.0057535512597767
0.00575171992793289
0.00574950708581515
0.00574788453876362
0.00574987062330625
0.00575103176750738
0.00574978726901412
0.00575062903016552
0.00575178987515762
0.00575195844999182
0.00574754693738524
0.00576722422571828
0.0057498616470306
0.00575383075277754
0.00574950096974105
0.00574902790577169
0.00574928179355892
0.00575218715030495
0.00575367378051581
0.0057500001875116
0.00575550209583939
0.00575155570906815
0.00575363175477639
0.00574977558805543
0.00574919986428263
0.00575529471754769
0.00575703715680191
0.00575226464294432
0.00574802956797271
0.00575249687751153
0.00574979861225541
0.00575286582330882
0.0057515450593264
0.00574635240943361
0.00575904240745482
0.00575732251969614
0.00575348898813203
0.00575183704583771
0.00575089181767644
0.00574899579891135
0.00574857092170282
0.0057514825878276
0.00575427793494464
0.00574772084168484
0.00574993172545892
0.00575070918506783
0.00575110023841012
0.005746501835531
0.00575366080798237
0.00574808455907829
0.00575222212991482
0.00575493449055173
0.00575048377234254
0.0057501460213556
0.00575096978617876
0.00575169388827379
0.00575116553493753
0.00575239503951278
0.00575553681175758
0.00575049265923951
0.00575784511939744
0.00574995717355577
0.00575203736114514
0.00575284028116438
0.00575127416710262
0.00574810526650588
0.00575163289887294
0.00575073471236809
0.00575176639487559
0.00575200757201513
0.00575124629828666
0.00575015981478807
0.00575427055288461
0.00576252655258145
0.00575799372191007
0.00575317957423718
0.00575672308034854
0.0057558866493553
0.00575111559786485
0.00575149287526637
0.00575409554562739
0.00575151579166821
0.00574888998296195
0.00574693455680808
0.00574990341635727
0.00575298896845549
0.00575407920005021
0.00575221002783439
0.00575271115382541
0.00574715718393487
0.00574986154332905
0.00575277955909754
0.0057483186708527
0.00575154446941603
0.00574717485730192
0.00575227588795929
0.00574818927444287
0.00575009285546604
0.00575932244196731
0.00575726999659829
0.00576010618150273
0.0057494347089799
0.00575196691667469
0.00574456983314725
0.00574465681157752
0.00575376096801924
0.00575144175685085
0.00575035424990005
0.00574892581854572
0.00575505466604709
0.00575311311670528
0.00575226602429747
0.00575005927151749
0.00575003741188278
0.00575272060115301
0.00575301470462439
0.00575161125543976
0.0057511826542536
0.00574944258318331
0.00574797971444044
0.00574833337796524
0.00575586291383939
0.00575283047207649
0.00576147781050755
0.00574869739982384
0.0057552776813261
0.00575757592273992
0.00574694096439013
0.00575095050655151
0.0057504658791361
0.00575630265317577
0.00574757879207338
0.00575063712174919
0.005750150557602
0.00575319199460876
0.0057553454724574
0.00574710185664939
0.00575657281344279
0.00574836553599483
0.00575118977671978
0.00575577861391695
0.005753524417893
0.0057456854770246
0.00574525576559464
0.00575186677180191
0.00575121673809211
0.0057542976616748
0.00575286523679813
0.00576023733812421
0.00575256290376286
0.00575026498725606
0.00574877690938571
0.00574946663944941
0.00575349363282708
0.00575178193314157
0.00575462775593473
0.00575175486979444
0.00574938514555161
0.00574674288851617
0.00574956946480378
0.00575618464832447
0.00574982503595813
0.00575069151134299
0.00575147959775175
0.00575003745068106
0.00574399899790567
0.00575000556380842
0.00575315248926131
0.00574887149347414
0.00575050783652387
0.00575606943984175
0.00574935186590607
0.00575092623032572
0.0057521504635237
0.0057475429350959
0.00575261760398924
0.00575147973298384
0.00575018804209335
0.00574807074830154
0.00575631444802425
0.00574522424353355
0.00575622710735362
0.00575453668615322
0.00574889496096238
0.00574931742096741
0.00575018204183823
0.00575429516073298
0.0057494580943933
0.00574708699624684
0.00575356984405624
0.00575040717731884
0.00575217594523323
0.00574951590813331
0.00575220926572221
0.00574995696975886
0.00575584618525233
0.00574846368156413
0.00574885158240891
0.00575544606015701
0.00574892594338853
0.00575403882617972
0.00575423290076461
0.00574587142654198
0.00575541026971681
0.00575031730643276
0.00574928854533535
0.00575455577487318
0.00575455294690821
0.00574981736659501
0.00574651507691604
0.00575121708421225
0.0057531071192041
0.00575279033648191
0.00574722360138135
0.00575404561284884
0.00575065186658147
0.00575449125028129
0.00575620234279786
0.00574882269945769
0.00574921758193296
0.00575000458772023
0.00575221979844989
0.00575736483250136
0.00575144158193821
0.00575346984830327
0.00575118157201131
0.00575456114647361
0.00575091419479155
0.00576096591824178
0.00575455844280989
0.00574916935950474
0.00575221968755217
0.00575137102831567
0.00575393343531053
0.00575256784217726
0.00574942797490935
0.0057533923272238
0.00574664650669841
0.00574854596432415
0.00574715714868345
0.00574789317384356
0.00574856507009296
0.0057508045326812
0.00575763835624704
0.00574941076218137
0.0057561590920151
0.00575379541010615
0.00575338589167623
0.00574914838649096
0.00575443118974787
0.00575359994040636
0.00574753639614721
0.00575156898502769
0.00575482859751874
0.00575984115730456
0.0057528552789445
0.0057519046112374
0.00574819340447244
0.00575103906028351
0.00575315208331125
0.00574894480372084
0.00574943015825707
0.00575322779088704
0.00575641148415516
0.00575234489915438
0.00575033628886953
0.00575039488284901
0.00574919660117532
0.0057559489361776
0.0057529035817742
0.00575625690613545
0.005747388077434
0.0057490941570768
0.00575007318539438
0.00574939795862112
0.00575017372751518
0.00574710956162375
0.00576189253170784
0.0057523041269676
0.00575349054042
0.00575315625821998
0.00575074409304025
0.00575087553355351
0.00575018632860055
0.00575307074394667
0.00575754286181302
0.00575943945736367
0.00575780700330069
0.00575275462346244
0.00575008827510353
0.00574672283131736
0.00575045889932755
0.00575500063107295
0.00574919808109512
0.00574929419915896
0.00575087371603187
0.00575208277641447
0.00575082574471244
0.005748204009047
0.00575716998208742
0.00575713036511816
0.00575335838437071
0.00575034666385414
0.00574929485938462
0.0057515893369976
0.00575610489901034
0.00575097182616576
0.00574916231704847
0.00575634878110253
0.00575660262758314
0.00575080214450487
0.00574672562904463
0.00574709257421485
0.00574998176472618
0.00575233039582234
0.00574599070381786
0.00575064633561943
0.00574913122911302
0.00575113272053047
0.0057494692373838
0.00575168919323017
0.00575124612626874
0.00574931974982276
0.00574631673385137
0.005751882213233
0.00575061218852207
0.00575559332042994
0.00574922500615937
0.00575287127588068
0.00574803464224622
0.00574681431361161
0.0057523019827786
0.00574566737915885
0.00575266207038249
0.00574946528960023
0.00575605858892899
0.00575081427766497
0.00574699455712054
0.00574882660475209
0.00575466511691439
0.00575322958845551
0.0057492042793267
0.00575189260891694
0.00575124102496861
0.0057498693896615
0.00575479467139802
0.00574801314363735
0.00575302149039159
0.00575086385746489
0.00575064345226981
0.00574850409475143
0.00575448173285847
0.00574933628838105
0.00575294195155186
0.00575384688485477
0.00575427820455096
0.00575495112107623
0.0057566601694078
0.00575266123679336
0.00575308593139463
0.00575587858107871
0.00574974853551035
0.00574995933904532
0.00575238596462871
0.00574847117907546
0.00575013869136759
0.00575408116318356
0.00575410762083636
0.00575137023220751
0.00575234991125465
0.0057507131531084
0.00575378212135105
0.0057562072398127
0.00575864459293945
0.005748743966698
0.00575118037832571
0.00575127647621604
0.00574879518439555
0.00575062656530287
0.00574882653450236
0.00574677662711769
0.00575389573006829
0.00575686997573128
0.00575380636527739
0.00575042179351585
0.00574716863344891
0.00574893195960594
0.00575297848546925
0.00575321577710608
0.00575155077084151
0.00574738286592881
0.0057533089175849
0.0057482167828392
0.00575839671072958
0.00575529536746273
0.00575249706702187
0.00575114852762886
0.00575324083182267
0.00574384348925094
0.00574972301347983
0.00575025195655303
0.00575326000210913
0.00575823828248386
0.00575399148471043
0.00575190949141978
0.00574955455649143
0.00575204809334409
0.0057512828638814
0.00575675574489084
0.0057579198258547
0.00575149476479704
0.00575208231099528
0.00574734540092861
0.00575349107130496
0.00575823546711752
0.00575041039575002
0.00574979754542882
0.00575448535452825
0.00575632236459275
0.00574800584457834
0.0057507355380884
0.00574737522991771
0.00575183794208968
0.00575110678101087
0.005748203654208
0.00575820291280285
0.00574934167674169
0.00575941998125145
0.00575266320267558
0.0057525289151257
0.00575521727155688
0.00575074616950774
0.0057552475559562
0.00574951278162847
0.00575374642089989
0.00574770895501869
0.0057507270970167
0.00575250728133706
0.00574737191833698
0.00575126049208708
0.00575046448078394
0.00575535166071121
0.00575363272743275
0.00575082175862179
0.00574871605415935
0.00575606738849619
0.00574707426992528
0.00574917766881849
0.00575161541934914
0.00574696691394155
0.00575175213989666
0.00575302443738274
0.00575873868117513
0.00575226208468097
0.00574986588476011
0.0057475421847451
0.0057534495843863
0.0057488915631585
0.00575375786497368
0.0057555252865741
0.00574878659602539
0.00575786048109184
0.00575052764968479
0.00575001300011904
0.00575781247197618
0.00574945855368766
0.00574693043382146
0.00574876710521364
0.00574894789167827
0.00575194092984859
0.00575272696851365
0.00574857385484391
0.00575388599966853
0.00574915075118511
0.00575471902965422
0.00574645849234849
0.00574659867713779
0.00575469837768138
0.00575727548011532
0.00574833018480848
0.00575188071129827
0.00574939488065857
0.00575053875302632
0.00575304423195746
0.00575376642090015
0.00574852776369661
0.00575279321997455
0.00575260458418885
0.00575555330924376
0.00574631906178916
0.00574967926925328
0.00574979059528212
0.00575073666980671
0.00574767734943202
0.00575466497301345
0.00575101011631211
0.00575028781667209
0.00575403156403894
0.00575276827069308
0.00574920334878672
0.0057509694828981
0.0057476964344722
0.00575003673339578
0.00574970625567467
0.00575708950953213
0.00575277115189709
0.00575319437026796
0.00574608102906321
0.00574739998335699
0.00574951266475065
0.00575002242478407
0.00575238821866357
0.00575184892778901
0.00575205881396467
0.00575231045167081
0.00575093834803328
0.00575003211598913
0.00575588940556136
0.00575402919560583
0.0057503462849414
0.00575339087250072
0.00574845559374301
0.00575719402797682
0.00575087977223373
0.00575461706588051
0.00575242493019383
0.00574978035195508
0.00574739175041947
0.00575029750543484
0.00575092719890435
0.00575012972822198
0.00575120091687872
0.00574613560079986
0.00575442342430223
0.00574874567507324
0.00574950381115216
0.00574892050024949
0.0057516177062389
0.00574846916589208
0.00575048184325793
0.00575052143578098
0.00575133068735938
0.00575560252829698
0.00575038929763067
0.0057529258007176
0.00575016109356463
0.00575033512366997
0.00574841980746516
0.00575192340481209
0.00575167938020284
0.00575622858838703
0.00574677499132581
0.00574679239418223
0.00574873669168295
0.00575057512057375
0.00575103323964277
0.00574870099504094
0.00575345039854247
0.00575061765644804
0.00575597102376245
0.00575765846536326
0.00575548886907091
0.00575181266222506
0.00575205194440734
0.00574625008892349
0.00575006619731318
0.00575128981666652
0.00575457409251924
0.00574950349299486
0.0057496377810488
0.00574943478965539
0.00574488483850992
0.0057569063134668
0.00575057699983703
0.00575097796966138
0.00575158117100777
0.00575270644962245
0.00575789738792894
0.00575558269808236
0.005748573931838
0.00574850625763295
0.00575122286462085
0.00575546950612697
0.00575879817968485
0.00574914759607796
0.00575563466899374
0.00575045558301838
0.00575328752635752
0.00574675078853035
0.00575154618208919
0.00575475069676657
0.00575494940425236
0.00575050791233587
0.00575391525907039
0.0057484983497069
0.00575076485184517
0.00575184238499463
0.00575200815591421
0.00575343869165203
0.00574573853964409
0.00575210099216262
0.00575344608734811
0.0057558584317541
0.00575615067087324
0.00575301725061158
0.00575059373262925
0.0057533161712379
0.00575023567088861
0.00575436579320854
0.005749243150476
0.00575304769547859
0.00575124021352547
0.00575026062149661
0.00575158515450473
0.00575803476659642
0.00574802592170945
0.00574980704114024
0.005748264143579
0.00575007730832605
0.00575477714805621
0.00574462941380348
0.00575091796121775
0.00575700648722435
0.00574903163976323
0.00575505890223918
0.00575089530253111
0.0057556221386756
0.00574953841214158
0.00574978562546607
0.00575832820106482
0.00574865111513968
0.00574826758673102
0.00575339743417565
0.00575695179256483
0.00575624518287261
0.00575267939043084
0.00575908603008991
0.0057529034806066
0.00575786055051986
0.00575145532850303
0.00574582479817609
0.00575393424864278
0.00574976940095182
0.00575329537593359
0.00574881982814964
0.00575225004589545
0.00575154794151025
0.0057493555578184
0.00575040456707076
0.00574770835886291
0.00574990658458497
0.0057460401644574
0.00574801917261095
0.00575590205125609
0.00574635494838056
0.00575599685817993
0.00575027009962765
0.00575311795379572
0.00574689984940278
0.00575671269009386
0.0057599795310024
0.00574554729551629
0.0057506291056256
0.00575485789082276
0.00575179603783395
0.00575505866750345
0.00575192625578656
0.00575066804940401
0.00575323226155482
0.00575206562161511
0.0057515142428382
0.00575396494587564
0.00574729553834055
0.0057548859088102
0.00575133565410176
0.00574908745766109
0.00575299507724482
0.00575662149787267
0.00575017876674356
0.0057496518501966
0.00575926768911703
0.00574968139094976
0.00574921442218491
0.00574833086171201
0.00574782720118037
0.00574874341708225
0.00575956361432282
0.0057507695858346
0.00575225255148243
0.00575497842775542
0.00574759013803275
0.00574746670532387
0.00576198217610815
0.00575187878554138
0.00575113057727176
0.0057548777471062
0.00575112055203168
0.00575415417272279
0.00575097603324144
0.00574811532315864
0.00575355076083757
0.00574933641754224
0.00574753103859926
0.00574751747777488
0.00575059898313355
0.00575145997201879
0.00575019975226126
0.00575306458999005
0.00575631857748079
0.00575402645227734
0.0057509316400813
0.00575846307474969
0.00575376881996365
0.00575489181298357
0.00575111518756862
0.00574774867430157
0.00574640913889792
0.00574984114948242
0.00575182605437368
0.0057467077857028
0.00574982277215219
0.00575253309646502
0.00575031399285414
0.00575719786640041
0.00574938510237626
0.00574953298026188
0.00575578515793871
0.00575338895890635
0.00575115246824158
0.00575558560884609
0.00574868735084177
0.00575484722946192
0.00574835907079195
0.00575511493753828
0.00575394121862494
0.00575077518749299
0.00575188206478921
0.00575132934775317
0.00574998465839417
0.00575351526961038
0.0057497598523869
0.00575110318399779
0.00575187121861881
0.00575037817531647
0.00575711638095655
0.00575419329649368
0.00575202573095569
0.0057504517630985
0.0057544030783605
0.00575249482987004
0.00576026831132856
0.00574707779093672
0.00574901559614524
0.0057510715423076
0.00575766951868819
0.00575031364946487
0.00575068605337548
0.00575567846258296
0.00574872298717517
0.00574779695682903
0.00575886255117113
0.00575025201548395
0.00575713971144107
0.00574599329251194
0.00574915600212298
0.00575649108712775
0.00575193092733425
0.00575328281916488
0.00574765204440781
0.00575010711571034
0.00574872746423289
0.00575264744846419
0.00574563555012388
0.00575081589645269
0.00575250865850082
0.00575356492349251
0.00575301088197377
0.0057512572665995
0.00576007846541547
0.00574900316077725
0.00575235489191547
0.00575197875634384
0.0057478304402585
0.00575436881505174
0.00575096588432349
0.00575794254123703
0.00575173949923786
0.00574962841597594
0.00575234730620339
0.00574727925958946
0.00575646199231276
0.00574908174621642
0.0057515989959019
0.00575684692475186
0.00575307354670195
0.00575323355754321
0.0057462296916242
0.00575098679187254
0.00575608100422761
0.00574729441274632
0.0057488935320025
0.00575080213316042
0.00575443659637161
0.00574946125572743
0.00575979228217827
0.00574942981496702
0.00574837862294706
0.0057454229438322
0.00574997432157794
0.0057545215307042
0.00574878740656706
0.00575251935990242
0.00576173598677232
0.00574872625696196
0.00574940981457369
0.00575106327334866
0.00575788529518262
0.00575025195097434
0.00575097608188652
0.0057541659552495
0.00575419153217899
0.00575425016523806
0.0057504743412679
0.0057478315122892
0.00575113613957708
0.00576169977990329
0.00575612506303155
0.00574791643130197
0.00574972992641631
0.00574570435993905
0.00576089189703878
0.00575470768209662
0.00575654500067388
0.00575313630107477
0.00575377506288378
0.00574810179711461
0.0057558078008054
0.00575731059407277
0.00575035608130101
0.00575109063709964
0.00575310430771676
0.00574977423231374
0.00575182049142367
0.0057502365185975
0.00575062250582998
0.00574898451284553
0.00574901903861169
0.00575059416733643
0.00574907200297765
0.00574907563243009
0.00574813974800806
0.00575008321721055
0.005745614129439
0.00575126165735558
0.00575706758010641
0.00574930412870563
0.00575029812103299
0.00574637491372829
0.00575028310238417
0.00575615267172871
0.00575240705171663
0.00575353144642591
0.0057505963066542
0.0057514558672653
0.00574765863825109
0.00575180009186184
0.00574926874122514
0.00575664628249689
0.00575051788839713
0.00574884195452629
0.00575577383565258
0.00574632596053506
0.00575117608545233
0.00575412447988682
0.00574758133823617
0.00575710002042778
0.00575386854748977
0.0057482143825864
0.00574616108248929
0.00574804238312959
0.00575069034120453
0.00575093947960874
0.00575029126591734
0.00574925755192076
0.0057508745203184
0.00575081963496527
0.00574908879238391
0.00575223906723215
0.00574939721867942
0.00575500583601646
0.00575186629601549
0.00574972260761612
0.00574845274603908
0.00574871171612419
0.00575153777517237
0.00574826322481606
0.00574876682900842
0.00576115482518672
0.0057492755539147
0.00575405948121494
0.00574610272000279
0.00575197695080159
0.00574772433097634
0.00575427167313787
0.00574913770764009
0.00574720680739785
0.00575121964657472
0.00575170733289752
0.00574903610073207
0.00574887307045222
0.00575060918552804
0.00574974329226362
0.00574997421462007
0.00575288135603886
0.00574903286038132
0.00575104112575743
0.00574896256792311
0.00574881245918716
0.00574758884432619
0.0057486482963784
0.00575315132256169
0.00575247756556815
0.00575036495600505
0.00575280184208948
0.00575015447501935
0.00574875748222263
0.00575593908186336
0.00575288447576432
0.00574797157722575
0.00575571651664338
0.00574990163942175
0.00575543102800212
0.00575211005025135
0.00574722393637405
0.00575015738193281
0.00574986967510673
0.00575287450447813
0.00574903560288915
0.005755409485688
0.00574965760167199
0.00574583858268714
0.00574865902437212
0.0057589940670758
0.00575136134464687
0.00575108709448884
0.00575036379952634
0.00575248820864728
0.00575105612240457
0.00575292245343113
0.00576530513432888
0.00575212267732408
0.00575791285171508
0.00575189772874962
0.00576331522262973
0.0057497075006019
0.00575675811535653
0.00575287625253197
0.0057539240986485
0.0057493801083178
0.0057563139566753
0.00575052354526269
0.00575724274250439
0.00574689784085415
0.00575496410682243
0.00574997635934851
0.00574729874637152
0.00575307026332786
0.00575641688999198
0.00575245395732564
0.00575442779064582
0.00575875805916155
0.00575009457269267
0.00574865662175606
0.00574875749427442
0.00574832075679211
0.00575241074729097
0.00574740405999273
0.00574895228745473
0.00575510814790582
0.00574662119962241
0.00575533336109628
0.00575078556294239
0.00574796650096937
0.00574516784189947
0.0057519418861707
0.00574892236449521
0.00574595628927374
0.00574620301059389
0.00575139768461484
0.00575008584120277
0.00575382261762073
0.00575214086686845
0.00574932681022313
0.00574980494983833
0.00574865228765763
0.00575201240335671
0.00575078379034281
0.00575232882251623
0.00574923059416447
0.00576023342882849
0.0057604790023135
0.00574930008410072
0.00574819975493748
0.00575394073909783
0.00574794976016775
0.00575662392526408
0.00575554391286272
0.00575627433585938
0.00575222685435482
0.00575387763217536
0.00574845466471946
0.00575498754201673
0.00575270640514086
0.00574849732375393
0.00574630528688767
0.00574552806049252
0.00575384855705635
0.00574854140675197
0.00575063882558661
0.00574867187208743
0.00575732205432916
0.00575751743322451
0.00574926340258711
0.00575248582254602
0.00575129272914397
0.00575583923467517
0.00575326073339063
0.00575424618395861
0.00574636669901115
0.00575577710072858
0.00574686531382892
0.00575167844234711
0.0057527855393127
0.00575223563422357
0.00575368595147439
0.00575425183162051
0.00574818801899446
0.00575077584606168
0.00575482133286653
0.00575406406072708
0.00575025939639679
0.00574940906492043
0.00575028955653823
0.00575252870802393
0.00575019445523879
0.00575825283090196
0.00575130011880476
0.00575437228192387
0.00574989193642231
0.00574846308365591
0.00575425829032406
0.00575008500766888
0.00574627828753013
0.00574974833080678
0.00574958030616249
0.00575174851339875
0.00575237217066778
0.00574915111869176
0.00574571823734382
0.00574997577834219
0.00575055749733262
0.00574725788821596
0.00574778109866125
0.00574859181246469
0.00574859279180003
0.00575600026383749
0.00575207493361905
0.00575273548018574
0.00574733788904874
0.00575539531692646
0.00575202280754247
0.00574547290759521
0.00574804080278714
0.00575820327388478
0.00574858118980994
0.00575404436164052
0.00574864821829371
0.0057485100028581
0.00574846362924557
0.00574645937665371
0.00575082945799632
0.00574672288131626
0.00574746758759682
0.0057501922131762
0.00574541988468255
0.00574899974628461
0.00574574655345541
0.00575276713650877
0.00575360456844398
0.00575773689974699
0.0057499109065421
0.00574835825670931
0.00575134019488774
0.00575821281998925
0.0057489844611719
0.00575003170831395
0.00574634927509731
0.00575188897140819
0.00575299771101232
0.00575365321335836
0.00575878214511057
0.00575457458012865
0.00574484496741452
0.00575284523005152
0.00575939962884331
0.00575834870880563
0.00574624487068098
