7.788262769889767e-5
4.4009900307499794e-5
3.3260505610401e-5
2.7653710790002256e-5
6.265990982829914e-5
4.8350080830601716e-5
5.3957467278001325e-5
3.6253287668101125e-5
5.83346489069006e-5
5.678068969129993e-5
3.743898467500201e-5
6.543093404900308e-5
4.913369176310148e-5
1.878530137220183e-5
4.521379489959981e-5
1.7055714484300044e-5
7.257227066570157e-5
2.9127851412399236e-5
5.89532366040979e-5
5.5025293324399704e-5
4.835392376170006e-5
-2.3288474426015615e-6
4.529344575259983e-5
4.776901048559809e-5
3.560034514219976e-5
4.6967487347199244e-5
4.060002178440242e-5
4.700828029390036e-5
5.1803050567001546e-5
4.959937122219968e-5
7.077575836950123e-5
2.95310945149993e-5
4.9867840632697447e-5
3.188342087499796e-5
4.620095284649933e-5
4.454298993609995e-5
4.173145151719834e-5
5.311296666330248e-5
4.511124621140242e-5
5.566713628419803e-5
5.812222777629855e-5
5.268237754550015e-5
4.121459110190129e-5
4.034576438460141e-5
5.1060634610997774e-5
4.3256056662797915e-5
6.308164529369997e-5
8.041859247109873e-5
4.653197017540078e-5
4.193265901129839e-5
7.651332193949964e-5
3.763040867989925e-5
3.252301880419736e-5
4.9553092527802184e-5
5.432913681690035e-5
4.3513483024198996e-5
4.560110834970002e-5
6.286817802339875e-5
3.9557736376500535e-5
7.592613639249846e-5
7.123959529299964e-5
4.656757705949824e-5
