0.0180037919808868
0.0179695586088403
0.0181894234500115
0.0180636657173793
0.0179207261230643
0.0180312193844716
0.0178208203018727
0.0179296373720508
0.0181250534129543
0.0180769440004671
0.0179036079990714
0.0181255068984766
0.0179243747537967
0.0179393821288173
0.0181503381210627
0.0180065061499314
0.0179099593465904
0.0177665672231367
0.018231820150355
0.0179004603682958
0.0181455052649329
0.0178698432446717
0.0180035676738348
0.0180888087797923
0.0180959579709465
0.0178414856680642
0.0180073226000804
0.018052948091296
0.0180093966830696
0.0181980195938645
0.0181280720828943
0.0178986952886845
0.0178875998369809
0.0179402370235262
0.0179569497668447
0.018079837553015
0.0180062133523523
0.0182525637469601
0.0179882218011151
0.0179853934404948
0.0181071688642233
0.0181332633446641
0.0180097430657502
0.0180714860896995
0.0180332051460937
0.017953245377621
0.0179122290053452
0.0177294796393837
0.0178467015695749
0.0180331425792965
0.0181772528257184
0.0179223515936416
0.0177157151053883
0.0179227607546332
0.0179728609235857
0.0178721621424062
0.0181855818121847
0.0179444942320535
0.0181004090990708
0.0180664990391226
0.0180723599413152
0.0180535451846458
0.0179951838826839
0.0181682416684645
0.018084397394685
0.0178274605293435
0.0180828394135799
0.0178807589845154
0.0180496204393553
0.017738308665747
0.017971136480117
0.0179467386949744
0.0180750894201339
0.0178845022792386
0.0179268342554102
0.0180416940881597
0.0181026248548099
0.0179445785810718
0.017946314761831
0.0178820899012949
0.0179760426699269
0.0181265692606637
0.0181826059778344
0.017843986665014
0.0181290423756545
0.0180712898393984
0.0180467942516293
0.0181735500720218
0.0180082040097919
0.0178859074372096
0.0181536224185722
0.0179449347783215
0.0181923998420777
0.0180948019542843
0.0178761399011276
0.0181539397676641
0.0177780474669682
0.0180745956613365
0.0181280207901253
0.0181186376739677
0.0179573575413827
0.0181627536453054
0.0178761917946647
0.0182496877243376
0.0179745791403783
0.0180081044172602
0.0180735237613227
0.0179200275177935
0.017955729120448
0.0179043067216237
0.017940687810065
0.0180225269430267
0.0180258946021736
0.0177778499050992
0.0181250820409759
0.0181274340331394
0.0182119611488483
0.0179559079324704
0.0180734541529419
0.0179932362149341
0.0178863486976021
0.017928462589822
0.0180042380286857
0.0179410582312878
0.0180098231754369
0.01797602647315
0.0178562562510239
0.0178429956121931
0.0181646776587107
0.018019160169124
0.0181549716220758
0.0179273213312504
0.0178863105450779
0.0182430917529006
0.017930652874418
0.018109614601388
0.0181154849818195
0.0181217705490124
0.0180200295861348
0.0181108446615426
0.0179921829079655
0.0178686257634045
0.0179675767589727
0.0178670627717477
0.0180904962897855
0.0180383531790533
0.017774903352063
0.0179648774558725
0.0179918230567864
0.018032027901105
0.0180800000470526
0.0182508182986099
0.017968179418138
0.0180836690221815
0.0179622198906579
0.0179630491991509
0.018205668864399
0.017941425887359
0.0179961636127107
0.0180839446783034
0.0180112925668862
0.0180290262637095
0.0178209399454139
0.0179048258942722
0.0178616740546683
0.0180643928371736
0.0180070645592685
0.0181409922381121
0.0180489335454696
0.0178778965221806
0.0179244627324307
0.0179080763973761
0.0178858234624553
0.0181003762806566
0.0180666976654246
0.017923635241464
0.0181057168320989
0.0181819071646018
0.0178939782732418
0.0179113615424471
0.0178004579227473
0.0180411040371643
0.0180010544837388
0.017964797013965
0.0179622392127125
0.0179883882193983
0.0180665379202814
0.0181039432135915
0.0180701045082189
0.0179509933872325
0.0181367214672328
0.0179871115687498
0.0179160239197391
0.018004907691366
0.0181671427555127
0.0180397476026285
0.0180234496233936
0.0179770456771607
0.0179884464062651
0.0178549206450819
0.0178775006133337
0.0179927070736949
0.0180205927485411
0.0178916063653975
0.0180317292500156
0.0181243056161906
0.0179102254280141
0.0179745130249427
0.0179737748550967
0.0179322429841961
0.0179284807832322
0.0179806814965341
0.0181045628139034
0.0178834683267811
0.017985669808821
0.0179106918422779
0.0180009503948761
0.0180192567554492
0.0180268916835772
0.0178470630354481
0.0181205929903164
0.017933074702789
0.0179709921832471
0.018138756819663
0.0179383476522854
0.0180921640948969
0.0179764543708174
0.0179474536827221
0.0181995094318991
0.0178944799867077
0.0180945115983807
0.0179250791897795
0.0181479874743359
0.0181369349912177
0.0178742794631353
0.0180420382897887
0.018192995940051
0.0179746133883009
0.0179308251383618
0.0181521092892012
0.017855685151559
0.0180426514027151
0.0179340119756099
0.0180901594660441
0.0181184254280254
0.0180663311046057
0.0180387363545966
0.0181525683414753
0.0178379475049195
0.0178550817661928
0.0179744517096173
0.0180785112538151
0.0178846186419699
0.0178865260604219
0.017910752005045
0.0181351992309715
0.0179477114030654
0.0179569768043648
0.0183597364764711
0.0181071118754538
0.0178706973962479
0.0182537195369499
0.0179200103133164
0.0178791590974204
0.0180506276003358
0.0180551008141086
0.0180584317718212
0.0179239230225114
0.0180359159809521
0.0178671233601002
0.0179504761989082
0.0181110514768998
0.0179470165012804
0.0181820143786341
0.0179910931526164
0.0180040896846614
0.0180331717652123
0.018119517340614
0.0179025580021053
0.0178515387506917
0.0181313653091344
0.017936184157722
0.0180703825930868
0.0178894308494349
0.0180533620430789
0.0177212398252762
0.0179585546823691
0.0180142767904616
0.0177885822289476
0.0178778417797051
0.0180317551136393
0.0180927026244981
0.0180732746232322
0.01800547445541
0.0180314794396412
0.0180429990314926
0.017890146853363
0.018129881087354
0.0180560420047603
0.0180595247227729
0.0180023055438226
0.0181383669734938
0.0178386929566714
0.0180056928162795
0.0179089956275332
0.0179498326324193
0.0179589398953202
0.0179767138396794
0.0176772592660486
0.0179227288875777
0.0178898969599729
0.0179867978247997
0.0180238485215405
0.0182480469522559
0.0178412518280734
0.0182296671696398
0.0178965454547163
0.0179518543527244
0.0179194555563964
0.0181987296712077
0.0183852524686649
0.0179785121156212
0.01787801976325
0.0180412746229794
0.0180612344448889
0.0180822996005479
0.0179702560677108
0.0181463948925318
0.0178589950258698
0.0180110743566217
0.0182976631847942
0.0180920255646382
0.0180577001957765
0.0180012604576231
0.0179950472063572
0.0179571562390861
0.0179618370027744
0.0180569452667151
0.0180659848185261
0.0179179454212591
0.0179893656422877
0.0179455174197663
0.0178678931233116
0.0180710431626728
0.0181919251975588
0.0180432323291281
0.0180145903324535
0.0179977856574203
0.0178772594070226
0.0178621524860169
0.0179587874971292
0.0179843532678829
0.0182360070916419
0.0179551702768176
0.0178094999047026
0.0180395876730817
0.0180313458226088
0.0180462502977008
0.0180707507454695
0.0179817810251215
0.0180947463639507
0.0179960732872143
0.0183834121086816
0.0178812757111499
0.0181562594092122
0.0181803379151799
0.0179644574437512
0.0181680339843598
0.0178386158538847
0.0180102361976956
0.0179581381898214
0.0181770948103948
0.0182045755421488
0.0180630162810292
0.0177724051535423
0.0179252900369705
0.0179212281690068
0.018329367334418
0.017866352489779
0.0179865167993225
0.018068711375644
0.018122410340197
0.0182052202206536
0.0180079175320593
0.0178880036956645
0.0179057810165822
0.0180719085407553
0.0179648058537822
0.018180597105315
0.017992160149406
0.0179125227421967
0.0182529776948513
0.0181456092513852
0.0180042454346797
0.0180669332969548
0.0180960808746054
0.0181803813116114
0.0179665456543002
0.0179238424239307
0.0180550353808897
0.0178519492513031
0.0181202013462413
0.0181111747922792
0.0177915465191324
0.0179347510937066
0.0177591681841271
0.0178539366080655
0.0179380103702048
0.0180802984733382
0.0182082588655626
0.0180758909895161
0.0179170126349633
0.0180389613631373
0.0180373752558609
0.0178243649822702
0.0180981234347127
0.0179875769927043
0.017889504832918
0.0179496311353613
0.0179947613153647
0.017959543933911
0.0181582291513848
0.0179005759359848
0.0179906978297104
0.0179348916690229
0.018093340579704
0.0179788036738806
0.0179984184160009
0.0179707307129758
0.0179451205884031
0.0181628976778941
0.0179709992088335
0.018025819690465
0.0179604863883993
0.0179663467768039
0.0179289576357371
0.0178758026522346
0.0180280896296671
0.0179659947445546
0.0180487797281188
0.0179111963625494
0.0179851404293862
0.0178383865702054
0.0178121585167144
0.0179030006763936
0.0180787209007914
0.0179499248957884
0.0180005126984334
0.0178062510588051
0.0178268167318006
0.0179504292800181
0.018194964320728
0.0181063718097601
0.0179615139149814
0.0179212791585083
0.0182454894672196
0.017837106951656
0.017829266947223
0.0179155171116809
0.0181847422755743
0.0180520753055578
0.0180685505444252
0.0179950061948405
0.0179436152800073
0.0179625888587304
0.018019431595571
0.0181744658254805
0.0180486105831027
0.0180667435802891
0.0181566417150428
0.0178744376800605
0.0179935219820831
0.0180538182004203
0.017824334315514
0.0180307749300928
0.0181651742523077
0.0179183462241104
0.0179884581359797
0.0181314678476606
0.018064523850303
0.0181818012246975
0.018239985107589
0.0181265507697231
0.0180879143674015
0.0178266228617884
0.0181462365104282
0.0178877091201902
0.0180936455370925
0.0183751718553646
0.0180276023949826
0.0178934733160097
0.0181808203168843
0.0179368440319709
0.0178981315202178
0.0179923023484005
0.0180575042011523
0.0181035630904125
0.0179407866447634
0.0179147415131759
0.0180593056453832
0.0178995590639766
0.017931831214112
0.0179963186301286
0.0180350384362928
0.0181098621656934
0.0180336252184444
0.0181055433735296
0.0179617074711337
0.0179246543669439
0.0180617048808718
0.0181178772960049
0.0179898325076587
0.0180438345142507
0.0181243586418833
0.0178315137862073
0.0181043352726386
0.0179500660349051
0.0179614048960632
0.0180036068282216
0.0180569844749901
0.0179193050345473
0.0179406654232134
0.0180041508577331
0.0179838764001688
0.0180986043951129
0.0179673182192187
0.0179497671121302
0.0181068841302205
0.0179950688239131
0.0179456320910773
0.0179946824436547
0.0178951091768923
0.0179680586924914
0.0180005162612057
0.0180513386695297
0.0179337887172095
0.0181116653480772
0.0181957458301484
0.0178508404285052
0.0180305010312427
0.0181672336498388
0.0179087217285907
0.0179614079265043
0.0179093730028171
0.0181973060250536
0.0179896320124288
0.0180558603692474
0.0181473061135975
0.0179423706969974
0.0180450689246564
0.0180685846538515
0.018052246516716
0.0179505070634376
0.0181053380213866
0.0178699074575385
0.0178682698365598
0.0179923788583104
0.0178205844891016
0.0180207691645224
0.0180119368463171
0.0178703719832265
0.0179899611522167
0.0180574931208286
0.0180595171598383
0.0180425017549053
0.0181022259853304
0.0181550432218011
0.0179409085154333
0.0180266015697607
0.017945065502156
0.0179244557966087
0.0179611233515957
0.0179948663940303
0.0179727674583148
0.0180111454186256
0.0181874479168794
0.017989137103088
0.0179300947319198
0.0180036763169227
0.0180513914774266
0.0179799285722696
0.0177719757752715
0.0179910949099265
0.0179674065855512
0.0178996070325683
0.0178528566974829
0.0180609276004655
0.0180468061626876
0.0179785776598942
0.0179732713455368
0.0180229665657442
0.0180648845198073
0.0177557109863686
0.0179426236576585
0.0179187861108479
0.0179095195780632
0.0180528793451418
0.0180582389494976
0.0179860604273352
0.0182209859630575
0.0180859956774061
0.018128673620411
0.0180487000790767
0.0178178909811392
0.0178773869288484
0.0181310026566561
0.0181271893732811
0.0181405690523219
0.0177901200576909
0.0179638508723543
0.017924707655696
0.018057056745973
0.0179446387755253
0.0179620957111721
0.0178630715309481
0.0179594663655724
0.0179381139976954
0.0180725627062945
0.0180654863729158
0.0182714414808777
0.018112176500855
0.0179472434086851
0.0180867910975019
0.0181508268316517
0.0181178927206627
0.0180352806210165
0.0181199578488236
0.0181425767497212
0.0179267457882856
0.018080446260269
0.017947957062805
0.0179107214731528
0.0182063280653739
0.0179640409279834
0.0179234426204044
0.0179708382154701
0.0178663661148885
0.0179530951947006
0.0181147312863537
0.0180593295219866
0.0180248063803223
0.0180250410084711
0.0182088922202738
0.0180588033899899
0.0179395828912526
0.0178672154984824
0.0179489018114213
0.0181351122509146
0.0179847190045859
0.0178553028241886
0.0179345837888141
0.017942024903116
0.018057565587131
0.0182107637017321
0.0179768538330722
0.0179281230407993
0.0176866442317048
0.0180152010424985
0.0179935512396159
0.0178077965818927
0.0181392268720977
0.017875276767237
0.0180361074733491
0.0179469710109458
0.0178510937742515
0.0180008422168398
0.0179552465235283
0.0179183894399364
0.0180490584721374
0.018068989513872
0.0179961359399504
0.017948047728121
0.0180414684951789
0.0181139785433957
0.0179695020268234
0.0180353389648848
0.0180190590286524
0.0180806966513861
0.0181452425231838
0.0179410442175077
0.0181162026491718
0.0177939177251593
0.0178332379314619
0.0179116389248973
0.0180308607918581
0.0179042227443369
0.0178540555104153
0.0179943333186166
0.0178603616211418
0.0178231000525642
0.0180073937467717
0.0179570022939973
0.0179630724604081
0.0180180502665152
0.0180844860551861
0.0180574622555265
0.0179632554326985
0.0180553505763244
0.0183173211015963
0.0179129728198141
0.0181294084883501
0.0179296485485428
0.0181881140597707
0.0178800810426585
0.0179504269303352
0.0179166481079405
0.0178929197555904
0.0179099577100405
0.0179672443967782
0.0178459189650325
0.0181117785566828
0.0179754010529398
0.0183417498751124
0.0181688730468329
0.0181623140350631
0.0178971368134588
0.0180303559673735
0.0179452228653067
0.018116418345081
0.0178982364188511
0.0181159245019916
0.0179900663531462
0.0180522359489446
0.0178970419548058
0.0180593341510467
0.0180778000436273
0.017765501911983
0.0179402186662911
0.0177030768898836
0.0180145402994999
0.0179458602309872
0.0179437352922442
0.0179842068700925
0.0180411369167363
0.0182457941165789
0.0181598368003693
0.0179423494672399
0.0181424451705661
0.0181177725817731
0.0179329087239437
0.0181985272242639
0.0177599813966995
0.0179657108345063
0.0179017643883944
0.0179015147318899
0.0178332300544448
0.0180833533669237
0.0179081465850889
0.0178568559324316
0.0180171148906432
0.0178562325861465
0.0179481792208228
0.0180377856200701
0.0179769670537811
0.0179916286934892
0.0179682033559372
0.0180119546095291
0.0179469748685715
0.0178338521370334
0.0179181997461126
0.0179736173663103
0.0179868693987574
0.017960749345004
0.0180040656619223
0.0180393615560014
0.0181475777972479
0.0179753070072744
0.0179817914308818
0.0179894794672274
0.0179724283628392
0.0179493027982062
0.0180180588922576
0.0177935010997209
0.0179135160149687
0.0181164498555513
0.0177916981971516
0.0181745815513814
0.0180936369668128
0.0179346356971087
0.0178032766008723
0.0178786605312518
0.0179964816152165
0.0181360023049553
0.018253200557815
0.0180273399710547
0.0178454585364751
0.0178646086295411
0.0180326636450177
0.0181556723286644
0.0181966158112073
0.0179358756564252
0.017971089925744
0.017973538483518
0.0179366095679023
0.0180360150113787
0.0179842243788521
0.0179314670850705
0.0181937608327217
0.0178957796094209
0.0179501090936729
0.0180685075509512
0.0179702629675382
0.0178742993641532
0.0181215285860145
0.017993591601525
0.0180987448305509
0.0179098913922814
0.017892470745719
0.0180770582411612
0.0179101878634491
0.0178595864521255
0.0180292592278352
0.0179761841755489
0.0181983708920663
0.0179132005121926
0.0180758364562475
0.0178191338062191
0.0179590943529012
0.0179813932585888
0.0180997570749858
0.0180897026650674
0.0179698463012169
0.0178888810297514
0.0179910687899544
0.0182254765883477
0.0181225652779056
0.0179838585072501
0.018076521093619
0.018104721966984
0.0181171674375392
0.0179935724430647
0.0180503649548053
0.0180360041650207
0.0182019948730168
0.0181030038730534
0.0179983673391128
0.0180468898919712
0.0180120219112667
0.0179656816850737
0.0180746647138989
0.0179932494987503
0.0177549339862669
0.0178107191564051
0.0181646783957553
0.0178958678382706
0.0180505361578563
0.0179947233934663
0.0178654908287009
0.0178821905229439
0.0180785143896625
0.0179201200669355
0.0180478755223508
0.0180060745600174
0.0179470233351224
0.0181151894857066
0.0181726708008081
0.01790770202177
0.0180386915040185
0.0179515673672355
0.0182078878975466
0.0179463860161794
0.018041007208451
0.0181448274839982
0.0180519151938069
0.0178104940655369
0.0180209944784995
0.0179898215894494
0.0177345370396462
0.0179478949259511
0.0179049848385813
0.0179127761380339
0.0177886847979166
0.0177598392011992
0.0179929777839656
0.0181598359465224
0.0180669037801989
0.018053498325191
0.0180799207477358
0.0182125821097389
0.0181791233932174
0.0180241294169812
0.0179727778778932
0.0181179848650886
0.0181217818997732
0.0178912521894047
0.0180409813685345
0.018022556157639
0.0179006405770991
0.0178216725905372
0.0177963322015222
0.0182003065684504
0.0181021538870705
0.017961768470967
0.0180794226840373
0.0181789868430022
0.0180859748182335
0.0180226178444726
0.0180514443889943
0.0179768040436976
0.017856210371091
0.0179533819444035
0.0181041148123435
0.0181528510733572
0.018071336671274
0.0180907646438701
0.0179791296350425
0.0179664196861207
0.0180086599106697
0.0179983622360472
0.0180134849030684
0.0179608761164306
0.0180374947753134
0.0179227673861474
0.0181943656770781
0.0181545428450365
0.0181136347347106
0.0178950965008397
0.0179552419294595
0.017769857307913
0.0180913650004819
0.0180769676219959
0.018010520911566
0.0180143020791208
0.0178715388435814
0.0183016482126469
0.0179452026355069
0.0180068060277455
0.0179281661797156
0.0180112999562098
0.017821361167169
0.0180589294802985
0.0180441863895457
0.0178717499290704
0.0180483132110533
0.0178169982748679
0.0178106544906308
0.0179906790316574
0.0180937930622297
0.0179753841274239
0.0180529932113268
0.0180813843983527
0.0179400592675497
0.0179589453998475
0.0180638401648154
0.0180475093515476
0.0179287755747551
0.0180470045250571
0.0179715612688989
0.0181879098302128
0.0180378409671631
0.0178696116338081
0.0182021916632134
0.0178714597202311
0.0179426605404865
0.0180690662400736
0.0179459390793321
0.0179773963602851
0.0179106566780558
0.017938350032636
0.018157846723578
0.0181770714574228
0.0179602522487595
0.0178614715407392
0.0180223261694072
0.01802987597689
0.0181638128463018
0.0181223849924695
0.0179856084525208
0.0181592191633762
0.0178019802509089
0.0177561720379327
0.0181937517226426
0.018358202124717
0.0180222409515511
0.0180288176874243
0.018040772497508
0.0178012254466572
0.0180822316252809
0.0180181435013973
0.0179148417191045
0.0178774954636329
0.0179070613413581
0.0179708715302244
0.0180313688240447
0.0179498528240197
0.0179352442796483
0.0180394668744473
0.0180914498789741
0.01813737426061
0.0178542889475344
0.018061492434831
0.0178864773877716
0.0181418940639331
0.0179923458830221
0.0180588653565301
0.0179699188984296
0.0179129496337092
0.0182079427868794
0.018032379882465
0.0180156718487428
0.0178537765786698
0.0180705475476171
0.0181458203870995
0.0179513398319793
0.0179431166133972
0.0177913012420755
0.0181325262549505
0.0179909989454303
0.0179405858421618
0.0182019978883433
0.0181456318551159
0.0179042796573611
0.0180518341458276
0.0179971706309544
0.0179768949860884
0.0181540461494306
0.0180393078748343
0.017866778882286
0.0180456060476174
0.0179243642019637
0.0181707209871223
0.0178565916547856
0.0180080826931526
0.0180555706940879
0.0180798729740371
0.0180721798363933
0.0177626002233952
0.0181902468743858
0.0181765348815064
0.0179547654796214
0.0177316322588656
0.0179789916868461
0.0179994435074615
0.0180512526013535
0.017978825657028
0.0180185346253909
0.0178846779855671
0.0178431199605209
0.0179006508064098
0.0178317351375181
0.0179535571817545
0.018008559993698
0.0181796622884303
0.0180520041891992
0.0180285698071914
0.0178911470998337
0.0180797860900937
0.0180395138590198
0.0179085565225678
0.017850556693056
0.0178449928315608
0.0180618404932271
0.0180164063562679
0.0179558962588553
0.0180058825719209
0.0180888061152603
0.0179871687031951
0.0178894042653131
0.0178405544447782
0.0180437511883898
0.0179139261444747
0.0181766476122925
0.0180443587446184
0.0180331584268717
0.0180832351156655
0.0179816196331959
0.0179002184660812
0.0180268870907814
0.017915510992261
0.0180459481392898
0.017980671894978
0.0179732988031495
0.0181062418187948
0.0179759729547208
0.0180035707852117
0.0179735579443142
0.0179766827058395
0.0177988258839578
0.0179523469558113
0.0179559696614566
0.0178496554244069
0.0180106974966753
0.0180093643700652
0.0180250536341619
0.0180807982139832
0.0179487467240733
0.0179567656129917
0.0179815296031738
0.018050050397952
0.0180364938858327
0.0179871704415024
0.0179260871628897
0.018080684864147
0.0180155704120832
0.0179879888395754
0.0179862609474084
0.0181977605759961
0.0180058286125583
0.0180265886719465
0.0179887635521723
0.0179928039612018
0.0180609603813063
0.0180308171265129
0.0182057768883541
0.0178992258143275
0.0180248814866271
0.0180446838794347
0.017890563494166
0.0180522906713304
0.0179165287269433
0.0178847628155584
0.0181284681512559
0.0179972176725752
0.0179328032223677
0.0179727175699816
0.0181445123848471
0.0178913427417131
0.0179808063135608
0.0178843519451546
0.0179273504199395
0.0178016159004205
0.018149389793583
0.0179299263263724
0.0180086176815753
0.0182271618210535
0.0180556206791074
0.0180019314043507
0.0180903949631124
0.018173423874534
0.018013046233119
0.0179424012259531
0.0178931521471901
0.0180362335785629
0.0182017133971515
0.018007851020694
0.0181541497346802
0.0179236239493472
0.0179429877158213
0.0180330065126993
0.018100039214016
0.0181524388787494
0.0180632373170769
0.018023983867228
0.0179297281704812
0.017906605841609
0.0181846651394581
0.0182438931938566
0.0179182473671143
0.0179509697058442
0.0178777819038876
0.0179435924398201
0.0181135273070074
0.0180950054304852
0.0181409693317339
0.0180299086544554
0.0180285763116472
0.0177836068313612
0.0178196158723022
0.0179560504520836
0.0178249734301298
0.0179537966637995
0.0180529928785755
0.0181655147201751
0.0181234305745693
0.0178418465135609
0.0179073690395966
0.018041636279155
0.0181374943043289
0.0178938223683393
0.017989117385889
0.0179577000608154
0.0180879309133413
0.017888849459099
0.0180177504859339
0.0179000231886712
0.0178430509325323
0.0181765413108695
0.0179089656833508
0.0180970802892136
0.0180077206819275
0.0180860198916756
0.0179603062118625
0.0181403754207222
0.0180970400700568
0.0180918915964253
0.0180673878548177
0.0179758284608446
0.0179675266229226
0.0181086357548121
0.018097478946338
0.0178708035116041
0.0180128788159753
0.0180212213035257
0.0179980251435507
0.0181049382981172
0.0179815436238735
0.0180649408253015
0.0179447857472016
0.0181457943808321
0.0181167467918071
0.0179161666986385
0.0179151203273933
0.0179426421439936
0.0179201770479774
0.0180445599487676
0.0180134786290821
0.0180952660671664
0.0181535234558813
0.0179435375590695
0.0180020784875854
0.0179072940428008
0.0177258949488207
0.0180928440648597
0.0179790446021227
0.0181144258601862
0.0180023777408763
0.0180021362883873
0.0180804160458346
0.0179316457678288
0.0180253497443162
0.0179716420776443
0.0181459237253608
0.0179452524606786
0.0180358439817959
0.0180519627315411
0.0180241166062228
0.0179952862139916
0.0180699786766609
0.0182340766695782
0.0180623313111034
0.0180094348538012
0.0180254323703033
0.0180239606220836
0.0179693169951282
0.0180098630546852
0.0180047093859828
0.0181471858320776
0.0178656970355479
0.0179761876026452
0.0177737873966629
0.0180109084671258
0.0179395744580796
0.0180510594843852
0.0181127762425181
0.0178996570825759
0.018111815778228
0.0180016583310763
0.018136737410721
0.0180110594175358
0.0179861801391481
0.0178453492123412
0.0179635325523979
0.0181536683348043
0.0181769671443364
0.018132555713253
0.0181252372952795
0.018052150905741
0.0181355855514778
0.0178143416891011
0.0178334459077988
0.0181581804118996
0.0179462256528188
0.0178435554351171
0.0178987728656174
0.0181646344067652
0.017867090941588
0.0181944954632398
0.018259630929184
0.017863850992929
0.017898428106879
0.0178394488503145
0.0180113024517213
0.0180452182646438
0.0179798745957403
0.018059689071842
0.01785125878899
0.018056537871854
0.0179688339597132
0.0179666924148408
0.0179678807770641
0.0179628586165866
0.0180920181884294
0.0181369107762246
0.0178727669575867
0.0179112935575478
0.0180078724896506
0.0179238969960277
0.0181241768273576
0.0180272616980577
0.0179745386251554
0.0178954133272902
0.0178425926674319
0.0181035887795611
0.0180435749710553
0.017978434725671
0.0180560960908808
0.0180224217242331
0.0178819592393341
0.0179241070241746
0.0177683862882081
0.0180518852997796
0.0181377586611991
0.0179683205558279
0.0180828213697131
0.0180467803452976
0.0181508384962109
0.0179081277716917
0.0178892114246057
0.0179624913010694
0.018066647653
0.0180494299879778
0.0180451565736412
0.0179254904547716
0.0181220600379711
0.0179879807029702
0.0182277210814261
0.0179793094310999
0.0179373019760961
0.0179955479470017
0.0180320746639268
0.0181432696284012
0.0180174605195808
0.0179641882072672
0.0179615281504834
0.0178811809010035
0.0179697657258767
0.0181754465485524
0.0178815783190956
0.0179615635194303
0.0180895180346705
0.0177965912739463
0.0179245847926998
0.0180970901111631
0.0179158054163812
0.0180444213542218
0.0180919335058207
0.0182232105421297
0.0180897975961692
0.0177943625803285
0.0182005592301369
0.0180906749207787
0.0178479706294727
0.0182267349713401
0.0179512783364128
0.0180188618988715
0.0180572245908939
0.0180681949800406
0.0179532197155846
0.0179957861274786
0.0180373909272147
0.0179290645358514
0.0181051403268256
0.0179141383438194
0.0180987803470795
0.0180806832012198
0.0179398373414928
0.018021048316079
0.0179112399552342
0.0181701538920081
0.017933563540982
0.0181324356205434
0.0178199550012977
0.0180008373302525
0.01806888989824
0.0179879639849555
0.0180133543366748
0.0179845641790172
0.0181914029689443
0.0180866679126753
0.017822584727918
0.0179728516911227
0.0179752944674237
0.0177973724508246
0.0179625118777046
0.0180210892588528
0.017889859085978
0.0180875088183893
0.0180344591918617
0.0179632157840011
0.0180030794554788
0.0179572476613311
0.0180477562200533
0.0182449968737437
0.0179091302096297
0.0179832042456619
0.018039091157343
0.0180099783591404
0.018184865234749
0.0178225451749424
0.0178862272661227
0.0180622806129395
0.0181177508151862
0.0181439371647808
0.0177903177141424
0.0177108663131384
0.0179687786212328
0.0179395941911349
0.0179001060654902
0.0178341603316955
0.0179759450860083
0.0181439014660732
0.0180019925438567
0.0179379605768049
0.0181501838181753
0.0179235235155338
