0.0120597716186571
0.0119638893062658
0.0119759904129723
0.0119759723999733
0.0120125187847024
0.0119958856549557
0.011985174057626
0.0119963016786756
0.012045726921927
0.0120400305177528
0.0120320275627754
0.0120205025956599
0.0119804073209603
0.0119933163890689
0.0120053191433694
0.0119934411732639
0.0120023510394027
0.0120006692558172
0.0120225016894648
0.012099196256893
0.0120320910147604
0.0120766961782473
0.0119865381697701
0.0119592337661828
0.0120038503291089
0.0120426708155661
0.012071908944089
0.0120571354693317
0.011999497239201
0.0119880726125513
0.0120628094174186
0.0120087367736101
0.011988660973011
0.0119585607039999
0.0120370833634825
0.0119983941745025
0.0119829501892354
0.0120120399973223
0.01202180391981
0.0120017435428982
0.0119958292953568
0.0120175374226303
0.0120070636606157
0.0120747975988663
0.0119832663486677
0.0120316587354193
0.0120407795973014
0.011989288491239
0.0120597861810177
0.0119913753183894
0.0120255123658987
0.0119948533369998
0.0120869107467407
0.0120217745175364
0.0120239123877915
0.0120150135220723
0.0120344798105582
0.0120297840666975
0.0120602497272632
0.0119998024900833
0.0120433166755841
0.0120356389415712
0.0120004709432477
0.0120832600450108
0.0120425137855921
0.0120034795923067
0.0120279117479743
0.0120274514546374
0.012097132553664
0.0120499385707117
0.0120589598444197
0.0120324150277908
0.0120222109676953
0.0119843287366991
0.0120654113278125
0.0120105688131626
0.0120448626895941
0.0120342111134084
0.0120252348683786
0.0120409331507646
0.0120275326003225
0.012014951785008
0.0120521371634723
0.0120515374113216
0.012004061456587
0.0120508893698419
0.0119641148307364
0.01205313294179
0.0120159395723274
0.0120456080579699
0.012038744698366
0.0119931639907039
0.0119724361684824
0.0120570116558624
0.0120305236924929
0.0119949520431739
0.0120413465043724
0.0120499801395906
0.0120643949986955
0.0120084116463934
0.0120289471276603
0.0120015277344641
0.0120479023463266
0.0120172915926144
0.0120434281616012
0.011967665938388
0.0120155885247807
0.0120615731895693
0.0120098310001524
0.0120085198842286
0.0120080515777884
0.0119877651408805
0.0120504338665156
0.0119693282774356
0.0119844829378995
0.0119886648657247
0.0119982274497574
0.0120470419699243
0.012022295973609
0.0120435489252558
0.0121212778634902
0.01202281622221
0.0119920846810551
0.0120059214458123
0.0120068523993873
0.0119884991929972
0.0120302476607186
0.0120497506994528
0.0120296600313938
0.0119623544675551
0.0120138340396463
0.0120702522793306
0.0119735449314462
0.0120612535147414
0.012009958171461
0.0119579335924768
0.0120314865649346
0.0121008746197713
0.0119890332997218
0.011994376348384
0.0120490937245437
0.0119985960958028
0.0120287843977652
0.0120350156033333
0.0120421774348113
0.0119927513902041
0.0120455012989926
0.0120114266788597
0.0119593810169823
0.0119973901623316
0.0120296345131019
0.011973670395191
0.012053557022257
0.0120160117910476
0.0120259026107766
0.0120024266575389
0.0120231576161063
0.011964796960746
0.0120375226075482
0.0120183624296344
0.0120013917528907
0.0120314893323136
0.0120512193768035
0.0120566748632981
0.0119940940179315
0.0120263720132079
0.0120065965322153
0.0119659446060879
0.0119702733082149
0.0120384741871661
0.0119721453041604
0.0120181407189984
0.0120125289188788
0.012026005763383
0.0120605949948121
0.012038565818154
0.0120272019836587
0.0119915132583118
0.0119994100425126
0.0120446804554468
0.0120080623022667
0.0119999222257002
0.0120851479494185
0.0120326528359673
0.0120097963657425
0.0120356901311267
0.0120548496890713
0.0120405316615831
0.0120736227681035
0.012040344816251
0.0120456242688383
0.0120326380954538
0.0120370324329861
0.0120504532669881
0.0120533112978601
0.0120047726542691
0.0119774409111185
0.0120137038049848
0.0120223543308868
0.0119826736611294
0.0120748641558574
0.0120129263572238
0.0119843141595374
0.0120340897530457
0.0120521017842971
0.0119896480218072
0.0119827473937962
0.0120121832469814
0.0120018396377696
0.0119928059127694
0.0121021858707048
0.0120359335308518
0.0120392345539488
0.0119982368625802
0.011990600254474
0.0120533164778419
0.0120215324321764
0.0119948853310957
0.0119976066363418
0.0120958322693393
0.0120337798539321
0.0120454882671308
0.0119895511255747
0.0120338258814203
0.0120710827775522
0.0120307070230615
0.0120595397538771
0.0120404154000003
0.0120199933064184
0.0120645239105157
0.0120233498267783
0.0120224375894197
0.0119689553700505
0.0119933767136958
0.0120019132058088
0.0120595994000461
0.0120539479951399
0.0120664879120656
0.0120314910024992
0.0120518804043385
0.0119722411445115
0.0120593915387893
0.0120364814113977
0.0119880810431135
0.011988542090506
0.0120554856507781
0.0119662234822329
0.0120181209040633
0.0120277855376672
0.0120206854164942
0.0120450844691528
0.0120410975865864
0.0120630712539416
0.0119728753856555
0.0120654913778889
0.0120483464500302
0.0120535226546153
0.0120025774794053
0.0119722629843564
0.011992340397529
0.011979875456159
0.0119922947592435
0.0120243499706189
0.0119835487995488
0.0120144175557386
0.0120576593219641
0.0119614127485305
0.0119842946989944
0.0119896899111317
0.0121050613582437
0.0120526723587885
0.0119962416666259
0.0119959320349033
0.0120086857795062
0.0120256076640572
0.0119898393496754
0.0120651848282024
0.012056716869189
0.0120238068920248
0.0119922306149601
0.0119865970346603
0.0119860998452
0.0120246481909338
0.0119874629866354
0.0120350489953191
0.0120668565444048
0.0120052545255173
0.0120128964508345
0.0120542997298717
0.0119933624728229
0.0120542975858447
0.0120254023124077
0.0120084795968931
0.0120320310552746
0.0119879070258969
0.0120649736145142
0.0120308277229982
0.0120786668769634
0.0120117318365185
0.012066180876225
0.0120137072127369
0.0120297382598004
0.012011387461735
0.0120314088401015
0.0120409217597246
0.0120254489404483
0.0120193767067565
0.012018322887458
0.0120545958265305
0.0120405909589729
0.0121068472102926
0.0120529029394548
0.0120272319037387
0.0119944065160238
0.0120592486756707
0.0119983996660433
0.0120553310441019
0.0120699464317473
0.0120279986510207
0.0120448700789302
0.0120356182742014
0.0120015068835963
0.0120325977150666
0.0120157706967978
0.0120424398260432
0.0120574247423057
0.0120460906280507
0.0120227902379216
0.0120130777073645
0.0119742903024903
0.0120174966402598
0.0120004746535493
0.0120415335070543
0.0120346086411515
0.0119620269681008
0.0120137197123687
0.0119860238141762
0.0120844395553382
0.0120286802222335
0.0120492217343741
0.0120179246647935
0.0120705092108148
0.0120326751668973
0.0119802247561554
0.0120658298043538
0.0119977922881797
0.0120103416879736
0.0119891353349984
0.0120322410828384
0.0120352845212327
0.0120168442473567
0.0120440617879723
0.0120514299510705
0.0120572917125783
0.0120397303267825
0.0120887010097819
0.0120127539777361
0.012038370399888
0.0120491002185588
0.0120228976654932
0.0120051204964183
0.0119995162468115
0.0120183898236684
0.0120363594490118
0.0120448247177544
0.0119886661931149
0.0120186501959643
0.0120258147056285
0.0120225898738091
0.0120231820790155
0.0120835503583843
0.0120254266294668
0.011984861102352
0.0119745936460914
0.0120156170926425
0.0120161528095563
0.0120301056111892
0.0120120362759113
0.0120138318164504
0.012062316680386
0.0120265056128977
0.0120376976035486
0.0119588865035918
0.0120201788510531
0.0120309333402115
0.0120317513848342
0.0120500157370751
0.0120356078934359
0.011966190869973
0.0120488766418193
0.0120270151515338
0.0121023659483576
0.0119795709953609
0.0120877080809999
0.0120300360543931
0.0119978693765139
0.0119969207936396
0.0120513192783028
0.0119877060378403
0.0119696986115258
0.0120064390305169
0.0120013059341285
0.0120632127470176
0.0120025803901234
0.0120130549052726
0.0120145510634803
0.012010534115814
0.0120076135570979
0.0120403103754003
0.0120076430824018
0.0120440228107537
0.0120076839340236
0.0120436941639818
0.012047221577992
0.012017601029882
0.0119862653967293
0.0120288089149299
0.0120671035484938
0.0120164391107247
0.0119855849286253
0.0120173735913247
0.0119896504927664
0.0120504410746424
0.0120605892682697
0.0120035543427377
0.0120043466887422
0.0119699184210295
0.0120299854447443
0.0120043057509858
0.012025406938318
0.0120328455935009
0.0120725875413005
0.0120320259980099
0.0120194072989451
0.0120302678672996
0.0120170817055876
0.0120333408822104
0.0119836254324048
0.0120150707606289
0.0120545279917669
0.0120002605308687
0.0120434073764527
0.012092976777045
0.0119984505779385
0.0120678167255834
0.0120447454737522
0.0120256482049963
0.0120468463780131
0.0120037028737383
0.0119922712376568
0.0120456975200171
0.0120682346557844
0.0119880656386108
0.0120531619240526
0.0119919728036308
0.0120067247710565
0.0119986282881041
0.0120617939751081
0.0120733009508884
0.0120770708394258
0.0120051304389364
0.0120598997822264
0.0119978015780783
0.0120365151362406
0.012017245292223
0.012010408966625
0.0120319615203922
0.0120195701834667
0.012056623007512
0.0120416642692515
0.0120699445310547
0.0120115367751789
0.0120487564504177
0.0120116877940619
0.012021733649092
0.0120218779816907
0.0120558608007581
0.0120418052106163
0.0120016274082052
0.0120554726078576
0.0120259532829853
0.0120361922696188
0.0120024853575679
0.0120449303284602
0.0120337094014243
0.0120655096519156
0.0120012090249995
0.0120350487092554
0.0120512607519972
0.0120290718798018
0.0120573930332921
0.0120206459046288
0.0120166153164602
0.0120423948297802
0.0120283522742093
0.0120133882380615
0.0120243930382565
0.0119698824775662
0.0120209546682386
0.0120461028665037
0.0120562174614707
0.0120237789406302
0.0119787850865671
0.0120283954144186
0.0120553305080033
0.0120369643739116
0.0120359584770584
0.0120059146801196
0.0120267912229101
0.0120185074446568
0.0120582682921082
0.0120375577194474
0.012034628303471
0.0119572781474489
0.0119716443494481
0.0120022898469729
0.0120404489802336
0.0120959460174718
0.0120769812477082
0.0120495578405353
0.0120439104988139
0.0119407681129295
0.0120031556241228
0.0119934071796852
0.0120378531828394
0.0120106130061223
0.0120608717060996
0.0120368789298139
0.0120426271749842
0.0120194335771646
0.0120408034868162
0.0119798814689435
0.0119998254227327
0.0120103586677244
0.0120659589900886
0.012051905159638
0.0120281575782691
0.0120536477425094
0.0119641598272339
0.0120563657617691
0.0120230856709737
0.0120824396111047
0.0120383832957926
0.0120349177843957
0.0120397660502627
0.011992659353864
0.0120001426425399
0.0119921129485735
0.0120573868039422
0.0120533838967259
0.0120471655362476
0.0120368842342455
0.0119793768186059
0.0120250940570811
0.0120181924856013
0.0119921805687314
0.0120737666381919
0.012008540797569
0.0120366197874795
0.0120238990243077
0.0120107918059426
0.0120649093587979
0.0120144188018839
0.0120269910011368
0.0120561326833374
0.0120228168508286
0.012000641182669
0.0120783198099288
0.0120305657887402
0.0119737164044275
0.0119843883952689
0.0120431526342978
0.0119932056415778
0.0119813981483824
0.0120174500769245
0.0120267741136579
0.0120578030363879
0.0120190472130249
0.0120317205101778
0.0120390054464238
0.0119851945579007
0.0120177963274442
0.0120508495821075
0.0120729060126234
0.0120287693267923
0.0120125950864992
0.0120380311845869
0.0120434722155784
0.0120063514237748
0.0120707703386313
0.0120084234335218
0.0120166657014588
0.0120781659797315
0.0120309901751959
0.0120890768008527
0.0120172563877454
0.0120537406826404
0.0120725877956933
0.0119957688458384
0.0120442198923878
0.0120671355717383
0.011970209662668
0.0120455336627049
0.0120223324612007
0.0120707829977462
0.0120447902360935
0.0120484903976013
0.0119564808814385
0.0119939802676015
0.0119995877997727
0.0120359505812397
0.0120166786111126
0.0120604513735
0.0120149744320106
0.0120353030556495
0.0119511890086768
0.0119970419201518
0.0120500603364027
0.0119777218411595
0.0120370938845618
0.0119946698076865
0.0119846488523113
0.0120771013028665
0.0120180668259666
0.0120057709911253
0.0120017314710236
0.0120576541032394
0.0120204185893932
0.0120197134429654
0.0120357131455675
0.0120158997925864
0.0120260423704945
0.0120315281455825
0.0119799120300924
0.012040320562864
0.0120675306169269
0.0120524591976775
0.0120370176997589
0.0120235045685027
0.0120309612130562
0.0120183910460902
0.0120090978954521
0.0120171652506834
0.0120025383268363
0.0119972000713636
0.0120569446956468
0.0120569812387886
0.0120789053290213
0.0120337940895221
0.0120338509868634
0.0119691923749542
0.0120371807392065
0.0120200267299669
0.0120438834400512
0.0120705951039707
0.0119879759412342
0.0120096769111482
0.0120163810696553
0.0119777916574975
0.0120046359643518
0.0120346481665137
0.0120834712151664
0.0119802038095328
0.011990919503703
0.0120461910357762
0.0120724402092976
0.0120161277078357
0.0119939319721242
0.0120438335294808
0.0120531189015475
0.0120427213194556
0.0120487304398535
0.0120408586765091
0.012018050001623
0.0120477195933741
0.0119576809432835
0.0120520490153761
0.0120100241481492
0.0120491663604282
0.0120309105167114
0.0119135057349466
0.0120448603810673
0.0119956561806889
0.0121022031803834
0.01204184399946
0.0120312035519323
0.0120230286472739
0.0120110338977053
0.0120001611010875
0.012077735328216
0.012018400141417
0.012052129404686
0.0120537298425735
0.0119996784823546
0.0119824212504786
0.0120168575097668
0.0120954218579179
0.0120191836821353
0.0120438243181932
0.0120555827889803
0.0120771247496402
0.0120483631054811
0.0119742584990132
0.0120236106608827
0.0120124208604961
0.0120131122631306
0.0119944460573424
0.0120312675449104
0.0119740179855821
0.0119918938803947
0.0120311847233599
0.0120001002558885
0.0120342339920371
0.0119879556815778
0.0119700493692699
0.0120199449027827
0.0120421566456291
0.0120637083543601
0.0120187392692194
0.0120317786811075
0.0120920033614215
0.0120581220235115
0.01207723417182
0.0119904214893878
0.012057516055049
0.0120921985943509
0.0120045890317691
0.012049026929684
0.0120532108015407
0.0120203693729326
0.0120540116423382
0.0120054971945037
0.0119754732279365
0.012024545158035
0.0119964716215118
0.0120308320876253
0.0120123525730128
0.0120380291130123
0.0119904357541342
0.011991096832813
0.0120053955447469
0.0119685864025932
0.0121051623180184
0.0120580822543855
0.0120725996201029
0.0120061224278459
0.0120377577920855
0.0121139219584229
0.0119789558356814
0.0120119772890558
0.0120439745365944
0.0120139953913544
0.0120124257345107
0.0120199181526644
0.0119851215606576
0.0120180463422956
0.0120041876111571
0.0120364085567463
0.0120156525150672
0.0120219906583426
0.0120094002052
0.0120084559749995
0.0120266950483789
0.0119931158406524
0.0119646633448912
0.0120495995243827
0.011997378660303
0.0120783067124108
0.0120899723857027
0.0120313939211194
0.0120536003925119
0.0120125408757217
0.0120651992371862
0.0120606460097921
0.0120083237666272
0.0119311265595893
0.0120112666872331
0.0120087481293184
0.0119823936369196
0.0120046977961898
0.0120831617956684
0.0120101230435031
0.0120458560991305
0.0120619403519392
0.012023872743523
0.0119651217103235
0.0119805039803303
0.0120295222492979
0.0120436020317941
0.0119880706175888
0.0120005095167746
0.0120403579064077
0.0120806655192671
0.0119939530798493
0.0120064671817966
0.011960902783476
0.0119975319799032
0.0119944784240331
0.0120266542795369
0.0119849581428847
0.0119949380103267
0.0120061341263547
0.0119620556925732
0.0120170103421371
0.0120463769168639
0.0120340457812771
0.0120048257601129
0.0120701661348372
0.0120226666582748
0.0119614743562252
0.0120328862866209
0.0120463938279014
0.0120759730467445
0.0120273079758904
0.0120141832385888
0.0120037494200349
0.0119976721169435
0.0120098789547476
0.0120013885514688
0.0119955361754153
0.0120279555153227
0.0120714330644139
0.0120373222520654
0.0120492497367377
0.0120090888000091
0.0120297683849418
0.0120766373410151
0.0119946446430207
0.0119931160337104
0.0120015350912247
0.0120193581949658
0.0120601491049581
0.0119570228126169
0.0120040408475537
0.0120125720912894
0.0119851965634345
0.012002974730977
0.0119927136106793
0.0120787515393389
0.0120747910192985
0.0120494425779217
0.0119928655067406
0.0120261578177264
0.0120101636800554
0.0120962435254519
0.0120238352093684
0.0120122118250344
0.012028373105748
0.01199517829597
0.0120565819338975
0.012058488447555
0.0120173246363959
0.0120387324341561
0.0120140386796531
0.0120692420406166
0.012007674328732
0.0120221934540426
0.0120154570799076
0.0120233498685229
0.0120246890349039
0.0120036797978429
0.0120197047824695
0.0120031241514233
0.0120018646557269
0.0119904807112174
0.011993049899568
0.0120069180299146
0.0120952534019476
0.0119908710562159
0.0120135943777237
0.0120825660390975
0.0120187029367768
0.0120332862371021
0.0120422986360107
0.0119952402908559
0.0119967893731878
0.0119524346365647
0.0120451236151189
0.0120151350103206
0.0119876984160522
0.01199693729726
0.0119933355118643
0.0119892877527985
0.0120191949411543
0.011998403342435
0.012083400344885
0.0120595187267308
0.0120116189644145
0.0120601683026501
0.0120120880029636
0.0120284988218364
0.0119699907069903
0.0120373252963143
0.0120374788537149
0.0120214867645064
0.0120445346233022
0.0120673583582224
0.0120501118661092
0.0120621214522392
0.0120441857393366
0.0120513566991023
0.0119994339294627
0.0120354423256901
0.0120313917994607
0.0120018656021065
0.0120196882728672
0.0120032953602718
0.0120132650473866
0.012042326023772
0.0119840778017148
0.0120607832858696
0.0120635623850523
0.0120354057645227
0.0121016540550792
0.0119888506814408
0.0120238913471464
0.0120587009442904
0.0120484320751761
0.0120117795966837
0.0120010883916467
0.0120007905371032
0.0120718957884055
0.0119894988932777
0.012056596299613
0.0119791235765727
0.0120330879369367
0.0120224944839892
0.0119921219872434
0.011974133464195
0.0119852822506343
0.0120092767253078
0.0120222489537997
0.0120723647787688
0.0120174686685847
0.0120402769527608
0.0119807496266891
0.0120319269288181
0.0120392348307404
0.0120493829162801
0.0120493192907478
0.0119879704772707
0.0120642779472187
0.0119764580431485
0.01201253394661
0.012002661905313
0.0120542573228658
0.0120590127625561
0.0119943806371887
0.0120134428496301
0.012058337171079
0.0120229642378448
0.0120072677849572
0.0120512935960745
0.0119917577871566
0.0120407984613813
0.0120239693538139
0.0119924451523087
0.0120145837975783
0.012025339172492
0.0120564975870289
0.0120663627797762
0.0120443935749776
0.0120187431613209
0.0120410754050559
0.0120208327625471
0.0120685486174035
0.0120090516662992
0.0120487712426931
0.0120067645310166
0.0120331260132938
0.0120026166455381
0.0119603450320005
0.0119862990434475
0.0120600966149739
0.0120126294047744
0.0120235236753434
0.0120384528783877
0.0120366651045865
0.0120344463774401
0.012047080353033
0.0120014332984646
0.0119625920844085
0.0120008073256686
0.0120163046691265
0.0120204066530671
0.0120272918216493
0.0120058281380867
0.0119689554579016
0.0120639144425246
0.0120333925502243
0.0119874216061939
0.0120015121661437
0.0119902859707711
0.0120917890242189
0.0120527593691642
0.0120126716114461
0.0120265605347524
0.0119645351942563
0.0120379334135599
0.0120144426845
0.0120659260117063
0.0120369818819761
0.0119943165977713
0.0120682622754138
0.0120315749038896
0.0120744694201931
0.0120149072117253
0.0120612573839595
0.0120215871323748
0.0120289417135458
0.0120795574062792
0.0120188919903623
0.0120355763644485
0.0119686212211896
0.0119812805511056
0.012036049041784
0.0120247017467118
0.0120486117042127
0.0120092377093363
0.0120083226625205
0.0120278893377097
0.0119637885202166
0.0119388655381713
0.0120652604635291
0.0119623780006235
0.0120583924876411
0.0120541794916465
0.0120580877336302
0.0120630256089641
0.0119860186560516
0.0120410043076955
0.0120164472160327
0.0120115082475424
0.0119860352520832
0.0120535179682965
0.0120545829105317
0.0119698293585287
0.0120228941444534
0.0119919325445825
0.012071385286404
0.0120272526977275
0.0120506858601003
0.012023001975995
0.0120431079975519
0.0120170378188712
0.0120176307398104
0.0120015865432041
0.0119618873732972
0.0120516911884269
0.0120413005178743
0.0119829137724582
0.0120271533302936
0.0120308665923063
0.0120164520475544
0.0119756702354698
0.0120489054601322
0.0120270177641704
0.012062060039661
0.0119700692764938
0.0120364990284323
0.012046849394838
0.0120723307772928
0.0120077012139255
0.0120344073850092
0.0120000183230136
0.0120146432272675
0.0120101836264794
0.0119800664094726
0.0120351260551784
0.0120642117461727
0.0120429369063145
0.0120490489196089
0.0120292361050086
0.0119967559206316
0.0120505847824736
0.012004738262636
0.0120047535243047
0.0120353246237834
0.0120452752876008
0.012020338532388
0.0120398018317393
0.0120108745530157
0.0120542339243226
0.0120079660321189
0.0119818450633636
0.0119356801569448
0.0120444021075766
0.0119767847067544
0.0120163218526212
0.0119989388147558
0.0120613561796489
0.01201440703825
0.0120015176572645
0.0120391863734846
0.0119904934816358
0.0120476550264242
0.0120320908421414
0.0120351947346977
0.0120536561717745
0.0120027582805987
0.0120946204319403
0.0120180167314386
0.0119800672607674
0.0120421927347171
0.0120364699143501
0.0120664433032994
0.0120051992524131
0.0119681780121138
0.0120708158252134
0.0120073927413709
0.0120090641463293
0.0119617801986929
0.0120398787502643
0.0120063190179707
0.0120386684220335
0.0120464621317
0.0120490577832477
0.0120230607280101
0.0120259233384942
0.0120381553546784
0.0119927907239959
0.0120386894513696
0.012052618213839
0.0120322292314078
0.0119925486910979
0.0120275787918646
0.0119466531219761
0.0120400406641834
0.0120101335955544
0.0120175652775861
0.0120366850301894
0.0120141921761571
0.0120247536273216
0.0120015000109859
0.0120075092859904
0.0120123890168409
0.0120184640170712
0.0120270320554346
0.0119944573835747
0.0120063008591692
0.0120232085480261
0.0120589242387694
0.0120120057762754
0.0120087616565003
0.0119868239393522
0.0120123155312807
0.0120050121830315
0.0120877509273886
0.0120215120164436
0.0119751839764335
0.0120205054621538
0.0120978834655465
0.0120128328654282
0.0120427899220924
0.0120394309769778
0.0119966405887629
0.0120461249358292
0.0119966939847465
0.0120450819487453
0.0118958307448025
0.0120525699145095
0.0120249610173634
0.0120563917019309
0.0120527541584959
0.0120366955989851
0.0119882977168873
0.0120218344238296
0.012002846146962
0.0120759289983324
0.0120590847308128
0.0119847353326594
0.011979656914471
0.0120042054159403
0.0120439310289972
0.0120631673161429
0.012049096453805
0.0120348265415086
0.0120515737939671
0.0120502365170571
0.0120249308507337
0.012066534966987
0.0119864369217281
0.0120341948126907
0.0120187093740512
0.012040508503723
0.0120190605586952
0.0120467792029443
0.0120306666722482
0.0120177172893479
0.0120452513442489
0.0120243490614076
0.0120479239010197
0.0120317564667354
0.0120152749524562
0.0119985682148931
0.0120893267145495
0.0120203998974288
0.0120481152338795
0.012011863071158
0.0120240593877546
0.0120253646575855
0.012013014368194
0.0120299994827182
0.0120540850550416
0.0120277792913545
0.012053205773159
0.0120242158106646
0.0120018546117952
0.0120385041099969
0.0120668336716554
0.0120346355877438
0.0120003617712355
0.0120194965740171
0.0119196243392877
0.0120502540187059
0.0120310996385804
0.0119696081818952
0.0120347419319338
0.0119865494121031
0.0120437862152591
0.0120335413968497
0.0119827382296878
0.0120583696653504
0.0120269410395819
0.0119918170085977
0.0120673644897351
0.0119853275100097
0.0120722745296164
0.0120134731329802
0.0120042195104043
0.0119796452604379
0.0119783213131092
0.0120661570678203
0.012020318793828
0.0120226827724364
0.0120226811421494
0.0120253531046613
0.012015100317515
0.0120076429664621
0.0120211784695061
0.0120043840743189
0.0120638553746837
0.0119688844846951
0.0120087759415046
0.0120640950121926
0.012039584414176
0.0120215552475925
0.0120005039893167
0.0120461113832823
0.012011636304659
0.0120146067618953
0.0120366954480359
0.0119932236785092
0.0120243907981034
0.0120524667822084
0.0120669341550564
0.0120162546786395
0.0120143309162558
0.0120368492566708
0.0120377454841746
0.0120322627745292
0.0119908688431366
0.011996099619581
0.0120170792878244
0.0120275051584912
0.0120063787648327
0.0120590086410054
0.0120552942383709
0.0120138975105404
0.0120146079165028
0.0120435028488535
0.0120089966461401
0.0119970379620136
0.0120571229116404
0.0120127009224954
0.0120553622701828
0.0119662032634463
0.0120402858064679
0.0119990596511665
0.0120425158752936
0.0120191387547294
0.0120315914251351
0.0119872065175164
0.0120373759112566
0.0120319084113989
0.0120842823376287
0.0120704852593121
0.0120030974430922
0.0120602912792158
0.0120162516873504
0.0120663167406969
0.0120364972099409
0.0119954928351774
0.0120170560899304
0.0119705542902021
0.0120162119124164
0.01204319996412
0.0120448783106847
0.0120645180448326
0.0120484443113956
0.0120139885605439
0.01202570146818
0.0119922011607124
0.0120277752681454
0.0120657414872228
0.0120176000651209
0.0120466454821123
0.0120239399066115
0.0120063333808105
0.0120079763562712
0.0119635593485196
0.0120168730681046
0.0120065984740382
0.0120461083532304
0.0120674771520037
0.0120007817214979
0.0119966659605263
0.0120049073121974
0.0120440520247444
0.0120052376255432
0.0120481491177126
0.0119838820028137
0.012002009265992
0.0120547071239089
0.012063675392694
0.0120193675119707
0.0120041764801585
0.0120096054752171
0.0120935340857205
0.0119976184715286
0.0120748885526662
0.0119883327611872
0.012023743846056
0.0119772366522515
0.0119955153328383
0.0120018013031642
0.0120574459471738
0.012022566093126
0.0120280576528117
0.0119848501513406
0.0120289944918636
0.0120123792261554
0.0120586498035342
0.0119945223531274
0.012044033215604
0.0120472847429034
0.0120216565467066
0.0120212863878306
0.0119989723525909
0.0120183711800372
0.0120384878012167
0.0121055413434088
0.0120491348331905
0.0120784625247864
0.0120097998253144
0.0120300395417145
0.0120308511945049
0.0119931720522629
0.0121115390923043
0.0120362733646301
0.0120456121211711
0.0120153159135745
0.0119965975670716
0.0120474980831323
0.012014738969943
0.012015336635122
0.0120458690487482
0.0120469711607496
0.0119768674760128
0.0120092474096975
0.0120243072764361
0.0120075321005078
0.0120669593677869
0.0120744397672116
0.0120467165566373
0.0119691594050812
0.0120032563505608
0.0120170797805775
0.0120379535928552
0.0120079648143262
0.0120596201756917
0.0120599449048579
0.0120407385523376
0.0120031421454594
0.0120220753298397
0.0119944566854166
0.0120648977542024
0.0120492138921698
0.0120496096641445
0.0120330733462484
0.0119474254260328
0.0120624066008985
0.012076329224185
0.0120433923758139
0.0120584020571266
0.0120523784727583
0.012038376109213
0.0120703439269896
0.0120087013651779
0.0120336267111528
0.012015180503767
0.0120223779093423
0.0119541648428742
0.0120454697246761
0.0120717826590799
0.0120125909457827
0.0120617235807677
0.0120033924307345
0.0120149512267161
0.0120149744974915
0.0120325434253043
0.0120021886747633
0.0120339991027103
0.0120441573880776
0.0120024505167596
0.0120430990296219
0.0120114035913792
0.0120882432462764
0.0120467610758077
0.0120145011573183
0.0120311797251338
0.0120594583868556
0.0119997987490227
0.012022596659305
0.0120643974092221
0.0120010007457749
0.0120123551035956
0.0120140743613994
0.0119818586362938
0.0120070271387087
0.0120795557569937
0.0119957540130098
0.0120156143976679
0.0120286909307156
0.0120526613793908
0.0120332255456973
0.0120242287359868
0.011999027736476
0.0120325482779639
0.0120149794841123
0.0119923358297403
0.0119917132452764
0.0120240131542771
0.0119823557536671
0.012055535009426
0.0120075649384204
0.0120247914810287
0.0119837141893284
0.0120646285890936
0.0120316556507158
0.011981240657523
0.0120840730076226
0.0120309188990881
0.0120174648422726
0.0119919896374359
0.0120327354206555
0.0120068664139642
0.0120709752442804
0.0120351006215274
0.0120528720935328
0.0119843363477943
0.0119922507314758
0.0120508745634544
0.0120582048226976
0.012026390601955
0.0120321807707947
0.0120294475738311
0.0119931274755906
0.0120363221822953
0.012045091184311
0.0119935672199025
0.0120568150569081
0.0120590973984961
0.0119824748874947
0.0120010562021802
0.012041844287848
0.0120654151776503
0.0120334053479791
0.0120390485710078
0.011982837657443
0.0119854005789744
0.0119789364553475
0.012073321750272
0.0120170209140006
0.0120425373980155
0.0120369408724217
0.0120336687762484
0.0119865848395108
0.0120155655919902
0.0120216147442361
0.0120098291679069
0.0120874065891504
0.0120304384184565
0.0120405200633247
0.0120317868271466
0.0120421767325644
0.0120352786738631
0.0120701881476677
0.0119998157314599
0.0120191419439618
0.0120141791695252
0.0120007633370075
0.0119949366136201
0.0120209995827971
0.0120115237819985
0.0120279776929279
0.0119901422956984
0.0120489621292172
0.012025169696461
0.012071537184101
0.0120383704592002
0.0120233799103053
0.0119744609240032
0.01206443104019
0.0120378021131278
0.0120301720443393
0.0120062337645166
0.0120429030855984
0.0120783594110173
0.0120164153169251
0.0120334009706914
0.0120415687127599
0.0119725169824213
0.0120239745879662
0.0120921696813837
0.012048422210159
0.0120039960412004
0.0120299071561764
0.0119516881336051
0.0119833237336769
0.0120294966789118
0.0120393053480969
0.0120457444395312
0.0120272710650957
0.0119749686259256
0.0120574655650292
0.0119897810039641
0.0120374022589468
0.0120365390206247
0.0120235508620192
0.0119934573681043
0.0120575583932378
0.0120332506747026
0.0119741985998263
0.0120498058611398
0.012023296222865
0.011989888794614
0.0120470425616053
0.0120488968793201
0.0120052478010656
0.0120485650543504
0.0120121062555717
0.0120296370589404
0.0120489770403264
0.0120386660114762
0.0119984398834935
0.0120772279653772
0.0119749202266073
0.0120351982094592
0.0120180048209021
0.0120492085939277
0.0120100017600914
0.0120816143628597
0.0120056611804516
0.01203792093623
0.012028875164786
0.0120979834168673
0.0120580737301014
0.0120596516378908
0.0120205294469428
0.0120395092945442
0.0120318034500847
0.0120544500213373
0.0120226950878911
0.0119944866093413
0.01199919923423
0.0120209372519122
0.0120181550024411
0.0120511083959586
0.0120143228482251
0.0120155288456277
0.012029978922503
0.0120260204938467
0.0120133510308264
0.0120271265723511
0.0120500088935446
0.0120288417300698
0.0120603729498441
0.0119900832105022
0.0120408678069972
0.0120312325570251
0.012006481331376
0.0120240530127499
0.01204709532816
0.0120387963107844
0.0120766950767682
0.0120639381905298
0.011986700116681
0.0120700446864227
0.0120700047276142
0.0120152480588683
0.0120566793611711
0.0120786293440885
0.0120443192625596
0.0120444794339617
0.0120552730588618
0.0120267052569685
0.0119784948754243
0.0120184567212016
0.0120339088782386
0.012077439717516
0.01205239363253
0.0120366596499004
0.0120261395274483
0.0120559319810742
0.012040535887892
0.0120442594775467
0.0120000995464323
0.0120416636402703
0.0120471807898381
0.0120600191054048
0.0120101442231389
0.012034017821179
0.0120505893323659
0.0120274214004177
0.0120810178252161
0.0120394089067204
0.0120246864322252
0.0120311122916887
0.0120210035192444
0.0119710737305962
0.0120912358764572
0.0120149960241811
0.0120286940046784
0.0120167330270517
0.0120247595514122
0.0120866495267814
0.012013342493561
0.0120383490726834
0.0120666421716554
0.0120552766723659
0.0120351674641873
0.0120353889475474
0.0120306407015874
0.0120266385766424
0.0120499146644892
0.0119766832195842
0.0119808728326457
0.0120323419645501
0.0120117104020853
0.0120249174487731
0.0119815882252764
0.0120446885331448
0.0120618204989706
0.011977917642546
0.0120380401372959
0.0119944811640001
0.0120247220869108
0.0120154922449667
0.0120147646180965
0.0120212007201714
0.0120725694343071
0.0120253179141729
0.0119939903131687
0.0120647381125759
0.0120793794434738
0.0120033542539154
0.0120324027090544
0.0120060818984175
0.0120110757903017
0.0119973428919103
0.0120435023877658
0.0120713802103735
0.0120324132822566
0.0120746778242123
0.0119849488322383
0.0120516759186516
0.0120387916363813
0.0120320155974428
0.0120318628213651
0.01205818948436
0.0119883998581211
0.0120292120754375
0.0120003951759351
0.0120236613834624
0.0120394844487597
0.0120714105246993
0.0120897397813073
0.0120627324203896
0.0120542060888213
0.0120694269127437
0.0120990951617264
0.012016100156635
0.0120174786625522
0.0120480364755999
0.0120644609977486
0.0119829523591119
0.012022085762804
0.0119889450809265
0.0120129184736929
0.0120355135522193
0.0120480838617926
0.0120091413342942
0.0120229304471085
0.0120171252098741
0.0120116550782196
0.0120430415888859
0.0120142559162041
0.0120056082276605
0.0120296670209195
0.0120258466538678
0.0119484136942302
0.0120397268040952
0.0119861022850087
0.0120542415175579
0.0119979215646456
0.0120140381014176
0.0119707022886386
0.0120176098753485
0.011983984860102
0.012016313388057
0.012037870848047
0.0120228564577552
0.0119967600448844
0.0120561083268535
0.012040974622047
0.0119536685071953
0.0120703750227376
0.0120208518869611
0.0120595039689189
0.0119964034898171
0.0119770676999747
0.0120640996737847
0.0119937785317394
0.0120030201610562
0.0119970219800207
0.0120757193225674
0.0120727589763294
0.0120351694378851
0.0119861930078426
0.0120687916342467
0.0120073415036273
0.0120259040805466
0.0119696047468246
0.0119835068646124
0.0120593366841945
0.0120347167191734
0.0119696858803107
0.0119776669044372
0.0119642366900965
0.0119795284442225
0.0120363257954689
0.0119878838162816
0.012049875438173
0.0120201192344289
0.011955788039358
0.0120948925130418
0.0120483069539374
0.0120588018896448
0.0120417725513067
0.0120186769058051
0.0120375647073973
0.0120420101261819
0.0120442516030657
0.0120799618241557
0.0120135088406648
0.0120422792765208
0.0121089910231342
0.0120444852140478
0.0120316967996424
0.0120101318129216
0.0120089218661784
0.0120257719954023
0.0119665433262507
0.0120416223457915
0.0120325080393114
0.0120356762203771
0.0120029862185872
0.0120000086843348
0.0119955003491955
0.0120322989997518
0.0119928572990054
0.0120064434500405
0.0120947104356139
0.0120509708394025
0.0120035512929978
0.0119664731661936
0.0119918945237928
0.0120302556235058
0.0119990735317557
0.0120041949238742
0.0120338450748714
0.0120124638859683
0.012012922387924
0.0119862921935828
0.0120174549763289
0.0119957226513601
0.0120313723312056
0.0120532844073932
0.0120498192997476
0.012038011727018
0.0120000985463724
0.0120118100318691
0.0120081432923001
0.0120077101701554
0.011990283073219
0.0120371318415889
0.0120303374730514
0.012017507015752
0.0119904507794483
0.012037213400498
0.0120297257890294
0.0119789324925927
0.0120616835421047
0.012004994289913
0.0120365328347107
0.0120166118340236
0.0119866078319001
0.0119894881063991
0.0120379127747647
0.012059029286545
0.0120739988318893
0.0120297964500645
0.0120535717652189
0.0120348714880207
0.0119693835996785
0.0120763580400063
0.0120363458809491
0.0119905319423275
0.0120147887964146
0.0120477900180279
0.0120330495675528
0.0120545947917332
0.0120454670730252
0.0120582605843069
0.0120295642511572
0.0119992387898635
0.0120422844944455
0.0120123917798483
0.0120669782639748
0.0120121492734725
0.0120680675569716
0.0119871386976614
0.0119855735021583
0.0120666010790573
0.0119581771084434
0.0120573768572243
0.0120430000383609
0.0120653023800702
0.0119923612679229
0.012024377199
0.011995332910943
0.0120072026323004
0.0120412090286489
0.0120447099217508
0.0120003730529057
0.0120627962882347
0.011990778236134
0.0119784252507139
0.0119907992586777
0.0120608462922335
0.0120138323817894
0.0120250186909143
0.0120038479497707
0.0120305686522722
0.0121203444168617
0.0120635328024513
0.0120266242401418
0.0119725866697824
0.0119578699156802
0.0119839806907745
0.0120507244734052
0.0119694949361176
0.0120170016017168
0.0120614627716185
0.0120116560955439
0.0120291498864664
0.0120926112529952
0.0120017681942453
0.011978717222735
0.0120345526769813
0.0120511929736599
0.0120280483824862
0.0120081970114663
0.0120128895852201
0.0120631287814732
0.0119653430782619
0.0121107885738691
0.0120269036571184
0.0119843650181889
0.0120626910660849
0.0120587907352813
0.0120563175528732
0.0120269737642141
0.0119467201141957
0.0119778796324704
0.0120186445444935
0.0120122936244119
0.0120465911574299
0.0121061643762083
0.0119678998562336
0.0120389254676508
0.0120072308713212
0.0120148146061021
0.0119945945532632
0.0120677914521254
0.0120259710794559
0.0120433507578658
0.0119869225588548
0.0119847334602681
0.0120078018338851
0.0120418828937751
0.0120734528366619
0.0120135775863908
0.012072637861004
0.0119900274001539
0.0120517582896952
0.0120474414587134
0.012080153132002
0.0119920808149499
0.0120198738386122
0.0120117035203796
0.0120405489361127
0.0119964792008582
0.0120278936051966
0.0120298256953404
0.0120712322975086
0.0120005861634311
0.0120166433168953
0.0120304509619632
0.0120266230823393
0.0119794799894218
0.0120764303902606
0.0120535955296385
0.0120183376858022
0.0120639727888499
0.0120594853364288
0.0120353717712612
0.0120243868151163
0.0120268023064806
0.0120095392836129
0.0120604462647571
0.0119668212736813
0.0120585960317476
0.0120640620847643
0.0120675210197617
0.011971156529475
0.0120233480882611
0.0120356227942387
0.012030850101005
0.0120360654070688
0.0120024538968151
0.0119791213052208
0.0120066187352365
0.0120172086593822
0.0120072189179975
0.0119960707197723
0.0120139688323208
0.0120447122207172
0.0120689398360732
0.0119902208675375
0.0120681838833259
0.0120012597926381
0.0120239119483967
0.0120150311318203
0.0120435546930633
0.0120356313542668
0.0120794817795815
0.0120366688047091
0.0119881146392943
0.0120320340608793
0.0120243026954749
0.0119902004831318
0.0119723587947612
0.0120214743102741
0.0120056999529369
0.0119729983419098
0.0120229506052989
0.0120233851701378
0.0119958545039964
0.0119684108664121
0.0120354521133157
0.0120294819396393
0.0120223498177008
0.0119766454378617
0.0120652596971261
0.0120142627409272
0.0120719125722881
0.0119586733453031
0.0120060033610014
0.0119598863279
0.0120199660666952
0.0119953933134349
0.012039074880681
0.0120328827750157
0.0120444351087192
0.0120035312057122
0.0120069894315995
0.0120365919880682
0.0120346558549276
0.0120364154359653
0.0120309535612843
0.0120432205960063
0.0120942579786141
0.0120514352113759
0.0120134941986002
0.0119660902147933
0.0120412514826957
0.0119951440704167
0.012038719624345
0.0120451346473955
0.0120128335552955
0.0120575076356905
0.0120006710367838
0.0120438749588122
0.0120255316513775
0.0120774744750241
0.0120434782153296
0.01201197399239
0.0120474001365213
0.012031569139363
0.0120218666185845
0.012035606250618
0.0120713294614567
0.0120306373652192
0.0120313138463046
0.0120374064022304
0.012042631793355
0.0120299356127031
0.0120978636423113
0.0120034540442535
0.0119942531592132
0.012014754469059
0.0120509599284123
0.0120445903143466
0.0119935952702827
0.0119743518876247
0.0120459640090036
0.0119864212914843
0.0120544285483852
0.0120554834025131
0.0119975148728773
0.011995117948674
0.0119911501269196
0.0120128556533464
0.0120296535208325
0.0120367523605336
0.0120268137368858
0.0120747708821466
0.0119923128507503
0.0120072883305403
0.0120553373074235
0.0119890684285388
0.012001539326867
0.012044445419904
0.0120315068162082
0.0120316587516076
0.0120287616008371
0.0120008832049549
0.0120489402590716
0.0120072432063135
0.0120023253798021
0.0120535987672552
0.0120360107562626
0.0120631974954937
0.0120340348787478
0.0119774460142404
0.0120318460089977
0.0120522668304693
0.0120228854058939
0.0119937424755737
0.0119925557768358
0.0120067800315449
0.0119887120983877
0.0120231805106444
0.0120538703047376
0.0119384036355791
0.012040856596843
0.0120240131612841
0.0120177043133316
0.0120638331005731
0.011987532020677
0.0120050201747978
0.0120375301347724
0.0120506148329316
0.0120579918203291
0.0120345887165258
0.0119912032356518
0.0119913427055014
0.0120334980616571
0.0120772106844195
0.0120511049157783
0.011997862973742
0.0120473422104497
0.012008350779042
0.012035948292889
0.0120194588861248
0.0119379719708137
0.0120223358043977
0.0120121363325472
0.0120644695491904
0.0120545071379456
0.0120629357041954
0.0120352087136866
0.0121100670500589
0.0121007132097582
0.0120708259092748
0.0120158169542557
0.0119938403731209
0.012075127392884
0.0119824165347493
0.0120416001010273
0.0119918920968731
0.0120887415874486
0.0120366978523831
0.0119434028521585
0.0120369358056525
0.0120408673308445
0.0120498558750717
0.011994450952551
0.0120348161675712
0.0120042647255564
0.012001153214069
0.0120239335408873
0.0120265454207912
0.0119909611692586
0.0120886079129611
0.0120363142070145
0.0120352726864915
0.0119929498448937
0.0120104111135719
0.0120226510325478
0.0120259432380038
0.0120650211160814
0.0120198114073153
0.0120154717155098
0.0120392955673109
0.0119903847375115
0.0120470095586048
0.0120413642080739
0.0119980388002835
0.011992058314253
0.0119920306273141
0.0120136278139017
0.011953257547611
0.0120184156511254
0.0119850059877295
0.0120357052040477
0.0120437090145901
0.0120245089989044
0.0120588584949309
0.0120161729862656
0.0119979669885471
0.0119992900343609
0.0120132698428028
0.0120095606037851
0.0120080916934442
0.0119997005811101
0.011987058161161
0.0119786050928976
0.0120075797468817
0.0120488820751155
0.0120531911377703
0.0120083668228711
0.0119978959151318
0.0120678327320229
0.0120437570245551
0.0120885907256389
0.0119573911460273
0.0119996715083584
0.0120511401467058
0.0120317396313925
0.0120260567843067
0.0119535018658328
0.0119974328936643
0.0120170272733432
0.0120988806074732
0.0120700452935482
0.0119900903524093
0.0120175184531095
0.0120720276466137
0.0119649048602674
0.0119570776619541
0.012011978580076
0.0119910451576505
0.0120364790707161
0.0119756186820568
0.0121086977444313
0.0120550954725029
0.0120288491186698
0.0120314543641857
0.0119889315601506
0.0120093863720008
0.0120685348317187
0.0120257200413934
0.0120103832392143
0.0120134703559911
0.012018974374208
0.0120697668536246
0.0119842790786283
0.0119935132271176
0.0120300244539938
0.0120052098606586
0.0120498050264456
0.0119744724120117
0.0120673987705165
0.0120507743376461
0.0119754201779095
0.0120553758946602
0.012011779412277
0.0120084166821765
0.0120094643931696
0.0120518515562579
0.012057074957175
0.0120256292323997
0.0120624517376777
0.0119779946990141
0.0120784822880744
0.0120525081349692
0.0119823910967644
0.0120599269201774
0.0120286545222499
0.0120121439157745
0.0120348205469013
0.0120217677372061
0.0120117126370899
0.0120722092834893
0.0119958714052098
0.0120238990013651
0.0119940504792012
0.0120553225142411
0.0120133824950412
0.0119711010176379
0.0119960747412477
0.0120628958668084
0.0120411200053262
0.0120422034746383
0.0120086606969753
0.0120720964680004
0.0120207023105357
0.0120256059842337
0.0119941042053551
0.0120481602198558
0.0119871635373249
0.0120180505015903
0.0119932635307377
0.011991269945774
0.0120381464004222
0.012037996685237
0.0120302990044995
0.0120698064043628
0.0120045599233324
0.0120914508575461
0.011991937435127
0.012010244432971
0.0120171892552767
0.0120814341498921
0.0120093914918643
0.0120101080752309
0.0120295860115074
0.0120442238626243
0.0120488528156749
0.0119724223825266
0.011990374404276
0.0120536095452216
0.0120125773265758
0.0120422277697148
0.0120257245886214
0.0120287198398238
0.0120126784631046
0.0120276262292103
0.0120341799084485
0.0120189441119192
0.0120227465943301
0.0120280050194114
0.012075815590526
0.0120117499467362
0.0120422587774193
0.0120449683069496
0.0120466021963614
0.01195889622724
0.0120339699273289
0.012030837864026
0.0120371672375049
0.0120561879057041
0.0120421616367795
0.0120475341627607
0.0120001855882868
0.0120473867136157
0.0120001674479182
0.011979968672185
0.0120355290400479
0.0120893614548951
0.0120187992641181
0.0120723367826847
0.0120413820780407
0.0120959397656813
0.012053787943194
0.012013179732816
0.0120481027783188
0.0120073200386716
0.0120543328600207
0.0120468329135891
0.0120314442055638
0.0120068360950752
0.0119876068045136
0.0120111667468023
0.0120245156014876
0.0120099805260671
0.0120185701877388
0.0120318751057925
0.0120326043691867
0.0119831749029501
0.0121461524919056
0.0120110620546735
0.0120480822037395
0.0120068309149807
0.0120012891828583
0.0120041310381102
0.0120357543542579
0.0120476129683867
0.0120126875763335
0.0120619386400226
0.0120298398675259
0.0120469883256041
0.0120096201507819
0.0120033028747756
0.0120602840262392
0.0120743611783248
0.0120362015906193
0.0119893246596049
0.0120379148374804
0.0120101553367654
0.0120414288167865
0.0120296783143684
0.0119687348690277
0.0120902440244252
0.0120760524186994
0.012046104856127
0.0120317144291801
0.0120226078900417
0.0120009135504422
0.0119959375443967
0.0120290682273407
0.012051764037393
0.0119856285016583
0.0120118841271597
0.0120207643981077
0.0120250355437118
0.0119704878058296
0.0120462241660674
0.0119893846558271
0.0120355203782781
0.0120573709617274
0.0120182758820183
0.0120137267240431
0.0120236171951352
0.0120310742154451
0.0120256399161224
0.0120369796052633
0.0120617381633982
0.0120183056970037
0.0120799507667458
0.0120121469736053
0.0120337253373525
0.0120409152086076
0.0120268454011732
0.0119902863024705
0.0120301991959751
0.0120211439573072
0.0120318512524095
0.0120342441311304
0.0120266606043918
0.0120145626108558
0.0120524362997329
0.0121167269429452
0.0120813056647482
0.012043671261256
0.0120711278358892
0.0120645559036933
0.0120233713016628
0.0120291231549086
0.012050446468816
0.0120287712529562
0.011999669525655
0.0119757240481891
0.01201155227793
0.0120421755997898
0.0120511442587935
0.0120357227190685
0.0120400011342691
0.0119785944669388
0.0120110604634058
0.0120407223151469
0.0119927804346864
0.0120295763525169
0.0119787577971065
0.0120364704380276
0.0119913102889569
0.0120136032424573
0.0120921111154614
0.0120761937163452
0.012099048484823
0.0120060545230262
0.0120337110241361
0.0119447550144117
0.0119455498476319
0.0120468868195237
0.012028302827684
0.0120164626404978
0.012000021210373
0.0120579288712103
0.012042860683161
0.0120364709602719
0.0120133334046396
0.0120130846600099
0.0120396510049863
0.0120426339033322
0.0120303071364791
0.0120259250504482
0.0120061349695409
0.0119885575798705
0.0119930571193888
0.0120643743317116
0.0120407878554679
0.0121084501745351
0.0119973635472785
0.0120600615866847
0.0120783213955745
0.0119756878240485
0.0120237119308886
0.0120178682620871
0.0120681900597813
0.0119837569820055
0.0120199125782317
0.0120140926084051
0.0120436257421601
0.0120599207416345
0.0119778120656297
0.0120703001515846
0.0119934408447883
0.0120258066631782
0.0120635992124478
0.0120467844225528
0.0119591296396574
0.011953430747986
0.0120314061914803
0.0120261955920877
0.0120524736284653
0.0120414769809144
0.0120990551095063
0.0120384053696628
0.0120155018499629
0.0119982980540599
0.0120061730244658
0.0120460324574201
0.0120312509082965
0.0120551865054424
0.0120312517967429
0.0120049710137023
0.0119733684023909
0.0120071903736738
0.0120667533677757
0.0120104673318017
0.0120206893168137
0.0120290162609524
0.0120131257003293
0.0119365124867995
0.012012698572355
0.0120430863702717
0.0119994587625765
0.0120185606285364
0.0120660653930567
0.0120050832994601
0.0120233108913389
0.0120353602781351
0.0119834475397346
0.0120393483560113
0.0120290158166563
0.0120143224641577
0.011989825561674
0.0120678978041355
0.0119530350318448
0.0120677864323838
0.0120544975889751
0.0119997329317262
0.0120045979598329
0.0120148252408821
0.0120524670012396
0.0120063282216226
0.0119774311846774
0.0120469107994771
0.0120171688561717
0.0120353307223111
0.0120061139469069
0.0120353788262831
0.0120121808110038
0.0120647708330535
0.0119946364565489
0.0119991126041699
0.0120610625839811
0.0120000951879166
0.0120500752600838
0.0120518759999022
0.0119617696333506
0.0120612730814782
0.0120163215512114
0.0120043414277905
0.0120546640168821
0.0120545967288047
0.0120105415764951
0.0119703199463689
0.0120259655359975
0.0120429290841877
0.012040357776366
0.0119792563437533
0.0120501074850386
0.0120202537161186
0.0120536771977704
0.0120668078275096
0.0119988540199163
0.0120034306710043
0.0120126056320262
0.0120351481791293
0.0120767264474586
0.0120285475491865
0.0120461162049815
0.0120248650087507
0.0120548626751063
0.0120232779275314
0.0121042458653639
0.0120544497153638
0.0120029453464675
0.0120355197812304
0.0120279966896516
0.0120496930434859
0.0120389384477993
0.0120059753031883
0.0120452636927546
0.0119717201129166
0.0119956237760067
0.0119785781854582
0.0119877162121412
0.0119958697659211
0.0120220518952366
0.0120790085212396
0.0120054856361421
0.0120672804785326
0.0120489210608491
0.0120445540901667
0.0120027001905005
0.0120530273708272
0.0120466532251584
0.0119832590360344
0.012029312206366
0.0120567839966984
0.0120966183382191
0.0120412020460375
0.0120326905307722
0.0119913612976833
0.0120244051186803
0.0120428628771266
0.0120003166049778
0.0120060013163661
0.0120436724957283
0.0120687378424349
0.012036742143466
0.0120165445797503
0.0120171147604271
0.0120032644543858
0.012065109113239
0.0120413927988984
0.0120672195467236
0.0119813783885419
0.0120014439036685
0.0120135479629406
0.0120055370063295
0.0120147288021775
0.0119777479063478
0.0121104317716739
0.0120366660484145
0.0120458342919867
0.0120435039151732
0.0120212127714177
0.012022900863959
0.0120148747938226
0.012042952734184
0.0120777919514777
0.0120923083125824
0.0120803920261716
0.0120403769171533
0.0120137227237808
0.0119730421107015
0.0120179836031573
0.0120577377778159
0.0120032822565085
0.0120044072181579
0.012022718090868
0.0120348176137211
0.0120216683469352
0.0119914915188104
0.0120748747875428
0.0120741072905533
0.0120452839391663
0.0120165837899911
0.0120044148897657
0.0120300622757451
0.0120662741765867
0.0120238510853194
0.0120028082097493
0.0120685129089708
0.0120699153757607
0.0120219158302908
0.0119731988729165
0.0119774267045393
0.0120123767864955
0.012036456464683
0.0119635500963316
0.0120201186207136
0.0120024989377836
0.0120253941292007
0.0120063586084485
0.0120309641746318
0.0120262261007135
0.0120047070164142
0.0119675060768792
0.0120330391232444
0.0120197871628449
0.0120628363296275
0.0120035225766456
0.0120412869688507
0.0119892811539403
0.0119744228880072
0.0120363881747617
0.0119591267657639
0.012038885846512
0.0120064126952218
0.0120660846057139
0.0120218350914756
0.0119766414710079
0.0119989334066199
0.0120544968297271
0.0120444077025658
0.0120033543159574
0.0120320714787339
0.0120258777492945
0.0120109296172068
0.0120558870395427
0.0119891679047486
0.0120425844099978
0.0120226882488655
0.0120199706991521
0.0119951318058767
0.0120539979440699
0.0120049011041147
0.0120409208557341
0.0120492353000125
0.0120523908634112
0.012057228723968
0.0120710447694833
0.0120390999819699
0.0120424646393894
0.0120649663061079
0.0120096356307413
0.0120120505961939
0.0120362407163207
0.0119947321094137
0.0120143091898365
0.0120501804905538
0.012051235033296
0.0120277584441865
0.0120359162467816
0.0120206937468895
0.0120480778612709
0.0120666019193702
0.0120870681890463
0.0119979610833244
0.0120260474162845
0.012026716660697
0.0119985659569616
0.0120199368070775
0.0119989268181539
0.0119737776615005
0.0120496730166496
0.0120724519923695
0.0120478882133519
0.0120175455841913
0.0119786979620859
0.0120001656235468
0.0120419193220345
0.0120437254242476
0.0120297852320213
0.0119814358901857
0.0120445788718931
0.0119916369489431
0.0120848487151815
0.0120606190927146
0.0120380694783276
0.012025377740211
0.0120440917789482
0.0119344932839789
0.0120094349956252
0.0120154376925181
0.0120441883781255
0.0120836269311276
0.0120500983485145
0.012032805958212
0.0120074592323088
0.0120342566072306
0.0120269380875661
0.0120718372972278
0.0120811823962497
0.0120291637429496
0.0120343779115991
0.0119810735591104
0.0120459347314033
0.0120833001691361
0.0120174136233268
0.0120103093947205
0.0120541857006311
0.0120683650923552
0.0119890584943514
0.0120212376937198
0.0119813126733679
0.0120321634862093
0.0120253269749542
0.0119914852648023
0.012083277990118
0.0120049635425505
0.0120933007814878
0.0120396705913361
0.0120385288518379
0.0120592120650973
0.0120213353226962
0.0120599566330433
0.0120069696425901
0.0120475141950648
0.0119853711585347
0.0120208153826938
0.0120377424624568
0.0119812140411539
0.0120269154545082
0.0120177471191761
0.0120605798203647
0.012047395442793
0.0120223088157186
0.0119976351736376
0.0120661741454562
0.0119775497194168
0.0120030424174804
0.0120303803061184
0.0119760701668742
0.0120313621155853
0.0120420251934229
0.0120877261382636
0.0120351517698064
0.0120107772441202
0.0119831893285487
0.0120461873843388
0.011999693039962
0.012048149669354
0.0120617417596311
0.0119984650742011
0.0120805404600147
0.0120187916118084
0.0120127995842977
0.0120801372419077
0.0120061868447501
0.0119756876441032
0.0119979338106645
0.0120002961093673
0.0120331601893501
0.0120401796734819
0.0119959720037835
0.0120496238674378
0.0120027273413869
0.0120557366581343
0.0119694987733829
0.0119717483484188
0.0120556396775685
0.0120760013026001
0.0119929580511682
0.0120330209488635
0.0120054024209506
0.012018821875814
0.0120420598411838
0.0120479789119865
0.0119954035976587
0.0120408465689189
0.0120391569212154
0.012062248284751
0.011968421223945
0.0120089219441488
0.0120102276627821
0.0120211036831105
0.0119850074629138
0.012055546024681
0.0120235578548665
0.0120158726820229
0.0120508666498543
0.0120402168911304
0.0120033209681374
0.0120234759072762
0.0119852130401137
0.0120131172972779
0.0120092382960773
0.0120745774873382
0.012040722896117
0.0120441106214678
0.0119643793792256
0.0119816822632094
0.0120068793050639
0.0120122783141418
0.0120373698701975
0.0120322572905279
0.0120345774001772
0.0120355766704156
0.0120234402046965
0.0120128512593264
0.0120637857721281
0.0120492411520402
0.0120166591581017
0.0120454840385099
0.0119930084170401
0.0120753553689144
0.0120227838328514
0.0120546703487686
0.0120370570650036
0.0120089712600644
0.0119814191347071
0.0120160611031615
0.0120235704054378
0.012014209344741
0.0120263248662851
0.0119649339788406
0.0120529685516552
0.0119979812730606
0.0120067887826232
0.0119999598114256
0.012030450239545
0.0119947001839788
0.012017916273041
0.0120176552537734
0.0120275613905316
0.0120628545653893
0.0120166895843418
0.0120412101544288
0.0120143321246991
0.0120165033718558
0.0119941094995233
0.0120331671465619
0.0120308346307175
0.0120676518683196
0.0119736449399827
0.0119738748113766
0.0119973037364227
0.0120193514518999
0.0120244621797918
0.0119974584833317
0.0120455757674632
0.0120196172128101
0.0120646607025801
0.0120787536749953
0.0120619167547655
0.0120321449128616
0.0120337553973522
0.0119669850308315
0.0120134046529721
0.0120270892605423
0.0120549110222991
0.0120068604536372
0.0120081180042475
0.0120059654806765
0.0119486148029207
0.0120732186914333
0.0120186894240276
0.0120240105640108
0.0120296743062194
0.0120393435230369
0.0120805386981181
0.0120620843796711
0.0119959682418965
0.0119951567956383
0.0120264606416793
0.0120612902224678
0.0120877989300061
0.0120022775504448
0.0120631036423773
0.0120176066894792
0.012044302631133
0.0119720392802005
0.0120296378250338
0.0120557391811745
0.012057747585967
0.0120185615248033
0.0120490608901241
0.0119950610539199
0.0120201577788324
0.0120326663008634
0.0120336556945345
0.0120454285528108
0.0119599056583503
0.0120350408145681
0.0120458973870052
0.0120644336635699
0.0120669920946955
0.0120419486036639
0.0120193787213394
0.0120451141841226
0.0120153625277726
0.0120526828237594
0.0120036492904478
0.012042865205431
0.0120265249489214
0.0120156556677672
0.0120300623069835
0.0120818928840607
0.0119893209862039
0.0120104209935565
0.0119922123717797
0.0120135937291847
0.0120563824183931
0.0119456644020498
0.0120230831880612
0.0120739023405158
0.0120007588321364
0.0120587100526256
0.0120231128559608
0.0120629420008301
0.0120072698219168
0.0120098516932067
0.0120843867956956
0.0119967189784444
0.0119922493102334
0.0120445832742064
0.0120733135267911
0.0120675065003698
0.0120398736701047
0.0120901316345425
0.0120413577108269
0.012080409735834
0.0120287282078491
0.0119607536252754
0.0120499768998042
0.012009979032941
0.0120445536392322
0.0119988485642171
0.0120358297759482
0.0120296419890799
0.0120043743061406
0.0120173363399017
0.011985472125897
0.0120115153904183
0.0119646269146319
0.0119891992692653
0.0120647498189486
0.0119681439979071
0.0120660924166292
0.0120157669819056
0.0120430711501227
0.0119752864262446
0.0120710828953603
0.0120979151757192
0.0119568464721505
0.0120199861437665
0.0120567274148175
0.0120318195702424
0.0120585793184371
0.0120333559595279
0.0120203865227032
0.0120444372681324
0.0120340251763481
0.0120294305101736
0.0120500950208871
0.0119803641808364
0.0120568539584764
0.0120273704604932
0.0120018817993278
0.0120423024930333
0.0120710238062812
0.0120144747572926
0.0120085995965668
0.0120921740443445
0.0120089195325724
0.0120034732044514
0.011993031455078
0.0119867600635243
0.01199725644313
0.0120935584460915
0.0120214180885175
0.0120356813329609
0.0120574664508464
0.0119839156024142
0.0119825392196514
0.0121120990711319
0.0120328591538222
0.0120248450214547
0.0120567280734446
0.0120252433550248
0.0120509406239557
0.0120237743687994
0.0119904075228746
0.0120465779717002
0.0120049021364754
0.0119831314005927
0.0119829096295525
0.0120190892123011
0.0120288402301216
0.0120150324432135
0.0120430375177339
0.0120684879986154
0.0120496309396757
0.01202356190446
0.0120852543696124
0.0120485645522176
0.0120573771540022
0.0120248578421996
0.0119859644722029
0.0119687751347781
0.0120107593325141
0.0120323476825854
0.0119729031862723
0.0120100541581153
0.0120375037663892
0.0120160443690222
0.0120752050897014
0.012005472590276
0.0120072062720605
0.0120639137736938
0.0120448318691596
0.0120253640740266
0.012062396802115
0.0119972990423352
0.0120565974521895
0.0119933733011648
0.0120586367189674
0.0120500373459794
0.0120216180804233
0.0120328932093968
0.0120273454620992
0.0120124221221963
0.0120461430064047
0.0120098676916198
0.012025236127826
0.0120320435793775
0.0120169916321743
0.0120743646943108
0.0120514230638442
0.012033781227538
0.0120178054398745
0.0120528852234128
0.0120379936178841
0.0120993899691602
0.0119775142205793
0.012000940774797
0.0120244960301443
0.0120795742324238
0.012016277062711
0.0120206009491439
0.0120633072413751
0.011997714768152
0.0119864908279863
0.0120879733645739
0.0120155529237919
0.0120747732172091
0.0119634075712278
0.0120027890542583
0.0120696889045244
0.0120334079904402
0.0120441430508577
0.0119846282103901
0.012013943827765
0.0119977680571356
0.0120387466944367
0.0119589433013294
0.0120222300960649
0.0120374895877184
0.0120469351480213
0.0120424241190009
0.0120261535451795
0.0120979884604326
0.012000915639066
0.0120373617837653
0.0120338851263423
0.011986854865136
0.0120527344347785
0.0120238867077441
0.0120809208845818
0.0120310104191288
0.0120083248714916
0.012037260522854
0.0119799815710566
0.0120695614651868
0.0120018687040404
0.012029464223375
0.0120720916323299
0.0120430689309515
0.0120442223409259
0.011966134194242
0.0120239763193615
0.0120667616359521
0.0119803662642344
0.0119997158846485
0.0120219420834447
0.0120531914371817
0.0120062394854817
0.0120961507093904
0.0120057260244525
0.011993610412714
0.0119560205215742
0.0120123844261135
0.0120545846357567
0.0119984692440002
0.0120380324986579
0.0121091769448153
0.0119977536540833
0.0120057628282431
0.0120249415188037
0.0120809186994694
0.0120144417851697
0.0120240482673416
0.0120515133349796
0.0120513408322627
0.0120522808998371
0.0120180625306554
0.0119869667895984
0.0120254743711226
0.0121091413349881
0.012066502947507
0.011987995025856
0.0120093760959553
0.0119599310618323
0.0121038003491571
0.0120554347861432
0.0120701263521895
0.0120424094047237
0.012047576461994
0.011989756436298
0.0120634201363893
0.01207603709717
0.0120166113183921
0.0120247456321125
0.0120427031418367
0.01201002354584
0.0120323364489985
0.0120150425483783
0.012019787268294
0.0120007806357531
0.0120011848086671
0.0120195755395344
0.0120017570575132
0.0120018473435093
0.011990715058169
0.0120136631721146
0.0119577455145258
0.0120268963532637
0.012074669468338
0.0120045244186154
0.0120160527993608
0.0119684392229488
0.0120151014567047
0.0120670780515363
0.0120371720287704
0.0120467724574865
0.0120195914445349
0.0120284668170779
0.0119848220087953
0.0120322497694311
0.0120039066340032
0.0120705723974533
0.0120183039595463
0.0119991123732613
0.0120642132255874
0.0119683167098347
0.0120260115482771
0.0120512958123735
0.0119838471123352
0.0120747199848714
0.0120483843252224
0.0119916147069988
0.0119654531023675
0.0119894684907133
0.012020417237322
0.0120231192008273
0.0120159444852485
0.0120039787818579
0.0120228820694563
0.01202194464558
0.0120018931039305
0.0120359540825079
0.0120056152523865
0.0120580864418327
0.0120327309952327
0.0120094303770375
0.0119945080634528
0.0119975889766533
0.0120296615883481
0.0119922045202644
0.0119972145356214
0.012105887529785
0.0120041896047293
0.0120507796591992
0.01196489677924
0.0120338358598485
0.0119855016812272
0.0120520329960808
0.0120025745754236
0.0119791516036725
0.0120264998175874
0.0120311505206209
0.0120013848715158
0.0119994713288976
0.0120195239978592
0.0120096728604612
0.0120122861995719
0.012041050523949
0.012001112719346
0.0120247128984262
0.0120001954302038
0.0119987627868583
0.0119840201739716
0.0119968419546639
0.0120435677371326
0.0120380686978835
0.0120168597618371
0.0120394469605142
0.0120144999926822
0.0119981245564519
0.0120649556429608
0.0120411130809055
0.0119885088955125
0.0120636471127342
0.0120114011425982
0.0120614256481906
0.0120343576323893
0.0119793627876678
0.0120145144328238
0.0120111374868702
0.0120404440196196
0.0120013788379203
0.0120617033538549
0.0120084434307663
0.011960623675917
0.0119969728019793
0.0120898240969026
0.0120279148285721
0.0120249847566027
0.0120166848217977
0.0120379316295863
0.0120248685849078
0.0120415634315908
0.0121320734012844
0.0120353018795901
0.0120811581037685
0.0120327724578994
0.0121212141260997
0.0120092529487909
0.0120720612167149
0.012041333118478
0.0120497122012909
0.0120054146868364
0.0120675914182808
0.0120187352255302
0.012075927585866
0.0119750587039782
0.012057433732337
0.0120124085005246
0.0119803334279437
0.0120429112525308
0.0120687512193428
0.0120375760245098
0.0120524593939316
0.0120873284958103
0.0120135934314454
0.0119969388243108
0.0119981241980971
0.0119928972967621
0.0120375077308235
0.0119815175442838
0.0120004040995461
0.0120576319445116
0.011971860570592
0.0120603086314911
0.012021644727765
0.0119885120999645
0.0119514708523142
0.0120335552390208
0.0120000534846153
0.0119626645590967
0.0119661915720521
0.0120278285171645
0.012013617196976
0.0120485051536305
0.0120347886559007
0.0120047896608893
0.0120103927868071
0.0119968887634132
0.0120340487510734
0.0120216516749987
0.0120367559041794
0.0120030688231663
0.0120985187506816
0.0121005383479759
0.0120044762661855
0.0119914373950544
0.0120499682214087
0.0119883984670111
0.0120705565391183
0.0120622664410799
0.0120679950565927
0.0120354946140044
0.0120495846482441
0.0119945249696966
0.0120578364186678
0.0120393418967917
0.0119950498391115
0.0119678036484873
0.0119572159096177
0.0120488164276002
0.0119954825592445
0.0120198176768734
0.0119969584787506
0.0120763611348044
0.0120778839514109
0.0120038837170937
0.0120379146646976
0.0120272244811511
0.012064609107941
0.012044667642935
0.012052022712138
0.0119685221898395
0.0120636981104874
0.0119749219913568
0.0120309145965206
0.0120405117549441
0.0120362083871705
0.01204711743228
0.0120524890739082
0.0119912895502781
0.0120216340724844
0.0120564289283211
0.0120508915424134
0.0120154241258748
0.0120056261105838
0.0120158617255349
0.0120382010414246
0.0120149704340629
0.0120836710971251
0.0120272407571206
0.0120533035974283
0.0120114168646581
0.0119946264462422
0.0120521009457881
0.0120136742681333
0.011966915022623
0.0120097318902318
0.0120077615324458
0.0120302053082169
0.01203673361722
0.0120027050325717
0.0119600213305437
0.0120123789531597
0.0120189874468736
0.0119796073850495
0.0119863542860916
0.0119961813964783
0.0119961932039071
0.0120656797408295
0.0120340953212179
0.0120402023729648
0.0119806331694284
0.0120612931661863
0.0120339931585482
0.0119566377923098
0.0119894910877496
0.0120836392073414
0.0119960566981865
0.0120489840670301
0.0119968462268092
0.0119949569778103
0.011994640697439
0.0119699555614694
0.0120223638574969
0.0119729545569939
0.0119823671604434
0.0120146887681372
0.0119553744750654
0.0120009543568544
0.0119603641761035
0.012039449677213
0.0120472974888307
0.0120791863234188
0.0120113842955647
0.0119931225533501
0.012027311141076
0.0120836568059193
0.0120007804875405
0.0120129887756871
0.0119682222939894
0.0120327243879356
0.0120413623514659
0.0120478088076445
0.012086831267895
0.0120546623553759
0.0119471504366431
0.0120413197487205
0.0120927269742131
0.0120845331833835
0.0119668526112826
