4.2279779635997355e-6
5.215334434600927e-6
7.826625288500505e-6
1.80981611900069e-6
5.884617732300479e-6
5.939514606400839e-6
8.19105334019972e-6
3.916322330000874e-6
-9.461300261998096e-7
8.990086673699854e-6
1.0216063940899842e-5
5.2935902411996305e-6
7.352175878000064e-6
-1.6779535436991372e-6
3.5437752231998187e-6
7.1534747786011765e-6
5.645898371599636e-6
-2.101578002700402e-6
7.861278364499485e-6
1.1487369721599819e-5
2.471667131400887e-6
5.730058004600053e-6
6.214226674300036e-6
3.9260893860103285e-7
3.7400834375991843e-6
6.731286935899791e-6
7.086282494999513e-6
4.534316967699098e-6
4.705430290199986e-6
2.9484647114993295e-6
7.874058793200939e-6
5.972861372301533e-6
5.900616030004441e-7
5.179019756201136e-6
7.916502377200776e-6
1.2932785618801138e-5
5.157174466998565e-6
1.4815494771003301e-6
5.8111996877000666e-6
4.571892112500281e-6
1.0773219061399608e-5
2.842681528799837e-6
9.410876589399653e-6
1.855566079400628e-6
6.601589144901443e-6
8.760924135901502e-6
1.52251146317995e-5
7.2029988772009945e-6
7.359909564200184e-6
1.0962291769400084e-5
7.855456579100237e-6
-1.98010960059114e-9
4.356607929799014e-6
1.3268635714399832e-5
4.317294746598865e-6
8.23718344190004e-6
3.138482606900375e-6
5.767791183500931e-6
6.239541842300092e-6
1.3927317925998411e-6
2.827903221600328e-6
1.5943071093003913e-6
8.190048366598854e-6
-6.013722534699631e-6
1.4689109650899493e-5
6.066064507899774e-6
8.393210930499398e-6
-1.790711089900282e-6
9.82650460210066e-6
1.085109495359976e-5
6.131584433299864e-6
3.926082473000234e-6
