0.0006239673457804976
0.0008304535004638978
0.0004922926375769965
0.0007089017838773984
0.0008828573349876009
0.000628488545730499
0.0007413243392489985
0.0006064113116327
0.0005667855002595978
0.000824013757787196
0.0006987915419957025
0.0007254421023216995
0.0005269429425658959
0.0006613738398848004
0.0008149468946602977
0.0007597604424885024
0.0006716296808055994
0.0007432332916611981
0.0006329886450714001
0.0006448381815463977
0.0007940465710391947
0.000699211410223298
0.0008414961094332998
0.0006206553808422999
0.0007709851740737989
0.0008272191760189986
0.0007145275866230968
0.0006580014841148993
0.0008093264055414953
0.0006917788142117992
0.0006162225032328023
0.000712331923732698
0.0004401118513649993
0.000794898361669398
0.0006433987750560019
0.0006013065882435956
0.0007337061556954017
0.000720136776201398
0.0007693034212113009
0.0007700890743276984
0.0007309279061333968
0.0005264155102829016
0.0007705193800012985
0.0006407696232179003
0.000530205624321399
0.0007971614312292027
0.0006232266785358986
0.000700030121215299
0.000807436201900897
0.0006581007562578012
0.0007234297353429023
0.0008524946580054996
0.0008895926504556007
0.0007924111300066997
0.0005768930521451998
0.0005654392869548011
0.0007910517658274996
0.0006469708891767012
0.0006852965841098041
0.0008030254216810986
0.0009000582287428983
0.0006918297523776998
0.0005585313449262969
0.0005190509049133041
0.0008155857738912989
0.0005694151147833046
0.0007808742302905999
0.0008129685097291971
0.0006525205965383016
0.0007235877312658998
0.0006428512141249051
0.0008178471863413
0.0005672347379083037
0.0007954663231559966
0.0006669588072888005
0.0006955912161928021
0.0006643954993511003
0.0006845327793616948
0.0008340070420996964
0.0006982477524093977
0.0005303341938890024
0.0005144286165465958
0.0008280889728059029
0.0006660530561907047
0.0007947980468725989
0.00048459097030389975
0.0007114775985874039
0.0008339017683792992
0.0006819801996790983
0.0007944080639775003
0.0006610997859051032
0.0008320242824238003
0.0008185348904843973
0.0006119679210424
0.0005108339257263034
0.0007240251507900017
0.0008318293644871966
0.0005094437835356999
0.0006580625351098948
0.0007011481035556003
0.0008123687422554038
0.0008435834736799964
0.0007929293677264998
0.0006695647825122955
0.0006264089124751945
0.0006533979031363019
0.0006542230255090001
0.0008174816405425028
0.0006755069405917982
0.0004235911427910022
0.000608038690356999
0.0008020520102991965
0.0007943517142453976
0.0004061410903338017
0.0006576980771490978
0.0006399351482696963
0.0008298235588860975
0.0006305810602393047
0.0007391390086818952
0.0008328042447461985
