0.010171664442369398
0.008577965996482601
0.0095882115566874
0.007913053692705896
0.010046747110171204
0.010092150377555696
0.006576175096421499
0.009747661823234801
0.007981488870738303
0.009679163907996797
0.010052254451825102
0.0087345734407577
0.009009476750632801
0.009067496394870998
0.006538026668730101
0.009606677652579401
0.0077494371517596965
0.007198630555394502
0.007537569886396901
0.0115388648439185
0.008587880462224202
0.008339607536487496
0.011750810941999399
0.012205108275291802
0.009181647723662398
0.008611414985216198
0.0093959468860632
0.007174750746468901
0.0084363588598429
0.009090854297365496
0.0087205603311616
0.00896555261705
0.0093940319044074
0.0087245244454765
0.009492374522930402
0.007428865630801099
0.008959663278078098
0.010406218449710302
0.008631053996406197
0.009003306674726205
0.008317066697811099
0.005661328888512101
0.009067598986484099
0.011152952929708103
0.008639081008513402
0.008563691241929402
0.006497479592100997
0.009307178923130602
0.0093065330868723
0.006887124646357202
0.009944382421744297
0.005810607094441901
0.009943248871687498
0.011404845859631804
0.009876314042706499
0.009302461116076598
0.0089569664972634
0.007667754600343198
0.009938423437154897
0.0079008234493873
0.009614670680427602
0.007019127931907204
0.009095267806255702
0.0109724508359276
0.0066567644188756
0.008380766850856203
0.007062556698822501
0.009310846378860302
0.010427038426820797
0.0068241717523191
0.009045641884506597
0.008005182202859097
0.006731501093027802
0.008556521601884904
0.008263375929607502
0.010512930426756599
0.007792706733570597
0.0090288467410291
0.010857997522376702
0.008371258543508696
0.0081041613180413
0.009201293940981799
0.008958140026895298
0.007435081550319904
0.0099485345415464
0.0103974301987576
0.0080700437235788
0.0093024151199054
0.0092369112123192
0.008809360799935398
0.010268504481805298
0.007974782828186998
0.007973664101499998
0.006556950035140598
0.008123230542747304
0.008107386806041499
0.007205872710786099
0.009343532499202698
0.008188679270531702
0.012043668386839297
0.008367949909048298
0.0090597157217586
0.008829890020124898
0.008946643678963504
0.010633163222913501
0.0105147326947416
0.0082710242714347
0.008773621731125298
0.0096507099378659
0.008871248761513597
0.008641772910537499
0.011858600783125398
0.010138922751331401
0.010242717975522102
0.009325984722946698
0.008552500906380503
0.0096627411046683
0.008222408028376604
0.007724423766490497
0.005668220950045898
0.009854898745584303
0.008159477090677502
0.012298673389710801
0.0068351823327969
0.009671150239584599
0.009367923368423504
0.009582810605506899
0.0072238200330856026
0.0091089989292371
0.008880973482740404
0.009100574024181903
0.0088324547292328
0.009012183742027401
0.010298591576886496
0.007580802217120097
0.009136459421798502
0.008250296687830404
0.008881013250412701
0.0064671560943004025
0.009999473920221501
0.008192044720112597
0.009049230889981597
0.008781389038135402
0.0089219566823063
0.009926568034490404
0.0091692757111081
0.008714024287757301
0.008977778105930902
0.0095953108205914
0.007466290309219598
0.008988057898340101
0.006076226806160399
0.010553301408024601
0.008118352263021301
0.009521073937314602
0.0087149206825506
0.008745664794044702
0.010937383167593299
0.0095403423149584
0.009902362383445197
0.009866030223367298
0.007810047198089001
0.0103227314384369
0.011065552141063303
0.0108935568297511
0.0082308304156616
0.010050809018017401
0.010536977550016802
0.009401749944845501
0.008586338676819402
0.0100655497310835
0.010382107715408501
0.007335759352524104
0.0068896024525336025
0.010068770294319497
0.007393423244946799
0.009377139776212597
0.009154104826142505
0.007120559080780301
0.010970359431142804
0.008735615111638301
0.0109038056181077
0.011189099900163
0.0107345759553156
0.0092316871586678
0.008732134334177803
0.007761794044765204
0.006130789659530397
0.0086815297713423
0.007565337958567897
0.008479426716823002
0.010084894047575201
0.009885351720832401
0.008580245576956098
0.009838803650524603
0.007721876846873199
0.008294331565996602
0.0088399642519672
0.008133460703862703
0.009292263507865703
0.009539934587856
0.009661378289315098
0.009909582173775203
0.0076496408548014025
0.009197483848749202
0.0088488556832582
0.010463233550573697
0.007732927536768797
0.007516997866692302
0.007814364315804304
0.0076842915052303985
0.008636260319841
0.0086128992118002
0.008796884875574604
0.010218005477483801
0.010214103958506998
0.008521914009023399
0.0096487138553879
0.008225419034468197
0.005243883187879498
0.007644714027536199
0.0096246856187134
0.010015907304786801
0.006062517014871902
0.009798396926219501
0.009006818651001
0.008854726613510298
0.0086857922177319
0.010193582689538697
0.008014434543182396
0.009057308055473702
0.010085303816324998
0.008462275487983
0.008389387926281903
0.007275484810532997
0.0054468498085651
0.009036835298271002
0.009163725192325702
0.010735737937978902
0.0071054207523947
0.0087277393599423
0.0095074136635051
0.006541532330315902
0.008344370480259898
0.0070613417365561
0.008062982223740401
0.009853347461434597
0.007087266210240303
0.007464394510744099
0.010575881721898703
0.008457372048132301
0.006154043840261799
0.0084602240543372
0.008665506917604399
0.009549596616906002
0.008303485731172799
0.0083428350621144
0.009710457188880698
0.0061623779680617975
0.0081891157755818
0.009799123973410099
0.0059017075324485045
0.0102500303353147
0.0075696591638459015
0.011036687151734201
0.008261027711168097
0.010197349786401102
0.007565149370495197
0.009291710535626
0.008472131403065901
0.009660851831186801
0.009449000969913902
0.0092598827475231
0.006649713031300002
0.008734796013819698
0.009110565997364501
0.0100355612388415
0.0109622602986136
0.006768544266869802
0.0090209631997486
0.011194162025234298
0.007870754959818902
0.0091548851058578
0.009463791642886497
0.010491453412069897
0.007946084507427804
0.0081078086329824
0.0093121938346039
0.008929351681002999
0.008149054939949805
0.008057035388276904
0.008728250804109296
0.0085379824055174
0.010135249851220898
0.010347746309172502
0.009137817243447897
0.0067090679709645995
0.010151226299831399
0.010727128281326104
0.009734405806899004
0.007709624979236301
0.010061693154665197
0.0085225064073997
0.006503943993111102
0.0097740311759844
0.008416682352925198
0.006498975896674697
0.008921131342422298
0.007912225332718001
0.009815081256471004
0.008533180140049702
0.011219544689576297
0.009029091662306601
0.0098890356722687
0.011225476079746898
0.010293785081948701
0.007634456517902597
0.008173107048135602
0.0071678203919135035
0.008758045689970198
0.010547453704349504
0.010863795219909596
0.009975303774626302
0.008750467503019901
0.0094739596800172
0.008706452606594101
0.009071652789462203
0.008411145557144898
0.0096770801971919
0.012386435567051303
0.006666019710546301
0.010445284990790199
0.011492074912187799
0.011410560469897902
0.010394060642827902
0.009171116693178803
0.005992085812253696
0.0099940235390285
0.009040708357621201
0.010113938994810803
0.007685080134125402
0.0117061687062303
0.009323850462198
0.008935147180082502
0.009530231227855398
0.007431582680836098
0.008358329222050799
0.008072100202268898
0.008308779898706199
0.011249501363357697
0.0092896473206273
0.0087718181749054
0.008556265596790198
0.009833503965039295
0.008240005524155297
0.008811579484606903
0.008183075990768403
0.008351393044431398
0.006934190335011199
0.0091888543102157
0.010693818553573299
0.010555776276979102
0.009373438502629498
0.007931071970458697
0.0092209959686524
0.009687343726734198
0.0078833778939814
0.005476038991503701
0.007841639260782404
0.010516776642454102
0.012095238858830702
0.008536754837064401
0.011509626583062402
0.010495093559119002
0.008141940593615699
0.008879440142046502
0.011329372628638198
0.010608617802193097
0.006001951789671198
0.008882779631502802
0.010366771814610203
0.0097418161608476
0.009315331107253102
0.009500675182262698
0.011684243905898204
0.009460117602468301
0.0098048704572898
0.009611776202456897
0.0096213738313351
0.0080942297354435
0.007353363635396199
0.008334547181374701
0.006689778125172897
0.008895409531072002
0.008749531522101603
0.0081506281764916
0.0098935459492996
0.0081294087909741
0.006242166330738999
0.0097400307632035
0.0089806805460413
0.0079860214391374
0.008538150090277804
0.0093823215957782
0.007517464679512999
0.006825362754911402
0.009990159569409601
0.011726971590744796
0.006778332131373497
0.010688987777007598
0.008460818636395102
0.009811113849120298
0.009577136357865102
0.009947120641311404
0.010110121591735601
0.0078315793819092
0.009033284003390797
0.008247699055710603
0.0105038551771512
0.008470016016622596
0.008469498532579701
0.0084594643168464
0.0077257365269170035
0.008494380690331302
0.0093489632803836
0.0114617740362246
0.009973795492846202
0.0097136243588237
0.008608787505670897
0.008588716588560499
0.007420735995933101
0.009145457098140203
0.011738877068533597
0.008534981965157697
0.008499839483323501
0.006912457051568597
0.006714188648666498
0.010402738280786802
0.008378299574047902
0.010436503582423196
0.008096044153764297
0.010285528048740198
0.008277600996104802
0.008817386967691698
0.009923374195164002
0.009387017406788298
0.009192795847673699
0.007781692251782497
0.009651042566487099
0.007757700050826599
0.0096348495044613
0.010367259379622799
0.008236813873326396
0.008698658414125395
0.008913138004377097
0.0093525820898171
0.008415375637637702
0.007356692683231799
0.010649143619736502
0.010201429890701899
0.008852297913478899
0.0080866430178929
0.010872319188698597
0.009431454357546599
0.009662396830294302
0.008839926815776902
0.0110153783460227
0.0108437796892577
0.009629246274457198
0.010054243620901598
0.0101831012369284
0.010215055363599602
0.011704618407094795
0.0072021735439033036
0.008666951998602197
0.0093742834167789
0.010097331734991302
0.0096850086415598
0.008099758968781796
0.009521482170356001
0.007844790049939404
0.007973286188341196
0.007918748030739598
0.008630641413343996
0.0114165491819971
0.008479714818384696
0.008574241730684
0.007845301018223099
0.008970734161537198
0.008306539621373399
0.008453472014848196
0.009344639692822999
0.007489930686251499
0.009129626924860499
0.0096841306546014
0.011490187297592401
0.0078998367317244
0.008358100293626897
0.006684292499539498
0.008082973093903004
0.007132582883509198
0.010495424060811397
0.0090953411596238
0.009307796756792698
0.008801682425847602
0.010445718591017998
0.0099158491104357
0.007830029626194997
0.009489673000338802
0.007986796373098598
0.0110816164472528
0.005968541305099197
0.009248652437871204
0.010695685535784101
0.0078043237212843015
0.009788793514745799
0.008485472510299203
0.007611347814897296
0.0109246814013048
0.011360473973678897
0.0089402853800904
0.0093653008067156
0.0082785123704322
0.009154935657825398
0.0065769343696233
0.0077035536001561
0.006510036704976897
0.010326621397189095
0.008951111769825298
0.0102198506434409
0.006283071313141399
0.006321236876953098
0.0091937851713737
0.009851245858591703
0.0117400673172809
0.008264998235386904
0.008857088666284402
0.011453969977259698
0.007722458757259201
0.009739028037730295
0.0081716162837875
0.011342098981461896
0.012256970295771902
0.009539035842651998
0.007807778058044099
0.008028501371297701
0.010648585248192503
0.0085865583057953
0.0075186889583922015
0.0116252515398882
0.008573573954708098
0.009646524566061698
0.008223139514228699
0.0072098171069272
0.0096539335470468
0.008353957911221597
0.009691250299048704
0.009112249109460503
0.010178950165932201
0.0094359414665974
0.008876078408255099
0.010027185515543203
0.007528419482141297
0.0090300211996726
0.0091010162132182
0.009712896411826301
0.009162106934202004
0.007488640098429599
0.008210053489727299
0.010370419427488797
0.008062758735330102
0.0114503437979067
0.008462635023958602
0.007722207998198897
0.008335084558648103
0.010141137350896199
0.008359861033532503
0.008239787880995098
0.008075875564682502
0.0095692299548863
0.006519587479669204
0.008107601273825003
0.007714961655734803
0.009728224079102902
0.008539455256050602
0.008264338447128199
0.008847405465056801
0.0080577528866611
0.0093457494913743
0.009047577783188501
0.009518499446505103
0.011154233645259002
0.012190990869627896
0.008628622660458298
0.009467889818381696
0.0088337486459046
0.010337196282793802
0.0076609068173446974
0.008830548352875198
0.010775841440755302
0.006197319664365802
0.0090074892745262
0.008319225188914203
0.008893146224503396
0.0107176117954168
0.009479463165198699
0.0101256746830947
0.007617606493810897
0.008723831562966296
0.008857061561707302
0.009106879072032403
0.009541074378723199
0.011863671356843703
0.009934794670059602
0.009952675274954297
0.009083770954302798
0.0109773287580631
0.009447214442101604
0.009029469029002698
0.010587016501216698
0.009531342027251099
0.0086383359261771
0.0091819182250035
0.011570036606399998
0.007608534699501398
0.008538624265832
0.007372849197208903
0.008477504771710002
0.0104496869468922
0.010354463581058803
0.0078900413587847
0.0117928458100524
0.007650284791092702
0.009309155425418898
0.009473189670425004
0.008794096261557097
0.007681654012244701
0.007405042650314098
0.008824395941285597
0.009186040160444997
0.009973475983691298
0.0076681410126295015
0.011243136837586598
0.0089445748922134
0.009034669092098803
0.010097424772930203
0.0097864924794605
0.006808984320539203
0.0066246648205345
0.007321073087366799
0.005921201858224697
0.009125742955037097
0.008860791573240701
0.008084205004793503
0.007286451241590698
0.009000599885796299
0.007438756005480298
0.0102086060884574
0.006802806130548001
0.0097506909140696
0.008330745716777
0.009822012092972201
0.009467866140385996
0.0093787431668358
0.010567408192873103
0.0086470807676566
0.009708854987058101
0.010598886002321898
0.0073717179490988965
0.010910340894650403
0.008148010321931999
0.009441227930930204
0.008745666738650598
0.009213461941156999
0.008810573587272899
0.009128120495718303
0.009477578237671199
0.0095009952292574
0.009526225720517999
0.008086560124271197
0.008670132988281398
0.0081374011938629
0.008404306819179901
0.008833569661634
0.009494099981671097
0.0073904062452047024
0.0087020610823135
0.012253900826563004
0.008663427046417902
0.008145517617547903
0.0100166905261105
0.009174302443793799
0.0096331269790394
0.0055737292599002015
0.010819279437174197
0.009724832579849702
0.007427496958377498
0.0091078042836422
0.008574867636956696
0.008255469560198295
0.008177571680422002
0.008348790976401302
0.010927627685158002
0.007626764873805002
0.006099582817625897
0.010163766931751698
0.009943235357196503
0.0084260207360112
0.008460351548278
0.0096005345761595
0.009312274368828498
0.009146438678534399
0.0111571945780117
0.008023563029092198
0.008946211193002901
0.009524148448838598
0.009982131605716902
0.007702261812962696
0.0122943213069653
0.0104014111265746
0.008039414257380098
0.008375058605316097
0.008841982465140001
0.0084462467986714
0.007447065888715503
0.007857778455599897
0.008699909101234304
0.008530923368248698
0.009847553594510998
0.009064523537490796
0.009042782000013502
0.008297541977028304
0.008604315457930098
0.007828279035370898
0.0114151093430307
0.007521513279562599
0.008848987856812998
0.010391330611405895
0.008180238610193
0.006403851161544901
0.0098933197752419
0.007624577746680596
0.006349072433714301
0.008549374661035898
0.009082230484451202
0.007300679779237998
0.008470815992684098
0.0097368497575019
0.0095710318560563
0.0114888165398618
0.008002337652159602
0.009282888024838
0.010458882880383203
0.007571159054683103
0.009797022813762098
0.010300985056183102
0.006455574718853996
0.0061939571398326
0.008841953294580998
0.0105787034282489
0.010605804224536497
0.0095293248505884
0.008536069227964897
0.0079392000628891
0.008849984890124497
0.009358290658072203
0.0073329802263452995
0.010580478126101703
0.0105564437154042
0.010732547138478099
0.010049131808297699
0.010711667229327603
0.007915397497330598
0.007608315175071097
0.0089967417426963
0.0077524689521120994
0.008909149235954799
0.009068324559471898
0.010686069358634396
0.007574969584255402
0.007963134943158097
0.010947837011948902
0.0091262052843669
0.008988470459987196
0.008810628264273
0.009230039108955802
0.012661380184260298
0.007359390775364096
0.0109136551451454
0.011521321565254098
0.007808688847894495
0.010739648716238899
0.006436092110498101
0.008743341898999703
0.0110005094452592
0.0093131031375659
0.008584496171879803
0.008924644851418698
0.007734018205125901
0.011153228472959902
0.008882323847846704
0.011344156944959601
0.011225415516837103
0.0064562093324189995
0.009593302400028803
0.0089276065959174
0.012276096880031204
0.0077221011030335004
0.006000161549174099
0.0104149117379594
0.0087821303597409
0.009167401884471998
0.010789926706600103
0.007042056954339501
0.008832432344988803
0.0096003021790626
0.0080890625139141
0.009829959485771998
0.007757619160037796
0.009959305499870699
0.006981959844168099
0.006591950578800604
0.0075453103123563035
0.009933447815349696
0.006914122859485002
0.008330219038648303
0.009036057932722903
0.008643536979532698
0.0094145859049088
0.0087702313190779
0.009846473789373197
0.008152139339093104
0.0110285856257528
0.008551321407151005
0.0067220315285133996
0.009317572099914802
0.010132725094864497
0.009825763833342601
0.008257572961488303
0.009365455763116
0.011486925390139898
0.0122460998700183
0.008288577114613196
0.009925361207399001
0.009500469054541598
0.007349985877912999
0.010194452912084498
0.006937126452281197
0.008482376321430004
0.0080065114940585
0.008734044196469698
0.008264107659423103
0.007348617041423897
0.008886803283438903
0.0086995016752422
0.010758631282897103
0.0091831901435789
0.007664164719588001
0.008977701024941498
0.0105217857201686
0.008029266943710502
0.009624552370435399
0.0074197979178709
0.010137594273753003
0.007661371180103398
0.007144659895316603
0.010132957745885504
0.0084773433095264
0.0112488264910756
0.009551514223399497
0.011161655090467102
0.007668986749308
0.007476436750657699
0.011929946386967899
0.009220066883975201
0.009213590058420498
0.010432772735280198
0.0090575490361148
0.009851864857902397
0.006695494984750496
0.0089579058868481
0.008316829371114502
0.0079693022809653
0.0097116264882534
0.008861654266452
0.006530458477401496
0.009669080203407898
0.0088484628330734
0.008468924650970298
0.0064890255887615975
0.009844376898281597
0.0089448624621981
0.007287842042658501
0.008641667246893997
0.0091998692795081
0.0116390796008225
0.008275629357493097
0.011944208953083197
0.010337119346683903
0.010627824408393001
0.008163317140078199
0.008169367319155699
0.007948804935582601
0.009507180444293103
0.009569410999136996
0.006944433215100104
0.010364239324168998
0.009096146991074
0.010185595474798796
0.0082402673064575
0.0110377310308034
0.010838664098528804
0.0126078855588772
0.008983921481455402
0.0100857157499596
0.010163526897581699
0.007647153351917901
0.009995072439562904
0.010348947300514097
0.0095044916207421
0.009061380211373801
0.011534188305588899
0.010236159299783897
0.0073932346119845
0.010213153196898198
0.009514297405724799
0.010423785247537898
0.005956676381075401
0.007936803180562897
0.00864747231758
0.009055309988324899
0.009879028250633998
0.011083141617064602
0.010063992165943402
0.007843865289154903
0.008959897068881301
0.008650629358128797
0.005403496944732498
0.0079651521942284
0.0076496741011872
0.0092630805776504
0.009058285983401998
0.009456574557105
0.009869061097921898
0.007667394093348597
0.009480615589529402
0.009583037565166798
0.010113605393684798
0.0114019284512205
0.0072998835042974025
0.007959588079974298
0.008490754778984404
0.011375005394543704
0.007469186528882801
0.009795618131863103
0.006747466110032799
0.008660311506737704
0.0074578352884718015
0.0100820231688281
0.010891045605577302
0.008449640306419103
0.008546435661752696
0.0086360154947894
0.008972102513545098
0.009181702162691902
0.009894628999564399
0.009639693251549897
0.008123564274351697
0.006139210277882799
0.008803957120325903
0.008654804105582198
0.011306748095805202
0.007856422749750798
0.00833830589012
0.011210785413807798
0.010757901691943104
0.008862173821967804
0.010389631878291599
0.007508607612400901
0.009819847307783097
0.009071570799051503
0.0087604752969083
0.008161039311557497
0.009587171753253802
0.007906274230598902
0.006224997846017502
0.011226502035123202
0.007297106581074398
0.008821509097054599
0.0075326012930471975
0.012015926251469099
0.010623010246972802
0.0096258370036718
0.008062882606821302
0.007750496880997902
0.009304677531420797
0.005880217045174597
0.008811717919708601
0.008844411840062398
0.008654885068718702
0.011608159229712402
0.011976740981333202
0.006446721879369802
0.009046022240092499
0.0083282883005107
0.009503400799677597
0.008279369595632798
0.00574561771702
0.0096194095629951
0.008939939606461698
0.006392839146925299
0.008170435311743298
0.0106960311769854
0.010643326550760897
0.007621744414242102
0.008600320629500297
0.008732474134039596
0.009735618413142601
0.009565352424225203
0.008554684880183402
0.008464954741158
0.008847051259115401
0.0072521227568532985
0.010162347933278002
0.007673276411473098
0.008965469776520404
0.007785345159364798
0.0111956403036375
0.007258714928639699
0.008738186429558002
0.008423393757618504
0.008528373777388198
0.0074236343506377984
0.0087451401854639
0.007737455893733498
0.008397276602374298
0.0108429406586758
0.007913927871888403
0.008017379328083898
0.009137957308394798
0.009812395497433502
0.0108317939948455
0.0056741878927763015
0.007545849609601703
0.009611962163121997
0.009348976230860801
0.009476420873180399
0.0093674875496348
0.0094584532726899
0.008672487230861899
0.009719740100783598
0.010842820845006203
0.0085043500355798
0.006766948087910698
0.008743173509580704
0.008138451543860496
0.0113571661765977
0.009405203206984
0.008589388463431297
0.007212408818571797
0.009398726692618296
0.010546039370858698
0.010076945079891996
0.006145121403040198
0.0088276510133929
0.0079513771939295
0.008738253519456105
0.0089776934100172
0.009923672279123899
0.009308125267781495
0.0076229759084094
0.008264876398990501
0.009910323180643901
0.0108755970518374
0.009148971630859301
0.008934878176508999
0.008980707212352501
0.011636094035565998
0.008294766715044397
0.008249330974533297
0.0082882146297059
0.009165138313230299
0.0086689698916959
0.012098146672778101
0.008973802923189403
0.008586961640090499
0.0106669876191067
0.009570417289575302
0.009897332021978601
0.0106786962497722
0.008604143533179703
0.0068093493642714005
0.0093603147735567
0.009630794049967896
0.007948397435883898
0.008012562639110102
0.008160913593967898
0.009117659674447304
0.0060645336295019996
0.009308277941325802
0.009935403576366596
0.007674314674616697
0.012402662735355799
0.007366953227939302
0.0108580332275563
0.0082500005272825
0.007288444151518098
0.0090866339661985
0.011731053250508102
0.008762334932957902
0.009536048164366304
0.008184162060004302
0.0090042418926756
0.007729736084554701
0.0091784208964306
0.008095113056666398
0.0077435738253302
0.009386297746900703
0.009228874074762302
0.007669806608760297
0.009034019415035
0.008611506614976498
0.0099115778033891
0.008832438536188796
0.0102650527185007
0.005516023799400804
0.0089620733998214
0.010106031993672104
0.006741942504512596
0.0089524549395054
0.008441694198302003
0.009589162023202803
0.0055990662769442
0.010200617222164001
0.009799467508266397
0.010247278872857299
0.0071072092631232035
0.008391549390271001
0.007973542682146197
0.007874289118702003
0.0075889067282243
0.009667225565598802
0.009112969334526804
0.009466383314454197
0.009609950610262801
0.010723329147914101
0.008339768282207598
0.009651705936918501
0.008076172089739202
0.007975910863629004
0.009513797033159702
0.011583469322431404
0.0074428701353637
0.0095120104434342
0.0111754797506552
0.010703380257133
0.011991202120450201
0.007471866027430201
0.009808486263278498
0.009239673125119103
0.008188085292656702
0.007909339910451098
0.0070322241998983966
0.006425765274773301
0.009113834871247603
0.0088421239653084
0.010793381958151098
0.009133674424877902
0.011421761251440201
0.009789236031095203
0.010002327025033599
0.008339136099808499
0.0090538560196613
0.0080359166247554
0.009158329816632296
0.008832528961920601
0.009302709359027096
0.0087366890094236
0.006694778455740302
0.008027601907412803
0.007966344547080197
0.012181543166613
0.0095104686186617
0.007272383609058301
0.008807625508335502
0.0096469262896283
0.010223917908791898
0.011098123344253197
0.011161389961798603
0.010567764672714502
0.008860837241119999
0.009908595311619701
0.007064968914205497
0.006717934108853501
0.0094627198104205
0.012013968581181197
0.008876423040575603
0.010644452725182395
0.009028663309738803
0.0085271859129223
0.008210365202484797
0.011377146258686903
0.011013246713409398
0.009028670911316802
0.0088707042308687
0.010732817131966495
0.011545130898636999
0.0080645396301024
0.008582536198368698
0.0070553854179701975
0.008741056316420796
0.008700549865243996
0.009170467437646202
0.0073727134710839005
0.008343647648824202
0.009907539399670002
0.009400589371262199
0.008646296295851102
0.0105612910084983
0.0082800667766415
0.011193791156607603
0.009771827539602602
0.007628947398853801
0.009731216677250697
0.008224399968427398
0.009443750684240998
0.0093502833951895
0.008357392575908899
0.008079834266191698
0.010745928922393903
0.008727692630366699
0.008854399839517496
0.009786226421975203
0.008948408343370198
0.0095222052366873
0.0087651693925501
0.011293520301703
0.011974702379817098
0.0080767020730538
0.0079888787799333
0.007955060438424099
0.008219228847255403
0.009821841068683203
0.012013758862920498
0.006910368893567498
0.0097521453294475
0.010359241698422901
0.0096644626668194
0.009800340024830902
0.0090668675389836
0.0092277934267057
0.0100760345029326
0.010100700799880801
0.006992098226376996
0.009534799905773599
0.009223036539256702
0.0083038036866615
0.011109258778650304
0.0112415285287637
0.008555237635037103
0.008338679263018099
0.011139159578926
0.007716083079233604
0.008875090533609596
0.007569200637945198
0.0104370384925279
0.009704618078330701
0.008256361429962299
0.008235758352061404
0.010147415473672101
0.007488570877661603
0.005643342150179503
0.009596696233587304
0.010301969014749703
0.0070591952788131955
0.010068971073862301
0.007758392183497699
0.008783524484117098
0.006785714911549102
0.012797910329715102
0.006861602942398997
0.012168365244045999
0.008227701123175599
0.011777687747160696
0.009907769089644
0.009504862452357297
0.009132385691760999
0.008184171080435999
0.0092790700664095
0.010941339574775898
0.006799778106029903
0.008325629581416999
0.0092912991859689
0.010307413307800602
0.009177647868963
0.008052791591691505
0.009289676980837103
0.009814347329594499
0.009380890350215002
0.009046561155461704
0.008006598696492197
0.008714014892470898
0.007718388766937503
0.008376353537466501
0.0080848845836539
0.008333178362654896
0.010312872087447598
0.009295851652616097
0.008852411306876602
0.0063399790861817
0.0092319562216794
0.007581273381777304
0.012181744553441398
0.009830416186158701
0.005820936592215397
0.0108278385377602
0.0055662383401592005
0.0070354186819
0.007548856024023897
0.010798490002565896
0.010375029877176901
0.0089803549625222
0.006889926933957
0.010652515543739697
0.009386245787161303
0.0094142005747684
0.009626541644472603
0.007163460591191304
0.009419366575820397
0.008475525639845098
0.007435178498485996
0.009112446893963698
0.0085151949386165
0.0086435545911559
0.007312120493921003
0.008163359394968404
0.011615637538386802
0.008660696662586002
0.0060727580349971
0.0094342759741241
0.0092799451443553
0.010833851579162699
0.010565116738008199
0.008639721049614496
0.0086905373559042
0.009672355986940499
0.007774750291179799
0.008956496610352804
0.008738175521607997
0.007378267235582499
0.0090399462004787
0.010833270574908002
0.0086205844090168
0.008770881011015901
0.009039650555640297
0.010561844443276798
0.009073753664308203
0.008816158556876001
0.0093258795345811
0.006674826336317399
0.0086447216305243
0.010034968527007901
0.008369308363917898
0.006089327104070296
0.007654425269795803
0.0082241390228197
0.008022356563312499
0.008156876312954604
0.009028828697886397
0.009209272754378096
0.008880758352289197
0.009832577162589902
0.007466041715006703
0.008952825592004703
0.008559787117522002
0.011525858038671302
0.011095715199185202
0.009909875312255099
0.0077881350460237
0.0090909275018413
0.009954774806068399
0.009549761177568596
0.0084786690535676
0.0094728481069184
0.008898009083918502
0.007925738956923303
0.007475018843761498
0.008671463930231698
0.009634949974755495
0.008086169864277796
0.007475413876726497
0.009196009638814198
0.007935132709091502
0.010668729053403998
0.0086931119816962
0.008785273984595197
0.010516198836407604
0.0069782802917892975
0.0105111017772558
0.008804276692411902
0.0086476389053017
0.006439312264386203
0.007639229781407603
0.009365037348918501
0.006746953062460002
0.011546382080648697
0.009898047356600301
0.0084061355562935
0.008780386439557503
0.009960215439765698
0.006299968901001301
0.008493347923439698
0.0087489261378716
0.009940256408172903
0.012609082885594602
0.009457284097119604
0.007189810602953699
0.010528621194506097
0.007709765137338998
0.008961962376241698
0.0094158046463166
0.0107941573336971
0.009003892651934797
0.007387279847589499
0.011741725885996902
0.008450560306958899
0.006860474102751101
0.0099842345280205
0.0063605422613132005
0.008369971395489801
0.008749654712755798
0.0090576151809466
0.010325950718764802
0.006505509786008303
0.008791306564929598
0.007552166009356001
0.009020968988132098
0.0073959448187518005
0.0095050474368919
0.008310039589431696
0.006957029389118498
0.0089434686996878
0.011689106530577597
0.0077625021780999
0.010599695285675299
0.006426305540120698
0.009830245729422902
0.0104144915873862
0.009266468793116198
0.009850336134232102
0.009426264719599002
0.012450806873948901
0.0091038102178938
0.007999766616209904
0.010826571803820701
0.008604557545103104
0.011003853007323997
0.009706923191468996
0.009182620940139097
0.010002905265069202
0.008820961975635696
0.0110296848589546
0.008539855024421499
0.011677586785836299
0.007959381209434596
0.009512698955729499
0.008648884905775998
0.008691158350824697
0.006816558835047299
0.009755610191449098
0.009870738185662899
0.009975296211702102
0.0090448667565072
0.007371109216413502
0.0090773872113954
0.007531908251780399
0.008726476268687604
0.010888249892488301
0.009467524016079098
0.010017080144131
0.007997935722539803
0.010217905951381098
0.0100639967272417
0.0101634165283656
0.010741065077504601
0.0092807025259346
0.006896276751325096
0.010408587693782001
0.0078529163076472
0.008228281228282702
0.008153060831815401
0.009908940198715698
0.008583400047426498
0.010686687815762999
0.009540572406655796
0.008372661237950798
0.007630014549877297
0.009703749411308797
0.011384423098263402
0.0092720257954651
0.008015929688522803
0.010193725990795096
0.009442017990332303
0.009907245627943203
0.007871600372017
0.0106926011435793
0.0088508737040583
0.009374451721529401
0.008692423671636702
0.008550272108166397
0.006874701650794998
0.010245111233752602
0.0100489232892318
0.0061019912251787
0.0083653627350294
0.005758384479086304
0.009809951780012198
0.009548552304048198
0.006681928943572304
0.008396760188505
0.010459007067823503
0.010294934637065399
0.010596022317063702
0.008771517952611798
0.009659419664439697
0.008921517835649699
0.0105556428878173
0.0078907683593725
0.010414584755409604
0.012692287648001899
0.0087878499140016
0.0083938945992592
0.0056725947593067
0.007785705297192001
0.008564857159481597
0.007843184147656702
0.007362276751618598
0.007217919275254198
0.011409852563971402
0.010275660993427197
0.009137048789112697
0.010465861562000404
0.007791321509484802
0.011794581031701099
0.007848581397764901
0.009157617587007602
0.0095418857429556
0.007871283277042
0.010669197772103598
0.010139452347089198
0.007424557529117502
0.0081703557474029
0.0087871371467396
0.009217147866937503
0.009512354495291697
0.007041322609351402
0.006909863926581401
0.007840425087670102
0.009901360112344798
0.008943877586652299
0.0088633384005843
0.009720760099206995
0.008381572767705202
0.007885907933051599
0.009653627976911196
0.007715118104301401
0.008902342496587903
0.0098025785507291
0.009167378232621204
0.0094059336582216
0.008159266174860999
0.009459182794256997
0.008252632707068403
0.009849731610446298
0.009208010915813497
0.008661919131850097
0.009727708217412197
0.010450946872984802
0.011430891223529898
0.008171877011375499
0.0094711595804273
0.010636315546506198
0.008624261785837698
0.010217299463359902
0.009352584478839899
0.0094619079395834
0.0105301584081305
0.009225813497070003
0.008989781124043004
0.006940166831544699
0.0081908824139948
0.010044295768471496
0.009741245143610102
0.008539954678972898
0.009827813261743902
0.0083095569318201
0.008195956708001897
0.008605518090303799
0.008936579647156804
0.0070679631510103015
0.005065965457400401
0.0080954613821696
0.0090285216264664
0.009114176668562797
0.008140854206209698
0.007578404213370402
0.0094854839273711
0.005023882949895701
0.007728464895951099
0.0101449478936907
0.009889048585946799
0.011337919688369398
0.010884579343750703
0.009102335663300602
0.0078458724536626
0.010322810985068102
0.0091819714797334
0.011745398937994901
0.0095655538286144
0.007360109838825499
0.0053975983187965
0.0108137173292366
0.009296635604325799
0.008872992758946398
0.011396994208973998
0.0079398026478066
0.008466047937027002
0.008227108854909102
0.0085823025589504
0.009449647211581397
0.0089400530318835
0.0069635065816163015
0.009474754399802197
0.009648480256754799
0.0093725459400593
0.0116246672227398
0.0097392508477833
0.010849297348038797
0.0094519431899549
0.008304889281853797
0.007569620876589401
0.010154061977621302
0.007771321790657402
0.0094951212691886
0.007348496366999503
0.009553358922069002
0.011973974008487199
0.006474480880823103
0.008061156894004499
0.010528791906490802
0.008849292448001696
0.007701445259619199
0.0091531423399479
0.009117097536163899
0.009067437160124599
0.0086391380164655
0.010276213097552198
0.0086160681598772
0.007604968093718502
0.0082030589161812
0.006281087575648402
0.0083958992330977
0.009335057503655198
0.007812464056572901
0.0103488730201034
0.006642115242628199
0.009092646139583105
0.010168767410057396
0.010467931491681404
0.006972178449574502
0.0070912221182229986
0.010167142020257904
0.010659063270651803
0.009229332154215002
0.006429528309503003
0.0078819904645521
0.0103508432987331
0.007195914432189299
0.009044163394388498
0.009901345472434504
0.007790475287703796
0.008761863542757299
0.008296890846179798
0.008867070688924797
0.008080942509240203
0.007606046746772201
0.007029367369842502
0.0084927164216816
0.0084300443697981
0.008671647452450602
0.009189319059558797
0.0072363279160867
0.007618932962354098
0.008437367988799998
0.0112289110381853
0.009536982957807999
0.009688453013935103
0.005709419178811102
0.007197769058664399
0.005477478842064402
0.006776309820576504
0.008400292259143499
0.0090893504330142
0.010624485618184097
0.011787637245071696
0.009286575703809797
0.006052390747856001
0.0066324097523465
0.0088268193228693
0.010134431362919
0.011375653931723
0.009971781585427802
0.008583072254622296
0.010071366382126596
0.0096562893618456
0.010205721201497403
0.010373091512322099
0.009860767391212596
0.008703953181597397
0.008506315843836404
0.008299192621311995
0.009195582019029598
0.008877248243400703
0.008529234230530997
0.008880676339508599
0.009350681430341998
0.011593730411797797
0.011207259729181997
0.009830372394939797
0.009212235722571804
0.006165545670445301
0.009048111041328997
0.007609558658439701
0.0086338723308628
0.0087982699375771
0.007918341678979299
0.009429818258607302
0.009955533277653899
0.010764504663791499
0.010798666070229699
0.0088995664984301
0.008996479965874198
0.010316734208610099
0.0098578810162889
0.008470255774122498
0.007126510661802102
0.010936153747315002
0.009760835161000597
0.0101109428589643
0.008911670322957796
0.011170528438471702
0.010495774668361001
0.008654007877613699
0.011001467234478701
0.010409306783491095
0.0083582873018315
0.008313118498362599
0.007971076390082404
0.0088798533508549
0.006684596026204699
0.006139563317761301
0.008853028135365301
0.007366070630960599
0.007470552985480897
0.009163766366751001
0.008992911097062396
0.009427494295048602
0.009486037634882302
0.012212082982505902
0.0098988548881042
0.010179075452073801
0.008896037882773902
0.008670362215389402
0.0076957902480854
0.007444474080471903
0.008769271632201096
0.008819465870570899
0.010926434019805701
0.0103939895849458
0.0092565843340843
0.010145343666523404
0.0088627935545939
0.008335904859905301
0.0066224681867494035
0.0094358992689129
0.008734203873243897
0.008049421440481899
0.0107841972564535
0.0084041371215012
0.0085033613603076
0.009996201858711598
0.008035223077453697
0.009978459609882698
0.009510600996101699
0.009000934416606498
0.009550309909080703
0.009867400616558001
0.0115004672992828
0.0105083975673172
0.009915898246901401
0.009785677872169204
0.008607998184775603
0.0126926698389906
0.009906523886719098
0.009176342799597899
0.009233285831497004
0.008889791875062097
0.009051206682928001
0.009106394694943298
0.008960495212206002
0.0081515588728534
0.008729400976302402
0.0076391777634272
0.0091199378271908
0.007613650739545601
0.008516808476134199
0.0087018696271941
0.010884073267183696
0.009997448341566597
0.011655385060402
0.007342135582303299
0.0079927921334242
0.0064297660863486955
0.007733109706750799
0.007429850828463997
0.009563905898869102
0.009571255848160001
0.0115989689884799
0.0097147429327647
0.006638741611902803
0.008431336388892801
0.009005566003819899
0.008850991963334304
0.0050152696658539025
0.0072759548199209
0.008684594811782898
0.009933913801508598
0.010007734502944603
0.008906526605231103
0.008422882903824404
0.0086573433217551
0.0098099986336268
0.0097266556370583
0.008371391402397899
0.009198416110562803
0.009655655692177502
0.008885627476551597
0.008297093971980796
0.005994145161980102
0.008889005279661698
0.012164913468136102
0.0079950043968357
0.006563734417698797
0.008178684759220699
0.010405924887102097
0.0094162576506546
0.0079540474201121
0.009960116223516103
0.010347288458483001
0.010840636517990197
0.009196156190391897
0.008435997399809499
0.008866048170480104
0.006955999334547398
0.005518143846651297
0.0078874692491252
0.009278616212664403
0.009911971884284797
0.009049538530036996
0.0105458181443723
0.0109822463360086
0.011099322627261501
0.009549217253930598
0.009176174148283402
0.010983479740040502
0.008605530217078196
0.010455798633722
0.009810342083062903
0.009679040426890398
0.007639622428510098
0.007038978233676101
0.009883564734842497
0.007978270973799502
0.008820089389669702
0.008271874837131502
0.0089149784986991
0.0107633655692316
0.0066259358584712
0.008469498502570196
0.009241386439826998
0.0088548186739731
0.007555557200675602
0.010568421359001701
0.0070762104721224
0.008860458099831697
0.0082177556413334
0.0071914634059904
0.009536531778838498
0.007918185631300801
0.009112312000322302
0.0087401786455631
0.005945108801087302
0.007742635547620898
0.008730430189496603
0.007898411959044099
0.009540325297259004
0.009233391052477998
0.007541010784657701
0.009637898507086497
0.008941032039151503
0.008221092042246702
0.011098675433119803
0.0061914348791633975
0.0068838215997395966
0.008233905613689002
0.007544486974412502
0.007203330266155099
0.008250726274626901
0.008716111229660699
0.009793866355501502
0.0098106679971744
0.007171122541621198
0.008419754294919202
0.012055659119854498
0.0072601462391681006
0.0095981805815274
0.007707324196827698
0.011538820223236396
0.010996830988223703
0.007155451062711499
0.009248980893527495
0.0083445612257016
0.0113942704815005
0.007916187500111298
0.0080634182257627
0.009297353570372799
0.009439402321449204
0.009070210867856098
0.010287470408396403
0.009059992950653597
0.0090238906144447
0.008275087812964703
0.008152551617048604
0.010330606053717502
0.011354305437142297
0.010512643118131298
0.005726449947863997
0.007568838587094201
0.0072482814363785016
0.0093095683517538
0.0080446757042671
0.010585385176732898
0.007276768713247703
0.009150033730264202
0.010191550466551399
0.011095693796758899
0.0124743165214664
0.0106384564338354
0.0080102477098533
0.007457025771804102
0.006517013831144197
0.010648104304795503
0.009967403376067902
0.0081847102721157
0.008876220885336902
0.009920515221189398
0.0087284463687759
0.008536264168897901
0.009524603787059497
0.010009129490752097
0.0106525378752804
0.010923823101328403
0.0091143511291501
0.010952561995173197
0.0083918339543479
0.0097554685208616
0.011190368826134299
0.0096221162936019
0.011473705748228598
0.007268748014732297
0.009418969753102604
0.010048838644100201
0.008627191430214901
0.010023763284937703
0.007839685570043501
0.0095957546520327
0.008415037034577202
0.0091778768653215
0.009094725578583096
0.008936114646431702
0.005143914483287604
0.008934114223778003
0.0079122208522119
0.008172269075027504
0.007503228359258301
0.009424673381225102
0.009006025503334503
0.009369580068508104
0.0062215357617686
0.0079912454303698
0.006990604413490104
0.004843161641723499
0.009431480061280702
0.009457010010697198
0.008142221610943096
0.0096374141957697
0.008163160944410004
0.009614479784848098
0.0082981156036111
0.008305678278497701
0.008730899563675398
0.007457920377566998
0.011124617859650503
0.009613296789287299
