0.0034691188753879013
0.003922765154310899
0.004069626529944297
0.0038608736967421023
0.004033390297246801
0.0037322683477626975
0.0031112642158118015
0.003842754900551096
0.004083104443929397
0.0035657860369656957
0.003347713007832001
0.0035443695698612054
0.0038845351670492995
0.003971170337417104
0.0031043498551105997
0.003937611663776902
0.0041996739195196
0.0040820040400949
0.004101086381767802
0.003641553940290497
0.0032584908800456017
0.003730942100868502
0.004413378201612195
0.004269497874582001
0.004249377969226496
0.003854610735690399
0.004262504823999098
0.004357698450106098
0.0024556466299675977
0.0034183263717165943
0.004381194858165495
0.004448746224908401
0.003712301091712597
0.004052525282306603
0.0036411636407507955
0.004369825656373005
0.0041299317766332055
0.0044547115671415005
0.002630025424654403
0.0043218288536968005
0.003590695258791403
0.003696616172072696
0.002847491598570999
0.004345700845241697
0.0038195028726060037
0.0036918689791652012
0.0039732606403486
0.0035288364579764003
0.0039147893564953
0.003925779572255497
0.003925118064020398
0.003650468205490698
0.004080220192584902
0.0035309593601844033
0.004181003380266703
0.0033603925435753967
0.004173576152851403
0.003934027223515303
0.004277392802150601
0.003654628911870905
0.003155027608117103
0.0040346702382595065
0.004009218807176397
0.003209557385010796
0.0040233705522151955
0.0035982901871816977
0.002439618126926099
0.0030743108760966018
0.0034873769909156
0.0038835287164932994
0.0042456294961098
0.0029218685825000007
0.002701633346628797
0.004361640666225804
0.0045274721385323985
0.003587235855527296
0.0038199418482077058
0.0036880990838649014
0.0035739390240576013
0.004204776741867498
0.003894195580222498
0.0039724488481102035
0.004321154949518798
0.0046627041179459
0.004240556977393797
0.0033382435019043977
0.0038512937500782968
0.0041792319677197015
0.0036927979563307
0.004093623248150796
0.0043875337389835956
0.003986910440250596
0.003417487657157006
0.003830960862083302
0.003563538468368495
0.0037436702825925997
0.004273166169485601
0.0035720764241374964
0.002110800757833403
0.0038629887153947967
0.0035943330465433992
0.003007423725697199
0.003769610223507601
0.004244036122744099
0.004089809222174903
0.003843135765612099
0.003507959469128401
0.0041439102982119
0.004149028842470898
0.0034576630852192966
0.0038025092557580006
0.003386993500430896
0.0035038622732693966
0.003907722215424403
0.004275609658782598
0.0038276596996031018
0.004371410406378395
0.004047896987665403
0.003771951154398899
0.003421454068259097
0.0032183630019982992
0.003956094256795099
0.0035098308229533012
0.004597231187597896
0.004100953112354401
0.004212843276930195
0.0038088374461800953
0.0041047084056744995
0.0029938402114805945
0.004336291494811996
0.0036727218808690967
0.0030834807057132027
0.0036854014222573936
0.0037736331210505986
0.004226708403105399
0.0025793895105307024
0.0030732739776921023
0.003927991473795196
0.004336561766237701
0.0040380809349084
0.0037385081259116992
0.003763035325282195
0.0023964315007255974
0.003311603372719997
0.004603532054625596
0.0041240717566106005
0.003867765266458399
0.004107079609594104
0.003906753299107099
0.004078707282317205
0.003941782146636298
0.004223031248642602
0.004152649297362802
0.0038462692416995
0.004099110459285002
0.0040415656093957045
0.004037064842424103
0.0038634241076742
0.004488717535005099
0.004284702910547403
0.004088839868126602
0.004165284842995602
0.003650437994108295
0.004097721274246201
0.003994208569493701
0.003674448903687802
0.004264530485083101
0.004011802773665897
0.004161366276294494
0.003105243702093599
0.004308998844362297
0.004353488120644497
0.0027972774183578006
0.003886736272215502
0.004536571863335802
0.003742964012817797
0.004008136409375002
0.003299767860997102
0.003045975982382501
0.003916600680989098
0.0037917658293371015
0.004261803253353701
0.003889390100444201
0.004507496123610302
0.0035283593067611946
0.003784406076155905
0.003997277425790598
0.003775105234366999
0.0028946495434684014
0.0037053638546086995
0.004384935369565503
