0.0004957767308563007
0.00044043088686810186
0.00048198430985250083
0.00043737324366779906
0.00048097241333310177
0.00048154591901729965
0.0003821631076247993
0.0004829202131838
0.00042498254788430126
0.0004745838179048001
0.0004893994252718002
0.0004485462289114013
0.00046451379997290015
0.0004624906614990997
0.0003878679670182017
0.0004742631108665008
0.0004138157747609981
0.00041002702879120063
0.0004082132766198999
0.0005251050288551003
0.0004385645557807988
0.0004349281409437994
0.0005420886923840004
0.0005579678983681016
0.00045915140096640036
0.00044104242520099854
0.0004585400979216
0.0004080795295893988
0.0004343510871809009
0.0004505675217721019
0.00043918192432050064
0.0004451059441083014
0.0004728016784698013
0.0004452839814220993
0.00047340290402730044
0.00040316977678290025
0.0004551075658153995
0.000505140340095498
0.00044333519209750066
0.00044994783517919926
0.00043956181046149977
0.00037096879383720013
0.0004559854108415005
0.0005144199467015994
0.00044955484517859856
0.0004458526188378994
0.00040088162527479945
0.00045552151776830085
0.0004701639996480978
0.0003951978052686
0.0004884547323275
0.00037506168739639967
0.0004891073539226021
0.0005383415765858983
0.0004832095413835006
0.00046627285119490124
0.0004451413299881978
0.00042518318148930014
0.00048826306640270024
0.000421400725623201
0.000479012649936
0.0004036889241749997
0.0004629333019095013
0.000526216323476698
0.00039686413822329937
0.00043893671947090214
0.0004098442913813994
0.0004690576347662987
0.0005157716811724986
0.0004008527307811007
0.00045946274809200056
0.00042458269991070205
0.0003912274014098993
0.000450123383980601
0.0004177814617079001
0.0005045090846606988
0.00041249232147979806
0.0004679860439510998
0.000511408493792
0.0004427576146084026
0.0004245627790420009
0.00046753544263340024
0.00045311831001280077
0.0004041099068848985
0.00048597600333420005
0.0005124588705102979
0.00042518485028640064
0.00046628882071450203
0.000462608258481401
0.0004541338862253993
0.0004949315735683999
0.0004177674878733991
0.0004231944940698007
0.00038543972700100064
0.0004357486014678995
0.0004190429601595991
0.00041719104540889965
0.0004677023299255994
0.00042871143528569813
0.0005489827915726997
0.0004439068573560013
0.00046503089683730056
0.00045167776579510023
0.0004728354228403994
0.0005133747224969013
0.0005034750839491998
0.00042178277164959914
0.0004492046552333987
0.0004903921545567989
0.00046333016078139826
0.00045246542434789795
0.0005586078869940017
0.0004939673913871984
0.0004923201592460999
0.00046977846810159797
0.00044220862977000126
0.00047553509267399957
0.00043925397326130197
0.00041845695704170044
0.0003609457032515001
0.0004759781270400002
0.00043076368705599957
0.0005599676552806993
0.00039708498035959973
0.0004748648385101001
0.0004726999978476986
0.0004761383041022981
0.00039504360678340074
0.00045658358622739995
0.00045003899743199793
0.0004731574302497023
0.0004498441023480012
0.0004652026476363001
0.0004889059856444007
0.00041585958974409837
0.00046596167689129907
0.00043028027519800144
0.0004582614170874997
0.0003873567425354014
0.0004944892358812007
0.0004388455078846998
0.00044867531479740076
0.00045443054195779854
0.0004598192873269992
0.00048681339283690103
0.00045497026281390157
0.00043720441468699835
0.00044723756757760087
0.00047603712112900126
0.00040550445002989974
0.000456336221129899
0.0003837989139220989
0.0004855113420390005
0.0004208806477725008
0.00047312171133549914
0.0004518242817469018
0.00043362182122279845
0.0005118477155277006
0.0004622817267694989
0.0004881325050615018
0.00048200227850830196
0.00041720532912489956
0.0004889704399475021
0.0005183731356296004
0.0005271407840203007
0.000426272897626501
0.0004832903540882994
0.0004958468217141996
0.00047031047287649994
0.00043626058459619865
0.00046917900875209986
0.0004968019821146984
0.0004106865367763009
0.00040314692513719955
0.0004828592683073004
0.00042933813262460013
0.00046295989564970087
0.0004570495520058015
0.00038893076006920116
0.0004885856792425994
0.00044419139663260006
0.0005145626580166009
0.0005163445362608016
0.0005031427757181007
0.00046998032174549835
0.00044126123233370097
0.00041238738989739926
0.0003684142970954013
0.00044504013594109937
0.00042247962568739937
0.00045045270071549827
0.000491590666027001
0.000477152690356801
0.00043766931828039847
0.0004867906566556005
0.0004307771175019997
0.0004255610801717005
0.0004573982201604987
0.0004391010218141988
0.00046086997974279995
0.0004681606326539991
0.00048135006931889976
0.0004782908896640986
0.0004188485606007007
0.0004755136199968979
0.00044832602028280037
0.0004999858367228018
0.0004299931544220984
0.0004064072062268994
0.0004269383809873007
0.00042642964933690096
0.00045627345712819997
0.00043016934290909976
0.00045767811418910044
0.0004902855272698996
0.0005019709956411988
0.00043515464729230145
0.0004784407164653004
0.00043514207042529875
0.0003502098839354012
0.0004193633124601002
0.0004670697686631996
0.00048182468567179934
0.00037564293178450094
0.0004842513538778001
0.00046007977172999974
0.0004550608884805983
0.0004501041682625981
0.000491502849956001
0.0004274582808814001
0.00046070947474419893
0.0004889092199216009
0.00044066782992970184
0.00044131363614909914
0.00041369323087760146
0.00036855691201079926
0.0004432274196988009
0.00045572186298930076
0.0005090405113157004
0.00041444320158290013
0.0004578050384927996
0.0004744739023363996
0.00039775778113460003
0.00045607283170690134
0.0004020965864924009
0.00042485641507959866
0.0004784630115938007
0.0003999575123224009
0.0004189615323018023
0.0005189430164685999
0.00044685122093600024
0.00039025114558040135
0.00043435877082610014
0.00044519519041250066
0.00047409873412850023
0.00044166526508239955
0.0004292813877180002
0.00046572238373290137
0.00037982418783149945
0.00043685908237870233
0.0004715057154892014
0.0003757129126890999
0.0004989152925452024
0.00042050957799950016
0.0005182506288647984
0.0004307985885683985
0.0004924516169144012
0.0004269148367950018
0.00046799336929320007
0.0004315266830130001
0.0004748931641682993
0.00046974768994409964
0.00046725786842690027
0.0003842075886029018
0.00045004555723819964
0.00045526421040419963
0.0004889490433088988
0.0005057423100763014
0.00040146219495999953
0.00045855380916129916
0.0005334981546116987
0.00041162235309479857
0.0004592621352778013
0.0004782825110401009
0.000498312348857801
0.00043381331929770103
0.0004239016469535003
0.00047207016698950013
0.0004534025308662003
0.00042114960466779934
0.0004312296492273004
0.00044806642190940195
0.00043747425630870015
0.0004854932125659007
0.0004949029650725984
0.00047651743804750027
0.00039327269177950007
0.0004892176338910023
0.0005146923623843992
0.0004789535082382005
0.0004193131785328007
0.0004897844714501984
0.00043686952412600073
0.0003875061675586988
0.0004746087836312012
0.0004461189541346
0.0003928913746493994
0.0004524710938845003
0.0004215384550190007
0.00048370736210340097
0.00043775196721409886
0.0005398789703177
0.0004528048165728018
0.00048481760843610035
0.0005232598352836997
0.0004865383771520005
0.0004163708430656998
0.0004397622900035019
0.0004075666442320009
0.0004532972519279022
0.000514560438519298
0.0005185068548221004
0.0004918384108740011
0.00045348743988629994
0.00047846697342070026
0.0004517798111513989
0.0004520564593955001
0.00044213783844620005
0.0004802047054746992
0.0005536765204053988
0.00038242134595800094
0.0004894340463384994
0.000545249254170899
0.0005348801025931004
0.0005089858823824015
0.0004603723299714986
0.0003800510170851
0.0004912681749699999
0.00045156583828329794
0.0004963153168336017
0.00040659255523880014
0.000540319868603898
0.0004620226878267984
0.0004542719157623002
0.00047886060362189835
0.0004060322592636008
0.0004241485132085998
0.0004297989548003988
0.00042760206187989966
0.0005252210076034988
0.0004587236286689011
0.0004508976068222006
0.00044563322742590013
0.0004989990716076018
0.0004350154502062997
0.00044254007051549964
0.0004287598320218012
0.0004378648448467009
0.00040203894263420026
0.0004577724034643977
0.0005075685063545988
0.0005014482625759001
0.00045822635159470035
0.00043741032166120034
0.00045863845795230014
0.00047531771254299797
0.0004198403880831987
0.00035833338857439896
0.0004327673823435012
0.0005007108662296016
0.0005523929642171979
0.00044459441354900014
0.0005276994774629992
0.0005031873416692992
0.0004348870344518998
0.0004531210915666977
0.000540374759332999
0.0005036131666900003
0.0003807669920526998
0.0004557743267917004
0.0004998549927419001
0.0004738890614572021
0.00045616573868739914
0.00045713754183369926
0.0005302508776223007
0.00046813153249610114
0.0004919374928580005
0.00047095245306100035
0.000477258628809301
0.00043397096617179935
0.00041320470463190005
0.0004333288872882986
0.0003877049871510996
0.0004536806394490004
0.00045743121099910133
0.0004282098040228003
0.0004963612999942992
0.00043534570048320113
0.00039205196804330093
0.00046788378003589925
0.0004663026558900975
0.00042728304475589916
0.0004349249915583976
0.00047016724727439764
0.00040562552128110135
0.0003989964996144995
0.00048168065839229897
0.0005324134634390985
0.0003860466095378986
0.0005039196313209003
0.0004376268806073995
0.0004787570957700011
0.0004697817778709021
0.00048115995755009834
0.0004904085227256001
0.0004244570252733004
0.00046515068660659895
0.0004323017562597991
0.00048275810653549897
0.00043154599356430047
0.0004464722413695995
0.0004444853010124022
0.0004136700029548999
0.0004474120669887994
0.00046090053604980023
0.0005196553482393999
0.00048042264058540014
0.00047585192639529837
0.0004484815339556997
0.00044737097256439956
0.00041213301818499894
0.0004594018283720011
0.0005350097561226987
0.00044455752944350113
0.00042635408590649924
0.0004018853972602987
0.0003997320222775009
0.0005044759796630008
0.00043501979497979903
0.0005056203351197011
0.00042199118159919925
0.0004831854598215009
0.00043598268132270107
0.0004580943828487987
0.0004876389763976991
0.0004625296391673993
0.00047538804159409816
0.0004179382309123982
0.00048658161624319865
0.00041972963456080037
0.00046663753763720103
0.0004937167617650017
0.00042663670685530106
0.00043991020198359994
0.00045313036455800135
0.0004709356590368013
0.0004392885358154002
0.0004188710520974994
0.000516678570326199
0.0004924904815871989
0.00045162845286740236
0.0004158101254218994
0.0005170737943455996
0.00046962942479729895
0.00047878487416609834
0.000443842048244901
0.0005094263592867014
0.0005054386560318005
0.0004746749201913012
0.00048548561885269903
0.000491560311160601
0.0004918121917926004
0.0005395089537266994
0.0004079428472257979
0.00043606400991320036
0.00047094618657560205
0.0004953474357987982
0.000466987041877899
0.000423651387244298
0.00047139283563390165
0.00043408786916340064
0.00041354693331330065
0.0004311963125882001
0.00044892225645030114
0.0005390686139952004
0.00044374620069439867
0.0004316051242238012
0.0004208647190156005
0.00045429473281910146
0.00042983801537360006
0.0004493531689861996
0.00048458407162900105
0.00041027034971150185
0.000457591388713598
0.0004772561623983991
0.0005459694588247996
0.00043639308096109913
0.0004506575311518015
0.00039467992842689807
0.0004259829589020013
0.00040113257408629956
0.000495260558456001
0.000458479963992401
0.00047327306006939886
0.00045999352178990177
0.0004956040174846996
0.000483232199194902
0.0004269682456565019
0.00046902704009659825
0.0004320911203267979
0.0005279925285299001
0.0003736715310987005
0.0004495303439555013
0.0005047159630336001
0.0004168935382967004
0.0004853112403104976
0.0004275652085326022
0.00042057650640059917
0.0005255937190968007
0.0005415196233229981
0.00045371505247270016
0.00046860203891619864
0.00042836952488690093
0.0004638527620554993
0.00038950218089720164
0.00041652982799939876
0.0003897210806178015
0.0004946598516713981
0.0004556556339463981
0.0004891773054564019
0.00037304380080929907
0.00038296980911139977
0.0004726118548333009
0.0004671880247636012
0.0005456523649144986
0.0004429668370210995
0.000463056102328099
0.0005421370384104986
0.00042185166919379846
0.00047643029705150136
0.00042181797236850137
0.0005233555056418995
0.0005648331949984001
0.0004642292356516007
0.0004252962807855011
0.0004307694976082993
0.0004991747709357005
0.0004500722199699981
0.0004222684777060986
0.0005442385868731983
0.00044108235034500017
0.0004723947485089017
0.00043728505168789955
0.00040940107168950003
0.000477122449855899
0.00042766684123610003
0.0004689315675530988
0.00046235426355000116
0.000495175291340199
0.00047485762955450095
0.0004515019062242987
0.0004897100839457002
0.0004108023642121015
0.0004547202540620011
0.00046397966233260174
0.0004817465047786008
0.00046696269931109993
0.0004245966003101013
0.00043023238018420097
0.0004962403652853005
0.00043332244669739943
0.0005331906504232996
0.0004368850290653002
0.00041707716972489914
0.0004288933060069
0.0004894711450381013
0.0004435327585065006
0.000429092185755698
0.0004322870853200999
0.0004665169607760006
0.000386388797517
0.0004331463875420008
0.0004260934509668999
0.00047069289317990155
0.0004409419149392999
0.00043020794148999897
0.00044245908249749936
0.0004199437175946008
0.0004636599405309985
0.0004497557265331995
0.00046879192490300106
0.000518075634921799
0.0005576895288133994
0.00045180469861230005
0.00047068449869660037
0.00045200254181800015
0.0004944802366932018
0.0004132487224073004
0.0004624765293902017
0.0005137873439842004
0.0003906236188003006
0.0004609581590699994
0.00044229355563370036
0.0004450294205718009
0.0005111798934196998
0.00047480437188300063
0.000500065044150599
0.00042755890708999836
0.00043730215196619883
0.00044934561827709996
0.00046100902747660093
0.000492632270083098
0.0005543986577507994
0.0004848535534225009
0.0004929044878555985
0.0004683707902412987
0.000509117067906701
0.0004825851499066988
0.00046404238546740237
0.0005040234983097001
0.0004760515509319996
0.0004460629707118014
0.00047459613230139974
0.0005272214309841976
0.0004152162354259005
0.0004414112136474982
0.0004045209069369997
0.00045026383923130013
0.0004949718793726982
0.0004954459629720014
0.0004227658039834981
0.0005319509155918001
0.000425895798123601
0.0004596237310889994
0.0004823124988705997
0.0004533668538507004
0.0004094223446977994
0.0004114005333026999
0.00045273544359750173
0.000461292852932298
0.0004886534260558992
0.0004143871044301993
0.0005302719326432982
0.00045139866411060027
0.00046239445829830174
0.00048809367280559963
0.0004697749550887989
0.00039738490589099826
0.0003937432365657013
0.0004112603646367983
0.00036576738283349876
0.0004699501895019005
0.00044234248119360067
0.00042803475458649994
0.0004192805231399994
0.00045743333373190163
0.0004114338933528007
0.0004918473473541005
0.0003909065197512003
0.00047340150683400015
0.00044463156492110037
0.00048168578797939954
0.00045758650553720005
0.0004809924128384019
0.0005097271760164997
0.0004497376639673017
0.00047645010522720174
0.0005066935939256004
0.0004186060036962015
0.0005248203339508015
0.0004466194438827002
0.00046799042077440116
0.00044431869982550047
0.0004579444096693003
0.0004553403665285994
0.00045269334173859803
0.0004685800404571009
0.0004712883949278008
0.0004716462074917001
0.0004326316261609991
0.0004426627194990002
0.0004319241695689008
0.000441186939514001
0.00045703030067199835
0.00048382029541729765
0.0004132645914436007
0.00045011681031510015
0.0005643097487679979
0.00045472513648599916
0.0004230383497482986
0.0004953999228490009
0.0004533393569133015
0.0004788377018360001
0.0003652645635585008
0.0005131777016229994
0.0004741311774300993
0.00042323235081510174
0.00046169054569640197
0.0004397969712896001
0.00043666682181080045
0.00044107943446329914
0.0004511145310877977
0.0005314341716913008
0.000420011571257501
0.00039132136214439957
0.0004810127287318989
0.0004858677355360011
0.0004420250501107996
0.00043483720074600184
0.00048190356825220104
0.0004677301289502996
0.0004601552802219015
0.0005401447235995008
0.00042882325186720076
0.00046490347626360236
0.0004617567300296988
0.0004851710431300008
0.00042543080309960166
0.0005569593180345007
0.0005078202138536006
0.00043508227031050124
0.00043399492225079835
0.000460261047388201
0.00043963370538860173
0.0004154080904929004
0.0004295930157923993
0.00045273254467250064
0.0004355529909255019
0.00047393468589189934
0.0004487858847671989
0.00046587243172669865
0.00043406211339009834
0.0004470077719787996
0.00043153224586450073
0.0005338146072977994
0.000408594217515202
0.0004356411287857985
0.0004892666393819019
0.0004214724488538005
0.00040062454712659797
0.00047913455345490255
0.00041561626820870064
0.000375688981445901
0.0004369202684879007
0.0004647164558472007
0.0004175974368602984
0.0004394177767342994
0.0004714296200020989
0.00047463637521939946
0.0005360848086227998
0.00042930231019220125
0.00045270580146060044
0.0004935910522732012
0.00041336883974630104
0.0004839686213982987
0.0004891406069255002
0.0003823037690948994
0.00038276593740679994
0.0004427982318553989
0.0005069350704081984
0.0005095760847196006
0.0004587492605798993
0.00044681240798689903
0.0004333789104917999
0.0004513638869187986
0.00046400862986059957
0.0004050038601290003
0.0005087121958784
0.0004998630489388006
0.0005050822452223012
0.0004886511306584004
0.0005170532569839983
0.0004164592642591988
0.0004199971510571998
0.00045751374432329885
0.0004244605560606001
0.00045695163307350045
0.00045814905897919797
0.0005030855629877991
0.00042159679375300234
0.00042650021601580053
0.000528739464102701
0.00045994098195290163
0.0004525301292976989
0.000438328888495201
0.00047058390598390086
0.0005823804383567992
0.0004267662906273003
0.0005227157530384996
0.000519103917065597
0.0004182420294155994
0.0005130330367509994
0.0003938119797725001
0.00045354716814309873
0.0005096759759109018
0.0004749812213297993
0.00043303442638340135
0.0004633137505576021
0.0004178197291141005
0.0005182701008438987
0.0004479011300536004
0.0005330775153517004
0.0005317656324446002
0.0003860323321456978
0.0004753095545554
0.00046021307611349843
0.0005536415803122988
0.000413050959253999
0.00037257605384739996
0.0004992743914799987
0.0004562660556888011
0.00045396197886230123
0.0005051842225581981
0.0004019260008037012
0.00044291047925400055
0.0004742517169408003
0.0004263569330874989
0.0004781261156449005
0.0004181402546866008
0.00048210557499929994
0.00040553596378010114
0.00039154526980550095
0.0004121588281183995
0.0004827467038880009
0.00041056368337540235
0.0004371930436382985
0.00045725825894599864
0.0004303201994059983
0.0004692323285296982
0.0004547677660789
0.00048628590843119955
0.0004433340030397994
0.0005067981735700985
0.0004384959850975978
0.00040051501101310075
0.00044731774913340204
0.00048664150157679865
0.0004696645372603992
0.0004314703587563022
0.00046050094819410047
0.0005296273534019999
0.0005554172675537004
0.0004360294982603003
0.0004776558162170007
0.0004637261651805006
0.0004227852984252014
0.00048153855533659973
0.00041254899609239823
0.00043884358275030066
0.0004284208210412997
0.00043048136221550057
0.00044031735225440183
0.00041656590462289984
0.00045440335279439865
0.00043614774319790037
0.0005057966449765004
0.0004632245443808008
0.00041713804612660173
0.0004581497129423004
0.0004987323163917999
0.0004297772455114004
0.00047502068825810116
0.00042275321869590134
0.000500296780253099
0.00044161988114440123
0.0004092345431055012
0.00048389327242980007
0.0004379152134883005
0.0005306287946370992
0.00046431329922280024
0.0005168737448275999
0.0004238899383734989
0.0004067330710413007
0.000541300803034498
0.0004556612176402023
0.00046759929123850116
0.000501440592689098
0.0004578915082032002
0.0004800161762944996
0.00039555369410830023
0.0004650408958027999
0.00044096673909869814
0.0004185832963658001
0.00047382378199390014
0.0004606171965517991
0.00038870292228899983
0.0004951592416686992
0.000451108013722501
0.0004357816880792009
0.00038531259522939926
0.00048099598560099807
0.000453971058023599
0.0004085877248601981
0.00044679112649819927
0.00046921623651359837
0.0005419231535465988
0.0004366498323980991
0.0005398483909695023
0.0004963368882654993
0.0004987832248211001
0.00044369958662939836
0.0004266060700856989
0.00042313452805180056
0.0004707688460471003
0.00047890045757840137
0.0004073002527852001
0.0005017831638076987
0.0004716187080896009
0.0004925273283538003
0.0004458974755646005
0.0005070323164091985
0.0005200096328877007
0.0005812072680164981
0.0004536199593832002
0.0004926437903016011
0.00048726134327160137
0.00041640876019339787
0.0004946437386397981
0.0004886441009919994
0.00047867649990380144
0.0004593843774305991
0.000537319670540503
0.00048591467902939917
0.0004136749671285987
0.0004918382026349987
0.00046135655758540103
0.0005032276988077983
0.00037074945998659924
0.0004230251905278995
0.0004498351123208011
0.0004354649643656984
0.0004790487629418999
0.000522532616477802
0.0004920908402436999
0.00041506517162359993
0.0004541844378201012
0.00043861080490030166
0.0003600738218630002
0.0004142318409151996
0.0004149126006146014
0.00046807633920039997
0.00045481106019019946
0.00047939116200569967
0.0004913790999612998
0.00041578511931499897
0.0004719343059812007
0.0004689317986717005
0.0004873562375404001
0.0005153241184895005
0.0004116928063545005
0.00042972643126710196
0.00043898786344429876
0.0005271779237642996
0.00040119714222980156
0.0004848869292560006
0.0003892523961792991
0.0004437244530373016
0.0004178663112215982
0.0004902208410882992
0.0005145139474213994
0.00044773905934709923
0.00043796588890200085
0.0004402037004909015
0.00045457845573470233
0.0004595677127133997
0.0004885323950124011
0.00048274572645259917
0.00043166938801419974
0.0003778062996802993
0.0004560568023497004
0.0004518229763066997
0.0005276968861886999
0.00042488821605710103
0.00044158740335500067
0.0005174734040165989
0.0005117611319804989
0.00046423691388270023
0.0005011410526350006
0.00041797383831759967
0.00048250128353180197
0.0004579336842417993
0.00043469638400120067
0.00043290314037730017
0.0004751236146595013
0.00043217358179770127
0.00039435791932690076
0.000521772760664601
0.0004115692870184009
0.00045660037921430204
0.0004176454051547981
0.0005534926511369977
0.0005053588222529003
0.0004920371329460993
0.00043069055450789887
0.000423914739451298
0.0004607954248028994
0.0003809836054101002
0.00046437778031160025
0.0004591981445261021
0.0004423755959313009
0.0005308372117667978
0.0005611695908301975
0.0003824739169206986
0.0004650986316958993
0.0004405405653044991
0.00048575027312919815
0.00043517685470940114
0.0003647859940128003
0.00046427766710750197
0.0004472680046376989
0.00037993923286340145
0.0004257661725231999
0.0005154017226666006
0.0005115520979209979
0.00042136742523429804
0.00044820603493339953
0.00044863939404139914
0.00048460366577290047
0.0004774246234184997
0.00043530329275580024
0.00045420928827719954
0.00045490414510159817
0.0004055301024440995
0.00048217973826530057
0.00043279793578229926
0.00045787866671269904
0.00041906112657429974
0.0005147106535786008
0.0004163135905675009
0.00044996389201770216
0.00044654330452199853
0.00044134425867269934
0.0004112150565122024
0.0004365042627844009
0.00041010545681080014
0.0004356856025088014
0.0005085297029683994
0.00042199276339660065
0.00043679091986669784
0.0004743771034921001
0.00047785123359670063
0.0005135533054030014
0.00037000679245620047
0.00041450535628199947
0.00047174894313179935
0.0004677306520115016
0.0004782654993072989
0.0004672939656078009
0.0004797095162878996
0.0004509392058477009
0.00047798744095040036
0.0005157306609640012
0.0004362406028444992
0.00039732813408530077
0.0004468967759824003
0.0004314176340196995
0.0005247761735766004
0.0004631133091329998
0.00045117884574990066
0.0004135666199486989
0.00046056165517839934
0.0004890157176535986
0.00048818710954050097
0.00037280793549190026
0.0004393152094306005
0.000423965538657799
0.0004415170352756008
0.00045851828924499925
0.00048253223138700063
0.0004649859375787987
0.00041601639104679906
0.000423467513755698
0.0004819542232360006
0.0005075083877037999
0.00045891796500279955
0.00045646700833710044
0.0004556910533986009
0.0005452398300323999
0.00044362293688679846
0.0004478710943065997
0.0004369234010408989
0.0004537739499864985
0.00043592821334249854
0.0005526292999470002
0.0004630739913726988
0.00044924933389180015
0.0005098542239925005
0.0004654105058401019
0.0004837405761907998
0.0005166491671575995
0.00044285274421929956
0.0003909299340876995
0.00046243147167499866
0.000478751992705001
0.00042421808665800073
0.00042232078746040104
0.0004313655293412006
0.00046199182292079935
0.0003690762832990989
0.0004732128813167997
0.0004879967570644
0.0004298912339047011
0.0005665906616531997
0.00041119360869700146
0.0004983289456910994
0.00043513540914289807
0.0004141452214077978
0.00045653305140540106
0.0005411501749326003
0.0004519589665232006
0.0004640576990797996
0.0004341512911609016
0.0004800851562623016
0.0004192364828724017
0.00045007643782559933
0.000430000687601401
0.00041648605333930236
0.0004677492108139999
0.00045380250713610015
0.0004200801847844982
0.000455521391827602
0.0004372556928426991
0.00048634695307929986
0.0004498450580605988
0.0004958342514065003
0.00036076305887810037
0.0004627349340227977
0.0004927237422027008
0.0003828825962625005
0.0004648520062820998
0.0004493337067601015
0.00048556660910820115
0.00037711911338929836
0.0005018418306316011
0.00048149481104079947
0.0004905989109346004
0.00039974784466579975
0.00043469319473420087
0.0004174073573121988
0.0004179475936889991
0.00040983330007389983
0.0004829932553728992
0.00046295680540670014
0.0004681868730664982
0.0004849246859531999
0.0005068760926271992
0.0004339792166801002
0.00046948836931929964
0.00043501157239430113
0.00042551198524749985
0.00046807811332390085
0.0005280666121760015
0.0004107585898945002
0.00047134639014479937
0.0005202055039883018
0.0005067438561816
0.0005535576170416986
0.00041596772803870023
0.00047451259983069885
0.0004542610819554989
0.00043170991073390036
0.00043438715303910184
0.0004044782709370018
0.0003954764931438995
0.0004589136373542007
0.00046453456516220085
0.0005316288729168023
0.0004674701725077019
0.0005336131974849005
0.00048693141630340095
0.0004772712761251987
0.0004447440431383006
0.0004605279738311985
0.00042931042970359955
0.0004527135755045021
0.00045630581553669954
0.00046535190736239976
0.00044045356699700007
0.0003972681436600987
0.00044028878517970126
0.00041502293034730194
0.0005584331427071001
0.00047107357101280195
0.00041259554979699957
0.00045043985407420065
0.0004710055279846994
0.0005005458506074003
0.0005170893149671011
0.0005340583734579993
0.0005016340216540995
0.0004552769663575991
0.00048076296525909924
0.00041086234496479947
0.00039559415390459825
0.0004720842457345987
0.0005612802563367998
0.0004564196081842005
0.0005067945901833983
0.00045229968193330125
0.0004399635134932009
0.0004335143209332013
0.0005390075625887995
0.0005112611604539997
0.0004621213712601019
0.00045182799774329784
0.0005131257500261988
0.0005351644393865977
0.000423876354591601
0.0004417532378113015
0.00040454078167579885
0.0004466872593566016
0.0004631270183031999
0.0004706491817661005
0.00040507445231069937
0.0004309322079586002
0.00048351470994190127
0.00046509112183
0.0004547697248044012
0.0005048687146723008
0.00043494698093369914
0.0005199362148100989
0.0004891230686091021
0.00040795323747489995
0.0004833359624639988
0.00041886871878289884
0.00048133227327709985
0.0004614568006201993
0.0004479835834962989
0.00042147303227259986
0.0005064457349355997
0.00044850067696699907
0.0004481678200166008
0.00048805031676450034
0.0004579488977744014
0.00047574295332819885
0.00044476030893900176
0.0005306260452663993
0.0005509538242496025
0.00042905822233040014
0.0004220805836537989
0.00040870533042959914
0.00043425702816029914
0.00046903210940219854
0.0005606999598046017
0.00039464553558060146
0.0004827981604981022
0.00048662431714249776
0.0004750817105352006
0.0004953169515752014
0.0004702825154317015
0.00045870533141159804
0.0004900328347109996
0.0005008846188330005
0.000398583209260301
0.0004778436980997017
0.0004483386406628001
0.0004412785134865014
0.0005274016261350989
0.0005253627314205991
0.00044790854046640113
0.0004335331941552993
0.0005319457167610991
0.0004164541725445014
0.00045665587829559796
0.00042245926639790203
0.000504839710731099
0.00047774036612319853
0.00043649845068289943
0.00042915216548289857
0.0004887054805005012
0.0004231849254927988
0.0003658842183332997
0.0004731984526675989
0.0004928882635239981
0.00040337666475480025
0.0004893999861119002
0.00042670449017209906
0.0004412144751767995
0.0003915730746278986
0.0005947885623986994
0.00039853596660409905
0.0005529733557697002
0.00043426142366399974
0.0005412015989158005
0.0004780503629170981
0.00048651463622280053
0.0004565861542757
0.0004477225932677988
0.00046624282308019814
0.0005166401136239996
0.00040276591407460184
0.0004306234140402012
0.0004562315241130009
0.0004704788397789997
0.0004669885151776989
0.0004257061909996012
0.00045215586508530123
0.0004840292602247987
0.00046298193424589885
0.00045902779251759916
0.0004260755378165011
0.0004544495802103008
0.00041183417630560014
0.00045053477550940045
0.000436257994329
0.00043028867408550185
0.0004954615686984017
0.0004764925364265007
0.0004570436228712015
0.000387106694503701
0.00045553485336740154
0.0004102554933184989
0.0005631158903517987
0.00047078893887790227
0.0003636036047022992
0.0005184017754235014
0.00036223252676740106
0.00040962038376209965
0.00043728643187889923
0.0005121498449073992
0.0004922364338336982
0.00044606487074600257
0.000382263096716802
0.000515027815017801
0.0004655512272846007
0.000463964282863499
0.0004740824088925004
0.0003977238003042994
0.00046791970373949963
0.0004452223843248986
0.00040916218826290117
0.0004533072760327019
0.00044510419950139976
0.00043802876310619805
0.00041268778227279874
0.00042371993339619836
0.0005593268856473009
0.0004387476645309994
0.0003874430946045008
0.00047293182030330033
0.0004630806391148004
0.0005164170880544994
0.0005179419692732997
0.0004371257007126997
0.0004449958712396014
0.0004861378048662008
0.0004213016055561996
0.0004548883935468987
0.00044635900867700216
0.00040801619894359833
0.0004565093489515993
0.0005026639744941993
0.00044612080237670104
0.0004484742778895004
0.0004671409666523983
0.0004982776328671997
0.0004693867263555005
0.0004412148653186003
0.0004613004773178983
0.00039519117479459853
0.0004454257549262996
0.00048163257070889774
0.00042908815944539894
0.00039617489369190087
0.0004149069251202994
0.0004276915699218016
0.00043701931587559854
0.00043498890769890115
0.00046486464433150194
0.0004569431330233003
0.00045209290454939835
0.00048554069453730225
0.0004087830617289009
0.0004535644815135999
0.00044175229280830203
0.0005481562621014995
0.0005095104799655008
0.0004845263423911006
0.00042561882872729946
0.0004640846847321998
0.00048121084337729783
0.00046935137269160133
0.00043914275652079914
0.00047823934816989926
0.0004605394581350987
0.00042361355522390134
0.00040720300509730113
0.0004406725646289005
0.00046079925869669906
0.00042906924286189967
0.00041062911932500043
0.0004509480466261002
0.00041978299695699835
0.0005096130028085007
0.0004482159262719984
0.0004492471837883004
0.0004905863305050984
0.0003978917257975983
0.0005090441572369979
0.00045272429744010016
0.00045837658582290053
0.0003902926339430998
0.00041663206781940125
0.0004662275233965011
0.0003897820767306999
0.0005349385110807008
0.0004923222114177998
0.0004293753135728995
0.00045109069517210165
0.0004807551625090004
0.000403365073954701
0.0004408977177048981
0.00044566181981489997
0.0004890629950670983
0.0005704558179672019
0.00046064130384640065
0.0004132769653125007
0.0005076895218606992
0.00042324520703520066
0.00045311540411630165
0.00047414770106799994
0.0005067741748370023
0.00045808497713949875
0.0004066366998970016
0.0005356908361627
0.00044021626581769967
0.00038944540049700056
0.0004895763206784007
0.00038293109435920056
0.00042933929045309814
0.00044484731441189924
0.0004632316828482013
0.0004977178509436003
0.00038364302356549973
0.0004471011824664986
0.0004012911591772996
0.00045909090886540015
0.0004250677122991011
0.00048094108485560207
0.00044166662191509956
0.00039798603408799926
0.00045551622389099905
0.0005370060031608982
0.00042531496977069906
0.000498638410896101
0.0003854663372421987
0.00048314773434639767
0.0004980741644571018
0.000464082237032001
0.0004946626156688023
0.00047792354577619843
0.0005633098676696979
0.00044945915995269967
0.0004293067454888
0.0005157798724665999
0.0004479193655467003
0.000525265454285901
0.0004788502954936012
0.0004532601936853998
0.0004778208823263009
0.0004457831053014012
0.0005064630598909988
0.00043235128852499825
0.0005350468141019013
0.00042068024429009997
0.00046721609944780015
0.00044395589751999864
0.00043729167601080053
0.00038085566735170107
0.000468768431169499
0.00048093817968550105
0.00048010195894450033
0.0004565906693705015
0.00041164738032679893
0.0004546097503226997
0.0004130102986410998
0.00046449630534889895
0.000512387569284501
0.00047933398519309917
0.000470914215537601
0.0004305280354434983
0.000479464367640901
0.00048203948491860014
0.0004926488716904993
0.0005240858700466013
0.00046490638959790186
0.00040029695387019774
0.00048825251765059925
0.0004307411685270015
0.00043463902640399933
0.0004254508782352978
0.00048596806840939775
0.00045116756259930106
0.0005130736896803
0.0004786625634702977
0.00042420369845399923
0.0004090152073256987
0.0004773282441918984
0.000535001106459999
0.0004702022207975984
0.0004234353355232999
0.0004862760535829999
0.0004775049381607003
0.0004736781295937003
0.0004114260903873984
0.0005107519913565995
0.00045947017079880047
0.00048025449201559954
0.0004501894111265982
0.00044131123312779984
0.00040118549413940136
0.0004938550378068996
0.0004713846622859015
0.00038420707784470043
0.0004325641113031003
0.00038518160518299926
0.0004749415761314008
0.000460778712974598
0.000393323270684599
0.00043588442986449913
0.0004920599548870995
0.0004919209794312009
0.0004981200750078015
0.00044718659057249935
0.0004625494062868007
0.00045428214252380035
0.0005090158581908012
0.00042673082030300104
0.0005018191808779989
0.0005861115669905
0.0004499237622553002
0.0004302984181899991
0.00037335987745789993
0.00042687947670480043
0.00043724851065289963
0.000428767771763202
0.00041531425302760057
0.000407901613751099
0.000515264761810099
0.0004936498442495978
0.00047212572925609854
0.000493799028557498
0.0004202130501139
0.0005556247978828997
0.00041823632362169953
0.0004687207438570009
0.0004849217557376991
0.0004254842067106992
0.0005142914250324017
0.00049317312511
0.00042624580854179993
0.0004383977749290984
0.00045154667510310074
0.00046249155188069976
0.00047387152652880217
0.0003999970138242985
0.00041503097438030066
0.0004150207909410005
0.0004812311181641993
0.00044752680527990196
0.00046406554893580095
0.00046106425746580103
0.0004388553699274985
0.0004245407043532018
0.00047066143769819956
0.00043216751501280043
0.0004390411814527012
0.00047551954932809927
0.0004648630198967989
0.00046202773370789853
0.0004241050269965987
0.0004719065595928003
0.0004382072678890004
0.0004871465084383998
0.00046950023083169867
0.00043251281841449885
0.00047357641131459856
0.0004956591863095987
0.0005398563761786993
0.00042426416912930143
0.00046837840947490036
0.0005198039138160013
0.0004429421903417996
0.0004953254100555013
0.00046735231039049877
0.00046843991094959805
0.0004988719199091
0.00045793048500829964
0.00045183358158850176
0.00039149817022240095
0.000433987562732701
0.0004874946909615985
0.00047558894058340184
0.00044749601047499796
0.00048197285250029843
0.0004325916922303021
0.00043665688630339927
0.00045120761859730046
0.00045809906346780047
0.00039255827755880005
0.0003555938481646006
0.0004307117426516002
0.00045497454879239903
0.00045623441549189937
0.0004265160290610002
0.00041504083044729967
0.00046873032607749887
0.0003487545902205007
0.0004108997900376995
0.0004787409448494019
0.0004893188970764
0.0005331694298511998
0.0005070928611561019
0.0004566848347263997
0.00043608566089609925
0.000499442043493302
0.0004591993046510999
0.0005398670379115032
0.0004735316773314992
0.0004249535826746
0.00036717228072850015
0.0005212368589725992
0.00046126083799770054
0.00044386894823099897
0.0005369503319566996
0.00043312938972450005
0.0004439913806505002
0.000425013317188902
0.00044830687270780087
0.00046946166652449967
0.0004449922599837012
0.0003924339562242016
0.0004554939869692992
0.0004737682564598996
0.00046661606135860005
0.0005324780193594995
0.00048120555446139884
0.0005177582960579994
0.0004681476381967007
0.00044679565904820126
0.0004103589265586991
0.0004926936583854007
0.000414576091506599
0.0004764373254428009
0.0004172588929225018
0.00046868548524310084
0.0005524847264269973
0.0003869960188400013
0.0004365403950850003
0.0005020206856392005
0.00045028726308240195
0.00041525692617939806
0.00046035111277670064
0.00046628772662100047
0.00046269588353380076
0.00045009495553979817
0.0004989748254615005
0.0004393115929802009
0.0004227358958771993
0.00042829057130960163
0.00039655620979779996
0.00044517495030780077
0.0004689979377448007
0.00040772425254880125
0.0004959582557170009
0.00041364484209460185
0.0004559373599839975
0.0004778526621215997
0.0005059590762549002
0.0004059163904913
0.0004020363665599991
0.0004869102217013987
0.0004939924256440013
0.0004658419733176017
0.0003848679240531991
0.00043247263212019965
0.0005073857664529002
0.0004092168075179991
0.00044627501634059846
0.0004731059154022988
0.0004235241779630989
0.00045607898624310146
0.00042847258034369937
0.0004504559028766005
0.00042503223179140084
0.0004232964970990981
0.0003997776031640001
0.00043907689632290137
0.00043780256992790104
0.0004528905369268008
0.00044732906064649976
0.0004094431254290012
0.0004255588570961002
0.0004309768965878001
0.0005230596359441994
0.00048708210912810045
0.00047243084127889835
0.00037463276333550045
0.0004136739947274981
0.0003620590198775992
0.00039440516151569883
0.0004346201355401001
0.00046515569090549956
0.0005109848062065988
0.000542134765925701
0.0004684155052749016
0.0003833543590813001
0.0003950598316995995
0.0004517670902924008
0.0004950708140414022
0.0005242878131291005
0.0004926680432014007
0.00043684881370070067
0.0004891236862440019
0.00047200599912310126
0.00048789403087229864
0.0005008072847381001
0.00048771401024450163
0.00043872501483390065
0.00044460638157110127
0.0004364745354672999
0.0004659630026859988
0.00044113988085390035
0.00044269371320519897
0.0004565601685093002
0.00045830617255590046
0.0005173246211257997
0.000516961397152401
0.0004958934518041018
0.0004616037550930988
0.0003758908403584983
0.00047862699458399785
0.0004164865041241979
0.00044580458534120015
0.0004600137750085005
0.0004160612297645014
0.0004644882474600983
0.0004912820118293994
0.0005126833318291994
0.0005151012010100979
0.0004516026948247001
0.00045018012320869813
0.000497752224704601
0.00047611924078749986
0.0004475873547102986
0.0004053623006146003
0.0005226224866897011
0.00047867025637920134
0.0004938385791060009
0.00045729637302130074
0.0005193575894847004
0.0005098311347673991
0.0004449558063360018
0.0005097589728301002
0.0004982945872020993
0.00045069730243509944
0.00045128323060809883
0.0004173645018597013
0.0004529357865322003
0.0004050909575645991
0.0003822151632717017
0.00045769462264889926
0.00042364436308109897
0.0004181827970134999
0.00047020951746720024
0.00044006004445990184
0.00046500655541080113
0.00048075181658619945
0.0005666931348487017
0.0004879051056150014
0.0004899884955590003
0.0004523336306280004
0.0004400089304461008
0.0004215374774189009
0.000424113661755399
0.00044886270221550055
0.0004482980568048002
0.0005191740890907008
0.0005082880238056007
0.0004622848229532007
0.0004864270833690003
0.00045267267481200087
0.0004444684470021991
0.0003915683273156001
0.0004680820824489
0.0004419969683142986
0.00042696458533090197
0.0005074059589455001
0.00043562576932280016
0.00044871342425489846
0.0004897966523970017
0.0004357114616761002
0.0004962753666335022
0.0004676780926943982
0.00045478750258679847
0.00047633174515579815
0.0004768576470576009
0.000539238513009601
0.0004940714165874004
0.0004786813048304004
0.0004814487416369001
0.0004420861926076984
0.0005714494522815992
0.0004804445443952008
0.00044678283059800157
0.00046354548970350094
0.00045485819292180076
0.00046321640267879896
0.00043915834651619794
0.00045516916990469974
0.0004267140800435984
0.00043401736277800043
0.0004056715714397009
0.0004670727094471007
0.00041734742324609983
0.0004548775642159997
0.0004585740560502007
0.0005215865281016988
0.0004912045312787001
0.0005241901330736987
0.00041643036992980095
0.0004275164888708008
0.00037611392993599883
0.0004324675240430977
0.00041096302644309975
0.00048055819796050114
0.00047872707840800055
0.0005308434249899005
0.000463506270925099
0.0003898951561771991
0.00044247190793289884
0.00046081171029119933
0.00044761807400450077
0.00034731449712939975
0.00041776057459590003
0.00044727324733959996
0.0004946108059731003
0.000494180714289999
0.00045529475549429925
0.00044886008320460004
0.0004464929652397004
0.00047147037992879837
0.0004791661567075979
0.00042884067848399966
0.0004565655476791008
0.0004868896832070004
0.0004481209002821021
0.0004250243678469018
0.00037571889212340004
0.0004499676332669015
0.0005432650355753979
0.00042725655051099876
0.0003835372037888987
0.0004372560104004015
0.0004923995913673988
0.0004670136636422007
0.00043068982874970053
0.0004866907262445989
0.0004914650058406005
0.0004994295541152997
0.0004599382878910981
0.00044784993786949924
0.00045369903797680064
0.00040679828969150157
0.00036059218369059905
0.00042242750963459967
0.0004649399675111989
0.0004871654329814002
0.0004569351535503013
0.0005120643329397014
0.0005265586823318003
0.0005099191489498014
0.00046517930968009887
0.0004605680465788013
0.0005118099919886009
0.00045407495582170006
0.0005042054870750996
0.0004649856191870014
0.0004842885384110998
0.00042033099459829783
0.0004076385481833998
0.0004909277272584014
0.00043787178202199864
0.0004421609462026011
0.00043423430453959876
0.00047044925830370087
0.000506331277996399
0.0003918891545257007
0.00042672350449449864
0.0004695976390245004
0.00045710370078420187
0.0004240223455454998
0.000492790966430498
0.00040972912039520006
0.0004543113377312013
0.00044161554249620184
0.00039240495702339874
0.0004582221242530986
0.00043661540111379973
0.00046704074920859984
0.000456238533693502
0.0003812724396729996
0.00041753449889130045
0.0004459788280173002
0.00042610027750229935
0.0004645835006193994
0.0004719193409193998
0.00041616381065890176
0.00047581890553720016
0.00045455816447759895
0.0004353743023945006
0.0005024506097516986
0.00038143749035359983
0.0004094080336721987
0.00042692287082210165
0.000413653308405499
0.0004182108684692015
0.0004228807133097
0.0004418859665551011
0.0004862658482937994
0.0004810809319782984
0.000405148563742401
0.0004415184731023994
0.0005484007454903995
0.0004080587811832008
0.0004614067075473013
0.00041489408950749936
0.0005265780792981997
0.0005045062030500005
0.00041249489095409805
0.0004600762797209012
0.0004382799411620994
0.0005378096085670008
0.0004308120048288986
0.0004406112601480997
0.0004537643085820997
0.00047859371894739926
0.00045832121433640044
0.0005022855784041005
0.0004699147765500015
0.0004542128804725012
0.00044207708425949947
0.0004416011496431987
0.0004944265083391009
0.0005200052687662979
0.0004986908403311011
0.00037424834206700036
0.00042818391613840164
0.00040453131376310195
0.0004577081371651987
0.0004380029093277015
0.0005047389619381015
0.0004117354266842
0.0004514801711797984
0.0004895150339727008
0.0005298698281660016
0.0005667008034166005
0.000522576729162099
0.00043322058759060096
0.00041929547709859856
0.00038431856246749774
0.0005071592129900007
0.0004800995273746989
0.00042624651526040024
0.0004411194609339978
0.0004786934432752018
0.00046034426223429993
0.0004411404245663001
0.0004790821787749016
0.00047400766022050005
0.0005010299490858013
0.000504533905559601
0.00047834062165560097
0.0005245214704221023
0.0004424183696142992
0.00047703776717879925
0.0005310003342044005
0.00047405921868279993
0.0005340256334203028
0.0004033583085116012
0.00046321470608130105
0.0004973535791439002
0.0004537932193849001
0.0004917197309027999
0.0004313604756599008
0.0004760130758284988
0.0004268464151907011
0.0004542242992556997
0.00045983540305559976
0.00045756995735969815
0.00034028330981840035
0.0004510917144472989
0.00042484693619270104
0.0004336969432010007
0.00041498840621250095
0.00047134804677370114
0.00045152278213100167
0.00046531975020600025
0.0003827645896248011
0.00044247044083750055
0.0003909628825223988
0.0003420751084730004
0.000466484691961401
0.000479545409120501
0.00044260009425769846
0.00048136469358560016
0.0004220453488996013
0.0004675851536055011
0.00042753476211189814
0.00044251021814580016
0.00043932247151780117
0.00041550363159460063
0.0005162669182739998
0.00047925106063340106
