0.004414550812048397
0.004972960870284898
0.004692593856677904
0.0047276199232704
0.0050440924283192
0.005254138002426904
0.00478388312673559
0.004591742959438899
0.0045746198039473
0.004844552113247094
0.0059350684870016004
0.004115326135361107
0.004293602990203496
0.004949959975830198
0.005138304567530505
0.004924578872409199
0.005102809381823198
0.004596701163549002
0.004683699188978603
0.004586773583491202
0.005312994249480396
0.004308879961222999
0.004683736200909797
0.005106977925498801
0.004793561878512896
0.005437320663653905
0.005362450506396804
0.004229485883928408
0.0040503323481734035
0.005133194490612801
0.004497449427212301
0.004993431407273395
0.005044601245486599
0.004614506757885495
0.005130155757445
0.004480499306909802
0.0048448813957351
0.005171886658060398
0.004574318937776205
0.005076591414082399
0.004826532140754701
0.005280838320009702
0.004788179685179
0.003969231777994499
0.005368972022825401
0.004763944480161597
0.004486892166004702
0.005059712957092101
0.004540867360429697
0.004210485265222892
0.0054377211454220975
0.0049198481133575014
0.004663448509968492
0.005633712328314104
0.004362170989066494
0.005035119084310903
0.0041120230954618045
0.004967731845029896
0.005049628622532103
0.004231694101768303
0.005040447731506199
0.004607250953569904
0.005091404704205001
0.005534932251187598
0.005212579011954599
0.004933116801175405
0.004972033185879299
0.004085326075697997
0.0051692313149658
0.0043768106056538
0.005353069689409497
0.0052300716172505035
0.004327557233059498
0.004655095536074599
0.0045978663591197955
0.0051579024576401955
0.004306116496434503
0.004636336287448799
0.005396106653172306
0.004713451463096402
0.0046575635932978934
0.004923902728339299
0.005350058569538803
0.004906118913598198
0.0049084572189328005
0.005182802166498204
0.004481393268182206
0.004955106426817402
0.0056363648986978016
0.003674241754647603
0.0047307943986064985
0.004499708760900098
0.005436502849602801
0.0049291079575682
0.004555557059224703
0.004120608560428098
0.004784814523095503
0.005120807717425804
0.004784163356704604
0.0052180620541566955
0.004992013645455998
0.004773174839793601
0.005427257499502597
0.004776455122839501
0.0052092266156658
0.0045227632429908
0.004428851283057901
0.004736330678989001
0.004777771516569697
0.005017938419653194
0.003912137518366596
0.0052071909466765084
0.004671865666335401
0.005390731949930103
0.004642625816275392
0.005102777132795597
0.005200133848486901
0.003739036269478996
0.004422731848283096
0.005325354766575904
0.004260143692041703
0.004680881736895098
0.005819026582856601
0.0049528087405626
0.004875285233470701
0.004960611505011904
0.004466008305479698
0.004648322965202505
0.004795495149898903
0.004161361674926499
0.005193746041786497
0.004960396386913299
0.004351350717896503
0.004389049664123103
0.005167738755343695
0.0052623279588421
0.005408765985530098
0.0047596805777552
0.005069934169845698
0.004595997548407005
0.004881891060440305
0.005114460203044804
0.004244628135224804
0.004216668909335204
0.005268780011637303
0.0034609918616842067
0.004427176021884097
0.004865159265669099
0.004984926727272597
0.005141714138227699
0.004985082122951297
0.004929879131513798
0.0040523670875880075
0.0054656039964898
0.004540692831935603
0.005391398765996598
0.0053200860402772
0.004961944455035901
0.003911836725965803
0.005374703190243503
0.004470147509068503
0.005011208490598704
0.004690502366894604
0.0047892446166463015
0.004167596883095405
0.005528411617397998
0.004833455859128699
0.005194317505897494
0.0052208860536244045
0.004539780864812902
0.0049159877820681985
0.0046326446046260975
0.005622811977687603
0.0046829870506692045
0.0050226081376291
0.005290503726359905
0.005026786657135997
0.005160467177465898
0.004880084938628897
0.004493289221915608
0.004283861406541592
0.0042047772267992944
0.004688626606603699
0.0053114776224557
0.0051352779971477955
0.005337855542019397
0.0050264627781409985
0.004740481774774
0.0050444690595269
0.005220276121643996
0.004619094802501
0.004316462281510301
0.004681174003511604
0.0047129657563219005
0.005111174514712401
0.004545577139597294
0.005066893140334899
0.004314868536878097
0.0053926603855175975
0.004266738340141497
0.005144262785078901
0.0049844255920713995
0.004611867907617903
0.0044172738548960075
0.0052769327810143
0.004354692398601097
0.004318572165292793
0.0055552917551637965
0.005407203526425
0.004083661294297498
0.004687857473500902
0.004671293986778999
0.004959956682434305
0.004789496377288802
0.005254228112514303
0.0050365045774229955
0.004708206459589803
0.0044533452339749965
0.004232398361356804
0.005609204324703798
0.005387103823819399
0.004676580396316202
0.005553894903414701
0.004392460078012798
0.0050387299596209995
0.004556283004545497
0.0049272297578987
0.0045147190954858
0.005407040899258302
0.004656745717774302
0.004997910080020304
0.005265513493990404
0.005015649693117505
0.0042093492038232025
0.005122015472121495
0.004967013999726301
0.005342279056812803
0.004253276054035804
0.005377890927856295
0.004292979074466602
0.005298463567078401
0.004392883065344001
0.0044140661339728965
0.005194839675881302
0.005087271438786602
0.005301570769342102
0.0045508444400867015
0.004448415850477297
0.005469465842275395
0.004569430703086595
0.004966901793311697
0.0049252746016721985
0.005128097706348499
0.004632820927748492
0.005058294455010097
0.004269585348029695
