1 1 1 1 1 5 908 352
2 1 1 1 5 6 906 908
3 1 1 1 908 906 472 907
4 1 1 1 352 908 907 351
5 1 1 1 6 7 911 906
6 1 1 1 7 8 909 911
7 1 1 1 911 909 470 910
8 1 1 1 906 911 910 472
9 1 1 1 472 910 915 914
10 1 1 1 910 470 912 915
11 1 1 1 915 912 353 913
12 1 1 1 914 915 913 471
13 1 1 1 351 907 917 350
14 1 1 1 907 472 914 917
15 1 1 1 917 914 471 916
16 1 1 1 350 917 916 349
17 1 1 1 349 916 920 348
18 1 1 1 916 471 918 920
19 1 1 1 920 918 475 919
20 1 1 1 348 920 919 347
21 1 1 1 471 913 923 918
22 1 1 1 913 353 921 923
23 1 1 1 923 921 473 922
24 1 1 1 918 923 922 475
25 1 1 1 475 922 927 926
26 1 1 1 922 473 924 927
27 1 1 1 927 924 354 925
28 1 1 1 926 927 925 474
29 1 1 1 347 919 929 346
30 1 1 1 919 475 926 929
31 1 1 1 929 926 474 928
32 1 1 1 346 929 928 345
33 1 1 1 345 928 932 344
34 1 1 1 928 474 930 932
35 1 1 1 932 930 478 931
36 1 1 1 344 932 931 343
37 1 1 1 474 925 935 930
38 1 1 1 925 354 933 935
39 1 1 1 935 933 476 934
40 1 1 1 930 935 934 478
41 1 1 1 478 934 939 938
42 1 1 1 934 476 936 939
43 1 1 1 939 936 355 937
44 1 1 1 938 939 937 477
45 1 1 1 343 931 941 342
46 1 1 1 931 478 938 941
47 1 1 1 941 938 477 940
48 1 1 1 342 941 940 341
49 1 1 1 341 940 944 340
50 1 1 1 940 477 942 944
51 1 1 1 944 942 480 943
52 1 1 1 340 944 943 339
53 1 1 1 477 937 947 942
54 1 1 1 937 355 945 947
55 1 1 1 947 945 479 946
56 1 1 1 942 947 946 480
57 1 1 1 480 946 950 949
58 1 1 1 946 479 948 950
59 1 1 1 950 948 334 335
60 1 1 1 949 950 335 336
61 1 1 1 339 943 951 338
62 1 1 1 943 480 949 951
63 1 1 1 951 949 336 337
64 1 1 1 338 951 337 4
65 1 1 1 8 9 954 909
66 1 1 1 9 10 952 954
67 1 1 1 954 952 483 953
68 1 1 1 909 954 953 470
69 1 1 1 10 11 957 952
70 1 1 1 11 12 955 957
71 1 1 1 957 955 481 956
72 1 1 1 952 957 956 483
73 1 1 1 483 956 961 960
74 1 1 1 956 481 958 961
75 1 1 1 961 958 356 959
76 1 1 1 960 961 959 482
77 1 1 1 470 953 963 912
78 1 1 1 953 483 960 963
79 1 1 1 963 960 482 962
80 1 1 1 912 963 962 353
81 1 1 1 353 962 966 921
82 1 1 1 962 482 964 966
83 1 1 1 966 964 486 965
84 1 1 1 921 966 965 473
85 1 1 1 482 959 969 964
86 1 1 1 959 356 967 969
87 1 1 1 969 967 484 968
88 1 1 1 964 969 968 486
89 1 1 1 486 968 973 972
90 1 1 1 968 484 970 973
91 1 1 1 973 970 357 971
92 1 1 1 972 973 971 485
93 1 1 1 473 965 975 924
94 1 1 1 965 486 972 975
95 1 1 1 975 972 485 974
96 1 1 1 924 975 974 354
97 1 1 1 354 974 978 933
98 1 1 1 974 485 976 978
99 1 1 1 978 976 489 977
100 1 1 1 933 978 977 476
101 1 1 1 485 971 981 976
102 1 1 1 971 357 979 981
103 1 1 1 981 979 487 980
104 1 1 1 976 981 980 489
105 1 1 1 489 980 985 984
106 1 1 1 980 487 982 985
107 1 1 1 985 982 358 983
108 1 1 1 984 985 983 488
109 1 1 1 476 977 987 936
110 1 1 1 977 489 984 987
111 1 1 1 987 984 488 986
112 1 1 1 936 987 986 355
113 1 1 1 355 986 990 945
114 1 1 1 986 488 988 990
115 1 1 1 990 988 491 989
116 1 1 1 945 990 989 479
117 1 1 1 488 983 993 988
118 1 1 1 983 358 991 993
119 1 1 1 993 991 490 992
120 1 1 1 988 993 992 491
121 1 1 1 491 992 996 995
122 1 1 1 992 490 994 996
123 1 1 1 996 994 330 331
124 1 1 1 995 996 331 332
125 1 1 1 479 989 997 948
126 1 1 1 989 491 995 997
127 1 1 1 997 995 332 333
128 1 1 1 948 997 333 334
129 1 1 1 12 13 1000 955
130 1 1 1 13 14 998 1000
131 1 1 1 1000 998 494 999
132 1 1 1 955 1000 999 481
133 1 1 1 14 15 1003 998
134 1 1 1 15 16 1001 1003
135 1 1 1 1003 1001 492 1002
136 1 1 1 998 1003 1002 494
137 1 1 1 494 1002 1007 1006
138 1 1 1 1002 492 1004 1007
139 1 1 1 1007 1004 359 1005
140 1 1 1 1006 1007 1005 493
141 1 1 1 481 999 1009 958
142 1 1 1 999 494 1006 1009
143 1 1 1 1009 1006 493 1008
144 1 1 1 958 1009 1008 356
145 1 1 1 356 1008 1012 967
146 1 1 1 1008 493 1010 1012
147 1 1 1 1012 1010 497 1011
148 1 1 1 967 1012 1011 484
149 1 1 1 493 1005 1015 1010
150 1 1 1 1005 359 1013 1015
151 1 1 1 1015 1013 495 1014
152 1 1 1 1010 1015 1014 497
153 1 1 1 497 1014 1019 1018
154 1 1 1 1014 495 1016 1019
155 1 1 1 1019 1016 360 1017
156 1 1 1 1018 1019 1017 496
157 1 1 1 484 1011 1021 970
158 1 1 1 1011 497 1018 1021
159 1 1 1 1021 1018 496 1020
160 1 1 1 970 1021 1020 357
161 1 1 1 357 1020 1024 979
162 1 1 1 1020 496 1022 1024
163 1 1 1 1024 1022 500 1023
164 1 1 1 979 1024 1023 487
165 1 1 1 496 1017 1027 1022
166 1 1 1 1017 360 1025 1027
167 1 1 1 1027 1025 498 1026
168 1 1 1 1022 1027 1026 500
169 1 1 1 500 1026 1031 1030
170 1 1 1 1026 498 1028 1031
171 1 1 1 1031 1028 361 1029
172 1 1 1 1030 1031 1029 499
173 1 1 1 487 1023 1033 982
174 1 1 1 1023 500 1030 1033
175 1 1 1 1033 1030 499 1032
176 1 1 1 982 1033 1032 358
177 1 1 1 358 1032 1036 991
178 1 1 1 1032 499 1034 1036
179 1 1 1 1036 1034 502 1035
180 1 1 1 991 1036 1035 490
181 1 1 1 499 1029 1039 1034
182 1 1 1 1029 361 1037 1039
183 1 1 1 1039 1037 501 1038
184 1 1 1 1034 1039 1038 502
185 1 1 1 502 1038 1042 1041
186 1 1 1 1038 501 1040 1042
187 1 1 1 1042 1040 326 327
188 1 1 1 1041 1042 327 328
189 1 1 1 490 1035 1043 994
190 1 1 1 1035 502 1041 1043
191 1 1 1 1043 1041 328 329
192 1 1 1 994 1043 329 330
193 1 1 1 16 17 1046 1001
194 1 1 1 17 18 1044 1046
195 1 1 1 1046 1044 505 1045
196 1 1 1 1001 1046 1045 492
197 1 1 1 18 19 1049 1044
198 1 1 1 19 20 1047 1049
199 1 1 1 1049 1047 503 1048
200 1 1 1 1044 1049 1048 505
201 1 1 1 505 1048 1053 1052
202 1 1 1 1048 503 1050 1053
203 1 1 1 1053 1050 362 1051
204 1 1 1 1052 1053 1051 504
205 1 1 1 492 1045 1055 1004
206 1 1 1 1045 505 1052 1055
207 1 1 1 1055 1052 504 1054
208 1 1 1 1004 1055 1054 359
209 1 1 1 359 1054 1058 1013
210 1 1 1 1054 504 1056 1058
211 1 1 1 1058 1056 508 1057
212 1 1 1 1013 1058 1057 495
213 1 1 1 504 1051 1061 1056
214 1 1 1 1051 362 1059 1061
215 1 1 1 1061 1059 506 1060
216 1 1 1 1056 1061 1060 508
217 1 1 1 508 1060 1065 1064
218 1 1 1 1060 506 1062 1065
219 1 1 1 1065 1062 363 1063
220 1 1 1 1064 1065 1063 507
221 1 1 1 495 1057 1067 1016
222 1 1 1 1057 508 1064 1067
223 1 1 1 1067 1064 507 1066
224 1 1 1 1016 1067 1066 360
225 1 1 1 360 1066 1070 1025
226 1 1 1 1066 507 1068 1070
227 1 1 1 1070 1068 511 1069
228 1 1 1 1025 1070 1069 498
229 1 1 1 507 1063 1073 1068
230 1 1 1 1063 363 1071 1073
231 1 1 1 1073 1071 509 1072
232 1 1 1 1068 1073 1072 511
233 1 1 1 511 1072 1077 1076
234 1 1 1 1072 509 1074 1077
235 1 1 1 1077 1074 364 1075
236 1 1 1 1076 1077 1075 510
237 1 1 1 498 1069 1079 1028
238 1 1 1 1069 511 1076 1079
239 1 1 1 1079 1076 510 1078
240 1 1 1 1028 1079 1078 361
241 1 1 1 361 1078 1082 1037
242 1 1 1 1078 510 1080 1082
243 1 1 1 1082 1080 513 1081
244 1 1 1 1037 1082 1081 501
245 1 1 1 510 1075 1085 1080
246 1 1 1 1075 364 1083 1085
247 1 1 1 1085 1083 512 1084
248 1 1 1 1080 1085 1084 513
249 1 1 1 513 1084 1088 1087
250 1 1 1 1084 512 1086 1088
251 1 1 1 1088 1086 322 323
252 1 1 1 1087 1088 323 324
253 1 1 1 501 1081 1089 1040
254 1 1 1 1081 513 1087 1089
255 1 1 1 1089 1087 324 325
256 1 1 1 1040 1089 325 326
257 1 1 1 20 21 1092 1047
258 1 1 1 21 22 1090 1092
259 1 1 1 1092 1090 516 1091
260 1 1 1 1047 1092 1091 503
261 1 1 1 22 23 1095 1090
262 1 1 1 23 24 1093 1095
263 1 1 1 1095 1093 514 1094
264 1 1 1 1090 1095 1094 516
265 1 1 1 516 1094 1099 1098
266 1 1 1 1094 514 1096 1099
267 1 1 1 1099 1096 365 1097
268 1 1 1 1098 1099 1097 515
269 1 1 1 503 1091 1101 1050
270 1 1 1 1091 516 1098 1101
271 1 1 1 1101 1098 515 1100
272 1 1 1 1050 1101 1100 362
273 1 1 1 362 1100 1104 1059
274 1 1 1 1100 515 1102 1104
275 1 1 1 1104 1102 519 1103
276 1 1 1 1059 1104 1103 506
277 1 1 1 515 1097 1107 1102
278 1 1 1 1097 365 1105 1107
279 1 1 1 1107 1105 517 1106
280 1 1 1 1102 1107 1106 519
281 1 1 1 519 1106 1111 1110
282 1 1 1 1106 517 1108 1111
283 1 1 1 1111 1108 366 1109
284 1 1 1 1110 1111 1109 518
285 1 1 1 506 1103 1113 1062
286 1 1 1 1103 519 1110 1113
287 1 1 1 1113 1110 518 1112
288 1 1 1 1062 1113 1112 363
289 1 1 1 363 1112 1116 1071
290 1 1 1 1112 518 1114 1116
291 1 1 1 1116 1114 522 1115
292 1 1 1 1071 1116 1115 509
293 1 1 1 518 1109 1119 1114
294 1 1 1 1109 366 1117 1119
295 1 1 1 1119 1117 520 1118
296 1 1 1 1114 1119 1118 522
297 1 1 1 522 1118 1123 1122
298 1 1 1 1118 520 1120 1123
299 1 1 1 1123 1120 367 1121
300 1 1 1 1122 1123 1121 521
301 1 1 1 509 1115 1125 1074
302 1 1 1 1115 522 1122 1125
303 1 1 1 1125 1122 521 1124
304 1 1 1 1074 1125 1124 364
305 1 1 1 364 1124 1128 1083
306 1 1 1 1124 521 1126 1128
307 1 1 1 1128 1126 524 1127
308 1 1 1 1083 1128 1127 512
309 1 1 1 521 1121 1131 1126
310 1 1 1 1121 367 1129 1131
311 1 1 1 1131 1129 523 1130
312 1 1 1 1126 1131 1130 524
313 1 1 1 524 1130 1134 1133
314 1 1 1 1130 523 1132 1134
315 1 1 1 1134 1132 318 319
316 1 1 1 1133 1134 319 320
317 1 1 1 512 1127 1135 1086
318 1 1 1 1127 524 1133 1135
319 1 1 1 1135 1133 320 321
320 1 1 1 1086 1135 321 322
321 1 1 1 24 25 1138 1093
322 1 1 1 25 26 1136 1138
323 1 1 1 1138 1136 527 1137
324 1 1 1 1093 1138 1137 514
325 1 1 1 26 27 1141 1136
326 1 1 1 27 28 1139 1141
327 1 1 1 1141 1139 525 1140
328 1 1 1 1136 1141 1140 527
329 1 1 1 527 1140 1145 1144
330 1 1 1 1140 525 1142 1145
331 1 1 1 1145 1142 368 1143
332 1 1 1 1144 1145 1143 526
333 1 1 1 514 1137 1147 1096
334 1 1 1 1137 527 1144 1147
335 1 1 1 1147 1144 526 1146
336 1 1 1 1096 1147 1146 365
337 1 1 1 365 1146 1150 1105
338 1 1 1 1146 526 1148 1150
339 1 1 1 1150 1148 530 1149
340 1 1 1 1105 1150 1149 517
341 1 1 1 526 1143 1153 1148
342 1 1 1 1143 368 1151 1153
343 1 1 1 1153 1151 528 1152
344 1 1 1 1148 1153 1152 530
345 1 1 1 530 1152 1157 1156
346 1 1 1 1152 528 1154 1157
347 1 1 1 1157 1154 369 1155
348 1 1 1 1156 1157 1155 529
349 1 1 1 517 1149 1159 1108
350 1 1 1 1149 530 1156 1159
351 1 1 1 1159 1156 529 1158
352 1 1 1 1108 1159 1158 366
353 1 1 1 366 1158 1162 1117
354 1 1 1 1158 529 1160 1162
355 1 1 1 1162 1160 533 1161
356 1 1 1 1117 1162 1161 520
357 1 1 1 529 1155 1165 1160
358 1 1 1 1155 369 1163 1165
359 1 1 1 1165 1163 531 1164
360 1 1 1 1160 1165 1164 533
361 1 1 1 533 1164 1169 1168
362 1 1 1 1164 531 1166 1169
363 1 1 1 1169 1166 370 1167
364 1 1 1 1168 1169 1167 532
365 1 1 1 520 1161 1171 1120
366 1 1 1 1161 533 1168 1171
367 1 1 1 1171 1168 532 1170
368 1 1 1 1120 1171 1170 367
369 1 1 1 367 1170 1174 1129
370 1 1 1 1170 532 1172 1174
371 1 1 1 1174 1172 535 1173
372 1 1 1 1129 1174 1173 523
373 1 1 1 532 1167 1177 1172
374 1 1 1 1167 370 1175 1177
375 1 1 1 1177 1175 534 1176
376 1 1 1 1172 1177 1176 535
377 1 1 1 535 1176 1180 1179
378 1 1 1 1176 534 1178 1180
379 1 1 1 1180 1178 314 315
380 1 1 1 1179 1180 315 316
381 1 1 1 523 1173 1181 1132
382 1 1 1 1173 535 1179 1181
383 1 1 1 1181 1179 316 317
384 1 1 1 1132 1181 317 318
385 1 1 1 28 29 1184 1139
386 1 1 1 29 30 1182 1184
387 1 1 1 1184 1182 538 1183
388 1 1 1 1139 1184 1183 525
389 1 1 1 30 31 1187 1182
390 1 1 1 31 32 1185 1187
391 1 1 1 1187 1185 536 1186
392 1 1 1 1182 1187 1186 538
393 1 1 1 538 1186 1191 1190
394 1 1 1 1186 536 1188 1191
395 1 1 1 1191 1188 371 1189
396 1 1 1 1190 1191 1189 537
397 1 1 1 525 1183 1193 1142
398 1 1 1 1183 538 1190 1193
399 1 1 1 1193 1190 537 1192
400 1 1 1 1142 1193 1192 368
401 1 1 1 368 1192 1196 1151
402 1 1 1 1192 537 1194 1196
403 1 1 1 1196 1194 541 1195
404 1 1 1 1151 1196 1195 528
405 1 1 1 537 1189 1199 1194
406 1 1 1 1189 371 1197 1199
407 1 1 1 1199 1197 539 1198
408 1 1 1 1194 1199 1198 541
409 1 1 1 541 1198 1203 1202
410 1 1 1 1198 539 1200 1203
411 1 1 1 1203 1200 372 1201
412 1 1 1 1202 1203 1201 540
413 1 1 1 528 1195 1205 1154
414 1 1 1 1195 541 1202 1205
415 1 1 1 1205 1202 540 1204
416 1 1 1 1154 1205 1204 369
417 1 1 1 369 1204 1208 1163
418 1 1 1 1204 540 1206 1208
419 1 1 1 1208 1206 544 1207
420 1 1 1 1163 1208 1207 531
421 1 1 1 540 1201 1211 1206
422 1 1 1 1201 372 1209 1211
423 1 1 1 1211 1209 542 1210
424 1 1 1 1206 1211 1210 544
425 1 1 1 544 1210 1215 1214
426 1 1 1 1210 542 1212 1215
427 1 1 1 1215 1212 373 1213
428 1 1 1 1214 1215 1213 543
429 1 1 1 531 1207 1217 1166
430 1 1 1 1207 544 1214 1217
431 1 1 1 1217 1214 543 1216
432 1 1 1 1166 1217 1216 370
433 1 1 1 370 1216 1220 1175
434 1 1 1 1216 543 1218 1220
435 1 1 1 1220 1218 546 1219
436 1 1 1 1175 1220 1219 534
437 1 1 1 543 1213 1223 1218
438 1 1 1 1213 373 1221 1223
439 1 1 1 1223 1221 545 1222
440 1 1 1 1218 1223 1222 546
441 1 1 1 546 1222 1226 1225
442 1 1 1 1222 545 1224 1226
443 1 1 1 1226 1224 310 311
444 1 1 1 1225 1226 311 312
445 1 1 1 534 1219 1227 1178
446 1 1 1 1219 546 1225 1227
447 1 1 1 1227 1225 312 313
448 1 1 1 1178 1227 313 314
449 1 1 1 32 33 1230 1185
450 1 1 1 33 34 1228 1230
451 1 1 1 1230 1228 549 1229
452 1 1 1 1185 1230 1229 536
453 1 1 1 34 35 1233 1228
454 1 1 1 35 36 1231 1233
455 1 1 1 1233 1231 547 1232
456 1 1 1 1228 1233 1232 549
457 1 1 1 549 1232 1237 1236
458 1 1 1 1232 547 1234 1237
459 1 1 1 1237 1234 374 1235
460 1 1 1 1236 1237 1235 548
461 1 1 1 536 1229 1239 1188
462 1 1 1 1229 549 1236 1239
463 1 1 1 1239 1236 548 1238
464 1 1 1 1188 1239 1238 371
465 1 1 1 371 1238 1242 1197
466 1 1 1 1238 548 1240 1242
467 1 1 1 1242 1240 552 1241
468 1 1 1 1197 1242 1241 539
469 1 1 1 548 1235 1245 1240
470 1 1 1 1235 374 1243 1245
471 1 1 1 1245 1243 550 1244
472 1 1 1 1240 1245 1244 552
473 1 1 1 552 1244 1249 1248
474 1 1 1 1244 550 1246 1249
475 1 1 1 1249 1246 375 1247
476 1 1 1 1248 1249 1247 551
477 1 1 1 539 1241 1251 1200
478 1 1 1 1241 552 1248 1251
479 1 1 1 1251 1248 551 1250
480 1 1 1 1200 1251 1250 372
481 1 1 1 372 1250 1254 1209
482 1 1 1 1250 551 1252 1254
483 1 1 1 1254 1252 555 1253
484 1 1 1 1209 1254 1253 542
485 1 1 1 551 1247 1257 1252
486 1 1 1 1247 375 1255 1257
487 1 1 1 1257 1255 553 1256
488 1 1 1 1252 1257 1256 555
489 1 1 1 555 1256 1261 1260
490 1 1 1 1256 553 1258 1261
491 1 1 1 1261 1258 376 1259
492 1 1 1 1260 1261 1259 554
493 1 1 1 542 1253 1263 1212
494 1 1 1 1253 555 1260 1263
495 1 1 1 1263 1260 554 1262
496 1 1 1 1212 1263 1262 373
497 1 1 1 373 1262 1266 1221
498 1 1 1 1262 554 1264 1266
499 1 1 1 1266 1264 557 1265
500 1 1 1 1221 1266 1265 545
501 1 1 1 554 1259 1269 1264
502 1 1 1 1259 376 1267 1269
503 1 1 1 1269 1267 556 1268
504 1 1 1 1264 1269 1268 557
505 1 1 1 557 1268 1272 1271
506 1 1 1 1268 556 1270 1272
507 1 1 1 1272 1270 306 307
508 1 1 1 1271 1272 307 308
509 1 1 1 545 1265 1273 1224
510 1 1 1 1265 557 1271 1273
511 1 1 1 1273 1271 308 309
512 1 1 1 1224 1273 309 310
513 1 1 1 36 37 1276 1231
514 1 1 1 37 38 1274 1276
515 1 1 1 1276 1274 560 1275
516 1 1 1 1231 1276 1275 547
517 1 1 1 38 39 1279 1274
518 1 1 1 39 40 1277 1279
519 1 1 1 1279 1277 558 1278
520 1 1 1 1274 1279 1278 560
521 1 1 1 560 1278 1283 1282
522 1 1 1 1278 558 1280 1283
523 1 1 1 1283 1280 377 1281
524 1 1 1 1282 1283 1281 559
525 1 1 1 547 1275 1285 1234
526 1 1 1 1275 560 1282 1285
527 1 1 1 1285 1282 559 1284
528 1 1 1 1234 1285 1284 374
529 1 1 1 374 1284 1288 1243
530 1 1 1 1284 559 1286 1288
531 1 1 1 1288 1286 563 1287
532 1 1 1 1243 1288 1287 550
533 1 1 1 559 1281 1291 1286
534 1 1 1 1281 377 1289 1291
535 1 1 1 1291 1289 561 1290
536 1 1 1 1286 1291 1290 563
537 1 1 1 563 1290 1295 1294
538 1 1 1 1290 561 1292 1295
539 1 1 1 1295 1292 378 1293
540 1 1 1 1294 1295 1293 562
541 1 1 1 550 1287 1297 1246
542 1 1 1 1287 563 1294 1297
543 1 1 1 1297 1294 562 1296
544 1 1 1 1246 1297 1296 375
545 1 1 1 375 1296 1300 1255
546 1 1 1 1296 562 1298 1300
547 1 1 1 1300 1298 566 1299
548 1 1 1 1255 1300 1299 553
549 1 1 1 562 1293 1303 1298
550 1 1 1 1293 378 1301 1303
551 1 1 1 1303 1301 564 1302
552 1 1 1 1298 1303 1302 566
553 1 1 1 566 1302 1307 1306
554 1 1 1 1302 564 1304 1307
555 1 1 1 1307 1304 379 1305
556 1 1 1 1306 1307 1305 565
557 1 1 1 553 1299 1309 1258
558 1 1 1 1299 566 1306 1309
559 1 1 1 1309 1306 565 1308
560 1 1 1 1258 1309 1308 376
561 1 1 1 376 1308 1312 1267
562 1 1 1 1308 565 1310 1312
563 1 1 1 1312 1310 568 1311
564 1 1 1 1267 1312 1311 556
565 1 1 1 565 1305 1315 1310
566 1 1 1 1305 379 1313 1315
567 1 1 1 1315 1313 567 1314
568 1 1 1 1310 1315 1314 568
569 1 1 1 568 1314 1318 1317
570 1 1 1 1314 567 1316 1318
571 1 1 1 1318 1316 302 303
572 1 1 1 1317 1318 303 304
573 1 1 1 556 1311 1319 1270
574 1 1 1 1311 568 1317 1319
575 1 1 1 1319 1317 304 305
576 1 1 1 1270 1319 305 306
577 1 1 1 40 41 1322 1277
578 1 1 1 41 42 1320 1322
579 1 1 1 1322 1320 571 1321
580 1 1 1 1277 1322 1321 558
581 1 1 1 42 43 1325 1320
582 1 1 1 43 44 1323 1325
583 1 1 1 1325 1323 569 1324
584 1 1 1 1320 1325 1324 571
585 1 1 1 571 1324 1329 1328
586 1 1 1 1324 569 1326 1329
587 1 1 1 1329 1326 380 1327
588 1 1 1 1328 1329 1327 570
589 1 1 1 558 1321 1331 1280
590 1 1 1 1321 571 1328 1331
591 1 1 1 1331 1328 570 1330
592 1 1 1 1280 1331 1330 377
593 1 1 1 377 1330 1334 1289
594 1 1 1 1330 570 1332 1334
595 1 1 1 1334 1332 574 1333
596 1 1 1 1289 1334 1333 561
597 1 1 1 570 1327 1337 1332
598 1 1 1 1327 380 1335 1337
599 1 1 1 1337 1335 572 1336
600 1 1 1 1332 1337 1336 574
601 1 1 1 574 1336 1341 1340
602 1 1 1 1336 572 1338 1341
603 1 1 1 1341 1338 381 1339
604 1 1 1 1340 1341 1339 573
605 1 1 1 561 1333 1343 1292
606 1 1 1 1333 574 1340 1343
607 1 1 1 1343 1340 573 1342
608 1 1 1 1292 1343 1342 378
609 1 1 1 378 1342 1346 1301
610 1 1 1 1342 573 1344 1346
611 1 1 1 1346 1344 577 1345
612 1 1 1 1301 1346 1345 564
613 1 1 1 573 1339 1349 1344
614 1 1 1 1339 381 1347 1349
615 1 1 1 1349 1347 575 1348
616 1 1 1 1344 1349 1348 577
617 1 1 1 577 1348 1353 1352
618 1 1 1 1348 575 1350 1353
619 1 1 1 1353 1350 382 1351
620 1 1 1 1352 1353 1351 576
621 1 1 1 564 1345 1355 1304
622 1 1 1 1345 577 1352 1355
623 1 1 1 1355 1352 576 1354
624 1 1 1 1304 1355 1354 379
625 1 1 1 379 1354 1358 1313
626 1 1 1 1354 576 1356 1358
627 1 1 1 1358 1356 579 1357
628 1 1 1 1313 1358 1357 567
629 1 1 1 576 1351 1361 1356
630 1 1 1 1351 382 1359 1361
631 1 1 1 1361 1359 578 1360
632 1 1 1 1356 1361 1360 579
633 1 1 1 579 1360 1364 1363
634 1 1 1 1360 578 1362 1364
635 1 1 1 1364 1362 298 299
636 1 1 1 1363 1364 299 300
637 1 1 1 567 1357 1365 1316
638 1 1 1 1357 579 1363 1365
639 1 1 1 1365 1363 300 301
640 1 1 1 1316 1365 301 302
641 1 1 1 44 45 1368 1323
642 1 1 1 45 46 1366 1368
643 1 1 1 1368 1366 582 1367
644 1 1 1 1323 1368 1367 569
645 1 1 1 46 47 1371 1366
646 1 1 1 47 48 1369 1371
647 1 1 1 1371 1369 580 1370
648 1 1 1 1366 1371 1370 582
649 1 1 1 582 1370 1375 1374
650 1 1 1 1370 580 1372 1375
651 1 1 1 1375 1372 383 1373
652 1 1 1 1374 1375 1373 581
653 1 1 1 569 1367 1377 1326
654 1 1 1 1367 582 1374 1377
655 1 1 1 1377 1374 581 1376
656 1 1 1 1326 1377 1376 380
657 1 1 1 380 1376 1380 1335
658 1 1 1 1376 581 1378 1380
659 1 1 1 1380 1378 585 1379
660 1 1 1 1335 1380 1379 572
661 1 1 1 581 1373 1383 1378
662 1 1 1 1373 383 1381 1383
663 1 1 1 1383 1381 583 1382
664 1 1 1 1378 1383 1382 585
665 1 1 1 585 1382 1387 1386
666 1 1 1 1382 583 1384 1387
667 1 1 1 1387 1384 384 1385
668 1 1 1 1386 1387 1385 584
669 1 1 1 572 1379 1389 1338
670 1 1 1 1379 585 1386 1389
671 1 1 1 1389 1386 584 1388
672 1 1 1 1338 1389 1388 381
673 1 1 1 381 1388 1392 1347
674 1 1 1 1388 584 1390 1392
675 1 1 1 1392 1390 588 1391
676 1 1 1 1347 1392 1391 575
677 1 1 1 584 1385 1395 1390
678 1 1 1 1385 384 1393 1395
679 1 1 1 1395 1393 586 1394
680 1 1 1 1390 1395 1394 588
681 1 1 1 588 1394 1399 1398
682 1 1 1 1394 586 1396 1399
683 1 1 1 1399 1396 385 1397
684 1 1 1 1398 1399 1397 587
685 1 1 1 575 1391 1401 1350
686 1 1 1 1391 588 1398 1401
687 1 1 1 1401 1398 587 1400
688 1 1 1 1350 1401 1400 382
689 1 1 1 382 1400 1404 1359
690 1 1 1 1400 587 1402 1404
691 1 1 1 1404 1402 590 1403
692 1 1 1 1359 1404 1403 578
693 1 1 1 587 1397 1407 1402
694 1 1 1 1397 385 1405 1407
695 1 1 1 1407 1405 589 1406
696 1 1 1 1402 1407 1406 590
697 1 1 1 590 1406 1410 1409
698 1 1 1 1406 589 1408 1410
699 1 1 1 1410 1408 294 295
700 1 1 1 1409 1410 295 296
701 1 1 1 578 1403 1411 1362
702 1 1 1 1403 590 1409 1411
703 1 1 1 1411 1409 296 297
704 1 1 1 1362 1411 297 298
705 1 1 1 48 49 1414 1369
706 1 1 1 49 50 1412 1414
707 1 1 1 1414 1412 593 1413
708 1 1 1 1369 1414 1413 580
709 1 1 1 50 51 1417 1412
710 1 1 1 51 52 1415 1417
711 1 1 1 1417 1415 591 1416
712 1 1 1 1412 1417 1416 593
713 1 1 1 593 1416 1421 1420
714 1 1 1 1416 591 1418 1421
715 1 1 1 1421 1418 386 1419
716 1 1 1 1420 1421 1419 592
717 1 1 1 580 1413 1423 1372
718 1 1 1 1413 593 1420 1423
719 1 1 1 1423 1420 592 1422
720 1 1 1 1372 1423 1422 383
721 1 1 1 383 1422 1426 1381
722 1 1 1 1422 592 1424 1426
723 1 1 1 1426 1424 596 1425
724 1 1 1 1381 1426 1425 583
725 1 1 1 592 1419 1429 1424
726 1 1 1 1419 386 1427 1429
727 1 1 1 1429 1427 594 1428
728 1 1 1 1424 1429 1428 596
729 1 1 1 596 1428 1433 1432
730 1 1 1 1428 594 1430 1433
731 1 1 1 1433 1430 387 1431
732 1 1 1 1432 1433 1431 595
733 1 1 1 583 1425 1435 1384
734 1 1 1 1425 596 1432 1435
735 1 1 1 1435 1432 595 1434
736 1 1 1 1384 1435 1434 384
737 1 1 1 384 1434 1438 1393
738 1 1 1 1434 595 1436 1438
739 1 1 1 1438 1436 599 1437
740 1 1 1 1393 1438 1437 586
741 1 1 1 595 1431 1441 1436
742 1 1 1 1431 387 1439 1441
743 1 1 1 1441 1439 597 1440
744 1 1 1 1436 1441 1440 599
745 1 1 1 599 1440 1445 1444
746 1 1 1 1440 597 1442 1445
747 1 1 1 1445 1442 388 1443
748 1 1 1 1444 1445 1443 598
749 1 1 1 586 1437 1447 1396
750 1 1 1 1437 599 1444 1447
751 1 1 1 1447 1444 598 1446
752 1 1 1 1396 1447 1446 385
753 1 1 1 385 1446 1450 1405
754 1 1 1 1446 598 1448 1450
755 1 1 1 1450 1448 601 1449
756 1 1 1 1405 1450 1449 589
757 1 1 1 598 1443 1453 1448
758 1 1 1 1443 388 1451 1453
759 1 1 1 1453 1451 600 1452
760 1 1 1 1448 1453 1452 601
761 1 1 1 601 1452 1456 1455
762 1 1 1 1452 600 1454 1456
763 1 1 1 1456 1454 290 291
764 1 1 1 1455 1456 291 292
765 1 1 1 589 1449 1457 1408
766 1 1 1 1449 601 1455 1457
767 1 1 1 1457 1455 292 293
768 1 1 1 1408 1457 293 294
769 1 1 1 52 53 1460 1415
770 1 1 1 53 54 1458 1460
771 1 1 1 1460 1458 604 1459
772 1 1 1 1415 1460 1459 591
773 1 1 1 54 55 1463 1458
774 1 1 1 55 56 1461 1463
775 1 1 1 1463 1461 602 1462
776 1 1 1 1458 1463 1462 604
777 1 1 1 604 1462 1467 1466
778 1 1 1 1462 602 1464 1467
779 1 1 1 1467 1464 389 1465
780 1 1 1 1466 1467 1465 603
781 1 1 1 591 1459 1469 1418
782 1 1 1 1459 604 1466 1469
783 1 1 1 1469 1466 603 1468
784 1 1 1 1418 1469 1468 386
785 1 1 1 386 1468 1472 1427
786 1 1 1 1468 603 1470 1472
787 1 1 1 1472 1470 607 1471
788 1 1 1 1427 1472 1471 594
789 1 1 1 603 1465 1475 1470
790 1 1 1 1465 389 1473 1475
791 1 1 1 1475 1473 605 1474
792 1 1 1 1470 1475 1474 607
793 1 1 1 607 1474 1479 1478
794 1 1 1 1474 605 1476 1479
795 1 1 1 1479 1476 390 1477
796 1 1 1 1478 1479 1477 606
797 1 1 1 594 1471 1481 1430
798 1 1 1 1471 607 1478 1481
799 1 1 1 1481 1478 606 1480
800 1 1 1 1430 1481 1480 387
801 1 1 1 387 1480 1484 1439
802 1 1 1 1480 606 1482 1484
803 1 1 1 1484 1482 610 1483
804 1 1 1 1439 1484 1483 597
805 1 1 1 606 1477 1487 1482
806 1 1 1 1477 390 1485 1487
807 1 1 1 1487 1485 608 1486
808 1 1 1 1482 1487 1486 610
809 1 1 1 610 1486 1491 1490
810 1 1 1 1486 608 1488 1491
811 1 1 1 1491 1488 391 1489
812 1 1 1 1490 1491 1489 609
813 1 1 1 597 1483 1493 1442
814 1 1 1 1483 610 1490 1493
815 1 1 1 1493 1490 609 1492
816 1 1 1 1442 1493 1492 388
817 1 1 1 388 1492 1496 1451
818 1 1 1 1492 609 1494 1496
819 1 1 1 1496 1494 612 1495
820 1 1 1 1451 1496 1495 600
821 1 1 1 609 1489 1499 1494
822 1 1 1 1489 391 1497 1499
823 1 1 1 1499 1497 611 1498
824 1 1 1 1494 1499 1498 612
825 1 1 1 612 1498 1502 1501
826 1 1 1 1498 611 1500 1502
827 1 1 1 1502 1500 286 287
828 1 1 1 1501 1502 287 288
829 1 1 1 600 1495 1503 1454
830 1 1 1 1495 612 1501 1503
831 1 1 1 1503 1501 288 289
832 1 1 1 1454 1503 289 290
833 1 1 1 56 57 1506 1461
834 1 1 1 57 58 1504 1506
835 1 1 1 1506 1504 615 1505
836 1 1 1 1461 1506 1505 602
837 1 1 1 58 59 1509 1504
838 1 1 1 59 60 1507 1509
839 1 1 1 1509 1507 613 1508
840 1 1 1 1504 1509 1508 615
841 1 1 1 615 1508 1513 1512
842 1 1 1 1508 613 1510 1513
843 1 1 1 1513 1510 392 1511
844 1 1 1 1512 1513 1511 614
845 1 1 1 602 1505 1515 1464
846 1 1 1 1505 615 1512 1515
847 1 1 1 1515 1512 614 1514
848 1 1 1 1464 1515 1514 389
849 1 1 1 389 1514 1518 1473
850 1 1 1 1514 614 1516 1518
851 1 1 1 1518 1516 618 1517
852 1 1 1 1473 1518 1517 605
853 1 1 1 614 1511 1521 1516
854 1 1 1 1511 392 1519 1521
855 1 1 1 1521 1519 616 1520
856 1 1 1 1516 1521 1520 618
857 1 1 1 618 1520 1525 1524
858 1 1 1 1520 616 1522 1525
859 1 1 1 1525 1522 393 1523
860 1 1 1 1524 1525 1523 617
861 1 1 1 605 1517 1527 1476
862 1 1 1 1517 618 1524 1527
863 1 1 1 1527 1524 617 1526
864 1 1 1 1476 1527 1526 390
865 1 1 1 390 1526 1530 1485
866 1 1 1 1526 617 1528 1530
867 1 1 1 1530 1528 621 1529
868 1 1 1 1485 1530 1529 608
869 1 1 1 617 1523 1533 1528
870 1 1 1 1523 393 1531 1533
871 1 1 1 1533 1531 619 1532
872 1 1 1 1528 1533 1532 621
873 1 1 1 621 1532 1537 1536
874 1 1 1 1532 619 1534 1537
875 1 1 1 1537 1534 394 1535
876 1 1 1 1536 1537 1535 620
877 1 1 1 608 1529 1539 1488
878 1 1 1 1529 621 1536 1539
879 1 1 1 1539 1536 620 1538
880 1 1 1 1488 1539 1538 391
881 1 1 1 391 1538 1542 1497
882 1 1 1 1538 620 1540 1542
883 1 1 1 1542 1540 623 1541
884 1 1 1 1497 1542 1541 611
885 1 1 1 620 1535 1545 1540
886 1 1 1 1535 394 1543 1545
887 1 1 1 1545 1543 622 1544
888 1 1 1 1540 1545 1544 623
889 1 1 1 623 1544 1548 1547
890 1 1 1 1544 622 1546 1548
891 1 1 1 1548 1546 282 283
892 1 1 1 1547 1548 283 284
893 1 1 1 611 1541 1549 1500
894 1 1 1 1541 623 1547 1549
895 1 1 1 1549 1547 284 285
896 1 1 1 1500 1549 285 286
897 1 1 1 60 61 1552 1507
898 1 1 1 61 62 1550 1552
899 1 1 1 1552 1550 626 1551
900 1 1 1 1507 1552 1551 613
901 1 1 1 62 63 1555 1550
902 1 1 1 63 64 1553 1555
903 1 1 1 1555 1553 624 1554
904 1 1 1 1550 1555 1554 626
905 1 1 1 626 1554 1559 1558
906 1 1 1 1554 624 1556 1559
907 1 1 1 1559 1556 395 1557
908 1 1 1 1558 1559 1557 625
909 1 1 1 613 1551 1561 1510
910 1 1 1 1551 626 1558 1561
911 1 1 1 1561 1558 625 1560
912 1 1 1 1510 1561 1560 392
913 1 1 1 392 1560 1564 1519
914 1 1 1 1560 625 1562 1564
915 1 1 1 1564 1562 629 1563
916 1 1 1 1519 1564 1563 616
917 1 1 1 625 1557 1567 1562
918 1 1 1 1557 395 1565 1567
919 1 1 1 1567 1565 627 1566
920 1 1 1 1562 1567 1566 629
921 1 1 1 629 1566 1571 1570
922 1 1 1 1566 627 1568 1571
923 1 1 1 1571 1568 396 1569
924 1 1 1 1570 1571 1569 628
925 1 1 1 616 1563 1573 1522
926 1 1 1 1563 629 1570 1573
927 1 1 1 1573 1570 628 1572
928 1 1 1 1522 1573 1572 393
929 1 1 1 393 1572 1576 1531
930 1 1 1 1572 628 1574 1576
931 1 1 1 1576 1574 632 1575
932 1 1 1 1531 1576 1575 619
933 1 1 1 628 1569 1579 1574
934 1 1 1 1569 396 1577 1579
935 1 1 1 1579 1577 630 1578
936 1 1 1 1574 1579 1578 632
937 1 1 1 632 1578 1583 1582
938 1 1 1 1578 630 1580 1583
939 1 1 1 1583 1580 397 1581
940 1 1 1 1582 1583 1581 631
941 1 1 1 619 1575 1585 1534
942 1 1 1 1575 632 1582 1585
943 1 1 1 1585 1582 631 1584
944 1 1 1 1534 1585 1584 394
945 1 1 1 394 1584 1588 1543
946 1 1 1 1584 631 1586 1588
947 1 1 1 1588 1586 634 1587
948 1 1 1 1543 1588 1587 622
949 1 1 1 631 1581 1591 1586
950 1 1 1 1581 397 1589 1591
951 1 1 1 1591 1589 633 1590
952 1 1 1 1586 1591 1590 634
953 1 1 1 634 1590 1594 1593
954 1 1 1 1590 633 1592 1594
955 1 1 1 1594 1592 278 279
956 1 1 1 1593 1594 279 280
957 1 1 1 622 1587 1595 1546
958 1 1 1 1587 634 1593 1595
959 1 1 1 1595 1593 280 281
960 1 1 1 1546 1595 281 282
961 1 1 1 64 65 1598 1553
962 1 1 1 65 66 1596 1598
963 1 1 1 1598 1596 637 1597
964 1 1 1 1553 1598 1597 624
965 1 1 1 66 67 1601 1596
966 1 1 1 67 68 1599 1601
967 1 1 1 1601 1599 635 1600
968 1 1 1 1596 1601 1600 637
969 1 1 1 637 1600 1605 1604
970 1 1 1 1600 635 1602 1605
971 1 1 1 1605 1602 398 1603
972 1 1 1 1604 1605 1603 636
973 1 1 1 624 1597 1607 1556
974 1 1 1 1597 637 1604 1607
975 1 1 1 1607 1604 636 1606
976 1 1 1 1556 1607 1606 395
977 1 1 1 395 1606 1610 1565
978 1 1 1 1606 636 1608 1610
979 1 1 1 1610 1608 640 1609
980 1 1 1 1565 1610 1609 627
981 1 1 1 636 1603 1613 1608
982 1 1 1 1603 398 1611 1613
983 1 1 1 1613 1611 638 1612
984 1 1 1 1608 1613 1612 640
985 1 1 1 640 1612 1617 1616
986 1 1 1 1612 638 1614 1617
987 1 1 1 1617 1614 399 1615
988 1 1 1 1616 1617 1615 639
989 1 1 1 627 1609 1619 1568
990 1 1 1 1609 640 1616 1619
991 1 1 1 1619 1616 639 1618
992 1 1 1 1568 1619 1618 396
993 1 1 1 396 1618 1622 1577
994 1 1 1 1618 639 1620 1622
995 1 1 1 1622 1620 643 1621
996 1 1 1 1577 1622 1621 630
997 1 1 1 639 1615 1625 1620
998 1 1 1 1615 399 1623 1625
999 1 1 1 1625 1623 641 1624
1000 1 1 1 1620 1625 1624 643
1001 1 1 1 643 1624 1629 1628
1002 1 1 1 1624 641 1626 1629
1003 1 1 1 1629 1626 400 1627
1004 1 1 1 1628 1629 1627 642
1005 1 1 1 630 1621 1631 1580
1006 1 1 1 1621 643 1628 1631
1007 1 1 1 1631 1628 642 1630
1008 1 1 1 1580 1631 1630 397
1009 1 1 1 397 1630 1634 1589
1010 1 1 1 1630 642 1632 1634
1011 1 1 1 1634 1632 645 1633
1012 1 1 1 1589 1634 1633 633
1013 1 1 1 642 1627 1637 1632
1014 1 1 1 1627 400 1635 1637
1015 1 1 1 1637 1635 644 1636
1016 1 1 1 1632 1637 1636 645
1017 1 1 1 645 1636 1640 1639
1018 1 1 1 1636 644 1638 1640
1019 1 1 1 1640 1638 274 275
1020 1 1 1 1639 1640 275 276
1021 1 1 1 633 1633 1641 1592
1022 1 1 1 1633 645 1639 1641
1023 1 1 1 1641 1639 276 277
1024 1 1 1 1592 1641 277 278
1025 1 1 1 68 69 1644 1599
1026 1 1 1 69 70 1642 1644
1027 1 1 1 1644 1642 648 1643
1028 1 1 1 1599 1644 1643 635
1029 1 1 1 70 71 1647 1642
1030 1 1 1 71 72 1645 1647
1031 1 1 1 1647 1645 646 1646
1032 1 1 1 1642 1647 1646 648
1033 1 1 1 648 1646 1651 1650
1034 1 1 1 1646 646 1648 1651
1035 1 1 1 1651 1648 401 1649
1036 1 1 1 1650 1651 1649 647
1037 1 1 1 635 1643 1653 1602
1038 1 1 1 1643 648 1650 1653
1039 1 1 1 1653 1650 647 1652
1040 1 1 1 1602 1653 1652 398
1041 1 1 1 398 1652 1656 1611
1042 1 1 1 1652 647 1654 1656
1043 1 1 1 1656 1654 651 1655
1044 1 1 1 1611 1656 1655 638
1045 1 1 1 647 1649 1659 1654
1046 1 1 1 1649 401 1657 1659
1047 1 1 1 1659 1657 649 1658
1048 1 1 1 1654 1659 1658 651
1049 1 1 1 651 1658 1663 1662
1050 1 1 1 1658 649 1660 1663
1051 1 1 1 1663 1660 402 1661
1052 1 1 1 1662 1663 1661 650
1053 1 1 1 638 1655 1665 1614
1054 1 1 1 1655 651 1662 1665
1055 1 1 1 1665 1662 650 1664
1056 1 1 1 1614 1665 1664 399
1057 1 1 1 399 1664 1668 1623
1058 1 1 1 1664 650 1666 1668
1059 1 1 1 1668 1666 654 1667
1060 1 1 1 1623 1668 1667 641
1061 1 1 1 650 1661 1671 1666
1062 1 1 1 1661 402 1669 1671
1063 1 1 1 1671 1669 652 1670
1064 1 1 1 1666 1671 1670 654
1065 1 1 1 654 1670 1675 1674
1066 1 1 1 1670 652 1672 1675
1067 1 1 1 1675 1672 403 1673
1068 1 1 1 1674 1675 1673 653
1069 1 1 1 641 1667 1677 1626
1070 1 1 1 1667 654 1674 1677
1071 1 1 1 1677 1674 653 1676
1072 1 1 1 1626 1677 1676 400
1073 1 1 1 400 1676 1680 1635
1074 1 1 1 1676 653 1678 1680
1075 1 1 1 1680 1678 656 1679
1076 1 1 1 1635 1680 1679 644
1077 1 1 1 653 1673 1683 1678
1078 1 1 1 1673 403 1681 1683
1079 1 1 1 1683 1681 655 1682
1080 1 1 1 1678 1683 1682 656
1081 1 1 1 656 1682 1686 1685
1082 1 1 1 1682 655 1684 1686
1083 1 1 1 1686 1684 270 271
1084 1 1 1 1685 1686 271 272
1085 1 1 1 644 1679 1687 1638
1086 1 1 1 1679 656 1685 1687
1087 1 1 1 1687 1685 272 273
1088 1 1 1 1638 1687 273 274
1089 1 1 1 72 73 1690 1645
1090 1 1 1 73 74 1688 1690
1091 1 1 1 1690 1688 659 1689
1092 1 1 1 1645 1690 1689 646
1093 1 1 1 74 75 1693 1688
1094 1 1 1 75 76 1691 1693
1095 1 1 1 1693 1691 657 1692
1096 1 1 1 1688 1693 1692 659
1097 1 1 1 659 1692 1697 1696
1098 1 1 1 1692 657 1694 1697
1099 1 1 1 1697 1694 404 1695
1100 1 1 1 1696 1697 1695 658
1101 1 1 1 646 1689 1699 1648
1102 1 1 1 1689 659 1696 1699
1103 1 1 1 1699 1696 658 1698
1104 1 1 1 1648 1699 1698 401
1105 1 1 1 401 1698 1702 1657
1106 1 1 1 1698 658 1700 1702
1107 1 1 1 1702 1700 662 1701
1108 1 1 1 1657 1702 1701 649
1109 1 1 1 658 1695 1705 1700
1110 1 1 1 1695 404 1703 1705
1111 1 1 1 1705 1703 660 1704
1112 1 1 1 1700 1705 1704 662
1113 1 1 1 662 1704 1709 1708
1114 1 1 1 1704 660 1706 1709
1115 1 1 1 1709 1706 405 1707
1116 1 1 1 1708 1709 1707 661
1117 1 1 1 649 1701 1711 1660
1118 1 1 1 1701 662 1708 1711
1119 1 1 1 1711 1708 661 1710
1120 1 1 1 1660 1711 1710 402
1121 1 1 1 402 1710 1714 1669
1122 1 1 1 1710 661 1712 1714
1123 1 1 1 1714 1712 665 1713
1124 1 1 1 1669 1714 1713 652
1125 1 1 1 661 1707 1717 1712
1126 1 1 1 1707 405 1715 1717
1127 1 1 1 1717 1715 663 1716
1128 1 1 1 1712 1717 1716 665
1129 1 1 1 665 1716 1721 1720
1130 1 1 1 1716 663 1718 1721
1131 1 1 1 1721 1718 406 1719
1132 1 1 1 1720 1721 1719 664
1133 1 1 1 652 1713 1723 1672
1134 1 1 1 1713 665 1720 1723
1135 1 1 1 1723 1720 664 1722
1136 1 1 1 1672 1723 1722 403
1137 1 1 1 403 1722 1726 1681
1138 1 1 1 1722 664 1724 1726
1139 1 1 1 1726 1724 667 1725
1140 1 1 1 1681 1726 1725 655
1141 1 1 1 664 1719 1729 1724
1142 1 1 1 1719 406 1727 1729
1143 1 1 1 1729 1727 666 1728
1144 1 1 1 1724 1729 1728 667
1145 1 1 1 667 1728 1732 1731
1146 1 1 1 1728 666 1730 1732
1147 1 1 1 1732 1730 266 267
1148 1 1 1 1731 1732 267 268
1149 1 1 1 655 1725 1733 1684
1150 1 1 1 1725 667 1731 1733
1151 1 1 1 1733 1731 268 269
1152 1 1 1 1684 1733 269 270
1153 1 1 1 76 77 1736 1691
1154 1 1 1 77 78 1734 1736
1155 1 1 1 1736 1734 670 1735
1156 1 1 1 1691 1736 1735 657
1157 1 1 1 78 79 1739 1734
1158 1 1 1 79 80 1737 1739
1159 1 1 1 1739 1737 668 1738
1160 1 1 1 1734 1739 1738 670
1161 1 1 1 670 1738 1743 1742
1162 1 1 1 1738 668 1740 1743
1163 1 1 1 1743 1740 407 1741
1164 1 1 1 1742 1743 1741 669
1165 1 1 1 657 1735 1745 1694
1166 1 1 1 1735 670 1742 1745
1167 1 1 1 1745 1742 669 1744
1168 1 1 1 1694 1745 1744 404
1169 1 1 1 404 1744 1748 1703
1170 1 1 1 1744 669 1746 1748
1171 1 1 1 1748 1746 673 1747
1172 1 1 1 1703 1748 1747 660
1173 1 1 1 669 1741 1751 1746
1174 1 1 1 1741 407 1749 1751
1175 1 1 1 1751 1749 671 1750
1176 1 1 1 1746 1751 1750 673
1177 1 1 1 673 1750 1755 1754
1178 1 1 1 1750 671 1752 1755
1179 1 1 1 1755 1752 408 1753
1180 1 1 1 1754 1755 1753 672
1181 1 1 1 660 1747 1757 1706
1182 1 1 1 1747 673 1754 1757
1183 1 1 1 1757 1754 672 1756
1184 1 1 1 1706 1757 1756 405
1185 1 1 1 405 1756 1760 1715
1186 1 1 1 1756 672 1758 1760
1187 1 1 1 1760 1758 676 1759
1188 1 1 1 1715 1760 1759 663
1189 1 1 1 672 1753 1763 1758
1190 1 1 1 1753 408 1761 1763
1191 1 1 1 1763 1761 674 1762
1192 1 1 1 1758 1763 1762 676
1193 1 1 1 676 1762 1767 1766
1194 1 1 1 1762 674 1764 1767
1195 1 1 1 1767 1764 409 1765
1196 1 1 1 1766 1767 1765 675
1197 1 1 1 663 1759 1769 1718
1198 1 1 1 1759 676 1766 1769
1199 1 1 1 1769 1766 675 1768
1200 1 1 1 1718 1769 1768 406
1201 1 1 1 406 1768 1772 1727
1202 1 1 1 1768 675 1770 1772
1203 1 1 1 1772 1770 678 1771
1204 1 1 1 1727 1772 1771 666
1205 1 1 1 675 1765 1775 1770
1206 1 1 1 1765 409 1773 1775
1207 1 1 1 1775 1773 677 1774
1208 1 1 1 1770 1775 1774 678
1209 1 1 1 678 1774 1778 1777
1210 1 1 1 1774 677 1776 1778
1211 1 1 1 1778 1776 262 263
1212 1 1 1 1777 1778 263 264
1213 1 1 1 666 1771 1779 1730
1214 1 1 1 1771 678 1777 1779
1215 1 1 1 1779 1777 264 265
1216 1 1 1 1730 1779 265 266
1217 1 1 1 80 81 1782 1737
1218 1 1 1 81 82 1780 1782
1219 1 1 1 1782 1780 681 1781
1220 1 1 1 1737 1782 1781 668
1221 1 1 1 82 83 1785 1780
1222 1 1 1 83 84 1783 1785
1223 1 1 1 1785 1783 679 1784
1224 1 1 1 1780 1785 1784 681
1225 1 1 1 681 1784 1789 1788
1226 1 1 1 1784 679 1786 1789
1227 1 1 1 1789 1786 410 1787
1228 1 1 1 1788 1789 1787 680
1229 1 1 1 668 1781 1791 1740
1230 1 1 1 1781 681 1788 1791
1231 1 1 1 1791 1788 680 1790
1232 1 1 1 1740 1791 1790 407
1233 1 1 1 407 1790 1794 1749
1234 1 1 1 1790 680 1792 1794
1235 1 1 1 1794 1792 684 1793
1236 1 1 1 1749 1794 1793 671
1237 1 1 1 680 1787 1797 1792
1238 1 1 1 1787 410 1795 1797
1239 1 1 1 1797 1795 682 1796
1240 1 1 1 1792 1797 1796 684
1241 1 1 1 684 1796 1801 1800
1242 1 1 1 1796 682 1798 1801
1243 1 1 1 1801 1798 411 1799
1244 1 1 1 1800 1801 1799 683
1245 1 1 1 671 1793 1803 1752
1246 1 1 1 1793 684 1800 1803
1247 1 1 1 1803 1800 683 1802
1248 1 1 1 1752 1803 1802 408
1249 1 1 1 408 1802 1806 1761
1250 1 1 1 1802 683 1804 1806
1251 1 1 1 1806 1804 687 1805
1252 1 1 1 1761 1806 1805 674
1253 1 1 1 683 1799 1809 1804
1254 1 1 1 1799 411 1807 1809
1255 1 1 1 1809 1807 685 1808
1256 1 1 1 1804 1809 1808 687
1257 1 1 1 687 1808 1813 1812
1258 1 1 1 1808 685 1810 1813
1259 1 1 1 1813 1810 412 1811
1260 1 1 1 1812 1813 1811 686
1261 1 1 1 674 1805 1815 1764
1262 1 1 1 1805 687 1812 1815
1263 1 1 1 1815 1812 686 1814
1264 1 1 1 1764 1815 1814 409
1265 1 1 1 409 1814 1818 1773
1266 1 1 1 1814 686 1816 1818
1267 1 1 1 1818 1816 689 1817
1268 1 1 1 1773 1818 1817 677
1269 1 1 1 686 1811 1821 1816
1270 1 1 1 1811 412 1819 1821
1271 1 1 1 1821 1819 688 1820
1272 1 1 1 1816 1821 1820 689
1273 1 1 1 689 1820 1824 1823
1274 1 1 1 1820 688 1822 1824
1275 1 1 1 1824 1822 258 259
1276 1 1 1 1823 1824 259 260
1277 1 1 1 677 1817 1825 1776
1278 1 1 1 1817 689 1823 1825
1279 1 1 1 1825 1823 260 261
1280 1 1 1 1776 1825 261 262
1281 1 1 1 84 85 1828 1783
1282 1 1 1 85 86 1826 1828
1283 1 1 1 1828 1826 692 1827
1284 1 1 1 1783 1828 1827 679
1285 1 1 1 86 87 1831 1826
1286 1 1 1 87 88 1829 1831
1287 1 1 1 1831 1829 690 1830
1288 1 1 1 1826 1831 1830 692
1289 1 1 1 692 1830 1835 1834
1290 1 1 1 1830 690 1832 1835
1291 1 1 1 1835 1832 413 1833
1292 1 1 1 1834 1835 1833 691
1293 1 1 1 679 1827 1837 1786
1294 1 1 1 1827 692 1834 1837
1295 1 1 1 1837 1834 691 1836
1296 1 1 1 1786 1837 1836 410
1297 1 1 1 410 1836 1840 1795
1298 1 1 1 1836 691 1838 1840
1299 1 1 1 1840 1838 695 1839
1300 1 1 1 1795 1840 1839 682
1301 1 1 1 691 1833 1843 1838
1302 1 1 1 1833 413 1841 1843
1303 1 1 1 1843 1841 693 1842
1304 1 1 1 1838 1843 1842 695
1305 1 1 1 695 1842 1847 1846
1306 1 1 1 1842 693 1844 1847
1307 1 1 1 1847 1844 414 1845
1308 1 1 1 1846 1847 1845 694
1309 1 1 1 682 1839 1849 1798
1310 1 1 1 1839 695 1846 1849
1311 1 1 1 1849 1846 694 1848
1312 1 1 1 1798 1849 1848 411
1313 1 1 1 411 1848 1852 1807
1314 1 1 1 1848 694 1850 1852
1315 1 1 1 1852 1850 698 1851
1316 1 1 1 1807 1852 1851 685
1317 1 1 1 694 1845 1855 1850
1318 1 1 1 1845 414 1853 1855
1319 1 1 1 1855 1853 696 1854
1320 1 1 1 1850 1855 1854 698
1321 1 1 1 698 1854 1859 1858
1322 1 1 1 1854 696 1856 1859
1323 1 1 1 1859 1856 415 1857
1324 1 1 1 1858 1859 1857 697
1325 1 1 1 685 1851 1861 1810
1326 1 1 1 1851 698 1858 1861
1327 1 1 1 1861 1858 697 1860
1328 1 1 1 1810 1861 1860 412
1329 1 1 1 412 1860 1864 1819
1330 1 1 1 1860 697 1862 1864
1331 1 1 1 1864 1862 700 1863
1332 1 1 1 1819 1864 1863 688
1333 1 1 1 697 1857 1867 1862
1334 1 1 1 1857 415 1865 1867
1335 1 1 1 1867 1865 699 1866
1336 1 1 1 1862 1867 1866 700
1337 1 1 1 700 1866 1870 1869
1338 1 1 1 1866 699 1868 1870
1339 1 1 1 1870 1868 254 255
1340 1 1 1 1869 1870 255 256
1341 1 1 1 688 1863 1871 1822
1342 1 1 1 1863 700 1869 1871
1343 1 1 1 1871 1869 256 257
1344 1 1 1 1822 1871 257 258
1345 1 1 1 88 89 1874 1829
1346 1 1 1 89 90 1872 1874
1347 1 1 1 1874 1872 703 1873
1348 1 1 1 1829 1874 1873 690
1349 1 1 1 90 91 1877 1872
1350 1 1 1 91 92 1875 1877
1351 1 1 1 1877 1875 701 1876
1352 1 1 1 1872 1877 1876 703
1353 1 1 1 703 1876 1881 1880
1354 1 1 1 1876 701 1878 1881
1355 1 1 1 1881 1878 416 1879
1356 1 1 1 1880 1881 1879 702
1357 1 1 1 690 1873 1883 1832
1358 1 1 1 1873 703 1880 1883
1359 1 1 1 1883 1880 702 1882
1360 1 1 1 1832 1883 1882 413
1361 1 1 1 413 1882 1886 1841
1362 1 1 1 1882 702 1884 1886
1363 1 1 1 1886 1884 706 1885
1364 1 1 1 1841 1886 1885 693
1365 1 1 1 702 1879 1889 1884
1366 1 1 1 1879 416 1887 1889
1367 1 1 1 1889 1887 704 1888
1368 1 1 1 1884 1889 1888 706
1369 1 1 1 706 1888 1893 1892
1370 1 1 1 1888 704 1890 1893
1371 1 1 1 1893 1890 417 1891
1372 1 1 1 1892 1893 1891 705
1373 1 1 1 693 1885 1895 1844
1374 1 1 1 1885 706 1892 1895
1375 1 1 1 1895 1892 705 1894
1376 1 1 1 1844 1895 1894 414
1377 1 1 1 414 1894 1898 1853
1378 1 1 1 1894 705 1896 1898
1379 1 1 1 1898 1896 709 1897
1380 1 1 1 1853 1898 1897 696
1381 1 1 1 705 1891 1901 1896
1382 1 1 1 1891 417 1899 1901
1383 1 1 1 1901 1899 707 1900
1384 1 1 1 1896 1901 1900 709
1385 1 1 1 709 1900 1905 1904
1386 1 1 1 1900 707 1902 1905
1387 1 1 1 1905 1902 418 1903
1388 1 1 1 1904 1905 1903 708
1389 1 1 1 696 1897 1907 1856
1390 1 1 1 1897 709 1904 1907
1391 1 1 1 1907 1904 708 1906
1392 1 1 1 1856 1907 1906 415
1393 1 1 1 415 1906 1910 1865
1394 1 1 1 1906 708 1908 1910
1395 1 1 1 1910 1908 711 1909
1396 1 1 1 1865 1910 1909 699
1397 1 1 1 708 1903 1913 1908
1398 1 1 1 1903 418 1911 1913
1399 1 1 1 1913 1911 710 1912
1400 1 1 1 1908 1913 1912 711
1401 1 1 1 711 1912 1916 1915
1402 1 1 1 1912 710 1914 1916
1403 1 1 1 1916 1914 250 251
1404 1 1 1 1915 1916 251 252
1405 1 1 1 699 1909 1917 1868
1406 1 1 1 1909 711 1915 1917
1407 1 1 1 1917 1915 252 253
1408 1 1 1 1868 1917 253 254
1409 1 1 1 92 93 1920 1875
1410 1 1 1 93 94 1918 1920
1411 1 1 1 1920 1918 714 1919
1412 1 1 1 1875 1920 1919 701
1413 1 1 1 94 95 1923 1918
1414 1 1 1 95 96 1921 1923
1415 1 1 1 1923 1921 712 1922
1416 1 1 1 1918 1923 1922 714
1417 1 1 1 714 1922 1927 1926
1418 1 1 1 1922 712 1924 1927
1419 1 1 1 1927 1924 419 1925
1420 1 1 1 1926 1927 1925 713
1421 1 1 1 701 1919 1929 1878
1422 1 1 1 1919 714 1926 1929
1423 1 1 1 1929 1926 713 1928
1424 1 1 1 1878 1929 1928 416
1425 1 1 1 416 1928 1932 1887
1426 1 1 1 1928 713 1930 1932
1427 1 1 1 1932 1930 717 1931
1428 1 1 1 1887 1932 1931 704
1429 1 1 1 713 1925 1935 1930
1430 1 1 1 1925 419 1933 1935
1431 1 1 1 1935 1933 715 1934
1432 1 1 1 1930 1935 1934 717
1433 1 1 1 717 1934 1939 1938
1434 1 1 1 1934 715 1936 1939
1435 1 1 1 1939 1936 420 1937
1436 1 1 1 1938 1939 1937 716
1437 1 1 1 704 1931 1941 1890
1438 1 1 1 1931 717 1938 1941
1439 1 1 1 1941 1938 716 1940
1440 1 1 1 1890 1941 1940 417
1441 1 1 1 417 1940 1944 1899
1442 1 1 1 1940 716 1942 1944
1443 1 1 1 1944 1942 720 1943
1444 1 1 1 1899 1944 1943 707
1445 1 1 1 716 1937 1947 1942
1446 1 1 1 1937 420 1945 1947
1447 1 1 1 1947 1945 718 1946
1448 1 1 1 1942 1947 1946 720
1449 1 1 1 720 1946 1951 1950
1450 1 1 1 1946 718 1948 1951
1451 1 1 1 1951 1948 421 1949
1452 1 1 1 1950 1951 1949 719
1453 1 1 1 707 1943 1953 1902
1454 1 1 1 1943 720 1950 1953
1455 1 1 1 1953 1950 719 1952
1456 1 1 1 1902 1953 1952 418
1457 1 1 1 418 1952 1956 1911
1458 1 1 1 1952 719 1954 1956
1459 1 1 1 1956 1954 722 1955
1460 1 1 1 1911 1956 1955 710
1461 1 1 1 719 1949 1959 1954
1462 1 1 1 1949 421 1957 1959
1463 1 1 1 1959 1957 721 1958
1464 1 1 1 1954 1959 1958 722
1465 1 1 1 722 1958 1962 1961
1466 1 1 1 1958 721 1960 1962
1467 1 1 1 1962 1960 246 247
1468 1 1 1 1961 1962 247 248
1469 1 1 1 710 1955 1963 1914
1470 1 1 1 1955 722 1961 1963
1471 1 1 1 1963 1961 248 249
1472 1 1 1 1914 1963 249 250
1473 1 1 1 96 97 1966 1921
1474 1 1 1 97 98 1964 1966
1475 1 1 1 1966 1964 725 1965
1476 1 1 1 1921 1966 1965 712
1477 1 1 1 98 99 1969 1964
1478 1 1 1 99 100 1967 1969
1479 1 1 1 1969 1967 723 1968
1480 1 1 1 1964 1969 1968 725
1481 1 1 1 725 1968 1973 1972
1482 1 1 1 1968 723 1970 1973
1483 1 1 1 1973 1970 422 1971
1484 1 1 1 1972 1973 1971 724
1485 1 1 1 712 1965 1975 1924
1486 1 1 1 1965 725 1972 1975
1487 1 1 1 1975 1972 724 1974
1488 1 1 1 1924 1975 1974 419
1489 1 1 1 419 1974 1978 1933
1490 1 1 1 1974 724 1976 1978
1491 1 1 1 1978 1976 728 1977
1492 1 1 1 1933 1978 1977 715
1493 1 1 1 724 1971 1981 1976
1494 1 1 1 1971 422 1979 1981
1495 1 1 1 1981 1979 726 1980
1496 1 1 1 1976 1981 1980 728
1497 1 1 1 728 1980 1985 1984
1498 1 1 1 1980 726 1982 1985
1499 1 1 1 1985 1982 423 1983
1500 1 1 1 1984 1985 1983 727
1501 1 1 1 715 1977 1987 1936
1502 1 1 1 1977 728 1984 1987
1503 1 1 1 1987 1984 727 1986
1504 1 1 1 1936 1987 1986 420
1505 1 1 1 420 1986 1990 1945
1506 1 1 1 1986 727 1988 1990
1507 1 1 1 1990 1988 731 1989
1508 1 1 1 1945 1990 1989 718
1509 1 1 1 727 1983 1993 1988
1510 1 1 1 1983 423 1991 1993
1511 1 1 1 1993 1991 729 1992
1512 1 1 1 1988 1993 1992 731
1513 1 1 1 731 1992 1997 1996
1514 1 1 1 1992 729 1994 1997
1515 1 1 1 1997 1994 424 1995
1516 1 1 1 1996 1997 1995 730
1517 1 1 1 718 1989 1999 1948
1518 1 1 1 1989 731 1996 1999
1519 1 1 1 1999 1996 730 1998
1520 1 1 1 1948 1999 1998 421
1521 1 1 1 421 1998 2002 1957
1522 1 1 1 1998 730 2000 2002
1523 1 1 1 2002 2000 733 2001
1524 1 1 1 1957 2002 2001 721
1525 1 1 1 730 1995 2005 2000
1526 1 1 1 1995 424 2003 2005
1527 1 1 1 2005 2003 732 2004
1528 1 1 1 2000 2005 2004 733
1529 1 1 1 733 2004 2008 2007
1530 1 1 1 2004 732 2006 2008
1531 1 1 1 2008 2006 242 243
1532 1 1 1 2007 2008 243 244
1533 1 1 1 721 2001 2009 1960
1534 1 1 1 2001 733 2007 2009
1535 1 1 1 2009 2007 244 245
1536 1 1 1 1960 2009 245 246
1537 1 1 1 100 101 2012 1967
1538 1 1 1 101 102 2010 2012
1539 1 1 1 2012 2010 736 2011
1540 1 1 1 1967 2012 2011 723
1541 1 1 1 102 103 2015 2010
1542 1 1 1 103 104 2013 2015
1543 1 1 1 2015 2013 734 2014
1544 1 1 1 2010 2015 2014 736
1545 1 1 1 736 2014 2019 2018
1546 1 1 1 2014 734 2016 2019
1547 1 1 1 2019 2016 425 2017
1548 1 1 1 2018 2019 2017 735
1549 1 1 1 723 2011 2021 1970
1550 1 1 1 2011 736 2018 2021
1551 1 1 1 2021 2018 735 2020
1552 1 1 1 1970 2021 2020 422
1553 1 1 1 422 2020 2024 1979
1554 1 1 1 2020 735 2022 2024
1555 1 1 1 2024 2022 739 2023
1556 1 1 1 1979 2024 2023 726
1557 1 1 1 735 2017 2027 2022
1558 1 1 1 2017 425 2025 2027
1559 1 1 1 2027 2025 737 2026
1560 1 1 1 2022 2027 2026 739
1561 1 1 1 739 2026 2031 2030
1562 1 1 1 2026 737 2028 2031
1563 1 1 1 2031 2028 426 2029
1564 1 1 1 2030 2031 2029 738
1565 1 1 1 726 2023 2033 1982
1566 1 1 1 2023 739 2030 2033
1567 1 1 1 2033 2030 738 2032
1568 1 1 1 1982 2033 2032 423
1569 1 1 1 423 2032 2036 1991
1570 1 1 1 2032 738 2034 2036
1571 1 1 1 2036 2034 742 2035
1572 1 1 1 1991 2036 2035 729
1573 1 1 1 738 2029 2039 2034
1574 1 1 1 2029 426 2037 2039
1575 1 1 1 2039 2037 740 2038
1576 1 1 1 2034 2039 2038 742
1577 1 1 1 742 2038 2043 2042
1578 1 1 1 2038 740 2040 2043
1579 1 1 1 2043 2040 427 2041
1580 1 1 1 2042 2043 2041 741
1581 1 1 1 729 2035 2045 1994
1582 1 1 1 2035 742 2042 2045
1583 1 1 1 2045 2042 741 2044
1584 1 1 1 1994 2045 2044 424
1585 1 1 1 424 2044 2048 2003
1586 1 1 1 2044 741 2046 2048
1587 1 1 1 2048 2046 744 2047
1588 1 1 1 2003 2048 2047 732
1589 1 1 1 741 2041 2051 2046
1590 1 1 1 2041 427 2049 2051
1591 1 1 1 2051 2049 743 2050
1592 1 1 1 2046 2051 2050 744
1593 1 1 1 744 2050 2054 2053
1594 1 1 1 2050 743 2052 2054
1595 1 1 1 2054 2052 238 239
1596 1 1 1 2053 2054 239 240
1597 1 1 1 732 2047 2055 2006
1598 1 1 1 2047 744 2053 2055
1599 1 1 1 2055 2053 240 241
1600 1 1 1 2006 2055 241 242
1601 1 1 1 104 105 2058 2013
1602 1 1 1 105 106 2056 2058
1603 1 1 1 2058 2056 747 2057
1604 1 1 1 2013 2058 2057 734
1605 1 1 1 106 107 2061 2056
1606 1 1 1 107 108 2059 2061
1607 1 1 1 2061 2059 745 2060
1608 1 1 1 2056 2061 2060 747
1609 1 1 1 747 2060 2065 2064
1610 1 1 1 2060 745 2062 2065
1611 1 1 1 2065 2062 428 2063
1612 1 1 1 2064 2065 2063 746
1613 1 1 1 734 2057 2067 2016
1614 1 1 1 2057 747 2064 2067
1615 1 1 1 2067 2064 746 2066
1616 1 1 1 2016 2067 2066 425
1617 1 1 1 425 2066 2070 2025
1618 1 1 1 2066 746 2068 2070
1619 1 1 1 2070 2068 750 2069
1620 1 1 1 2025 2070 2069 737
1621 1 1 1 746 2063 2073 2068
1622 1 1 1 2063 428 2071 2073
1623 1 1 1 2073 2071 748 2072
1624 1 1 1 2068 2073 2072 750
1625 1 1 1 750 2072 2077 2076
1626 1 1 1 2072 748 2074 2077
1627 1 1 1 2077 2074 429 2075
1628 1 1 1 2076 2077 2075 749
1629 1 1 1 737 2069 2079 2028
1630 1 1 1 2069 750 2076 2079
1631 1 1 1 2079 2076 749 2078
1632 1 1 1 2028 2079 2078 426
1633 1 1 1 426 2078 2082 2037
1634 1 1 1 2078 749 2080 2082
1635 1 1 1 2082 2080 753 2081
1636 1 1 1 2037 2082 2081 740
1637 1 1 1 749 2075 2085 2080
1638 1 1 1 2075 429 2083 2085
1639 1 1 1 2085 2083 751 2084
1640 1 1 1 2080 2085 2084 753
1641 1 1 1 753 2084 2089 2088
1642 1 1 1 2084 751 2086 2089
1643 1 1 1 2089 2086 430 2087
1644 1 1 1 2088 2089 2087 752
1645 1 1 1 740 2081 2091 2040
1646 1 1 1 2081 753 2088 2091
1647 1 1 1 2091 2088 752 2090
1648 1 1 1 2040 2091 2090 427
1649 1 1 1 427 2090 2094 2049
1650 1 1 1 2090 752 2092 2094
1651 1 1 1 2094 2092 755 2093
1652 1 1 1 2049 2094 2093 743
1653 1 1 1 752 2087 2097 2092
1654 1 1 1 2087 430 2095 2097
1655 1 1 1 2097 2095 754 2096
1656 1 1 1 2092 2097 2096 755
1657 1 1 1 755 2096 2100 2099
1658 1 1 1 2096 754 2098 2100
1659 1 1 1 2100 2098 234 235
1660 1 1 1 2099 2100 235 236
1661 1 1 1 743 2093 2101 2052
1662 1 1 1 2093 755 2099 2101
1663 1 1 1 2101 2099 236 237
1664 1 1 1 2052 2101 237 238
1665 1 1 1 108 109 2104 2059
1666 1 1 1 109 110 2102 2104
1667 1 1 1 2104 2102 758 2103
1668 1 1 1 2059 2104 2103 745
1669 1 1 1 110 111 2107 2102
1670 1 1 1 111 112 2105 2107
1671 1 1 1 2107 2105 756 2106
1672 1 1 1 2102 2107 2106 758
1673 1 1 1 758 2106 2111 2110
1674 1 1 1 2106 756 2108 2111
1675 1 1 1 2111 2108 431 2109
1676 1 1 1 2110 2111 2109 757
1677 1 1 1 745 2103 2113 2062
1678 1 1 1 2103 758 2110 2113
1679 1 1 1 2113 2110 757 2112
1680 1 1 1 2062 2113 2112 428
1681 1 1 1 428 2112 2116 2071
1682 1 1 1 2112 757 2114 2116
1683 1 1 1 2116 2114 761 2115
1684 1 1 1 2071 2116 2115 748
1685 1 1 1 757 2109 2119 2114
1686 1 1 1 2109 431 2117 2119
1687 1 1 1 2119 2117 759 2118
1688 1 1 1 2114 2119 2118 761
1689 1 1 1 761 2118 2123 2122
1690 1 1 1 2118 759 2120 2123
1691 1 1 1 2123 2120 432 2121
1692 1 1 1 2122 2123 2121 760
1693 1 1 1 748 2115 2125 2074
1694 1 1 1 2115 761 2122 2125
1695 1 1 1 2125 2122 760 2124
1696 1 1 1 2074 2125 2124 429
1697 1 1 1 429 2124 2128 2083
1698 1 1 1 2124 760 2126 2128
1699 1 1 1 2128 2126 764 2127
1700 1 1 1 2083 2128 2127 751
1701 1 1 1 760 2121 2131 2126
1702 1 1 1 2121 432 2129 2131
1703 1 1 1 2131 2129 762 2130
1704 1 1 1 2126 2131 2130 764
1705 1 1 1 764 2130 2135 2134
1706 1 1 1 2130 762 2132 2135
1707 1 1 1 2135 2132 433 2133
1708 1 1 1 2134 2135 2133 763
1709 1 1 1 751 2127 2137 2086
1710 1 1 1 2127 764 2134 2137
1711 1 1 1 2137 2134 763 2136
1712 1 1 1 2086 2137 2136 430
1713 1 1 1 430 2136 2140 2095
1714 1 1 1 2136 763 2138 2140
1715 1 1 1 2140 2138 766 2139
1716 1 1 1 2095 2140 2139 754
1717 1 1 1 763 2133 2143 2138
1718 1 1 1 2133 433 2141 2143
1719 1 1 1 2143 2141 765 2142
1720 1 1 1 2138 2143 2142 766
1721 1 1 1 766 2142 2146 2145
1722 1 1 1 2142 765 2144 2146
1723 1 1 1 2146 2144 230 231
1724 1 1 1 2145 2146 231 232
1725 1 1 1 754 2139 2147 2098
1726 1 1 1 2139 766 2145 2147
1727 1 1 1 2147 2145 232 233
1728 1 1 1 2098 2147 233 234
1729 1 1 1 112 113 2150 2105
1730 1 1 1 113 114 2148 2150
1731 1 1 1 2150 2148 769 2149
1732 1 1 1 2105 2150 2149 756
1733 1 1 1 114 115 2153 2148
1734 1 1 1 115 116 2151 2153
1735 1 1 1 2153 2151 767 2152
1736 1 1 1 2148 2153 2152 769
1737 1 1 1 769 2152 2157 2156
1738 1 1 1 2152 767 2154 2157
1739 1 1 1 2157 2154 434 2155
1740 1 1 1 2156 2157 2155 768
1741 1 1 1 756 2149 2159 2108
1742 1 1 1 2149 769 2156 2159
1743 1 1 1 2159 2156 768 2158
1744 1 1 1 2108 2159 2158 431
1745 1 1 1 431 2158 2162 2117
1746 1 1 1 2158 768 2160 2162
1747 1 1 1 2162 2160 772 2161
1748 1 1 1 2117 2162 2161 759
1749 1 1 1 768 2155 2165 2160
1750 1 1 1 2155 434 2163 2165
1751 1 1 1 2165 2163 770 2164
1752 1 1 1 2160 2165 2164 772
1753 1 1 1 772 2164 2169 2168
1754 1 1 1 2164 770 2166 2169
1755 1 1 1 2169 2166 435 2167
1756 1 1 1 2168 2169 2167 771
1757 1 1 1 759 2161 2171 2120
1758 1 1 1 2161 772 2168 2171
1759 1 1 1 2171 2168 771 2170
1760 1 1 1 2120 2171 2170 432
1761 1 1 1 432 2170 2174 2129
1762 1 1 1 2170 771 2172 2174
1763 1 1 1 2174 2172 775 2173
1764 1 1 1 2129 2174 2173 762
1765 1 1 1 771 2167 2177 2172
1766 1 1 1 2167 435 2175 2177
1767 1 1 1 2177 2175 773 2176
1768 1 1 1 2172 2177 2176 775
1769 1 1 1 775 2176 2181 2180
1770 1 1 1 2176 773 2178 2181
1771 1 1 1 2181 2178 436 2179
1772 1 1 1 2180 2181 2179 774
1773 1 1 1 762 2173 2183 2132
1774 1 1 1 2173 775 2180 2183
1775 1 1 1 2183 2180 774 2182
1776 1 1 1 2132 2183 2182 433
1777 1 1 1 433 2182 2186 2141
1778 1 1 1 2182 774 2184 2186
1779 1 1 1 2186 2184 777 2185
1780 1 1 1 2141 2186 2185 765
1781 1 1 1 774 2179 2189 2184
1782 1 1 1 2179 436 2187 2189
1783 1 1 1 2189 2187 776 2188
1784 1 1 1 2184 2189 2188 777
1785 1 1 1 777 2188 2192 2191
1786 1 1 1 2188 776 2190 2192
1787 1 1 1 2192 2190 226 227
1788 1 1 1 2191 2192 227 228
1789 1 1 1 765 2185 2193 2144
1790 1 1 1 2185 777 2191 2193
1791 1 1 1 2193 2191 228 229
1792 1 1 1 2144 2193 229 230
1793 1 1 1 116 117 2196 2151
1794 1 1 1 117 118 2194 2196
1795 1 1 1 2196 2194 780 2195
1796 1 1 1 2151 2196 2195 767
1797 1 1 1 118 119 2199 2194
1798 1 1 1 119 120 2197 2199
1799 1 1 1 2199 2197 778 2198
1800 1 1 1 2194 2199 2198 780
1801 1 1 1 780 2198 2203 2202
1802 1 1 1 2198 778 2200 2203
1803 1 1 1 2203 2200 437 2201
1804 1 1 1 2202 2203 2201 779
1805 1 1 1 767 2195 2205 2154
1806 1 1 1 2195 780 2202 2205
1807 1 1 1 2205 2202 779 2204
1808 1 1 1 2154 2205 2204 434
1809 1 1 1 434 2204 2208 2163
1810 1 1 1 2204 779 2206 2208
1811 1 1 1 2208 2206 783 2207
1812 1 1 1 2163 2208 2207 770
1813 1 1 1 779 2201 2211 2206
1814 1 1 1 2201 437 2209 2211
1815 1 1 1 2211 2209 781 2210
1816 1 1 1 2206 2211 2210 783
1817 1 1 1 783 2210 2215 2214
1818 1 1 1 2210 781 2212 2215
1819 1 1 1 2215 2212 438 2213
1820 1 1 1 2214 2215 2213 782
1821 1 1 1 770 2207 2217 2166
1822 1 1 1 2207 783 2214 2217
1823 1 1 1 2217 2214 782 2216
1824 1 1 1 2166 2217 2216 435
1825 1 1 1 435 2216 2220 2175
1826 1 1 1 2216 782 2218 2220
1827 1 1 1 2220 2218 786 2219
1828 1 1 1 2175 2220 2219 773
1829 1 1 1 782 2213 2223 2218
1830 1 1 1 2213 438 2221 2223
1831 1 1 1 2223 2221 784 2222
1832 1 1 1 2218 2223 2222 786
1833 1 1 1 786 2222 2227 2226
1834 1 1 1 2222 784 2224 2227
1835 1 1 1 2227 2224 439 2225
1836 1 1 1 2226 2227 2225 785
1837 1 1 1 773 2219 2229 2178
1838 1 1 1 2219 786 2226 2229
1839 1 1 1 2229 2226 785 2228
1840 1 1 1 2178 2229 2228 436
1841 1 1 1 436 2228 2232 2187
1842 1 1 1 2228 785 2230 2232
1843 1 1 1 2232 2230 788 2231
1844 1 1 1 2187 2232 2231 776
1845 1 1 1 785 2225 2235 2230
1846 1 1 1 2225 439 2233 2235
1847 1 1 1 2235 2233 787 2234
1848 1 1 1 2230 2235 2234 788
1849 1 1 1 788 2234 2238 2237
1850 1 1 1 2234 787 2236 2238
1851 1 1 1 2238 2236 222 223
1852 1 1 1 2237 2238 223 224
1853 1 1 1 776 2231 2239 2190
1854 1 1 1 2231 788 2237 2239
1855 1 1 1 2239 2237 224 225
1856 1 1 1 2190 2239 225 226
1857 1 1 1 120 121 2242 2197
1858 1 1 1 121 122 2240 2242
1859 1 1 1 2242 2240 791 2241
1860 1 1 1 2197 2242 2241 778
1861 1 1 1 122 123 2245 2240
1862 1 1 1 123 124 2243 2245
1863 1 1 1 2245 2243 789 2244
1864 1 1 1 2240 2245 2244 791
1865 1 1 1 791 2244 2249 2248
1866 1 1 1 2244 789 2246 2249
1867 1 1 1 2249 2246 440 2247
1868 1 1 1 2248 2249 2247 790
1869 1 1 1 778 2241 2251 2200
1870 1 1 1 2241 791 2248 2251
1871 1 1 1 2251 2248 790 2250
1872 1 1 1 2200 2251 2250 437
1873 1 1 1 437 2250 2254 2209
1874 1 1 1 2250 790 2252 2254
1875 1 1 1 2254 2252 794 2253
1876 1 1 1 2209 2254 2253 781
1877 1 1 1 790 2247 2257 2252
1878 1 1 1 2247 440 2255 2257
1879 1 1 1 2257 2255 792 2256
1880 1 1 1 2252 2257 2256 794
1881 1 1 1 794 2256 2261 2260
1882 1 1 1 2256 792 2258 2261
1883 1 1 1 2261 2258 441 2259
1884 1 1 1 2260 2261 2259 793
1885 1 1 1 781 2253 2263 2212
1886 1 1 1 2253 794 2260 2263
1887 1 1 1 2263 2260 793 2262
1888 1 1 1 2212 2263 2262 438
1889 1 1 1 438 2262 2266 2221
1890 1 1 1 2262 793 2264 2266
1891 1 1 1 2266 2264 797 2265
1892 1 1 1 2221 2266 2265 784
1893 1 1 1 793 2259 2269 2264
1894 1 1 1 2259 441 2267 2269
1895 1 1 1 2269 2267 795 2268
1896 1 1 1 2264 2269 2268 797
1897 1 1 1 797 2268 2273 2272
1898 1 1 1 2268 795 2270 2273
1899 1 1 1 2273 2270 442 2271
1900 1 1 1 2272 2273 2271 796
1901 1 1 1 784 2265 2275 2224
1902 1 1 1 2265 797 2272 2275
1903 1 1 1 2275 2272 796 2274
1904 1 1 1 2224 2275 2274 439
1905 1 1 1 439 2274 2278 2233
1906 1 1 1 2274 796 2276 2278
1907 1 1 1 2278 2276 799 2277
1908 1 1 1 2233 2278 2277 787
1909 1 1 1 796 2271 2281 2276
1910 1 1 1 2271 442 2279 2281
1911 1 1 1 2281 2279 798 2280
1912 1 1 1 2276 2281 2280 799
1913 1 1 1 799 2280 2284 2283
1914 1 1 1 2280 798 2282 2284
1915 1 1 1 2284 2282 218 219
1916 1 1 1 2283 2284 219 220
1917 1 1 1 787 2277 2285 2236
1918 1 1 1 2277 799 2283 2285
1919 1 1 1 2285 2283 220 221
1920 1 1 1 2236 2285 221 222
1921 1 1 1 124 125 2288 2243
1922 1 1 1 125 126 2286 2288
1923 1 1 1 2288 2286 802 2287
1924 1 1 1 2243 2288 2287 789
1925 1 1 1 126 127 2291 2286
1926 1 1 1 127 128 2289 2291
1927 1 1 1 2291 2289 800 2290
1928 1 1 1 2286 2291 2290 802
1929 1 1 1 802 2290 2295 2294
1930 1 1 1 2290 800 2292 2295
1931 1 1 1 2295 2292 443 2293
1932 1 1 1 2294 2295 2293 801
1933 1 1 1 789 2287 2297 2246
1934 1 1 1 2287 802 2294 2297
1935 1 1 1 2297 2294 801 2296
1936 1 1 1 2246 2297 2296 440
1937 1 1 1 440 2296 2300 2255
1938 1 1 1 2296 801 2298 2300
1939 1 1 1 2300 2298 805 2299
1940 1 1 1 2255 2300 2299 792
1941 1 1 1 801 2293 2303 2298
1942 1 1 1 2293 443 2301 2303
1943 1 1 1 2303 2301 803 2302
1944 1 1 1 2298 2303 2302 805
1945 1 1 1 805 2302 2307 2306
1946 1 1 1 2302 803 2304 2307
1947 1 1 1 2307 2304 444 2305
1948 1 1 1 2306 2307 2305 804
1949 1 1 1 792 2299 2309 2258
1950 1 1 1 2299 805 2306 2309
1951 1 1 1 2309 2306 804 2308
1952 1 1 1 2258 2309 2308 441
1953 1 1 1 441 2308 2312 2267
1954 1 1 1 2308 804 2310 2312
1955 1 1 1 2312 2310 808 2311
1956 1 1 1 2267 2312 2311 795
1957 1 1 1 804 2305 2315 2310
1958 1 1 1 2305 444 2313 2315
1959 1 1 1 2315 2313 806 2314
1960 1 1 1 2310 2315 2314 808
1961 1 1 1 808 2314 2319 2318
1962 1 1 1 2314 806 2316 2319
1963 1 1 1 2319 2316 445 2317
1964 1 1 1 2318 2319 2317 807
1965 1 1 1 795 2311 2321 2270
1966 1 1 1 2311 808 2318 2321
1967 1 1 1 2321 2318 807 2320
1968 1 1 1 2270 2321 2320 442
1969 1 1 1 442 2320 2324 2279
1970 1 1 1 2320 807 2322 2324
1971 1 1 1 2324 2322 810 2323
1972 1 1 1 2279 2324 2323 798
1973 1 1 1 807 2317 2327 2322
1974 1 1 1 2317 445 2325 2327
1975 1 1 1 2327 2325 809 2326
1976 1 1 1 2322 2327 2326 810
1977 1 1 1 810 2326 2330 2329
1978 1 1 1 2326 809 2328 2330
1979 1 1 1 2330 2328 214 215
1980 1 1 1 2329 2330 215 216
1981 1 1 1 798 2323 2331 2282
1982 1 1 1 2323 810 2329 2331
1983 1 1 1 2331 2329 216 217
1984 1 1 1 2282 2331 217 218
1985 1 1 1 128 129 2334 2289
1986 1 1 1 129 130 2332 2334
1987 1 1 1 2334 2332 813 2333
1988 1 1 1 2289 2334 2333 800
1989 1 1 1 130 131 2337 2332
1990 1 1 1 131 132 2335 2337
1991 1 1 1 2337 2335 811 2336
1992 1 1 1 2332 2337 2336 813
1993 1 1 1 813 2336 2341 2340
1994 1 1 1 2336 811 2338 2341
1995 1 1 1 2341 2338 446 2339
1996 1 1 1 2340 2341 2339 812
1997 1 1 1 800 2333 2343 2292
1998 1 1 1 2333 813 2340 2343
1999 1 1 1 2343 2340 812 2342
2000 1 1 1 2292 2343 2342 443
2001 1 1 1 443 2342 2346 2301
2002 1 1 1 2342 812 2344 2346
2003 1 1 1 2346 2344 816 2345
2004 1 1 1 2301 2346 2345 803
2005 1 1 1 812 2339 2349 2344
2006 1 1 1 2339 446 2347 2349
2007 1 1 1 2349 2347 814 2348
2008 1 1 1 2344 2349 2348 816
2009 1 1 1 816 2348 2353 2352
2010 1 1 1 2348 814 2350 2353
2011 1 1 1 2353 2350 447 2351
2012 1 1 1 2352 2353 2351 815
2013 1 1 1 803 2345 2355 2304
2014 1 1 1 2345 816 2352 2355
2015 1 1 1 2355 2352 815 2354
2016 1 1 1 2304 2355 2354 444
2017 1 1 1 444 2354 2358 2313
2018 1 1 1 2354 815 2356 2358
2019 1 1 1 2358 2356 819 2357
2020 1 1 1 2313 2358 2357 806
2021 1 1 1 815 2351 2361 2356
2022 1 1 1 2351 447 2359 2361
2023 1 1 1 2361 2359 817 2360
2024 1 1 1 2356 2361 2360 819
2025 1 1 1 819 2360 2365 2364
2026 1 1 1 2360 817 2362 2365
2027 1 1 1 2365 2362 448 2363
2028 1 1 1 2364 2365 2363 818
2029 1 1 1 806 2357 2367 2316
2030 1 1 1 2357 819 2364 2367
2031 1 1 1 2367 2364 818 2366
2032 1 1 1 2316 2367 2366 445
2033 1 1 1 445 2366 2370 2325
2034 1 1 1 2366 818 2368 2370
2035 1 1 1 2370 2368 821 2369
2036 1 1 1 2325 2370 2369 809
2037 1 1 1 818 2363 2373 2368
2038 1 1 1 2363 448 2371 2373
2039 1 1 1 2373 2371 820 2372
2040 1 1 1 2368 2373 2372 821
2041 1 1 1 821 2372 2376 2375
2042 1 1 1 2372 820 2374 2376
2043 1 1 1 2376 2374 210 211
2044 1 1 1 2375 2376 211 212
2045 1 1 1 809 2369 2377 2328
2046 1 1 1 2369 821 2375 2377
2047 1 1 1 2377 2375 212 213
2048 1 1 1 2328 2377 213 214
2049 1 1 1 132 133 2380 2335
2050 1 1 1 133 134 2378 2380
2051 1 1 1 2380 2378 824 2379
2052 1 1 1 2335 2380 2379 811
2053 1 1 1 134 135 2383 2378
2054 1 1 1 135 136 2381 2383
2055 1 1 1 2383 2381 822 2382
2056 1 1 1 2378 2383 2382 824
2057 1 1 1 824 2382 2387 2386
2058 1 1 1 2382 822 2384 2387
2059 1 1 1 2387 2384 449 2385
2060 1 1 1 2386 2387 2385 823
2061 1 1 1 811 2379 2389 2338
2062 1 1 1 2379 824 2386 2389
2063 1 1 1 2389 2386 823 2388
2064 1 1 1 2338 2389 2388 446
2065 1 1 1 446 2388 2392 2347
2066 1 1 1 2388 823 2390 2392
2067 1 1 1 2392 2390 827 2391
2068 1 1 1 2347 2392 2391 814
2069 1 1 1 823 2385 2395 2390
2070 1 1 1 2385 449 2393 2395
2071 1 1 1 2395 2393 825 2394
2072 1 1 1 2390 2395 2394 827
2073 1 1 1 827 2394 2399 2398
2074 1 1 1 2394 825 2396 2399
2075 1 1 1 2399 2396 450 2397
2076 1 1 1 2398 2399 2397 826
2077 1 1 1 814 2391 2401 2350
2078 1 1 1 2391 827 2398 2401
2079 1 1 1 2401 2398 826 2400
2080 1 1 1 2350 2401 2400 447
2081 1 1 1 447 2400 2404 2359
2082 1 1 1 2400 826 2402 2404
2083 1 1 1 2404 2402 830 2403
2084 1 1 1 2359 2404 2403 817
2085 1 1 1 826 2397 2407 2402
2086 1 1 1 2397 450 2405 2407
2087 1 1 1 2407 2405 828 2406
2088 1 1 1 2402 2407 2406 830
2089 1 1 1 830 2406 2411 2410
2090 1 1 1 2406 828 2408 2411
2091 1 1 1 2411 2408 451 2409
2092 1 1 1 2410 2411 2409 829
2093 1 1 1 817 2403 2413 2362
2094 1 1 1 2403 830 2410 2413
2095 1 1 1 2413 2410 829 2412
2096 1 1 1 2362 2413 2412 448
2097 1 1 1 448 2412 2416 2371
2098 1 1 1 2412 829 2414 2416
2099 1 1 1 2416 2414 832 2415
2100 1 1 1 2371 2416 2415 820
2101 1 1 1 829 2409 2419 2414
2102 1 1 1 2409 451 2417 2419
2103 1 1 1 2419 2417 831 2418
2104 1 1 1 2414 2419 2418 832
2105 1 1 1 832 2418 2422 2421
2106 1 1 1 2418 831 2420 2422
2107 1 1 1 2422 2420 206 207
2108 1 1 1 2421 2422 207 208
2109 1 1 1 820 2415 2423 2374
2110 1 1 1 2415 832 2421 2423
2111 1 1 1 2423 2421 208 209
2112 1 1 1 2374 2423 209 210
2113 1 1 1 136 137 2426 2381
2114 1 1 1 137 138 2424 2426
2115 1 1 1 2426 2424 835 2425
2116 1 1 1 2381 2426 2425 822
2117 1 1 1 138 139 2429 2424
2118 1 1 1 139 140 2427 2429
2119 1 1 1 2429 2427 833 2428
2120 1 1 1 2424 2429 2428 835
2121 1 1 1 835 2428 2433 2432
2122 1 1 1 2428 833 2430 2433
2123 1 1 1 2433 2430 452 2431
2124 1 1 1 2432 2433 2431 834
2125 1 1 1 822 2425 2435 2384
2126 1 1 1 2425 835 2432 2435
2127 1 1 1 2435 2432 834 2434
2128 1 1 1 2384 2435 2434 449
2129 1 1 1 449 2434 2438 2393
2130 1 1 1 2434 834 2436 2438
2131 1 1 1 2438 2436 838 2437
2132 1 1 1 2393 2438 2437 825
2133 1 1 1 834 2431 2441 2436
2134 1 1 1 2431 452 2439 2441
2135 1 1 1 2441 2439 836 2440
2136 1 1 1 2436 2441 2440 838
2137 1 1 1 838 2440 2445 2444
2138 1 1 1 2440 836 2442 2445
2139 1 1 1 2445 2442 453 2443
2140 1 1 1 2444 2445 2443 837
2141 1 1 1 825 2437 2447 2396
2142 1 1 1 2437 838 2444 2447
2143 1 1 1 2447 2444 837 2446
2144 1 1 1 2396 2447 2446 450
2145 1 1 1 450 2446 2450 2405
2146 1 1 1 2446 837 2448 2450
2147 1 1 1 2450 2448 841 2449
2148 1 1 1 2405 2450 2449 828
2149 1 1 1 837 2443 2453 2448
2150 1 1 1 2443 453 2451 2453
2151 1 1 1 2453 2451 839 2452
2152 1 1 1 2448 2453 2452 841
2153 1 1 1 841 2452 2457 2456
2154 1 1 1 2452 839 2454 2457
2155 1 1 1 2457 2454 454 2455
2156 1 1 1 2456 2457 2455 840
2157 1 1 1 828 2449 2459 2408
2158 1 1 1 2449 841 2456 2459
2159 1 1 1 2459 2456 840 2458
2160 1 1 1 2408 2459 2458 451
2161 1 1 1 451 2458 2462 2417
2162 1 1 1 2458 840 2460 2462
2163 1 1 1 2462 2460 843 2461
2164 1 1 1 2417 2462 2461 831
2165 1 1 1 840 2455 2465 2460
2166 1 1 1 2455 454 2463 2465
2167 1 1 1 2465 2463 842 2464
2168 1 1 1 2460 2465 2464 843
2169 1 1 1 843 2464 2468 2467
2170 1 1 1 2464 842 2466 2468
2171 1 1 1 2468 2466 202 203
2172 1 1 1 2467 2468 203 204
2173 1 1 1 831 2461 2469 2420
2174 1 1 1 2461 843 2467 2469
2175 1 1 1 2469 2467 204 205
2176 1 1 1 2420 2469 205 206
2177 1 1 1 140 141 2472 2427
2178 1 1 1 141 142 2470 2472
2179 1 1 1 2472 2470 846 2471
2180 1 1 1 2427 2472 2471 833
2181 1 1 1 142 143 2475 2470
2182 1 1 1 143 144 2473 2475
2183 1 1 1 2475 2473 844 2474
2184 1 1 1 2470 2475 2474 846
2185 1 1 1 846 2474 2479 2478
2186 1 1 1 2474 844 2476 2479
2187 1 1 1 2479 2476 455 2477
2188 1 1 1 2478 2479 2477 845
2189 1 1 1 833 2471 2481 2430
2190 1 1 1 2471 846 2478 2481
2191 1 1 1 2481 2478 845 2480
2192 1 1 1 2430 2481 2480 452
2193 1 1 1 452 2480 2484 2439
2194 1 1 1 2480 845 2482 2484
2195 1 1 1 2484 2482 849 2483
2196 1 1 1 2439 2484 2483 836
2197 1 1 1 845 2477 2487 2482
2198 1 1 1 2477 455 2485 2487
2199 1 1 1 2487 2485 847 2486
2200 1 1 1 2482 2487 2486 849
2201 1 1 1 849 2486 2491 2490
2202 1 1 1 2486 847 2488 2491
2203 1 1 1 2491 2488 456 2489
2204 1 1 1 2490 2491 2489 848
2205 1 1 1 836 2483 2493 2442
2206 1 1 1 2483 849 2490 2493
2207 1 1 1 2493 2490 848 2492
2208 1 1 1 2442 2493 2492 453
2209 1 1 1 453 2492 2496 2451
2210 1 1 1 2492 848 2494 2496
2211 1 1 1 2496 2494 852 2495
2212 1 1 1 2451 2496 2495 839
2213 1 1 1 848 2489 2499 2494
2214 1 1 1 2489 456 2497 2499
2215 1 1 1 2499 2497 850 2498
2216 1 1 1 2494 2499 2498 852
2217 1 1 1 852 2498 2503 2502
2218 1 1 1 2498 850 2500 2503
2219 1 1 1 2503 2500 457 2501
2220 1 1 1 2502 2503 2501 851
2221 1 1 1 839 2495 2505 2454
2222 1 1 1 2495 852 2502 2505
2223 1 1 1 2505 2502 851 2504
2224 1 1 1 2454 2505 2504 454
2225 1 1 1 454 2504 2508 2463
2226 1 1 1 2504 851 2506 2508
2227 1 1 1 2508 2506 854 2507
2228 1 1 1 2463 2508 2507 842
2229 1 1 1 851 2501 2511 2506
2230 1 1 1 2501 457 2509 2511
2231 1 1 1 2511 2509 853 2510
2232 1 1 1 2506 2511 2510 854
2233 1 1 1 854 2510 2514 2513
2234 1 1 1 2510 853 2512 2514
2235 1 1 1 2514 2512 198 199
2236 1 1 1 2513 2514 199 200
2237 1 1 1 842 2507 2515 2466
2238 1 1 1 2507 854 2513 2515
2239 1 1 1 2515 2513 200 201
2240 1 1 1 2466 2515 201 202
2241 1 1 1 144 145 2518 2473
2242 1 1 1 145 146 2516 2518
2243 1 1 1 2518 2516 857 2517
2244 1 1 1 2473 2518 2517 844
2245 1 1 1 146 147 2521 2516
2246 1 1 1 147 148 2519 2521
2247 1 1 1 2521 2519 855 2520
2248 1 1 1 2516 2521 2520 857
2249 1 1 1 857 2520 2525 2524
2250 1 1 1 2520 855 2522 2525
2251 1 1 1 2525 2522 458 2523
2252 1 1 1 2524 2525 2523 856
2253 1 1 1 844 2517 2527 2476
2254 1 1 1 2517 857 2524 2527
2255 1 1 1 2527 2524 856 2526
2256 1 1 1 2476 2527 2526 455
2257 1 1 1 455 2526 2530 2485
2258 1 1 1 2526 856 2528 2530
2259 1 1 1 2530 2528 860 2529
2260 1 1 1 2485 2530 2529 847
2261 1 1 1 856 2523 2533 2528
2262 1 1 1 2523 458 2531 2533
2263 1 1 1 2533 2531 858 2532
2264 1 1 1 2528 2533 2532 860
2265 1 1 1 860 2532 2537 2536
2266 1 1 1 2532 858 2534 2537
2267 1 1 1 2537 2534 459 2535
2268 1 1 1 2536 2537 2535 859
2269 1 1 1 847 2529 2539 2488
2270 1 1 1 2529 860 2536 2539
2271 1 1 1 2539 2536 859 2538
2272 1 1 1 2488 2539 2538 456
2273 1 1 1 456 2538 2542 2497
2274 1 1 1 2538 859 2540 2542
2275 1 1 1 2542 2540 863 2541
2276 1 1 1 2497 2542 2541 850
2277 1 1 1 859 2535 2545 2540
2278 1 1 1 2535 459 2543 2545
2279 1 1 1 2545 2543 861 2544
2280 1 1 1 2540 2545 2544 863
2281 1 1 1 863 2544 2549 2548
2282 1 1 1 2544 861 2546 2549
2283 1 1 1 2549 2546 460 2547
2284 1 1 1 2548 2549 2547 862
2285 1 1 1 850 2541 2551 2500
2286 1 1 1 2541 863 2548 2551
2287 1 1 1 2551 2548 862 2550
2288 1 1 1 2500 2551 2550 457
2289 1 1 1 457 2550 2554 2509
2290 1 1 1 2550 862 2552 2554
2291 1 1 1 2554 2552 865 2553
2292 1 1 1 2509 2554 2553 853
2293 1 1 1 862 2547 2557 2552
2294 1 1 1 2547 460 2555 2557
2295 1 1 1 2557 2555 864 2556
2296 1 1 1 2552 2557 2556 865
2297 1 1 1 865 2556 2560 2559
2298 1 1 1 2556 864 2558 2560
2299 1 1 1 2560 2558 194 195
2300 1 1 1 2559 2560 195 196
2301 1 1 1 853 2553 2561 2512
2302 1 1 1 2553 865 2559 2561
2303 1 1 1 2561 2559 196 197
2304 1 1 1 2512 2561 197 198
2305 1 1 1 148 149 2564 2519
2306 1 1 1 149 150 2562 2564
2307 1 1 1 2564 2562 868 2563
2308 1 1 1 2519 2564 2563 855
2309 1 1 1 150 151 2567 2562
2310 1 1 1 151 152 2565 2567
2311 1 1 1 2567 2565 866 2566
2312 1 1 1 2562 2567 2566 868
2313 1 1 1 868 2566 2571 2570
2314 1 1 1 2566 866 2568 2571
2315 1 1 1 2571 2568 461 2569
2316 1 1 1 2570 2571 2569 867
2317 1 1 1 855 2563 2573 2522
2318 1 1 1 2563 868 2570 2573
2319 1 1 1 2573 2570 867 2572
2320 1 1 1 2522 2573 2572 458
2321 1 1 1 458 2572 2576 2531
2322 1 1 1 2572 867 2574 2576
2323 1 1 1 2576 2574 871 2575
2324 1 1 1 2531 2576 2575 858
2325 1 1 1 867 2569 2579 2574
2326 1 1 1 2569 461 2577 2579
2327 1 1 1 2579 2577 869 2578
2328 1 1 1 2574 2579 2578 871
2329 1 1 1 871 2578 2583 2582
2330 1 1 1 2578 869 2580 2583
2331 1 1 1 2583 2580 462 2581
2332 1 1 1 2582 2583 2581 870
2333 1 1 1 858 2575 2585 2534
2334 1 1 1 2575 871 2582 2585
2335 1 1 1 2585 2582 870 2584
2336 1 1 1 2534 2585 2584 459
2337 1 1 1 459 2584 2588 2543
2338 1 1 1 2584 870 2586 2588
2339 1 1 1 2588 2586 874 2587
2340 1 1 1 2543 2588 2587 861
2341 1 1 1 870 2581 2591 2586
2342 1 1 1 2581 462 2589 2591
2343 1 1 1 2591 2589 872 2590
2344 1 1 1 2586 2591 2590 874
2345 1 1 1 874 2590 2595 2594
2346 1 1 1 2590 872 2592 2595
2347 1 1 1 2595 2592 463 2593
2348 1 1 1 2594 2595 2593 873
2349 1 1 1 861 2587 2597 2546
2350 1 1 1 2587 874 2594 2597
2351 1 1 1 2597 2594 873 2596
2352 1 1 1 2546 2597 2596 460
2353 1 1 1 460 2596 2600 2555
2354 1 1 1 2596 873 2598 2600
2355 1 1 1 2600 2598 876 2599
2356 1 1 1 2555 2600 2599 864
2357 1 1 1 873 2593 2603 2598
2358 1 1 1 2593 463 2601 2603
2359 1 1 1 2603 2601 875 2602
2360 1 1 1 2598 2603 2602 876
2361 1 1 1 876 2602 2606 2605
2362 1 1 1 2602 875 2604 2606
2363 1 1 1 2606 2604 190 191
2364 1 1 1 2605 2606 191 192
2365 1 1 1 864 2599 2607 2558
2366 1 1 1 2599 876 2605 2607
2367 1 1 1 2607 2605 192 193
2368 1 1 1 2558 2607 193 194
2369 1 1 1 152 153 2610 2565
2370 1 1 1 153 154 2608 2610
2371 1 1 1 2610 2608 879 2609
2372 1 1 1 2565 2610 2609 866
2373 1 1 1 154 155 2613 2608
2374 1 1 1 155 156 2611 2613
2375 1 1 1 2613 2611 877 2612
2376 1 1 1 2608 2613 2612 879
2377 1 1 1 879 2612 2617 2616
2378 1 1 1 2612 877 2614 2617
2379 1 1 1 2617 2614 464 2615
2380 1 1 1 2616 2617 2615 878
2381 1 1 1 866 2609 2619 2568
2382 1 1 1 2609 879 2616 2619
2383 1 1 1 2619 2616 878 2618
2384 1 1 1 2568 2619 2618 461
2385 1 1 1 461 2618 2622 2577
2386 1 1 1 2618 878 2620 2622
2387 1 1 1 2622 2620 882 2621
2388 1 1 1 2577 2622 2621 869
2389 1 1 1 878 2615 2625 2620
2390 1 1 1 2615 464 2623 2625
2391 1 1 1 2625 2623 880 2624
2392 1 1 1 2620 2625 2624 882
2393 1 1 1 882 2624 2629 2628
2394 1 1 1 2624 880 2626 2629
2395 1 1 1 2629 2626 465 2627
2396 1 1 1 2628 2629 2627 881
2397 1 1 1 869 2621 2631 2580
2398 1 1 1 2621 882 2628 2631
2399 1 1 1 2631 2628 881 2630
2400 1 1 1 2580 2631 2630 462
2401 1 1 1 462 2630 2634 2589
2402 1 1 1 2630 881 2632 2634
2403 1 1 1 2634 2632 885 2633
2404 1 1 1 2589 2634 2633 872
2405 1 1 1 881 2627 2637 2632
2406 1 1 1 2627 465 2635 2637
2407 1 1 1 2637 2635 883 2636
2408 1 1 1 2632 2637 2636 885
2409 1 1 1 885 2636 2641 2640
2410 1 1 1 2636 883 2638 2641
2411 1 1 1 2641 2638 466 2639
2412 1 1 1 2640 2641 2639 884
2413 1 1 1 872 2633 2643 2592
2414 1 1 1 2633 885 2640 2643
2415 1 1 1 2643 2640 884 2642
2416 1 1 1 2592 2643 2642 463
2417 1 1 1 463 2642 2646 2601
2418 1 1 1 2642 884 2644 2646
2419 1 1 1 2646 2644 887 2645
2420 1 1 1 2601 2646 2645 875
2421 1 1 1 884 2639 2649 2644
2422 1 1 1 2639 466 2647 2649
2423 1 1 1 2649 2647 886 2648
2424 1 1 1 2644 2649 2648 887
2425 1 1 1 887 2648 2652 2651
2426 1 1 1 2648 886 2650 2652
2427 1 1 1 2652 2650 186 187
2428 1 1 1 2651 2652 187 188
2429 1 1 1 875 2645 2653 2604
2430 1 1 1 2645 887 2651 2653
2431 1 1 1 2653 2651 188 189
2432 1 1 1 2604 2653 189 190
2433 1 1 1 156 157 2656 2611
2434 1 1 1 157 158 2654 2656
2435 1 1 1 2656 2654 890 2655
2436 1 1 1 2611 2656 2655 877
2437 1 1 1 158 159 2659 2654
2438 1 1 1 159 160 2657 2659
2439 1 1 1 2659 2657 888 2658
2440 1 1 1 2654 2659 2658 890
2441 1 1 1 890 2658 2663 2662
2442 1 1 1 2658 888 2660 2663
2443 1 1 1 2663 2660 467 2661
2444 1 1 1 2662 2663 2661 889
2445 1 1 1 877 2655 2665 2614
2446 1 1 1 2655 890 2662 2665
2447 1 1 1 2665 2662 889 2664
2448 1 1 1 2614 2665 2664 464
2449 1 1 1 464 2664 2668 2623
2450 1 1 1 2664 889 2666 2668
2451 1 1 1 2668 2666 893 2667
2452 1 1 1 2623 2668 2667 880
2453 1 1 1 889 2661 2671 2666
2454 1 1 1 2661 467 2669 2671
2455 1 1 1 2671 2669 891 2670
2456 1 1 1 2666 2671 2670 893
2457 1 1 1 893 2670 2675 2674
2458 1 1 1 2670 891 2672 2675
2459 1 1 1 2675 2672 468 2673
2460 1 1 1 2674 2675 2673 892
2461 1 1 1 880 2667 2677 2626
2462 1 1 1 2667 893 2674 2677
2463 1 1 1 2677 2674 892 2676
2464 1 1 1 2626 2677 2676 465
2465 1 1 1 465 2676 2680 2635
2466 1 1 1 2676 892 2678 2680
2467 1 1 1 2680 2678 896 2679
2468 1 1 1 2635 2680 2679 883
2469 1 1 1 892 2673 2683 2678
2470 1 1 1 2673 468 2681 2683
2471 1 1 1 2683 2681 894 2682
2472 1 1 1 2678 2683 2682 896
2473 1 1 1 896 2682 2687 2686
2474 1 1 1 2682 894 2684 2687
2475 1 1 1 2687 2684 469 2685
2476 1 1 1 2686 2687 2685 895
2477 1 1 1 883 2679 2689 2638
2478 1 1 1 2679 896 2686 2689
2479 1 1 1 2689 2686 895 2688
2480 1 1 1 2638 2689 2688 466
2481 1 1 1 466 2688 2692 2647
2482 1 1 1 2688 895 2690 2692
2483 1 1 1 2692 2690 898 2691
2484 1 1 1 2647 2692 2691 886
2485 1 1 1 895 2685 2695 2690
2486 1 1 1 2685 469 2693 2695
2487 1 1 1 2695 2693 897 2694
2488 1 1 1 2690 2695 2694 898
2489 1 1 1 898 2694 2698 2697
2490 1 1 1 2694 897 2696 2698
2491 1 1 1 2698 2696 182 183
2492 1 1 1 2697 2698 183 184
2493 1 1 1 886 2691 2699 2650
2494 1 1 1 2691 898 2697 2699
2495 1 1 1 2699 2697 184 185
2496 1 1 1 2650 2699 185 186
2497 1 1 1 160 161 2702 2657
2498 1 1 1 161 162 2700 2702
2499 1 1 1 2702 2700 900 2701
2500 1 1 1 2657 2702 2701 888
2501 1 1 1 162 163 2704 2700
2502 1 1 1 163 2 164 2704
2503 1 1 1 2704 164 165 2703
2504 1 1 1 2700 2704 2703 900
2505 1 1 1 900 2703 2707 2706
2506 1 1 1 2703 165 166 2707
2507 1 1 1 2707 166 167 2705
2508 1 1 1 2706 2707 2705 899
2509 1 1 1 888 2701 2709 2660
2510 1 1 1 2701 900 2706 2709
2511 1 1 1 2709 2706 899 2708
2512 1 1 1 2660 2709 2708 467
2513 1 1 1 467 2708 2712 2669
2514 1 1 1 2708 899 2710 2712
2515 1 1 1 2712 2710 902 2711
2516 1 1 1 2669 2712 2711 891
2517 1 1 1 899 2705 2714 2710
2518 1 1 1 2705 167 168 2714
2519 1 1 1 2714 168 169 2713
2520 1 1 1 2710 2714 2713 902
2521 1 1 1 902 2713 2717 2716
2522 1 1 1 2713 169 170 2717
2523 1 1 1 2717 170 171 2715
2524 1 1 1 2716 2717 2715 901
2525 1 1 1 891 2711 2719 2672
2526 1 1 1 2711 902 2716 2719
2527 1 1 1 2719 2716 901 2718
2528 1 1 1 2672 2719 2718 468
2529 1 1 1 468 2718 2722 2681
2530 1 1 1 2718 901 2720 2722
2531 1 1 1 2722 2720 904 2721
2532 1 1 1 2681 2722 2721 894
2533 1 1 1 901 2715 2724 2720
2534 1 1 1 2715 171 172 2724
2535 1 1 1 2724 172 173 2723
2536 1 1 1 2720 2724 2723 904
2537 1 1 1 904 2723 2727 2726
2538 1 1 1 2723 173 174 2727
2539 1 1 1 2727 174 175 2725
2540 1 1 1 2726 2727 2725 903
2541 1 1 1 894 2721 2729 2684
2542 1 1 1 2721 904 2726 2729
2543 1 1 1 2729 2726 903 2728
2544 1 1 1 2684 2729 2728 469
2545 1 1 1 469 2728 2732 2693
2546 1 1 1 2728 903 2730 2732
2547 1 1 1 2732 2730 905 2731
2548 1 1 1 2693 2732 2731 897
2549 1 1 1 903 2725 2734 2730
2550 1 1 1 2725 175 176 2734
2551 1 1 1 2734 176 177 2733
2552 1 1 1 2730 2734 2733 905
2553 1 1 1 905 2733 2736 2735
2554 1 1 1 2733 177 178 2736
2555 1 1 1 2736 178 3 179
2556 1 1 1 2735 2736 179 180
2557 1 1 1 897 2731 2737 2696
2558 1 1 1 2731 905 2735 2737
2559 1 1 1 2737 2735 180 181
2560 1 1 1 2696 2737 181 182
