1 0 0 0
2 2.5 0 0
3 2.5 0.25 0
4 0 0.25 0
5 0.031249999999977 0 0
6 0.0624999999999547 0 0
7 0.0937499999999235 0 0
8 0.124999999999888 0 0
9 0.15624999999985 0 0
10 0.187499999999841 0 0
11 0.21874999999982 0 0
12 0.249999999999797 0 0
13 0.281249999999768 0 0
14 0.312499999999743 0 0
15 0.343749999999661 0 0
16 0.374999999999571 0 0
17 0.406249999999479 0 0
18 0.437499999999388 0 0
19 0.468749999999296 0 0
20 0.499999999999206 0 0
21 0.531249999999118 0 0
22 0.562499999999023 0 0
23 0.593749999998936 0 0
24 0.624999999998841 0 0
25 0.65624999999875 0 0
26 0.687499999998658 0 0
27 0.718749999998576 0 0
28 0.749999999998476 0 0
29 0.781249999998376 0 0
30 0.812499999998293 0 0
31 0.843749999998205 0 0
32 0.874999999998111 0 0
33 0.906249999998025 0 0
34 0.937499999997928 0 0
35 0.968749999997845 0 0
36 0.999999999997754 0 0
37 1.03124999999777 0 0
38 1.06249999999782 0 0
39 1.09374999999786 0 0
40 1.12499999999791 0 0
41 1.15624999999794 0 0
42 1.187499999998 0 0
43 1.21874999999804 0 0
44 1.2499999999981 0 0
45 1.28124999999814 0 0
46 1.31249999999819 0 0
47 1.34374999999826 0 0
48 1.37499999999829 0 0
49 1.40624999999832 0 0
50 1.43749999999839 0 0
51 1.46874999999843 0 0
52 1.49999999999848 0 0
53 1.53124999999852 0 0
54 1.56249999999857 0 0
55 1.59374999999861 0 0
56 1.62499999999867 0 0
57 1.65624999999873 0 0
58 1.68749999999876 0 0
59 1.71874999999879 0 0
60 1.74999999999886 0 0
61 1.78124999999889 0 0
62 1.81249999999896 0 0
63 1.843749999999 0 0
64 1.87499999999905 0 0
65 1.90624999999911 0 0
66 1.93749999999914 0 0
67 1.96874999999918 0 0
68 1.99999999999924 0 0
69 2.03124999999928 0 0
70 2.06249999999934 0 0
71 2.09374999999936 0 0
72 2.12499999999943 0 0
73 2.15624999999947 0 0
74 2.18749999999952 0 0
75 2.21874999999964 0 0
76 2.24999999999962 0 0
77 2.28124999999968 0 0
78 2.31249999999971 0 0
79 2.34374999999974 0 0
80 2.37499999999981 0 0
81 2.40624999999988 0 0
82 2.4374999999999 0 0
83 2.46874999999991 0 0
84 2.5 0.0312499999999438 0
85 2.5 0.0624999999998527 0
86 2.5 0.0937499999997629 0
87 2.5 0.124999999999673 0
88 2.5 0.156249999999754 0
89 2.5 0.187499999999835 0
90 2.5 0.218749999999918 0
91 2.46875000000002 0.25 0
92 2.4375 0.25 0
93 2.40624999999999 0.25 0
94 2.375 0.25 0
95 2.34375 0.25 0
96 2.3125 0.25 0
97 2.28124999999998 0.25 0
98 2.25 0.25 0
99 2.21874999999998 0.25 0
100 2.1875 0.25 0
101 2.15624999999998 0.25 0
102 2.125 0.25 0
103 2.09375 0.25 0
104 2.0625 0.25 0
105 2.03124999999996 0.25 0
106 2 0.25 0
107 1.96875000000002 0.25 0
108 1.9375 0.25 0
109 1.90624999999999 0.25 0
110 1.875 0.25 0
111 1.84375000000001 0.25 0
112 1.8125 0.25 0
113 1.78124999999996 0.25 0
114 1.75 0.25 0
115 1.71874999999999 0.25 0
116 1.6875 0.25 0
117 1.65624999999999 0.25 0
118 1.625 0.25 0
119 1.59375000000002 0.25 0
120 1.5625 0.25 0
121 1.53124999999997 0.25 0
122 1.5 0.25 0
123 1.46875000000001 0.25 0
124 1.4375 0.25 0
125 1.40625 0.25 0
126 1.375 0.25 0
127 1.34375 0.25 0
128 1.3125 0.25 0
129 1.28124999999999 0.25 0
130 1.25 0.25 0
131 1.21875000000002 0.25 0
132 1.1875 0.25 0
133 1.15624999999998 0.25 0
134 1.125 0.25 0
135 1.09375 0.25 0
136 1.0625 0.25 0
137 1.03125000000001 0.25 0
138 0.999999999999999 0.25 0
139 0.968749999999987 0.25 0
140 0.9375 0.25 0
141 0.906249999999992 0.25 0
142 0.874999999999999 0.25 0
143 0.84375000000001 0.25 0
144 0.812499999999999 0.25 0
145 0.78125000000001 0.25 0
146 0.75 0.25 0
147 0.718750000000007 0.25 0
148 0.6875 0.25 0
149 0.656249999999991 0.25 0
150 0.625 0.25 0
151 0.593750000000012 0.25 0
152 0.5625 0.25 0
153 0.531249999999997 0.25 0
154 0.5 0.25 0
155 0.46874999999999 0.25 0
156 0.4375 0.25 0
157 0.406249999999986 0.25 0
158 0.375 0.25 0
159 0.343750000000028 0.25 0
160 0.3125 0.25 0
161 0.281250000000015 0.25 0
162 0.25 0.25 0
163 0.218749999999985 0.25 0
164 0.1875 0.25 0
165 0.15625 0.25 0
166 0.125 0.25 0
167 0.0937499999999893 0.25 0
168 0.0625 0.25 0
169 0.0312500000000329 0.25 0
170 0 0.218750000000001 0
171 0 0.187500000000087 0
172 0 0.156250000000252 0
173 0 0.125000000000515 0
174 0 0.0937500000003875 0
175 0 0.0625000000002601 0
176 0 0.0312500000001301 0
177 0.062499999999966 0.0625000000002499 0
178 0.0624999999999774 0.125000000000494 0
179 0.0624999999999887 0.18750000000008 0
180 0.124999999999916 0.0625000000002398 0
181 0.124999999999944 0.125000000000473 0
182 0.124999999999972 0.187500000000074 0
183 0.187499999999881 0.0625000000002296 0
184 0.18749999999992 0.125000000000452 0
185 0.18749999999996 0.187500000000068 0
186 0.249999999999848 0.0625000000002194 0
187 0.249999999999898 0.125000000000431 0
188 0.249999999999949 0.187500000000062 0
189 0.312499999999807 0.0625000000002092 0
190 0.312499999999871 0.12500000000041 0
191 0.312499999999935 0.187500000000055 0
192 0.374999999999678 0.062500000000199 0
193 0.374999999999786 0.125000000000389 0
194 0.374999999999893 0.187500000000049 0
195 0.437499999999541 0.0625000000001888 0
196 0.437499999999694 0.125000000000368 0
197 0.437499999999847 0.187500000000043 0
198 0.499999999999404 0.0625000000001787 0
199 0.499999999999603 0.125000000000347 0
200 0.499999999999801 0.187500000000036 0
201 0.562499999999267 0.0625000000001685 0
202 0.562499999999512 0.125000000000325 0
203 0.562499999999756 0.18750000000003 0
204 0.62499999999913 0.0625000000001583 0
205 0.62499999999942 0.125000000000304 0
206 0.62499999999971 0.187500000000024 0
207 0.687499999998994 0.0625000000001481 0
208 0.687499999999329 0.125000000000283 0
209 0.687499999999664 0.187500000000018 0
210 0.749999999998857 0.0625000000001379 0
211 0.749999999999238 0.125000000000262 0
212 0.749999999999619 0.187500000000011 0
213 0.81249999999872 0.0625000000001277 0
214 0.812499999999146 0.125000000000241 0
215 0.812499999999573 0.187500000000005 0
216 0.874999999998583 0.0625000000001175 0
217 0.874999999999055 0.12500000000022 0
218 0.874999999999527 0.187499999999999 0
219 0.937499999998446 0.0625000000001074 0
220 0.937499999998964 0.125000000000199 0
221 0.937499999999482 0.187499999999993 0
222 0.999999999998316 0.0625000000000972 0
223 0.999999999998877 0.125000000000178 0
224 0.999999999999438 0.187499999999986 0
225 1.06249999999836 0.062500000000087 0
226 1.06249999999891 0.125000000000157 0
227 1.06249999999945 0.18749999999998 0
228 1.12499999999843 0.0625000000000768 0
229 1.12499999999895 0.125000000000136 0
230 1.12499999999948 0.187499999999973 0
231 1.1874999999985 0.0625000000000666 0
232 1.187499999999 0.125000000000115 0
233 1.1874999999995 0.187499999999967 0
234 1.24999999999857 0.0625000000000564 0
235 1.24999999999905 0.125000000000094 0
236 1.24999999999952 0.187499999999961 0
237 1.31249999999865 0.0625000000000462 0
238 1.3124999999991 0.125000000000073 0
239 1.31249999999955 0.187499999999955 0
240 1.37499999999872 0.0625000000000361 0
241 1.37499999999914 0.125000000000052 0
242 1.37499999999957 0.187499999999948 0
243 1.43749999999879 0.0625000000000259 0
244 1.43749999999919 0.125000000000031 0
245 1.43749999999959 0.187499999999942 0
246 1.49999999999886 0.0625000000000157 0
247 1.49999999999924 0.12500000000001 0
248 1.49999999999962 0.187499999999936 0
249 1.56249999999893 0.0625000000000055 0
250 1.56249999999929 0.124999999999989 0
251 1.56249999999964 0.18749999999993 0
252 1.624999999999 0.0624999999999953 0
253 1.62499999999933 0.124999999999968 0
254 1.62499999999967 0.187499999999923 0
255 1.68749999999907 0.0624999999999852 0
256 1.68749999999938 0.124999999999947 0
257 1.68749999999969 0.187499999999917 0
258 1.74999999999914 0.062499999999975 0
259 1.74999999999943 0.124999999999926 0
260 1.74999999999971 0.187499999999911 0
261 1.81249999999922 0.0624999999999648 0
262 1.81249999999948 0.124999999999904 0
263 1.81249999999974 0.187499999999904 0
264 1.87499999999929 0.0624999999999546 0
265 1.87499999999952 0.124999999999883 0
266 1.87499999999976 0.187499999999898 0
267 1.93749999999936 0.0624999999999444 0
268 1.93749999999957 0.124999999999862 0
269 1.93749999999979 0.187499999999892 0
270 1.99999999999943 0.0624999999999342 0
271 1.99999999999962 0.124999999999841 0
272 1.99999999999981 0.187499999999886 0
273 2.0624999999995 0.062499999999924 0
274 2.06249999999967 0.12499999999982 0
275 2.06249999999983 0.187499999999879 0
276 2.12499999999957 0.0624999999999138 0
277 2.12499999999971 0.124999999999799 0
278 2.12499999999986 0.187499999999873 0
279 2.18749999999964 0.0624999999999037 0
280 2.18749999999976 0.124999999999778 0
281 2.18749999999988 0.187499999999867 0
282 2.24999999999971 0.0624999999998935 0
283 2.24999999999981 0.124999999999757 0
284 2.2499999999999 0.18749999999986 0
285 2.31249999999979 0.0624999999998833 0
286 2.31249999999986 0.124999999999736 0
287 2.31249999999993 0.187499999999854 0
288 2.37499999999986 0.0624999999998731 0
289 2.3749999999999 0.124999999999715 0
290 2.37499999999995 0.187499999999848 0
291 2.43749999999993 0.0624999999998629 0
292 2.43749999999995 0.124999999999694 0
293 2.43749999999998 0.187499999999841 0
294 0.0624999999999604 0.031250000000125 0
295 0.031249999999983 0.062500000000255 0
296 0.03124999999998 0.0312500000001275 0
297 0.0624999999999717 0.0937500000003719 0
298 0.0312499999999887 0.125000000000504 0
299 0.0312499999999858 0.0937500000003797 0
300 0.062499999999983 0.156250000000287 0
301 0.0312499999999943 0.187500000000084 0
302 0.0312499999999915 0.15625000000027 0
303 0.0624999999999943 0.21875000000004 0
304 0.0312500000000136 0.218750000000021 0
305 0.124999999999902 0.0312500000001199 0
306 0.0937499999999409 0.0625000000002449 0
307 0.0937499999999322 0.0312500000001224 0
308 0.12499999999993 0.0937500000003563 0
309 0.0937499999999606 0.125000000000483 0
310 0.0937499999999508 0.0937500000003641 0
311 0.124999999999958 0.156250000000274 0
312 0.0937499999999803 0.187500000000077 0
313 0.0937499999999705 0.15625000000028 0
314 0.124999999999986 0.218750000000037 0
315 0.0937499999999848 0.218750000000039 0
316 0.187499999999861 0.0312500000001148 0
317 0.156249999999898 0.0625000000002347 0
318 0.156249999999874 0.0312500000001173 0
319 0.1874999999999 0.0937500000003406 0
320 0.156249999999932 0.125000000000462 0
321 0.156249999999915 0.0937500000003485 0
322 0.18749999999994 0.15625000000026 0
323 0.156249999999966 0.187500000000071 0
324 0.156249999999949 0.156250000000267 0
325 0.18749999999998 0.218750000000034 0
326 0.156249999999983 0.218750000000035 0
327 0.249999999999823 0.0312500000001097 0
328 0.218749999999864 0.0625000000002245 0
329 0.218749999999842 0.0312500000001122 0
330 0.249999999999873 0.093750000000325 0
331 0.218749999999909 0.125000000000441 0
332 0.218749999999887 0.0937500000003328 0
333 0.249999999999924 0.156250000000246 0
334 0.218749999999955 0.187500000000065 0
335 0.218749999999932 0.156250000000253 0
336 0.249999999999974 0.218750000000031 0
337 0.21874999999997 0.218750000000032 0
338 0.312499999999775 0.0312500000001046 0
339 0.281249999999827 0.0625000000002143 0
340 0.281249999999798 0.0312500000001072 0
341 0.312499999999839 0.0937500000003094 0
342 0.281249999999885 0.12500000000042 0
343 0.281249999999856 0.0937500000003172 0
344 0.312499999999903 0.156250000000233 0
345 0.281249999999942 0.187500000000059 0
346 0.281249999999914 0.156250000000239 0
347 0.312499999999968 0.218750000000028 0
348 0.281249999999978 0.218750000000029 0
349 0.374999999999625 0.0312500000000995 0
350 0.343749999999743 0.0625000000002041 0
351 0.343749999999702 0.0312500000001021 0
352 0.374999999999732 0.0937500000002938 0
353 0.343749999999828 0.125000000000399 0
354 0.343749999999786 0.0937500000003016 0
355 0.374999999999839 0.156250000000219 0
356 0.343749999999914 0.187500000000052 0
357 0.343749999999871 0.156250000000226 0
358 0.374999999999946 0.218750000000025 0
359 0.343749999999971 0.218750000000026 0
360 0.437499999999465 0.0312500000000944 0
361 0.40624999999961 0.0625000000001939 0
362 0.406249999999544 0.031250000000097 0
363 0.437499999999618 0.0937500000002782 0
364 0.40624999999974 0.125000000000378 0
365 0.406249999999675 0.093750000000286 0
366 0.43749999999977 0.156250000000205 0
367 0.40624999999987 0.187500000000046 0
368 0.406249999999805 0.156250000000212 0
369 0.437499999999923 0.218750000000021 0
370 0.406249999999928 0.218750000000023 0
371 0.499999999999305 0.0312500000000893 0
372 0.468749999999473 0.0625000000001837 0
373 0.468749999999384 0.0312500000000919 0
374 0.499999999999504 0.0937500000002626 0
375 0.468749999999648 0.125000000000357 0
376 0.468749999999561 0.0937500000002704 0
377 0.499999999999702 0.156250000000192 0
378 0.468749999999824 0.18750000000004 0
379 0.468749999999736 0.156250000000198 0
380 0.4999999999999 0.218750000000018 0
381 0.468749999999907 0.21875000000002 0
382 0.562499999999145 0.0312500000000842 0
383 0.531249999999336 0.0625000000001736 0
384 0.531249999999227 0.0312500000000868 0
385 0.562499999999389 0.093750000000247 0
386 0.531249999999557 0.125000000000336 0
387 0.531249999999447 0.0937500000002548 0
388 0.562499999999634 0.156250000000178 0
389 0.531249999999778 0.187500000000033 0
390 0.531249999999668 0.156250000000185 0
391 0.562499999999878 0.218750000000015 0
392 0.531249999999888 0.218750000000017 0
393 0.624999999998986 0.0312500000000792 0
394 0.593749999999199 0.0625000000001634 0
395 0.593749999999068 0.0312500000000817 0
396 0.624999999999275 0.0937500000002313 0
397 0.593749999999466 0.125000000000315 0
398 0.593749999999332 0.0937500000002391 0
399 0.624999999999565 0.156250000000164 0
400 0.593749999999733 0.187500000000027 0
401 0.593749999999599 0.156250000000171 0
402 0.624999999999855 0.218750000000012 0
403 0.593749999999873 0.218750000000013 0
404 0.687499999998826 0.0312500000000741 0
405 0.656249999999062 0.0625000000001532 0
406 0.656249999998906 0.0312500000000766 0
407 0.687499999999161 0.0937500000002157 0
408 0.656249999999375 0.125000000000294 0
409 0.656249999999218 0.0937500000002235 0
410 0.687499999999497 0.15625000000015 0
411 0.656249999999687 0.187500000000021 0
412 0.656249999999531 0.156250000000157 0
413 0.687499999999832 0.218750000000009 0
414 0.656249999999839 0.21875000000001 0
415 0.749999999998666 0.031250000000069 0
416 0.718749999998925 0.062500000000143 0
417 0.718749999998751 0.0312500000000715 0
418 0.749999999999047 0.0937500000002001 0
419 0.718749999999283 0.125000000000273 0
420 0.718749999999104 0.0937500000002079 0
421 0.749999999999428 0.156250000000137 0
422 0.718749999999641 0.187500000000014 0
423 0.718749999999462 0.156250000000144 0
424 0.749999999999809 0.218750000000006 0
425 0.718749999999824 0.218750000000007 0
426 0.812499999998507 0.0312500000000639 0
427 0.781249999998788 0.0625000000001328 0
428 0.781249999998582 0.0312500000000664 0
429 0.812499999998933 0.0937500000001845 0
430 0.781249999999192 0.125000000000252 0
431 0.78124999999899 0.0937500000001923 0
432 0.81249999999936 0.156250000000123 0
433 0.781249999999596 0.187500000000008 0
434 0.781249999999394 0.15625000000013 0
435 0.812499999999786 0.218750000000002 0
436 0.781249999999803 0.218750000000004 0
437 0.874999999998347 0.0312500000000588 0
438 0.843749999998651 0.0625000000001226 0
439 0.843749999998428 0.0312500000000613 0
440 0.874999999998819 0.0937500000001689 0
441 0.8437499999991 0.125000000000231 0
442 0.843749999998876 0.0937500000001767 0
443 0.874999999999291 0.156250000000109 0
444 0.84374999999955 0.187500000000002 0
445 0.843749999999325 0.156250000000116 0
446 0.874999999999763 0.218749999999999 0
447 0.84374999999978 0.218750000000001 0
448 0.937499999998187 0.0312500000000537 0
449 0.906249999998514 0.0625000000001125 0
450 0.90624999999827 0.0312500000000562 0
451 0.937499999998705 0.0937500000001533 0
452 0.906249999999009 0.12500000000021 0
453 0.906249999998762 0.0937500000001611 0
454 0.937499999999223 0.156250000000096 0
455 0.906249999999505 0.187499999999996 0
456 0.906249999999257 0.156250000000103 0
457 0.937499999999741 0.218749999999996 0
458 0.906249999999748 0.218749999999998 0
459 0.999999999998035 0.0312500000000486 0
460 0.968749999998381 0.0625000000001023 0
461 0.968749999998113 0.0312500000000511 0
462 0.999999999998596 0.0937500000001377 0
463 0.96874999999892 0.125000000000189 0
464 0.968749999998651 0.0937500000001455 0
465 0.999999999999157 0.156250000000082 0
466 0.96874999999946 0.187499999999989 0
467 0.96874999999919 0.156250000000089 0
468 0.999999999999718 0.218749999999993 0
469 0.968749999999723 0.218749999999995 0
470 1.06249999999809 0.0312500000000435 0
471 1.03124999999834 0.0625000000000921 0
472 1.03124999999806 0.031250000000046 0
473 1.06249999999863 0.0937500000001221 0
474 1.03124999999889 0.125000000000168 0
475 1.03124999999862 0.0937500000001299 0
476 1.06249999999918 0.156250000000069 0
477 1.03124999999945 0.187499999999983 0
478 1.03124999999917 0.156250000000075 0
479 1.06249999999973 0.21874999999999 0
480 1.03124999999973 0.218749999999992 0
481 1.12499999999817 0.0312500000000384 0
482 1.0937499999984 0.0625000000000819 0
483 1.09374999999813 0.031250000000041 0
484 1.12499999999869 0.0937500000001064 0
485 1.09374999999893 0.125000000000147 0
486 1.09374999999866 0.0937500000001142 0
487 1.12499999999922 0.156250000000055 0
488 1.09374999999947 0.187499999999977 0
489 1.0937499999992 0.156250000000062 0
490 1.12499999999974 0.218749999999987 0
491 1.09374999999973 0.218749999999988 0
492 1.18749999999825 0.0312500000000333 0
493 1.15624999999847 0.0625000000000717 0
494 1.1562499999982 0.0312500000000359 0
495 1.18749999999875 0.0937500000000908 0
496 1.15624999999898 0.125000000000126 0
497 1.15624999999872 0.0937500000000986 0
498 1.18749999999925 0.156250000000041 0
499 1.15624999999949 0.18749999999997 0
500 1.15624999999923 0.156250000000048 0
501 1.18749999999975 0.218749999999984 0
502 1.15624999999974 0.218749999999985 0
503 1.24999999999834 0.0312500000000282 0
504 1.21874999999854 0.0625000000000615 0
505 1.21874999999829 0.0312500000000308 0
506 1.24999999999881 0.0937500000000752 0
507 1.21874999999903 0.125000000000104 0
508 1.21874999999878 0.093750000000083 0
509 1.24999999999929 0.156250000000028 0
510 1.21874999999951 0.187499999999964 0
511 1.21874999999927 0.156250000000034 0
512 1.24999999999976 0.21874999999998 0
513 1.21874999999976 0.218749999999982 0
514 1.31249999999842 0.0312500000000231 0
515 1.28124999999861 0.0625000000000513 0
516 1.28124999999838 0.0312500000000257 0
517 1.31249999999887 0.0937500000000596 0
518 1.28124999999907 0.125000000000083 0
519 1.28124999999884 0.0937500000000674 0
520 1.31249999999932 0.156250000000014 0
521 1.28124999999954 0.187499999999958 0
522 1.28124999999931 0.156250000000021 0
523 1.31249999999977 0.218749999999977 0
524 1.28124999999976 0.218749999999979 0
525 1.3749999999985 0.031250000000018 0
526 1.34374999999868 0.0625000000000411 0
527 1.34374999999847 0.0312500000000206 0
528 1.37499999999893 0.093750000000044 0
529 1.34374999999912 0.125000000000062 0
530 1.3437499999989 0.0937500000000518 0
531 1.37499999999936 0.15625 0
532 1.34374999999956 0.187499999999952 0
533 1.34374999999934 0.156250000000007 0
534 1.37499999999979 0.218749999999974 0
535 1.34374999999978 0.218749999999976 0
536 1.43749999999859 0.0312500000000129 0
537 1.40624999999875 0.062500000000031 0
538 1.40624999999854 0.0312500000000155 0
539 1.43749999999899 0.0937500000000284 0
540 1.40624999999917 0.125000000000041 0
541 1.40624999999896 0.0937500000000362 0
542 1.43749999999939 0.156249999999987 0
543 1.40624999999958 0.187499999999945 0
544 1.40624999999938 0.156249999999993 0
545 1.4374999999998 0.218749999999971 0
546 1.40624999999979 0.218749999999973 0
547 1.49999999999867 0.0312500000000078 0
548 1.46874999999882 0.0625000000000208 0
549 1.46874999999863 0.0312500000000104 0
550 1.49999999999905 0.0937500000000127 0
551 1.46874999999922 0.12500000000002 0
552 1.46874999999902 0.0937500000000205 0
553 1.49999999999943 0.156249999999973 0
554 1.46874999999961 0.187499999999939 0
555 1.46874999999941 0.15624999999998 0
556 1.49999999999981 0.218749999999968 0
557 1.46874999999981 0.218749999999969 0
558 1.56249999999875 0.0312500000000027 0
559 1.5312499999989 0.0625000000000106 0
560 1.53124999999871 0.0312500000000053 0
561 1.56249999999911 0.0937499999999971 0
562 1.53124999999926 0.124999999999999 0
563 1.53124999999908 0.0937500000000049 0
564 1.56249999999947 0.156249999999959 0
565 1.53124999999963 0.187499999999933 0
566 1.53124999999945 0.156249999999966 0
567 1.56249999999982 0.218749999999965 0
568 1.5312499999998 0.218749999999966 0
569 1.62499999999884 0.0312499999999977 0
570 1.59374999999897 0.0625000000000004 0
571 1.59374999999879 0.0312500000000002 0
572 1.62499999999917 0.0937499999999815 0
573 1.59374999999931 0.124999999999978 0
574 1.59374999999914 0.0937499999999893 0
575 1.6249999999995 0.156249999999945 0
576 1.59374999999965 0.187499999999926 0
577 1.59374999999948 0.156249999999952 0
578 1.62499999999983 0.218749999999962 0
579 1.59374999999984 0.218749999999963 0
580 1.68749999999892 0.0312499999999926 0
581 1.65624999999904 0.0624999999999902 0
582 1.65624999999888 0.0312499999999951 0
583 1.68749999999923 0.0937499999999659 0
584 1.65624999999936 0.124999999999957 0
585 1.6562499999992 0.0937499999999737 0
586 1.68749999999954 0.156249999999932 0
587 1.65624999999968 0.18749999999992 0
588 1.65624999999952 0.156249999999939 0
589 1.68749999999985 0.218749999999959 0
590 1.65624999999984 0.21874999999996 0
591 1.749999999999 0.0312499999999875 0
592 1.71874999999911 0.0624999999999801 0
593 1.71874999999895 0.03124999999999 0
594 1.74999999999929 0.0937499999999503 0
595 1.7187499999994 0.124999999999936 0
596 1.71874999999926 0.0937499999999581 0
597 1.74999999999957 0.156249999999918 0
598 1.7187499999997 0.187499999999914 0
599 1.71874999999955 0.156249999999925 0
600 1.74999999999986 0.218749999999955 0
601 1.71874999999985 0.218749999999957 0
602 1.81249999999909 0.0312499999999824 0
603 1.78124999999918 0.0624999999999699 0
604 1.78124999999903 0.0312499999999849 0
605 1.81249999999935 0.0937499999999347 0
606 1.78124999999945 0.124999999999915 0
607 1.78124999999932 0.0937499999999425 0
608 1.81249999999961 0.156249999999904 0
609 1.78124999999973 0.187499999999907 0
610 1.78124999999959 0.156249999999911 0
611 1.81249999999987 0.218749999999952 0
612 1.78124999999984 0.218749999999954 0
613 1.87499999999917 0.0312499999999773 0
614 1.84374999999925 0.0624999999999597 0
615 1.84374999999913 0.0312499999999798 0
616 1.8749999999994 0.093749999999919 0
617 1.8437499999995 0.124999999999894 0
618 1.84374999999938 0.0937499999999268 0
619 1.87499999999964 0.156249999999891 0
620 1.84374999999975 0.187499999999901 0
621 1.84374999999962 0.156249999999898 0
622 1.87499999999988 0.218749999999949 0
623 1.84374999999988 0.218749999999951 0
624 1.93749999999925 0.0312499999999722 0
625 1.90624999999932 0.0624999999999495 0
626 1.90624999999922 0.0312499999999747 0
627 1.93749999999947 0.0937499999999034 0
628 1.90624999999955 0.124999999999873 0
629 1.90624999999943 0.0937499999999112 0
630 1.93749999999968 0.156249999999877 0
631 1.90624999999977 0.187499999999895 0
632 1.90624999999966 0.156249999999884 0
633 1.93749999999989 0.218749999999946 0
634 1.90624999999988 0.218749999999947 0
635 1.99999999999933 0.0312499999999671 0
636 1.96874999999939 0.0624999999999393 0
637 1.96874999999929 0.0312499999999696 0
638 1.99999999999953 0.0937499999998878 0
639 1.9687499999996 0.124999999999852 0
640 1.9687499999995 0.0937499999998956 0
641 1.99999999999971 0.156249999999863 0
642 1.9687499999998 0.187499999999889 0
643 1.9687499999997 0.15624999999987 0
644 1.9999999999999 0.218749999999943 0
645 1.96874999999991 0.218749999999944 0
646 2.06249999999942 0.031249999999962 0
647 2.03124999999946 0.0624999999999291 0
648 2.03124999999937 0.0312499999999646 0
649 2.06249999999958 0.0937499999998722 0
650 2.03124999999964 0.124999999999831 0
651 2.03124999999955 0.09374999999988 0
652 2.06249999999975 0.15624999999985 0
653 2.03124999999982 0.187499999999882 0
654 2.03124999999973 0.156249999999857 0
655 2.06249999999992 0.21874999999994 0
656 2.03124999999989 0.218749999999941 0
657 2.1249999999995 0.0312499999999569 0
658 2.09374999999954 0.0624999999999189 0
659 2.09374999999945 0.0312499999999595 0
660 2.12499999999964 0.0937499999998566 0
661 2.09374999999969 0.12499999999981 0
662 2.09374999999961 0.0937499999998644 0
663 2.12499999999979 0.156249999999836 0
664 2.09374999999985 0.187499999999876 0
665 2.09374999999977 0.156249999999843 0
666 2.12499999999993 0.218749999999936 0
667 2.09374999999992 0.218749999999938 0
668 2.18749999999958 0.0312499999999518 0
669 2.15624999999961 0.0624999999999087 0
670 2.15624999999954 0.0312499999999544 0
671 2.1874999999997 0.0937499999998409 0
672 2.15624999999974 0.124999999999789 0
673 2.15624999999967 0.0937499999998488 0
674 2.18749999999982 0.156249999999822 0
675 2.15624999999987 0.18749999999987 0
676 2.1562499999998 0.156249999999829 0
677 2.18749999999994 0.218749999999933 0
678 2.15624999999992 0.218749999999935 0
679 2.24999999999967 0.0312499999999467 0
680 2.21874999999968 0.0624999999998986 0
681 2.21874999999966 0.0312499999999493 0
682 2.24999999999976 0.0937499999998253 0
683 2.21874999999979 0.124999999999768 0
684 2.21874999999973 0.0937499999998331 0
685 2.24999999999986 0.156249999999809 0
686 2.21874999999989 0.187499999999863 0
687 2.21874999999984 0.156249999999816 0
688 2.24999999999995 0.21874999999993 0
689 2.21874999999994 0.218749999999932 0
690 2.31249999999975 0.0312499999999417 0
691 2.28124999999975 0.0624999999998884 0
692 2.28124999999972 0.0312499999999442 0
693 2.31249999999982 0.0937499999998097 0
694 2.28124999999983 0.124999999999747 0
695 2.28124999999979 0.0937499999998175 0
696 2.31249999999989 0.156249999999795 0
697 2.28124999999992 0.187499999999857 0
698 2.28124999999988 0.156249999999802 0
699 2.31249999999996 0.218749999999927 0
700 2.28124999999995 0.218749999999929 0
701 2.37499999999983 0.0312499999999366 0
702 2.34374999999982 0.0624999999998782 0
703 2.34374999999978 0.0312499999999391 0
704 2.37499999999988 0.0937499999997941 0
705 2.34374999999988 0.124999999999726 0
706 2.34374999999985 0.0937499999998019 0
707 2.37499999999993 0.156249999999782 0
708 2.34374999999994 0.187499999999851 0
709 2.34374999999991 0.156249999999788 0
710 2.37499999999998 0.218749999999924 0
711 2.34374999999997 0.218749999999925 0
712 2.43749999999992 0.0312499999999315 0
713 2.40624999999989 0.062499999999868 0
714 2.40624999999989 0.031249999999934 0
715 2.43749999999994 0.0937499999997785 0
716 2.40624999999993 0.124999999999705 0
717 2.40624999999991 0.0937499999997863 0
718 2.43749999999996 0.156249999999768 0
719 2.40624999999996 0.187499999999845 0
720 2.40624999999995 0.156249999999775 0
721 2.43749999999999 0.218749999999921 0
722 2.40624999999998 0.218749999999922 0
723 2.46874999999996 0.0624999999998578 0
724 2.46874999999994 0.0312499999999376 0
725 2.46874999999998 0.124999999999684 0
726 2.46874999999997 0.0937499999997707 0
727 2.46874999999999 0.187499999999838 0
728 2.46874999999998 0.156249999999761 0
729 2.46875 0.218749999999919 0
