1 1 1 1 1 5 177 172 44 294 295 176 296
2 1 1 1 172 177 178 171 295 297 298 175 299
3 1 1 1 171 178 179 170 298 300 301 174 302
4 1 1 1 170 179 129 4 301 303 169 173 304
5 1 1 1 5 6 180 177 45 305 306 294 307
6 1 1 1 177 180 181 178 306 308 309 297 310
7 1 1 1 178 181 182 179 309 311 312 300 313
8 1 1 1 179 182 128 129 312 314 168 303 315
9 1 1 1 6 7 183 180 46 316 317 305 318
10 1 1 1 180 183 184 181 317 319 320 308 321
11 1 1 1 181 184 185 182 320 322 323 311 324
12 1 1 1 182 185 127 128 323 325 167 314 326
13 1 1 1 7 8 186 183 47 327 328 316 329
14 1 1 1 183 186 187 184 328 330 331 319 332
15 1 1 1 184 187 188 185 331 333 334 322 335
16 1 1 1 185 188 126 127 334 336 166 325 337
17 1 1 1 8 9 189 186 48 338 339 327 340
18 1 1 1 186 189 190 187 339 341 342 330 343
19 1 1 1 187 190 191 188 342 344 345 333 346
20 1 1 1 188 191 125 126 345 347 165 336 348
21 1 1 1 9 10 192 189 49 349 350 338 351
22 1 1 1 189 192 193 190 350 352 353 341 354
23 1 1 1 190 193 194 191 353 355 356 344 357
24 1 1 1 191 194 124 125 356 358 164 347 359
25 1 1 1 10 11 195 192 50 360 361 349 362
26 1 1 1 192 195 196 193 361 363 364 352 365
27 1 1 1 193 196 197 194 364 366 367 355 368
28 1 1 1 194 197 123 124 367 369 163 358 370
29 1 1 1 11 12 198 195 51 371 372 360 373
30 1 1 1 195 198 199 196 372 374 375 363 376
31 1 1 1 196 199 200 197 375 377 378 366 379
32 1 1 1 197 200 122 123 378 380 162 369 381
33 1 1 1 12 13 201 198 52 382 383 371 384
34 1 1 1 198 201 202 199 383 385 386 374 387
35 1 1 1 199 202 203 200 386 388 389 377 390
36 1 1 1 200 203 121 122 389 391 161 380 392
37 1 1 1 13 14 204 201 53 393 394 382 395
38 1 1 1 201 204 205 202 394 396 397 385 398
39 1 1 1 202 205 206 203 397 399 400 388 401
40 1 1 1 203 206 120 121 400 402 160 391 403
41 1 1 1 14 15 207 204 54 404 405 393 406
42 1 1 1 204 207 208 205 405 407 408 396 409
43 1 1 1 205 208 209 206 408 410 411 399 412
44 1 1 1 206 209 119 120 411 413 159 402 414
45 1 1 1 15 16 210 207 55 415 416 404 417
46 1 1 1 207 210 211 208 416 418 419 407 420
47 1 1 1 208 211 212 209 419 421 422 410 423
48 1 1 1 209 212 118 119 422 424 158 413 425
49 1 1 1 16 17 213 210 56 426 427 415 428
50 1 1 1 210 213 214 211 427 429 430 418 431
51 1 1 1 211 214 215 212 430 432 433 421 434
52 1 1 1 212 215 117 118 433 435 157 424 436
53 1 1 1 17 18 216 213 57 437 438 426 439
54 1 1 1 213 216 217 214 438 440 441 429 442
55 1 1 1 214 217 218 215 441 443 444 432 445
56 1 1 1 215 218 116 117 444 446 156 435 447
57 1 1 1 18 19 219 216 58 448 449 437 450
58 1 1 1 216 219 220 217 449 451 452 440 453
59 1 1 1 217 220 221 218 452 454 455 443 456
60 1 1 1 218 221 115 116 455 457 155 446 458
61 1 1 1 19 20 222 219 59 459 460 448 461
62 1 1 1 219 222 223 220 460 462 463 451 464
63 1 1 1 220 223 224 221 463 465 466 454 467
64 1 1 1 221 224 114 115 466 468 154 457 469
65 1 1 1 20 21 225 222 60 470 471 459 472
66 1 1 1 222 225 226 223 471 473 474 462 475
67 1 1 1 223 226 227 224 474 476 477 465 478
68 1 1 1 224 227 113 114 477 479 153 468 480
69 1 1 1 21 22 228 225 61 481 482 470 483
70 1 1 1 225 228 229 226 482 484 485 473 486
71 1 1 1 226 229 230 227 485 487 488 476 489
72 1 1 1 227 230 112 113 488 490 152 479 491
73 1 1 1 22 23 231 228 62 492 493 481 494
74 1 1 1 228 231 232 229 493 495 496 484 497
75 1 1 1 229 232 233 230 496 498 499 487 500
76 1 1 1 230 233 111 112 499 501 151 490 502
77 1 1 1 23 24 234 231 63 503 504 492 505
78 1 1 1 231 234 235 232 504 506 507 495 508
79 1 1 1 232 235 236 233 507 509 510 498 511
80 1 1 1 233 236 110 111 510 512 150 501 513
81 1 1 1 24 25 237 234 64 514 515 503 516
82 1 1 1 234 237 238 235 515 517 518 506 519
83 1 1 1 235 238 239 236 518 520 521 509 522
84 1 1 1 236 239 109 110 521 523 149 512 524
85 1 1 1 25 26 240 237 65 525 526 514 527
86 1 1 1 237 240 241 238 526 528 529 517 530
87 1 1 1 238 241 242 239 529 531 532 520 533
88 1 1 1 239 242 108 109 532 534 148 523 535
89 1 1 1 26 27 243 240 66 536 537 525 538
90 1 1 1 240 243 244 241 537 539 540 528 541
91 1 1 1 241 244 245 242 540 542 543 531 544
92 1 1 1 242 245 107 108 543 545 147 534 546
93 1 1 1 27 28 246 243 67 547 548 536 549
94 1 1 1 243 246 247 244 548 550 551 539 552
95 1 1 1 244 247 248 245 551 553 554 542 555
96 1 1 1 245 248 106 107 554 556 146 545 557
97 1 1 1 28 29 249 246 68 558 559 547 560
98 1 1 1 246 249 250 247 559 561 562 550 563
99 1 1 1 247 250 251 248 562 564 565 553 566
100 1 1 1 248 251 105 106 565 567 145 556 568
101 1 1 1 29 30 252 249 69 569 570 558 571
102 1 1 1 249 252 253 250 570 572 573 561 574
103 1 1 1 250 253 254 251 573 575 576 564 577
104 1 1 1 251 254 104 105 576 578 144 567 579
105 1 1 1 30 31 255 252 70 580 581 569 582
106 1 1 1 252 255 256 253 581 583 584 572 585
107 1 1 1 253 256 257 254 584 586 587 575 588
108 1 1 1 254 257 103 104 587 589 143 578 590
109 1 1 1 31 32 258 255 71 591 592 580 593
110 1 1 1 255 258 259 256 592 594 595 583 596
111 1 1 1 256 259 260 257 595 597 598 586 599
112 1 1 1 257 260 102 103 598 600 142 589 601
113 1 1 1 32 33 261 258 72 602 603 591 604
114 1 1 1 258 261 262 259 603 605 606 594 607
115 1 1 1 259 262 263 260 606 608 609 597 610
116 1 1 1 260 263 101 102 609 611 141 600 612
117 1 1 1 33 34 264 261 73 613 614 602 615
118 1 1 1 261 264 265 262 614 616 617 605 618
119 1 1 1 262 265 266 263 617 619 620 608 621
120 1 1 1 263 266 100 101 620 622 140 611 623
121 1 1 1 34 35 267 264 74 624 625 613 626
122 1 1 1 264 267 268 265 625 627 628 616 629
123 1 1 1 265 268 269 266 628 630 631 619 632
124 1 1 1 266 269 99 100 631 633 139 622 634
125 1 1 1 35 36 270 267 75 635 636 624 637
126 1 1 1 267 270 271 268 636 638 639 627 640
127 1 1 1 268 271 272 269 639 641 642 630 643
128 1 1 1 269 272 98 99 642 644 138 633 645
129 1 1 1 36 37 273 270 76 646 647 635 648
130 1 1 1 270 273 274 271 647 649 650 638 651
131 1 1 1 271 274 275 272 650 652 653 641 654
132 1 1 1 272 275 97 98 653 655 137 644 656
133 1 1 1 37 38 276 273 77 657 658 646 659
134 1 1 1 273 276 277 274 658 660 661 649 662
135 1 1 1 274 277 278 275 661 663 664 652 665
136 1 1 1 275 278 96 97 664 666 136 655 667
137 1 1 1 38 39 279 276 78 668 669 657 670
138 1 1 1 276 279 280 277 669 671 672 660 673
139 1 1 1 277 280 281 278 672 674 675 663 676
140 1 1 1 278 281 95 96 675 677 135 666 678
141 1 1 1 39 40 282 279 79 679 680 668 681
142 1 1 1 279 282 283 280 680 682 683 671 684
143 1 1 1 280 283 284 281 683 685 686 674 687
144 1 1 1 281 284 94 95 686 688 134 677 689
145 1 1 1 40 41 285 282 80 690 691 679 692
146 1 1 1 282 285 286 283 691 693 694 682 695
147 1 1 1 283 286 287 284 694 696 697 685 698
148 1 1 1 284 287 93 94 697 699 133 688 700
149 1 1 1 41 42 288 285 81 701 702 690 703
150 1 1 1 285 288 289 286 702 704 705 693 706
151 1 1 1 286 289 290 287 705 707 708 696 709
152 1 1 1 287 290 92 93 708 710 132 699 711
153 1 1 1 42 43 291 288 82 712 713 701 714
154 1 1 1 288 291 292 289 713 715 716 704 717
155 1 1 1 289 292 293 290 716 718 719 707 720
156 1 1 1 290 293 91 92 719 721 131 710 722
157 1 1 1 43 2 84 291 83 87 723 712 724
158 1 1 1 291 84 85 292 723 88 725 715 726
159 1 1 1 292 85 86 293 725 89 727 718 728
160 1 1 1 293 86 3 91 727 90 130 721 729
