0.00726102578439417
0.00726112411774402
0.00727506086673337
0.00726592081185273
0.007256117367119
0.00726172944747381
0.00725254987985698
0.00725864548192829
0.00726871935851456
0.00726478168563087
0.00725509780634661
0.0072680065887169
0.0072586875570801
0.0072565994476692
0.00727076719990403
0.0072610856098038
0.00725670838252135
0.00725279978060321
0.0072782989105774
0.00725793518083739
0.00726997323674558
0.0072522351396912
0.00726096398150662
0.00726548015083906
0.00726902980181535
0.00725094112811912
0.00726117898066679
0.00726399153466377
0.00726138396308578
0.00727684877205277
0.00726850719805808
0.00725350252927368
0.00725539601237677
0.00725642280881135
0.00725696795710377
0.00726661264996455
0.00726199601178931
0.00727852199470554
0.00725831683688095
0.00725827630243797
0.00726696261003847
0.00726869182765011
0.00726044980474224
0.00726570151253802
0.00726438958736403
0.00725734006345762
0.0072554934559235
0.00725136312287485
0.00725191167892303
0.00726203356039422
0.00727265437640038
0.00725509130130217
0.00724953873270876
0.00725779325433818
0.00726229319648704
0.00725525986625339
0.00727261486535596
0.00725588690429057
0.00726741496040456
0.00726477410980004
0.00726632218962573
0.00726312316773053
0.00726223773486874
0.00727171777711542
0.00726660165174452
0.00725342698794042
0.00726583019843822
0.00725557398349159
0.00726313404081971
0.00724869310099645
0.00725729589507922
0.00726061480429764
0.00726504863322092
0.00725689946498934
0.007255669041205
0.00726298866739614
0.00726771779551118
0.00725890608837603
0.00725536052220734
0.00725513452700507
0.00726425535168638
0.00726938279897436
0.0072742702683462
0.00725512531961685
0.00726886722274142
0.00726485458024027
0.00726470844444511
0.0072739497439355
0.00726090103489982
0.00725320678027509
0.00727154996027296
0.00725747813121585
0.00727396854797792
0.00726614285188449
0.00725538063991054
0.00727096964699922
0.00725102187218973
0.00726463828847189
0.00726833509190824
0.00726799552242729
0.00725882004031131
0.0072753536865918
0.00725628627767745
0.00728131666782816
0.00725777700330955
0.00726446500111922
0.00726453701965017
0.00725489664412528
0.00725863083731709
0.00725421735924972
0.00725788051348955
0.00726315461796212
0.0072622799955179
0.00725082658421281
0.00726914675885276
0.00726836337242915
0.00727978240736899
0.00725669275440832
0.00726812874179807
0.00726068827947635
0.00725880140282571
0.00725568380358207
0.00726211754860866
0.00725587474529888
0.0072617399099931
0.00726118139582056
0.00725351402590931
0.00725228169511326
0.00727206536837534
0.00726166099182271
0.00727077058865327
0.00725654688348281
0.00725446397545536
0.00727798011150087
0.00725646851297292
0.00726743994500993
0.00726786794756364
0.00726823382184859
0.00726093493075866
0.00726882036791115
0.00726048971047803
0.00725262795925994
0.00726083663254714
0.00725353488302495
0.00726721104240126
0.00726210863508458
0.00725313242739747
0.00725906337546934
0.00725854957741224
0.00726638768005856
0.00726608473004121
0.00727887498095699
0.00725939136003571
0.00726491612971576
0.00725870046620107
0.00726178118553018
0.00727616758079351
0.00725558700460108
0.00725968462254854
0.0072651337468887
0.00726100311647768
0.00726153421999367
0.00725122434562655
0.00725403980392096
0.00725430005675237
0.00726384070148479
0.00726306162912754
0.00726930387543458
0.00726538330886697
0.00725268416018404
0.00725524534149268
0.0072553118685546
0.00725327107420659
0.00726757683422998
0.00726431322875293
0.00725635540091268
0.00726802803339496
0.00727333289386629
0.00725490226810545
0.00725430968604755
0.00725068282721548
0.00726225468255352
0.00726001237008091
0.00725702338408575
0.0072613569645159
0.00725934702510646
0.00726346214310575
0.00726985987071782
0.00726425967306346
0.00725898459713901
0.00726913631345316
0.0072600981336666
0.00725511631417667
0.00726027764737263
0.00727262717514901
0.00726752103563359
0.00726160341068448
0.00725939266185699
0.00725919240554312
0.00725706241875046
0.00725570114327409
0.00725890975603043
0.00726094075192461
0.00725458139251315
0.00726172550333722
0.0072685981059394
0.00725527719382501
0.00725933134531855
0.00725794509562561
0.00725531688204843
0.00725722563829594
0.00725949366074581
0.00726760098122644
0.00725584567434967
0.00726003978805557
0.00725845637403358
0.00725997511321134
0.00726147456368659
0.00726260470850296
0.00725554507066481
0.00726781686096091
0.00725844356405239
0.00725839061958085
0.00727029508360431
0.00725700250064632
0.00726806246141631
0.0072594302577029
0.0072573950820729
0.00727511834081279
0.00725806686484753
0.0072655403196844
0.00725677080708435
0.00727033423098038
0.00726929729296758
0.00725501207104485
0.00726489496033339
0.00727411498235196
0.00725896289656511
0.00725741195997181
0.0072708675422933
0.00725406546751257
0.00726323724656013
0.00725604480645658
0.00726762600376601
0.00726868026974017
0.00726603139486232
0.00726323249606522
0.00727253809000015
0.00725345339938217
0.00725244267110299
0.00725839908299659
0.0072649689758646
0.00725407011861657
0.00725439638613338
0.00725496376381124
0.00726873810816167
0.0072572527417379
0.00725931209510545
0.00728754845129605
0.00726726130010397
0.00725590867097807
0.00727874891373645
0.00725522465021531
0.00725628917700776
0.00726427054444174
0.00726580444390592
0.00726364237588432
0.00725554865363011
0.00726407759456754
0.00725296377677921
0.00726031665700469
0.00726785571904487
0.00725998795283442
0.00727280600049963
0.00726079522071892
0.00726015353039899
0.00726595784611874
0.00726932965067266
0.00725492549649299
0.00725433546598112
0.00726874450729813
0.00725593409379747
0.00726560291503515
0.00725324482611331
0.00726578892994667
0.00724855199379744
0.00725784366438754
0.00726099985403311
0.00725341550087566
0.0072547557443697
0.00726396147224975
0.00726592014908027
0.00726781024097285
0.00726047728521855
0.00726318581784626
0.00726202117763734
0.00725407749039407
0.00726892087132518
0.00726506195413576
0.00726382614506909
0.00726053615983563
0.00726915592107884
0.00725298562121518
0.0072607262087948
0.00725479200896391
0.0072563585246138
0.00725845464982469
0.00725898173271885
0.0072484577929268
0.00725578946081295
0.00725369115533213
0.00726135372779885
0.00726155920509493
0.00727918579552194
0.00725203020626881
0.00727833795743508
0.00725757228087811
0.0072575235740349
0.00725441393917731
0.00727532455934518
0.00729172507181853
0.00725965999311128
0.00725446455965861
0.00726225642303462
0.00726387605720236
0.00726526677152651
0.0072619359321913
0.00727176557739561
0.0072524430128269
0.0072619756283903
0.00728383213866701
0.00726594098522669
0.00726390932535648
0.00726243668120495
0.0072600744317824
0.00725809325097487
0.00725782910251882
0.00726500899238454
0.00726546736267603
0.00725748926773598
0.0072597821042985
0.00725525059926971
0.00725351378881079
0.00726549736354335
0.00727383349746618
0.00726307472957442
0.00726152261939275
0.00726128247681973
0.0072534341973222
0.00725169834410424
0.00725776694484274
0.00726030789932431
0.00727767798097111
0.00725750921500505
0.00725005080471934
0.00726404272787739
0.00726128848309224
0.00726519925993623
0.00726429354004861
0.00725874659087375
0.00726914670872001
0.00725934414262065
0.00729503662281035
0.00725550947132948
0.00727067849650964
0.00727448348596872
0.00725774385282817
0.00727231412753374
0.00725211615751357
0.00726074423884216
0.00725625769874092
0.00727415140170656
0.00727504865342296
0.00726422607588974
0.00725005972410487
0.00725717560484784
0.00725618962168475
0.00728523753128115
0.00725539343529005
0.00726232265836017
0.00726420746760961
0.00726918729247914
0.00727521096753083
0.00725971560935005
0.00725300444642255
0.00725448757090106
0.00726395321559545
0.00725798454119411
0.00727463348205765
0.00726282232223694
0.00725798696926341
0.00728043705132991
0.00727053948238413
0.007265027717261
0.00726382403835132
0.00726770202176065
0.00727188231358418
0.00725733835155618
0.00725603169922038
0.00726381138769988
0.00725322339061534
0.00726863495677365
0.00726991745996939
0.00725270363846497
0.00725580786083405
0.00724943955628228
0.00725247651591844
0.00725573257371046
0.00726525681885741
0.00727673402978104
0.00726483301121029
0.00725469735820908
0.00726478966015123
0.00726239045841234
0.00725161219218852
0.00726846749649346
0.00725991079706504
0.00725382993567535
0.00725564140323424
0.0072588467729985
0.00725747932825273
0.00727183733732641
0.00725392675288254
0.00726006026218078
0.00726052757749402
0.00726696420486754
0.00725911142109566
0.00725943946106365
0.00725797987560406
0.00725623311826562
0.00727174684713975
0.00725903777497756
0.00726281458302602
0.00725689769992841
0.00725718473367957
0.00725456204970606
0.00725303375166975
0.00726510907568059
0.00725761564172408
0.00726279297107663
0.00725639539026061
0.00726008236925861
0.00725136199369682
0.00725187113500821
0.00725826693820774
0.00726506643520759
0.00725832636330212
0.00726041975124963
0.00725232476186301
0.00725118148749752
0.00725843526599112
0.00727366773945292
0.00726754313485158
0.00725681907827525
0.00725457817109739
0.00727977776580681
0.00725262722011172
0.00725198778632979
0.00725665766605838
0.00727690587368233
0.00726390036134449
0.00726747469973946
0.00726081391751975
0.00725682211705659
0.00725965219707828
0.00726406666208548
0.00727245881870894
0.00726293496383765
0.00726528917046445
0.00727116210180723
0.00725561352098297
0.00725861593340515
0.0072645290046443
0.00725100367317313
0.00726184645809377
0.00727136277927465
0.00725707462859057
0.00726004372668612
0.00726938056658831
0.00726492587777818
0.00727504590439709
0.007278270118519
0.00727133584977909
0.00726682379214732
0.00725139819164627
0.00727007396285935
0.00725495314138481
0.00726593371026709
0.00728931371498229
0.00726201276164376
0.00725337265491265
0.00727367542342819
0.00725730179221121
0.00725509071759746
0.00725931978320218
0.00726291643626218
0.00726755204558129
0.00725974549137114
0.00725810566871202
0.00726435267874163
0.00725419016807909
0.00725480764554237
0.00726075750727397
0.00726214809192515
0.00726827301361913
0.00726172809599399
0.00726737559930566
0.00725763633294161
0.00725517363722688
0.00726960000854862
0.00726959095740389
0.0072630917717484
0.00726356713937229
0.00726826717560459
0.0072551818113999
0.00726770856256395
0.00725700244129738
0.00725814359736553
0.00726078570615324
0.00726385394721718
0.00725751667153141
0.00725660215452331
0.00726104453567227
0.00726336571212419
0.00727129416253606
0.00725918596460755
0.00725786460350443
0.00726806888465112
0.00726041534085823
0.00725691388580883
0.00725942674850204
0.00725546535425449
0.00725786724900464
0.0072606839302253
0.00726356712400401
0.00725547547067968
0.00726929569198875
0.00727410865421014
0.0072546695603984
0.00726186870835526
0.00727343601988875
0.007257109664177
0.00725675771166374
0.00725586369018054
0.00727611537340697
0.00725953337119962
0.00726576598107553
0.00727049193369819
0.00725709277190095
0.00726222699175417
0.00726433044588362
0.00726329742186202
0.00725742162139566
0.00726724492064973
0.00725302349232653
0.00725258340990478
0.00725886918542034
0.00725287880566256
0.00726060768052502
0.00726074886149733
0.0072554983253275
0.00726102212397052
0.00726356079996513
0.00726436171885265
0.00726614947190236
0.00726658005484798
0.00727135419427569
0.00725647410780804
0.00726169353253874
0.00725762079798675
0.00725525581558853
0.00725800375956537
0.00725942450596754
0.00725828877992758
0.00726244808641566
0.00727465137600586
0.0072598412844148
0.00725930143627243
0.00726086471985338
0.00726478297238901
0.00725792553665184
0.00725091954449731
0.0072611309362919
0.00726066794299025
0.00725472474958622
0.00725263253074283
0.00726776844097141
0.00726332768844615
0.00725854672191899
0.00725772283385997
0.00726157515615139
0.00726426555973025
0.00725039217219474
0.00725627308420536
0.00725392898736101
0.0072558011531339
0.00726375374071069
0.00726515198004962
0.00725937543264941
0.00727775273513821
0.00726495479706773
0.00726919332270219
0.00726407975358668
0.00725445537180847
0.00725481266739549
0.00726893327982741
0.0072688086692493
0.00727001272362097
0.00725090356259758
0.00725872430565272
0.0072549636743084
0.00726544273283724
0.00725923095580124
0.00725725119685807
0.00725382338340004
0.00725737853774988
0.00725945661828431
0.00726578281660309
0.00726424231180086
0.00728062643904583
0.00726874333505924
0.00725722266707739
0.00726495215972268
0.0072705267339879
0.00726778979601043
0.00726250206013066
0.00727410620292243
0.00726990253490039
0.00725685679704991
0.00726876591319846
0.00725591611645873
0.00725572077347358
0.00727519900386882
0.00725767503459535
0.00725678956286541
0.00725812443375955
0.00725658928220446
0.00726233614449722
0.0072696685330005
0.00726410672667587
0.00726109672324642
0.00726205802529293
0.00727523533761655
0.00726495855204098
0.00725639964423866
0.0072532427377291
0.00726131496774211
0.00726894412458115
0.00725918433754061
0.00725201337949846
0.00725811150653215
0.00725883567024885
0.00726476189251145
0.00727443170824303
0.007258087271323
0.00725869589810058
0.00724995903583957
0.00726053434888343
0.00726079409643418
0.00725302218226019
0.00726969526382974
0.00725525349703005
0.00726514718568627
0.0072574172243296
0.00725351087055323
0.00725902144984141
0.00725742295783058
0.0072552051848541
0.00726435575018838
0.00726491913487863
0.00726077977621157
0.0072575247208931
0.00726303462010097
0.00726740069636206
0.00726002132371016
0.00726293889656914
0.00726148308377732
0.00726598150939633
0.00726997108874644
0.00725976548885613
0.00726847277601567
0.00724953414724179
0.0072520294090234
0.00725379768761146
0.00726522894766991
0.00725459247335568
0.00725258989025844
0.00725881078736357
0.00725429650111589
0.00725148307101584
0.00726031532743122
0.00725904048652298
0.00725884193814744
0.0072601576868481
0.00726639361253881
0.0072645580763753
0.0072569354788947
0.00726798440123576
0.00728489269771674
0.00725744524302772
0.00726970808876434
0.00725672772241834
0.0072739555529534
0.00725388660687846
0.00725602888724747
0.00725390201322125
0.00725342415880263
0.00725659462210057
0.00725806455529982
0.00725311082489401
0.0072671105145203
0.00725931806866616
0.00728892298257009
0.00727225289402426
0.0072718834594362
0.00725437047086197
0.00726412368170148
0.00726172277041349
0.00727174085264457
0.00726085332578472
0.00726809561264647
0.00726011409698421
0.00726311374351875
0.00725753628675157
0.00726535562966685
0.0072647044372986
0.00725239771838444
0.00725618021122032
0.00724838992283312
0.00726121702207995
0.00725701678886645
0.00725609901806917
0.00725863113807408
0.00726297428192509
0.00727785696737969
0.00727173035928686
0.00725636996568769
0.00727031740723096
0.00726836786277316
0.00725666829800203
0.0072740939672553
0.00724936454337722
0.00725949092548523
0.00725394691060047
0.00725559374317693
0.0072542041167562
0.00726553399489639
0.00725644981849577
0.00725700835228153
0.00726133883285339
0.00725222052245169
0.00725629562912461
0.0072618380991149
0.00725823080154478
0.00725966823513766
0.0072626909134334
0.00726278427305814
0.00725624250998256
0.00725359605687509
0.00725397227359219
0.0072578034267476
0.00726242716948931
0.00725968959891821
0.00725951925240268
0.00726517088351634
0.00727083163756641
0.00726141671751564
0.00725985808015601
0.00725976094176614
0.00726162552737435
0.00725640449811793
0.00726452123565863
0.00725050818240105
0.00725781998155705
0.00726777485352648
0.0072521186965921
0.00727439396140042
0.00726798669372086
0.00725684273309627
0.00725071179372738
0.00725463962510322
0.00726353760363337
0.00726965275391423
0.00727853726567027
0.00726134300858135
0.00725690944663315
0.00725396993716718
0.0072662725333627
0.00727059302936905
0.00727545599901261
0.00725701829573018
0.00725819586635319
0.00725848069318328
0.0072575517185687
0.00726177059487292
0.00725923050587953
0.00725739929794252
0.00727356256067346
0.00725705109672552
0.00725910447332002
0.00726418420096907
0.00725881430699857
0.00725590071466807
0.00726856765676966
0.00726102752372568
0.00726800253675037
0.00725593884584511
0.00725466668526067
0.00726661415646547
0.0072549016712735
0.0072555890332088
0.007262830289201
0.00726234797969263
0.0072772749957091
0.00725575446859611
0.00726512556507304
0.00725091261037918
0.00726176406762694
0.00725883494290302
0.00726739212804445
0.00726617954234528
0.0072568563862467
0.0072565084881639
0.00725954670593614
0.00727652646301285
0.0072686316094079
0.00726205555115418
0.0072654420506678
0.0072675680803194
0.00726751184472647
0.00726119329918752
0.00726317579630606
0.00726274987901662
0.00727449533271931
0.00726740290053414
0.00726010795436978
0.00726605152128076
0.00726031068067649
0.00725723438461819
0.00726604081435155
0.00725942211666622
0.00724898039930829
0.00725239907421406
0.0072713563006567
0.0072555125340271
0.00726379033717106
0.00726330365103479
0.00725616912818777
0.00725438449020466
0.00726580798061226
0.00725728017602064
0.0072637115260699
0.00726041359918226
0.00725701055534869
0.00726770307451663
0.00727689235589783
0.00725480534620578
0.00726323458986912
0.00726009443095653
0.00727635464609363
0.00725632913258382
0.00726652272925068
0.00726970974800523
0.00726473823726127
0.00725217536891887
0.00726231981422943
0.00726002363640842
0.00724975881143205
0.00725878645183025
0.00725414066868415
0.00725592149987432
0.00725011336333482
0.00725239806215163
0.0072632767078199
0.00727251201277737
0.00726630526579106
0.00726627104811477
0.00726500789927817
0.00727652252230165
0.00727246175877855
0.00726189506932674
0.00725891216044096
0.00727016214224356
0.00726881220038598
0.00725310943888436
0.00726388996223937
0.00726060450238352
0.00725548195696006
0.00725425632415251
0.00725276976643804
0.00727446600262944
0.0072664754494321
0.00725955597402811
0.00726613525467999
0.00727345679085051
0.00726885145754746
0.00726141401325032
0.00726470680148205
0.00725840417392211
0.00725363586368976
0.00725715983265538
0.00726717293041272
0.0072741586924534
0.00726458289931585
0.00726606775261534
0.00726075203935086
0.00725804935948198
0.00726336718429085
0.00726074924490709
0.00726181879729135
0.00726103288072008
0.00726325798869776
0.00725446564926286
0.00727391651722064
0.00727144971309171
0.00726768624889795
0.00725732315911908
0.00725703504140556
0.00724904231941445
0.00726879146265345
0.00726503620579163
0.00726444729102804
0.007262693289758
0.00725948701252283
0.00728271196226008
0.00725655414293779
0.00726144357512102
0.00725541827729993
0.0072625917673984
0.007252512613303
0.00726409925761232
0.00726336813821621
0.00725229521518444
0.00726450755929876
0.00725057290084452
0.00725151151239875
0.00726011640625261
0.00726657993719483
0.00725971528881121
0.00726490068396326
0.00726599482747482
0.00725625327065664
0.00725703822745491
0.00726845278032568
0.00726255437666259
0.00726031204932895
0.00726331339118538
0.00725935654542399
0.00727353466335838
0.00726260686163407
0.00725196664184361
0.00727440336514843
0.00725434798783792
0.00725599358339991
0.00726520191056564
0.00725587334808327
0.00726015745341431
0.00725504173814513
0.00725577358376924
0.00727192665547876
0.00727397436948681
0.00725834054502349
0.00725288762487637
0.00726404019668805
0.00726258325053018
0.00727137551988264
0.00726897007590504
0.00725965394080024
0.00727160483420596
0.0072526301733437
0.00724951198223377
0.00727480399756853
0.00728772731955882
0.00726273501713441
0.00726310227340922
0.00726329912251262
0.00725171544792335
0.00726496407051715
0.00726127940784281
0.00726097204869106
0.00725348959771913
0.00725455007151543
0.00726196995201536
0.00726402432047404
0.00725881134078006
0.00725875812106202
0.00726211861573274
0.00726737631396538
0.0072702338238612
0.00725236892749925
0.0072681067942705
0.00725485019861075
0.00727110207784648
0.00725881084923834
0.00726457151557099
0.00725830240725963
0.0072549174920831
0.00727448466260698
0.0072611870212858
0.00726261026301591
0.00725214931191831
0.00726493548468139
0.00727001036151106
0.0072577096981478
0.00725606049475291
0.00725041317562006
0.0072694195004397
0.00726029870358608
0.00725827996094592
0.00727450268905174
0.007271137300095
0.00725450527623759
0.00726278737875219
0.00725933894256347
0.00726081038291768
0.00727055189072569
0.00726354144195683
0.00725221078553853
0.00726271219111692
0.00725464879978771
0.00727212126549569
0.00725187207068679
0.0072614172063876
0.00726331304472141
0.00726634502055826
0.00726453084494018
0.00725176590077266
0.00727297584500726
0.00727343260980333
0.00725763575045744
0.00724831846138022
0.00725838774878344
0.00726096091494441
0.00726617446955712
0.00725903413405437
0.00726036611039091
0.00725437032922307
0.00725406966578206
0.00725473376193723
0.00725360865625296
0.00725729985601211
0.00726031817581021
0.00727251301057228
0.00726347726485911
0.00726137512420884
0.00725514344000638
0.00726714105726912
0.00726384300769858
0.00725649201863423
0.00725307283324378
0.00725450920959312
0.00727064612616179
0.00725994433622013
0.00725876031116127
0.00726021510238237
0.00726554504902791
0.00726039113429389
0.00725527543096868
0.00725254667642114
0.00726375502739125
0.00725694829938997
0.00727304562022951
0.00726333716064435
0.0072617378069622
0.00726702729950064
0.00725818738663113
0.00725615520086315
0.00726121387768078
0.00725538731521116
0.00726300656918321
0.00725922089285118
0.00725877681139146
0.00726737744620511
0.00725784554836052
0.00726131120416238
0.00725809083026125
0.00725755450989587
0.00725239666230118
0.00725648346972532
0.00725830320903271
0.00725213718330539
0.00726221080758533
0.00726157635870894
0.00726101525899063
0.00726611390358377
0.00725623698881984
0.00726045255378148
0.0072585650916121
0.00726366768412038
0.00726325649996019
0.00725882430146869
0.00725636063964484
0.00726593229877914
0.0072613841442932
0.00725957376814746
0.00726305499590117
0.00727483578012817
0.0072607688352917
0.00726247528564176
0.00725841875803396
0.00725956627330471
0.00726378867124289
0.00726264909020761
0.00727630266520862
0.00725544431045438
0.00726177870969165
0.00726515079174327
0.00725721220570735
0.00726459714689559
0.00725933965054867
0.00725540544574807
0.00727105132628278
0.00726052996305847
0.00725804368248073
0.00725998052471337
0.00726982105718803
0.00725335604804805
0.00726407970468416
0.00725269578787042
0.00725573205822228
0.00725096421813623
0.00727196791529634
0.00725839098760821
0.00726029740562776
0.00727709987353489
0.00726717259469848
0.00726108377594374
0.00726532916716257
0.00727239878408971
0.0072631361312246
0.00725670632500325
0.0072550127134206
0.00726244913195993
0.00727575561805635
0.00726071907704579
0.00727038354355663
0.00725549367410854
0.00725732094896974
0.00726429561943155
0.00726645474107211
0.00727557163453786
0.0072638097275947
0.00726580960460801
0.00725824132215913
0.00725418548498713
0.00727353643789255
0.00727838590900189
0.00725680907115147
0.00725728536280107
0.00725391588172448
0.00725744341046106
0.0072684882052096
0.00726591933517467
0.00726997996720904
0.00726194500844667
0.00726420133147538
0.0072524096394895
0.00725412071517659
0.00726034189349262
0.00725578974102396
0.00725625203997716
0.00726383219219864
0.0072717641576545
0.0072679117770381
0.0072527668215987
0.00725501359835733
0.00726448743293631
0.00726978172577715
0.00725440880330723
0.00726057216665311
0.00725762719617831
0.00726707958701735
0.00725294403813997
0.00726540223227621
0.00725630953449305
0.00725240532879036
0.00727442122444198
0.0072567366909589
0.00726694559811617
0.00725979357365414
0.00726581846804731
0.00725727142282983
0.00726939577651849
0.00726681675033299
0.00726589402398235
0.00726485940294559
0.00725974403763542
0.0072570074523734
0.00726774375713305
0.0072667081600623
0.00725494543575288
0.00726079800252853
0.00726240709933701
0.00725913492783924
0.00726663438927411
0.00725881692233798
0.00726402746009447
0.00725582171816567
0.00727139077010412
0.00726930348794978
0.00725395474508215
0.00725632230810241
0.00725805248174004
0.00725527368597789
0.00726262737495742
0.00726153682922814
0.00726643232107027
0.00727086416215512
0.00725650704509181
0.00726113398195265
0.00725465216615355
0.007250948873601
0.00726691468730214
0.00725834583120991
0.0072688240597053
0.00726056559291098
0.00725960580021665
0.00726544370161969
0.00725658934158919
0.00726397193529667
0.00725807674601381
0.00727045290972314
0.0072600495087705
0.00726675589672716
0.00726706161128018
0.00726197648865884
0.00726284139665705
0.00726539088853719
0.00727775162470902
0.00726547938126069
0.00725971043285533
0.00726082573497496
0.00726303217856314
0.00726056616131902
0.00726089320922035
0.00725951801323671
0.00727128208391054
0.00725429454188202
0.00725994270493082
0.00725587438768794
0.00726099985027703
0.00725643664597203
0.00726322615266591
0.00726740890737904
0.00725439485817848
0.007267255649101
0.0072614395270213
0.00727030403890563
0.00726063865079457
0.0072601567995134
0.00725342987609997
0.00725758166096537
0.00727085033205019
0.00727471568801348
0.00726887377298791
0.00726783969356786
0.00726442176551895
0.00727165759484791
0.00725366073643734
0.00725329564944584
0.00727197979793156
0.00725620982398577
0.00725146445707823
0.00725426037214323
0.00727130383294242
0.00725256683552698
0.00727508063952729
0.00728031488564166
0.00725255564614707
0.00725394950332464
0.00725164442747822
0.00725981812458464
0.00726292655629923
0.00725816364014556
0.00726611395470676
0.00725439927145422
0.00726334226779038
0.00726153775598441
0.0072580121944345
0.00725738689896925
0.00725861381747382
0.00726605824969571
0.00726961036411761
0.00725380066488171
0.00725413228463181
0.00726007361781583
0.00725596529484963
0.00726820707439843
0.00726203484817656
0.00726025252160994
0.00725389356645702
0.00725179762289863
0.00726616999726126
0.007262986428959
0.00725811358195757
0.00726362311990595
0.00726156779288972
0.00725343501481678
0.00725632369956075
0.00724988882637237
0.00726499446697713
0.00726887501544686
0.0072623242158413
0.00726576522718952
0.0072652193364522
0.00727151987628414
0.00725674104228685
0.00725443681335387
0.00726114580325211
0.00726446704850337
0.00726489123090061
0.00726243457517777
0.00725835635794493
0.007268293018174
0.00726035495585071
0.00727826261649882
0.00726020730195806
0.00725687172339571
0.00725893245869367
0.00726359145098915
0.0072711110206211
0.00726062080079438
0.00725724805103023
0.00726081069544918
0.00725298393867364
0.00725940320880874
0.00727216570545163
0.00725514310552725
0.00725793544618542
0.00726611019503401
0.0072513912457547
0.00725525323308453
0.00726729340549206
0.00725507926459741
0.00726371926211183
0.00726602805551812
0.00727704957918726
0.00726793303832248
0.00725274937733941
0.00727498431976707
0.00726653607043881
0.00725316437817998
0.00727708762718885
0.00725829851968615
0.00726292425628443
0.00726304038769853
0.00726452648022771
0.00725740957390262
0.00725874016231864
0.00726253339377608
0.00725695185273231
0.00726914504403549
0.00725820273452811
0.00726636417101119
0.00726811394518031
0.00725567064861641
0.00726498453714424
0.00725413101235541
0.00727325647894854
0.0072559774279918
0.00726902669087588
0.00725206626307409
0.0072620042126887
0.00726435117410255
0.00726080187822332
0.00726018234009038
0.00726299103393696
0.00727401078285626
0.00726619313354858
0.00725061026088655
0.00725903980200461
0.00725960798856247
0.00725089669278118
0.00725776488473462
0.00726393187215593
0.00725561289918825
0.00726582151904195
0.00726353058136215
0.00725699358388609
0.0072635964499033
0.0072576918443399
0.00726471603132162
0.00727882875906245
0.00725755650746918
0.00726111040840056
0.00726214532600912
0.00726022912743697
0.00727329165283668
0.00725467573752003
0.00725388220649628
0.00726339503346689
0.00726800123255024
0.0072701398770136
0.00725404353629351
0.00724834326447186
0.00725952341839591
0.00725519735482837
0.00725682969217499
0.0072521049686024
0.00725928457547603
0.00727149421351437
0.00726213401763341
0.00725548123260835
0.00727265507071021
0.00725570569875694
