0.0137543575232074
0.013736545733006
0.0138598461350618
0.013788353279372
0.0137054309196261
0.0137707596109366
0.0136509075870086
0.0137118535596237
0.0138233226567143
0.0137962695344834
0.0136954149428295
0.0138235334854978
0.0137125200715955
0.0137178382354151
0.0138369229753966
0.0137564292386224
0.0137026646282703
0.0136175151055589
0.0138836197084963
0.0136942762449692
0.0138341233506931
0.0136750322225627
0.0137550239556916
0.0138031372485228
0.0138099974702691
0.0136599374436278
0.0137566648302979
0.0137823213313581
0.0137561813911508
0.0138671692471832
0.0138261973515756
0.0136934556675796
0.0136885289163797
0.0137168112047712
0.0137265278612489
0.0137988722927637
0.0137552045108548
0.0138931104876809
0.0137445730680907
0.0137426662279226
0.0138132279414857
0.0138279119253182
0.0137558798945101
0.0137932275017333
0.0137714877057734
0.0137251885958891
0.0137018462653815
0.0135963879676827
0.0136639060376781
0.0137702624605132
0.013852961536548
0.013705955667402
0.0135886492139274
0.0137099515005263
0.0137400021904005
0.0136793556207386
0.0138571730577532
0.0137199293700524
0.01380924494405
0.0137909584539329
0.0137922961078353
0.0137824325516918
0.0137509012459809
0.0138464824867701
0.0138001739419509
0.0136526192556342
0.0137988289105395
0.0136856074178332
0.0137807557103809
0.0136009841424845
0.0137338665938908
0.0137204880727066
0.013794045414689
0.0136853953231743
0.0137108022700155
0.0137764570123373
0.0138092015133851
0.0137199138294425
0.0137197415736365
0.0136847290295324
0.0137385536957137
0.0138252337496541
0.0138562055359038
0.0136653092862425
0.0138265738277498
0.0137932912369173
0.0137785186445666
0.0138531852883566
0.0137567917233692
0.0136858772231327
0.0138408714927562
0.0137222812315456
0.0138606152832173
0.0138072286679164
0.0136824638125369
0.0138392833705046
0.0136251880352079
0.0137947806910352
0.0138240968883518
0.0138201085132113
0.0137294051496924
0.0138483164585316
0.0136820657751413
0.0138978749799513
0.0137370163732773
0.0137591150699898
0.0137939442076092
0.0137039707306448
0.013727658512619
0.0136967446415769
0.013720160401866
0.0137653814278756
0.0137655930214253
0.0136272570305348
0.0138226262969262
0.013824138250194
0.0138765887693322
0.0137253249589876
0.0137964141867616
0.0137501020372737
0.0136868139279545
0.0137099917760365
0.0137536457230663
0.0137176064616964
0.0137565425184684
0.0137401546347833
0.0136680042374152
0.0136595114174842
0.0138437409155618
0.0137645193302735
0.0138398676149094
0.013709909901728
0.0136878817049054
0.0138903585089076
0.0137124004254357
0.0138140387455428
0.0138175155345201
0.0138211409115755
0.0137635795138105
0.0138146746280841
0.013748552208701
0.0136753568797502
0.0137343842901263
0.0136755614683675
0.0138038362103485
0.013773862615497
0.013625152095153
0.0137316283971477
0.0137459495292163
0.0137718331222092
0.0137988263274331
0.0138937705658452
0.0137358493173304
0.0138000743667352
0.0137285903653953
0.013732053648571
0.0138702228516934
0.0137165701449563
0.0137499510212171
0.0137987261138213
0.0137597034870244
0.0137687312373098
0.0136509375091692
0.0136962077342873
0.0136721379260393
0.0137884859224597
0.0137577526016173
0.0138314885920096
0.01378187988415
0.0136806465947224
0.0137085705044139
0.0136978451728038
0.013686080006269
0.0138107629855506
0.0137906633337545
0.0137088656954242
0.0138121913262082
0.0138551466156144
0.0136919626792131
0.0136996486133879
0.0136390749511449
0.0137749552485579
0.0137512219217034
0.0137303016378718
0.013734280048103
0.0137465579096808
0.0137891053724508
0.0138121439320091
0.0137913389047966
0.0137250840312567
0.0138293868868531
0.0137453654682348
0.0137017831892976
0.0137536620833444
0.0138480999809846
0.0137774120500728
0.0137662758049238
0.0137385900909187
0.0137451568450868
0.0136678492636789
0.0136800913668322
0.0137479988949836
0.0137624589071096
0.0136895378878798
0.0137699143284937
0.0138236066825463
0.0136994557161751
0.0137384014095015
0.0137364004611918
0.0137128749054238
0.0137094008956496
0.0137414880713172
0.0138113765381125
0.0136873448206154
0.0137450230037088
0.0137008497877378
0.0137526149517354
0.0137632549613003
0.0137678650989677
0.0136686835789211
0.0138205328571812
0.0137130771843458
0.0137354938024205
0.0138296456943621
0.0137166190052232
0.0138059054086183
0.0137404909745726
0.0137220828280257
0.0138662484076439
0.013695786648551
0.0138058723669061
0.0137095668222369
0.0138367525513729
0.0138294279783127
0.0136791174386406
0.0137788288345266
0.0138611346639229
0.0137365514775911
0.01371490446942
0.0138384944887395
0.0136696891349157
0.0137759651233712
0.0137131480160318
0.0138035099499522
0.013818952348272
0.0137899769610958
0.0137739371124532
0.0138403406361624
0.0136590763940567
0.0136696139372361
0.0137374646953241
0.0137964222274725
0.0136862237732988
0.0136851426137362
0.0136993762471627
0.0138296430008643
0.0137220088961381
0.0137293053159028
0.013952996638171
0.0138141576898797
0.0136805996629174
0.0138948281893967
0.0137035185992972
0.0136834879353228
0.013781134452162
0.0137844387204916
0.0137848474574404
0.0137077032164907
0.0137722292840164
0.0136757743270488
0.0137228704875124
0.0138164993588433
0.0137238407386552
0.0138537739810975
0.0137465212769875
0.0137530063667787
0.013771985651898
0.0138209166685941
0.0136949165125904
0.0136674576099404
0.0138262361084749
0.0137142953868068
0.0137916979275874
0.0136864415441703
0.0137845435582659
0.0135926878547777
0.0137292171851464
0.013760278513599
0.0136347244303655
0.0136835339019226
0.0137729474600175
0.0138056353452505
0.0137963760873199
0.0137557171143778
0.0137714195604143
0.0137757496728645
0.0136898146630762
0.0138260383165977
0.0137844626787374
0.0137860358804038
0.0137540412735603
0.0138309637372487
0.0136612756179787
0.013756681522069
0.0136994284183846
0.0137219798868865
0.0137302143689846
0.0137385615906362
0.0135667603649207
0.0137065089122664
0.0136870629901727
0.0137433514843363
0.0137660958828739
0.013893836545923
0.0136585748882971
0.0138800648341178
0.0136926357769568
0.0137240356690016
0.0137041082282453
0.0138664275710324
0.0139718165475669
0.0137403690244871
0.013684373109757
0.0137743769644025
0.0137875955514848
0.0137995294114113
0.0137338527526623
0.0138366960707218
0.0136714929535958
0.0137593683438381
0.0139227207680868
0.0138050491247566
0.0137858494439452
0.01375194413078
0.0137480309729079
0.0137285949011122
0.0137298716332626
0.0137852829313618
0.0137906580155636
0.0137056144916466
0.0137473852206465
0.0137195754375767
0.0136742566440645
0.013793269089717
0.0138600737603311
0.0137763109237765
0.013760966668565
0.0137520288887059
0.013679826312192
0.0136710303380196
0.0137271939066677
0.013742970196308
0.0138851513785191
0.0137272632936668
0.0136425901202168
0.0137751220370102
0.013769637337309
0.0137786856339017
0.0137929612854453
0.0137405254357167
0.0138085389977084
0.0137490079214762
0.013975174409647
0.0136855871984566
0.0138407782356905
0.0138557972024874
0.0137311754311799
0.0138479887778486
0.0136604057538226
0.013758641083184
0.0137261414786222
0.0138547107075112
0.0138681921027173
0.0137881068264436
0.0136212229601171
0.0137080405872177
0.0137079756867363
0.0139353960801614
0.0136740363865645
0.0137455415243681
0.01379123724037
0.0138219087731389
0.0138683505756133
0.0137562789591244
0.0136868800208823
0.0136975578176872
0.0137931803016524
0.0137311744426094
0.0138571801650096
0.0137486811978537
0.0137047032462691
0.0138967439753571
0.0138350543202603
0.013756224592432
0.0137907227403415
0.0138077924537845
0.0138532633398306
0.013732535176712
0.0137071091096185
0.0137832667014847
0.0136664281358644
0.0138206687422462
0.0138166270496885
0.0136346352070316
0.0137145778506785
0.0136134015073465
0.0136662983416005
0.0137158154236709
0.0137974876731789
0.0138707564129278
0.0137944854331985
0.0137034345573442
0.0137758690633429
0.0137744024177064
0.0136513725778686
0.0138095529500422
0.0137463210273864
0.0136887927120029
0.0137218067881247
0.0137480949812857
0.0137275260202792
0.0138421913188543
0.0136939111663202
0.0137459224901343
0.0137178872087287
0.0138053884865374
0.0137406971704668
0.0137509144490055
0.0137338657614192
0.0137200283364179
0.0138460593325907
0.0137347573666938
0.0137687253561313
0.0137291530768343
0.013730880232638
0.0137094506331436
0.0136802628413481
0.013768902684882
0.0137307908058252
0.0137795152244576
0.0137015036136457
0.0137448270564175
0.0136597798627143
0.0136444276991673
0.0136998189400389
0.0137967242519851
0.0137230320282353
0.0137519521214776
0.0136412677901887
0.013652398605931
0.0137222089989161
0.0138631108595327
0.0138121853725823
0.0137301736382027
0.0137054134188618
0.0138931394831448
0.0136595009711606
0.0136526918424645
0.0137032301564809
0.0138607124231752
0.0137820660739032
0.0137907940684632
0.0137504824505539
0.0137182609846423
0.0137289984900758
0.013765268379112
0.0138499766444919
0.0137801325744207
0.0137908073041186
0.0138408232021024
0.0136811093728285
0.0137465136251826
0.0137837971653095
0.0136493509606062
0.013768589349048
0.0138464823324266
0.0137070842014875
0.0137454609734498
0.0138265042286535
0.0137895440777171
0.0138568789560787
0.0138901025993332
0.0138241384122194
0.0138016170662995
0.0136512188445407
0.0138361349276857
0.0136875637506128
0.013805392084142
0.0139618453574803
0.01376684126586
0.0136888724467054
0.0138546506987739
0.013716592312669
0.0136943586592541
0.0137471782292112
0.0137842741176621
0.0138118470479198
0.0137196022910571
0.013706093983254
0.0137859605203957
0.0136924573032891
0.0137107481760309
0.0137494897343892
0.0137721936791043
0.0138147912454505
0.0137708623582428
0.0138123426597463
0.0137303771489109
0.0137067769636409
0.0137889651052197
0.0138210483725756
0.0137497710165028
0.0137763956829014
0.0138217927271328
0.0136583132728175
0.0138114363618714
0.0137226366301748
0.0137284110821909
0.013753705261299
0.0137857369501522
0.013706259316092
0.0137184470885056
0.0137558949469847
0.0137451055641475
0.0138114720159424
0.0137333569717471
0.013722920467066
0.0138134104419557
0.0137500509600611
0.0137214798808194
0.0137484995872152
0.0136930370359726
0.0137322406040943
0.0137537482062757
0.0137821047611705
0.0137126252601814
0.0138159532474701
0.0138644560222309
0.0136664170770639
0.0137691977711576
0.0138495791724909
0.013698033698283
0.0137287488962016
0.0136980074076015
0.0138664634884857
0.0137451202952919
0.0137862126481364
0.0138361266987869
0.0137188159041871
0.0137769924360987
0.0137906123553891
0.013782102705741
0.0137226781541936
0.0138121331851793
0.0136756162002531
0.0136753575270694
0.0137460080177402
0.013648822037905
0.0137635694704458
0.013758306505932
0.0136800712946842
0.0137475290506426
0.0137843975848699
0.0137869268674025
0.013779673342973
0.0138092783362333
0.0138396179339834
0.0137178046991151
0.0137657289897126
0.0137209619877046
0.0137081996788819
0.0137303789278312
0.0137497405090414
0.0137349206041143
0.0137605885612464
0.0138585176954609
0.0137445015801266
0.0137129274079905
0.0137551592685563
0.0137836241613159
0.0137387198798988
0.0136209790101589
0.0137486620422287
0.013734803629506
0.0136927148205268
0.0136674683290405
0.013790520301545
0.013779001411066
0.01374001020766
0.0137363160520455
0.0137650782880935
0.0137892270222717
0.0136111983192674
0.013718529638179
0.0137041892875557
0.0137020178115046
0.0137822956949476
0.0137865436666764
0.0137442967174922
0.0138789011277373
0.0138008983301623
0.0138260878239432
0.0137808186138561
0.0136488517759975
0.0136806276695691
0.0138268756775592
0.0138240018851696
0.0138316451471504
0.013632884584134
0.0137320917358078
0.0137083666742024
0.0137873719353401
0.0137213036275844
0.0137299576620158
0.0136719119527325
0.0137279700496998
0.0137156105349397
0.0137933484412234
0.0137888008286588
0.0139043695136195
0.0138172155847844
0.0137221947162596
0.013801712682221
0.0138375692611354
0.0138195383934485
0.0137735245693804
0.0138243862960455
0.0138326854734329
0.0137081359109068
0.0137977408877345
0.0137202043897084
0.0137008525422912
0.0138694850161101
0.013731403522417
0.0137067953354998
0.0137348878855092
0.0136773113291172
0.0137296877614461
0.0138167924928243
0.0137865143793854
0.0137662135021909
0.0137659255003451
0.0138713354942103
0.0137855380817993
0.0137174643677106
0.0136768701215595
0.0137241048346435
0.0138283600677853
0.0137422519824627
0.0136694491727019
0.0137148957025486
0.0137189726896807
0.0137853087528292
0.0138700874485447
0.0137392660505639
0.0137125295153712
0.0135725232290626
0.0137606783576109
0.0137466382850792
0.0136403450121349
0.0138317345337065
0.013682356480688
0.0137756851240675
0.0137221274299305
0.0136658763402399
0.0137518937040045
0.0137239761887459
0.0137049190414858
0.0137807013296558
0.013792304339422
0.0137511595786927
0.0137224739806057
0.013776212737069
0.0138177241808909
0.0137362634452674
0.013773622667616
0.0137629424079484
0.0137977787051992
0.0138344699105224
0.0137192657523236
0.0138184018146421
0.0136336099534711
0.0136548004810234
0.0136996816107654
0.0137719888812557
0.0136966957870038
0.0136692972311608
0.013747877599321
0.0136719269600198
0.013650350636083
0.0137560462078121
0.0137271460073897
0.0137319056917
0.0137622056636622
0.0138009791128172
0.0137861045501088
0.0137303100446517
0.013785234454472
0.0139332735436555
0.0137017790795055
0.0138252648034282
0.013712499740619
0.0138593099165758
0.013683735561514
0.0137219152851357
0.0137023351246409
0.0136889878447626
0.0136997565299552
0.0137321993764465
0.0136620894498665
0.0138155201395948
0.0137378596453085
0.0139476392625076
0.0138483993069342
0.0138450819064692
0.0136917629512764
0.0137706391622557
0.0137228007251455
0.0138220465367648
0.0136932294312704
0.0138187960317764
0.013745308580101
0.0137822648380753
0.0136952788671721
0.0137863679885311
0.0137963934487788
0.0136161297736779
0.0137178912829812
0.0135836244974878
0.0137600389971755
0.0137217701604516
0.0137188057147674
0.0137420156043679
0.0137755448989969
0.0138914818171227
0.0138408533804066
0.013718754272958
0.0138335219507302
0.0138196603241202
0.0137113835885731
0.0138635824503579
0.0136138887031212
0.0137330992575004
0.01369477857444
0.0136950788235357
0.0136564111426462
0.0137996439797535
0.0136988313099195
0.0136704027144663
0.0137620281338736
0.0136693484902804
0.0137224197676699
0.0137736518562787
0.0137385490520215
0.0137476053771585
0.0137331820497561
0.013758044520215
0.0137200308963921
0.0136545960524432
0.0137037371108389
0.0137353687295373
0.0137481286270516
0.0137302122192405
0.013754127457041
0.0137759318887266
0.013836040096203
0.0137381798698586
0.0137401990485201
0.0137452197675475
0.0137365135624559
0.0137221459896199
0.0137644379751094
0.0136351437169082
0.0137034317578339
0.0138178483063068
0.0136325372396469
0.0138518183837091
0.0138065316239018
0.0137148644350927
0.0136381560041117
0.0136809887858469
0.0137529555755838
0.0138292145984964
0.0138944300513475
0.0137677979504097
0.0136681162028138
0.0136750574621484
0.013771740428479
0.0138400266987637
0.0138626910444565
0.0137162733189525
0.0137357454807861
0.013735810595702
0.0137164519145322
0.0137721080549765
0.013743571963515
0.0137133603322219
0.0138616471995571
0.0136930211565975
0.0137263799510911
0.0137917709343795
0.013735454839378
0.0136787865024302
0.0138211243824603
0.0137495699451278
0.0138089547097043
0.013699457674925
0.013689596981599
0.0137985464748997
0.0136982998042771
0.0136739930043789
0.0137679838854444
0.0137407753410598
0.0138665792883723
0.013702716927384
0.0137952084378929
0.0136479035243578
0.0137325120109479
0.0137398791141312
0.0138092530569745
0.0138025762230964
0.0137337679729331
0.0136912220629567
0.01374736983305
0.01387827153667
0.0138213744139268
0.0137463837398967
0.0137958506981981
0.0138130607165803
0.0138185204571565
0.0137473763974702
0.0137804191827067
0.0137723115296875
0.0138670229727247
0.0138107529851063
0.0137501346072489
0.0137816742297252
0.0137582509026915
0.0137315928498128
0.0137965212211648
0.013748810553426
0.013610287618136
0.0136460565941137
0.01384595738616
0.0136913034140662
0.0137812863114704
0.0137510055305959
0.0136764169566598
0.013684244078491
0.0137965685094904
0.0137087968494835
0.0137790478211545
0.0137549609595002
0.0137201443491123
0.0138175665308914
0.0138553241456347
0.0136977808972328
0.013774582674446
0.0137248953212808
0.013870262152442
0.0137191737956015
0.0137756699327111
0.0138350251867636
0.0137817446507667
0.0136430662082955
0.0137657852448166
0.01374537571163
0.0135995491256478
0.0137226253255228
0.0136972582504388
0.013702234966814
0.0136302039127622
0.0136186878354506
0.0137501699859282
0.0138435859747329
0.0137922564493164
0.0137820322282039
0.0137977863625226
0.0138735356175208
0.0138540953687699
0.0137652976358364
0.0137367981510325
0.0138210379778851
0.0138217287042584
0.0136893545160147
0.0137771196573636
0.0137641080303267
0.0136962485454594
0.0136531668927126
0.013637726460999
0.0138655494594244
0.0138102454104097
0.0137310812843716
0.0137976945246881
0.0138524351905859
0.0138014560213552
0.0137653852736507
0.0137827603524112
0.0137393277443454
0.0136670771261423
0.0137243205576549
0.0138116949097091
0.0138432474413999
0.0137940408093685
0.0138032309259937
0.013741427665314
0.0137332933016474
0.0137577952152139
0.0137519670002588
0.0137612093675557
0.0137318141217527
0.0137728794821776
0.0137065664655734
0.0138620530707991
0.0138387219772776
0.0138165880428375
0.0136949767247842
0.0137262086469021
0.0136194054034807
0.0138056556328706
0.0137959815102331
0.0137602546908426
0.0137611631806234
0.0136825952779031
0.013922230445508
0.013720241028716
0.0137558387212696
0.0137102140740215
0.0137601387584995
0.0136491279039968
0.0137860848745038
0.0137784293440606
0.0136776078293951
0.0137788846996277
0.0136460713644002
0.0136451232860461
0.0137476281315944
0.0138054977411071
0.0137370259067424
0.013782186348804
0.0137977656013927
0.0137171317592885
0.0137285373177244
0.0137910973966038
0.0137790078671107
0.013713601181776
0.0137788340469584
0.013736414331911
0.0138592327472731
0.0137735293858276
0.0136746374370339
0.0138671284573306
0.0136792827755443
0.0137181730306847
0.013791922684217
0.0137196432328526
0.0137391890394564
0.0136992590488225
0.013716095721506
0.0138430528171124
0.0138528509075917
0.0137296604544362
0.0136717180504232
0.0137670117566112
0.0137693449937523
0.0138454516982174
0.0138210467385052
0.0137427195631126
0.0138418833048043
0.0136396998734298
0.0136107122661291
0.0138625118809123
0.0139533521953375
0.0137656941788802
0.0137690381144508
0.0137746327436862
0.0136403640407752
0.0137990260213348
0.0137624040990987
0.0137085292381203
0.0136813578086461
0.0136966531481439
0.013738690892213
0.0137717769635964
0.0137259774051256
0.013717482131937
0.0137742472071504
0.0138057794562895
0.0138292866004994
0.0136684651819143
0.0137901326187062
0.0136853919371822
0.0138340199899203
0.013746666457619
0.0137864562398764
0.0137333262063823
0.0137010317947408
0.0138685263269873
0.0137700497384477
0.013761723049333
0.013666477123635
0.0137929033311194
0.0138353967246035
0.0137215373217734
0.0137192299082229
0.0136330813841651
0.0138282353750121
0.0137465480581981
0.0137198463768796
0.0138665077640149
0.0138350695480233
0.0136955123984934
0.0137822511362555
0.0137501262943961
0.0137399747823628
0.0138391298775003
0.0137744303978629
0.0136739010884242
0.0137787722911157
0.0137076830712942
0.0138480982797149
0.0136682663599575
0.0137578339157097
0.0137835630890982
0.0137979198648094
0.0137924886230484
0.0136143871056249
0.013859981501604
0.0138541061006416
0.013727369291215
0.0135977884856622
0.0137401528960483
0.0137512926728541
0.0137840320945424
0.0137401721870859
0.0137617973203497
0.013684067971793
0.0136605790620095
0.0136945732933319
0.0136543005879242
0.0137260504388864
0.0137562125796367
0.0138534028662399
0.0137819696414398
0.0137674663539538
0.0136916871370654
0.0137965793666101
0.0137769959580813
0.0136976676114005
0.0136672389530471
0.0136641531893058
0.0137911395922626
0.0137601103099501
0.0137263066147785
0.0137548854135899
0.0138034243121427
0.0137458043426495
0.013689050202852
0.0136616669835491
0.013777867412687
0.0137012740640727
0.0138533565737444
0.01377625678337
0.01377130534178
0.013800500570387
0.0137404199207436
0.0136947707020159
0.0137665572762123
0.0137039361282374
0.0137782250377672
0.0137407590745702
0.0137365456777564
0.013811684914252
0.0137375722441389
0.0137537664444
0.0137356977079061
0.0137376163150588
0.0136367305526832
0.0137247766079321
0.0137273279009638
0.0136659176268928
0.0137585930119333
0.0137585321381236
0.0137659001382779
0.0137969808014773
0.0137215944504328
0.0137260511917321
0.013741374533173
0.0137810140986763
0.0137740090457492
0.0137443758247787
0.0137076228827447
0.0137980580376261
0.0137613294435489
0.013745967903195
0.0137458978824051
0.0138650227799628
0.013754408182788
0.0137688443260492
0.0137442982445369
0.0137479659090811
0.0137868693961763
0.0137691411591856
0.0138704238269121
0.0136937684354192
0.0137660380196638
0.0137775433132467
0.013693460089303
0.0137817443783045
0.0137072302856626
0.0136878844917989
0.0138275462744037
0.013749070027047
0.013714062356508
0.013735865726231
0.0138354335201635
0.0136879968815524
0.0137437473306259
0.0136844615880911
0.0137112179467756
0.0136394531490698
0.0138370798648992
0.0137144707259694
0.013756340953469
0.0138813940041976
0.0137860970219904
0.0137539615395576
0.0138031619516968
0.0138511925712053
0.0137626508372281
0.0137183667789131
0.0136906126898334
0.0137733278040236
0.0138669823167315
0.0137557747000317
0.013840916702716
0.0137077514103927
0.0137207828954378
0.0137713609867279
0.0138084111916376
0.01384119416906
0.0137877306236084
0.0137663262511496
0.0137114375969406
0.0136982532141496
0.0138551654840665
0.0138908466988373
0.0137044661287826
0.0137220206068188
0.0136829273565049
0.0137183596289933
0.0138161175790245
0.013806310863832
0.0138315787751326
0.0137692043774839
0.0137695147510524
0.01362791499667
0.013648082493037
0.013728872856472
0.0136549558129076
0.0137243511992432
0.0137816994269679
0.0138464459329485
0.0138221473608631
0.0136626196891639
0.0136996458404342
0.0137766472601285
0.0138298271975046
0.0136895595579268
0.0137463238063409
0.0137277122940681
0.0138040566786161
0.0136869549892662
0.0137645914299096
0.0136935608178151
0.0136627896753674
0.0138559975294201
0.013699026861237
0.0138091660351318
0.01375571134015
0.0138006818672742
0.0137296614978053
0.0138328119742438
0.0138076391238046
0.0138032855730057
0.0137911034232356
0.013737893500456
0.0137321259397226
0.0138160287334197
0.0138077895768108
0.013678196063652
0.0137590111657665
0.0137648619585712
0.0137505113894388
0.0138121580253985
0.0137415429739999
0.0137878616361834
0.0137183951891159
0.013835126597151
0.0138186024315485
0.0137021795939813
0.0137047619786855
0.0137206983708426
0.0137048284541211
0.0137777070032293
0.013759888368964
0.0138068415014978
0.0138402973059752
0.0137194069478285
0.0137516617666009
0.0136984727748019
0.0135950807326073
0.0138041892112275
0.013738067630713
0.0138185574088625
0.0137525895570959
0.0137527387891636
0.0137982950374743
0.0137139761110918
0.0137666237903671
0.013735265735463
0.0138357305842745
0.0137242067403317
0.013774075197477
0.0137820256749908
0.0137648661872044
0.0137493413379591
0.0137922716988915
0.0138855937104362
0.0137888960686732
0.0137566552891715
0.0137661848217716
0.0137669913694281
0.0137350282611405
0.0137576403311348
0.0137543790006963
0.0138373346669149
0.0136752414430022
0.0137378701202724
0.0136224181683168
0.0137583047592039
0.0137155753083047
0.0137812931692195
0.0138165962000927
0.0136935220892135
0.0138156148944276
0.0137542281776508
0.0138299528120172
0.0137587374109505
0.0137418763047469
0.0136633747660698
0.0137302295783402
0.0138396347689411
0.0138536889370501
0.0138269063617547
0.013823186829136
0.0137819947218801
0.0138300876887536
0.0136463219909536
0.013657952056843
0.013841771395806
0.0137200124828032
0.0136608507267855
0.0136934049915361
0.0138442586650113
0.0136747633603294
0.0138628370596853
0.0139005516061185
0.0136723409001063
0.0136926320000901
0.0136584042422085
0.0137574313298508
0.0137774812651254
0.013739393743163
0.0137873478243252
0.0136674295382112
0.0137846639505003
0.0137354487728669
0.0137328785259047
0.0137335811178362
0.01373001546392
0.0138058818809016
0.0138286265824189
0.0136802589450501
0.0136988485634605
0.0137563748109136
0.0137097238460036
0.0138233470632996
0.0137680022799212
0.0137395802026075
0.0136914104985737
0.0136621925074562
0.0138109676697174
0.0137764100174183
0.013739953944807
0.0137842154514633
0.0137640430725422
0.0136836500069562
0.0137068949814349
0.0136171234284748
0.0137830146081381
0.0138304715021657
0.0137370259571982
0.0137989662036169
0.0137797836130165
0.0138373662620992
0.0136985612379935
0.0136873633132047
0.0137329646548535
0.0137896822353845
0.0137795177414019
0.0137764993797993
0.0137092014196349
0.013821101537606
0.013745703918088
0.0138832532745601
0.0137421846843
0.0137158933674914
0.0137490250375233
0.0137726973484657
0.0138348115385957
0.0137622303025397
0.0137317520915093
0.0137321237377764
0.013682485434516
0.0137347665731938
0.0138503288284747
0.013685476275635
0.0137302804763772
0.0138027019960937
0.0136343607336646
0.0137071273310575
0.0138060210110853
0.0137035753424259
0.0137780268420663
0.0138043550756413
0.0138796439700641
0.0138041099278213
0.0136356588528998
0.0138659780165835
0.0138043980981028
0.0136631557398885
0.0138821566022657
0.0137237168388839
0.0137639878262395
0.0137853770764401
0.0137909764402975
0.0137243670049251
0.0137482771421121
0.013773620367575
0.0137107271336708
0.0138124878868807
0.0137043770374465
0.0138086002660615
0.0137998310917659
0.0137163224986502
0.0137661690596712
0.0136995549857988
0.0138471769853693
0.0137135359396092
0.0138268094097137
0.0136490091303027
0.013754114532155
0.0137914657681293
0.0137446974458761
0.0137581940700007
0.0137437969400488
0.0138615018513441
0.0138011003205651
0.0136487716412636
0.0137359488923007
0.0137368041740179
0.0136366739840709
0.0137288196879298
0.013765200005227
0.0136898243081178
0.013802724637007
0.0137718201118478
0.0137299219487029
0.0137554010397459
0.0137266541101611
0.0137813672199647
0.0138913699790195
0.0136998066606666
0.0137428348552018
0.0137738390856471
0.0137578232526994
0.013855948333701
0.0136544495749529
0.0136875529447242
0.0137871969895541
0.01381887793417
0.0138335322328676
0.0136336471862531
0.0135872004189577
0.0137359163298124
0.0137160823532054
0.0136953138080952
0.0136563684834808
0.0137368842182302
0.0138343679111904
0.0137535400763861
0.0137140849555359
0.0138364150928814
0.0137064108396736
