-3.3837253222996494e-6
1.0877238176500506e-5
2.6322422583997807e-6
1.0807273249993643e-6
-5.376928452299062e-6
-6.278961059799637e-6
-2.4979389849997397e-6
-2.103710437300829e-6
-8.976313355998217e-7
5.7516735910007055e-6
8.561968676400189e-6
-7.402138405400091e-6
-2.6305031827992403e-6
1.1488741776598949e-5
-5.414385906999525e-7
2.818593025899138e-6
1.4711063206499647e-5
-4.6015484371011994e-6
-1.7029443341986389e-6
1.5162540295994564e-6
5.883688264899864e-6
6.283729967800772e-6
1.1250818228300194e-5
4.762087927200412e-6
6.907040458699332e-6
-5.009727741599884e-6
1.4633465568007764e-6
4.44896741279982e-6
8.198328558198936e-6
2.358673993800922e-6
2.222775447299763e-6
7.572305243600322e-6
4.5486981879901134e-7
1.0782982382899833e-5
-3.846506301400168e-6
2.7250556270987103e-6
2.928690651700025e-6
7.453181940298911e-6
-5.998721829998666e-7
2.871855716400293e-6
-5.381145757600916e-6
-6.401435161899199e-6
1.0974953126800108e-5
6.106488688000303e-6
-3.083441736998621e-6
-1.2006256686989542e-6
5.910873831999411e-6
1.6534966009989355e-6
1.80107777969854e-6
-1.5597195332003183e-6
3.2322205850005004e-7
-4.564335915800688e-6
6.407886643300387e-6
-5.021816033300847e-6
3.1512808254998553e-6
1.1212639919842837e-7
3.977832731099848e-6
-1.3045792471994e-6
-3.248623689500185e-6
5.858115105698489e-6
8.349533851700203e-6
7.364745861996452e-7
-1.0016961822997827e-6
5.111522929200293e-6
-6.3955630611994135e-6
-3.7543721549005565e-6
-7.683939349599489e-6
-1.9191998198997418e-8
3.219094659100488e-6
2.285655472699863e-6
8.518388880999345e-6
-1.43016819559999e-6
6.787643681701108e-6
6.05934678430016e-6
4.608905235700331e-6
-1.4838414680133638e-7
1.7020685730007035e-6
-5.768037362012535e-7
-1.935112002700301e-6
8.948357467800094e-6
-4.6443476560062424e-7
-3.6639090371989175e-6
4.725762397799968e-6
1.1688772162600503e-5
4.541191041599474e-6
-5.5695592613008715e-6
6.286986795198818e-6
-3.1285811733002683e-6
3.8272734650991735e-6
-1.6488243750993614e-6
5.686331700000338e-6
5.595185325498603e-6
-1.0674838670000214e-5
-5.922539435800067e-6
2.0633973569876563e-7
-6.1430824699997e-6
8.406045678800017e-6
-4.2301338998990134e-6
1.322659232559989e-5
-5.332020025700102e-6
3.4605124826000283e-6
-5.0073037683000254e-6
4.419664977798818e-6
9.253936384399572e-6
4.507184078300294e-6
5.8964018299911825e-8
6.987277296598843e-6
1.5548950144002316e-6
-2.792030536399523e-6
-1.7351549301998503e-6
2.6867852588995794e-6
-1.91458207450014e-6
-7.95454320570016e-6
-2.6401007472004467e-6
7.4025905044006884e-6
-2.3695797461004142e-6
1.3857710218986852e-6
7.615876998800716e-6
-1.6990142138011144e-6
-2.9530402337989148e-6
6.096270843100257e-6
2.849045778900716e-6
1.2437979045099024e-5
8.053461051401103e-6
2.4952615202984e-6
2.361727920801096e-6
-2.2844960961988098e-6
-6.227381795006343e-7
-3.3202830219992985e-6
8.995331902600379e-6
5.059651857198394e-6
2.1666116892006537e-6
1.0055918767005317e-6
5.954305626099804e-6
2.5069070907005053e-6
9.682341961501223e-6
9.794182185499795e-6
1.5289134552998879e-6
-1.7117277582995305e-6
-5.717032282998025e-7
1.7125037584005132e-6
2.8929610124007327e-6
5.139408511200053e-6
-1.780453097798701e-6
1.0342908494199998e-5
2.8812298106008216e-6
1.0692886226997683e-6
-7.963539802900016e-6
-4.577099430599571e-6
-3.515554353199571e-6
6.256220664298956e-6
1.1869172052998006e-6
-3.196442418999454e-6
7.020787388001964e-7
-9.09788951490055e-6
1.2398616903200668e-5
7.807594777899107e-6
-1.5069695521990195e-6
8.145007865200879e-6
7.336270558301605e-6
-2.2783793595000656e-6
5.893935702699221e-6
-2.0910779547998054e-6
-2.8398180970997527e-6
-1.132747028198891e-6
-7.4325703820002365e-6
3.0439969819998774e-6
-7.0645274908003736e-6
-8.53110259199652e-7
-6.7261557640998365e-6
-1.7654967139971167e-7
8.096370897400437e-6
-1.1819475397006202e-6
-1.109648384000142e-6
5.1539774863999105e-6
4.5109332339962616e-7
1.991727799499285e-6
-2.1597258498002453e-6
-5.761611911198755e-6
6.146979999101243e-6
2.1845766956987006e-6
5.968217049907854e-8
6.727569809000106e-7
1.1671271992899981e-5
6.916541744700355e-6
-1.2467058989988622e-6
3.941179746299803e-6
3.198562591601173e-6
-1.7472677155995486e-6
-7.866751464200364e-6
2.1541615436004163e-6
