0.0007272414341450012
0.0008815088362016041
0.0009860812131937957
0.0008487095881052967
0.0010357309308495002
0.0008251700879214965
0.0006433553780161028
0.0008889402729767015
0.0010138047865271005
0.0007606733552315975
0.0007670458773078037
0.0007753161193074995
0.0009068284210474037
0.0008899353175969016
0.0006864617339885012
0.0009427339513655014
0.0009744255055587001
0.0011215823250537021
0.001042031856070505
0.0007768320194722969
0.0007405608300527014
0.0008397769420242021
0.0011392909021160982
0.0011236938812448014
0.001070477164586199
0.0008922352532405031
0.0011817856948216007
0.0012041361782166998
0.0006522745619801026
0.0007444935703124003
0.0014247169879762003
0.0015402380900028934
0.0008218445094433022
0.0009419290811580952
0.0007749721522671005
0.0012544082012266033
0.0009921874192184987
0.001234496597679699
0.0006307676129182968
0.0012945419542566977
0.0007649772460276982
0.0008134618329379006
0.0007311801446165944
0.001228541100872095
0.0008554891772395018
0.000808495783405
0.0009144736136958015
0.0007579079201456979
0.0009245572225424006
0.0009121365567680978
0.000921087019186001
0.0007873935158455997
0.0009523430345298942
0.0007320412624890957
0.0010697921657428985
0.0007111576908703024
0.0011052403550165027
0.0009215830123575006
0.0016323978644827986
0.000811278821274998
0.0007515590173945014
0.0009667003036524999
0.0009889947307566982
0.0007183408161125018
0.001192919069706297
0.000757321263764002
0.0005609891677057985
0.0006773056926362014
0.0007788135776497992
0.0008741192397975009
0.0010367432911231045
0.0006359809714159975
0.0006986776396984001
0.0012115207092687
0.001709206553413195
0.0007458738526306061
0.0008728332060191982
0.0007867212108057034
0.0007515160426595016
0.0010751491957688986
0.0009051549224457986
0.0009690399534251007
0.0011832759267138976
0.0017253179530370977
0.0011009654379830966
0.000683368643979998
0.0008719739865008028
0.0016105650499238996
0.0007947102189454006
0.0011501116914720971
0.0012725052336116024
0.0009268365273567003
0.0007021712100734046
0.0009118153211344002
0.0007481819238862042
0.0008555669913825961
0.0010660945022388027
0.0007663760054583968
0.0006937075016685973
0.000884510113252697
0.0007775234894265987
0.0006245995398319951
0.0008059863552561039
0.0010270111490764053
0.0009518109827063997
0.0008836832250446042
0.000801776387988902
0.0010198975527926021
0.0011205846383933946
0.0007084356081444032
0.0008286031922742979
0.0007013404294948997
0.0007398592491360961
0.0009041322169504942
0.0011016127134582943
0.0008808590532046953
0.0014935264416378949
0.000982465483695294
0.0008286470586758993
0.0007318617531619012
0.0007632323811352024
0.0009243819118582991
0.0008055282751168943
0.0016498669133869978
0.0010312470850762992
0.0011061552381084958
0.0008650700854396023
0.0010812563506657005
0.0006683155250479036
0.0010896444413104958
0.000805609391307506
0.0006923779973784933
0.0008228967986637983
0.0008402282824742993
0.0011739277367684986
0.0007019632160025005
0.0007643119328333003
0.0008704129652406037
0.0013206834420937952
0.0009927738415224999
0.000819537239343901
0.0008065439002696989
0.0006321909842223958
0.0006944777880701983
0.001359160536069097
0.0010263168985875024
0.0009226412217245017
0.0014811635893704003
0.0009312899497192981
0.0011018286430015053
0.0008880072092945016
0.001127171858546501
0.001402668488715196
0.0008764476928225032
0.0013436888621796012
0.0009333903273709004
0.0009457316197017049
0.0009166818388130007
0.0012943634853083003
0.001081704000724902
0.0009956660746546983
0.0010453319548665019
0.000789191830133304
0.0010488364501183983
0.000995359599988796
0.0008466876475019952
0.001151962515110197
0.001139443725959699
0.0010813584751966018
0.0006341296880166061
0.0013944067721737008
0.0011244422513069993
0.0006384275497742023
0.0008704780940776979
0.0019483745333232008
0.0008315776485333035
0.0009893320510477033
0.0006926521388440007
0.0006575667712249017
0.000906157620821399
0.0008538864349258019
0.0012356372308792024
0.0008771955104618992
0.0012763904580187016
0.0007811362683421003
0.0008632332300849005
0.0009258496847285996
0.0008152357441194996
0.0006102508403701967
0.0008182699933049972
0.0017025807960325962
