0.004473220778156602
0.0050322492587664
0.004769890133274904
0.004673448753884701
0.004555574248279799
0.0044473182208532025
0.004283695893452802
0.004503993725216801
0.0046967212019738
0.004732325404195999
0.004717501872839203
0.004388780913826003
0.0046397042491685
0.005078242529566901
0.004403700307803897
0.004835903346212901
0.005114688044166697
0.0045167456407015985
0.004722024217795398
0.004696405424742894
0.0046173476870153
0.004901503372709004
0.005162366032359103
0.004840755312589998
0.004919405351838602
0.004504016864299604
0.004728729975836905
0.0049156243837341
0.004187034993976102
0.004636224280018905
0.0047394186340895955
0.0047342349513399
0.004695559796587499
0.005082089373835703
0.004379025498104205
0.004862291629641295
0.0048740592759361
0.0050396037875379
0.004154528968680099
0.004717060452651599
0.004430356031555199
0.004494065407550797
0.0045001846965649975
0.004782521099484703
0.004631732998122404
0.004526354694611698
0.004929055811986202
0.0046754051173514
0.004763246115207606
0.004582235465063998
0.0047573743253842005
0.004539146412925396
0.004927940130011001
0.004531768033577098
0.004729475165482201
0.004525897641985195
0.0048558190942998986
0.0047187041233131
0.0044655591375052026
0.0048041935782741005
0.004644287754493999
0.004790913503882499
0.004685876239128105
0.0045624045450691
0.0043699040282232995
0.004538926955389301
0.003920532827325199
0.0043832964498467936
0.004631188910688297
0.0047967870469610985
0.005154568201862497
0.004253115826140505
0.0043614659688768
0.004887496377701306
0.004770642005703998
0.004640403637117499
0.004726886219868304
0.004655342274256798
0.0045686203338883985
0.004986000207789804
0.004680077938445999
0.004562650952385401
0.004864991699162095
0.004950643781591595
0.004887872041921301
0.004431754398063405
0.004891771928659798
0.004341608032202897
0.004797488554997897
0.004505949269104699
0.004932680236601601
0.004799946568797599
0.004289336281775302
0.0044270719221405005
0.004567407311641701
0.004436414001728804
0.005036095482100496
0.004457185720316198
0.0038887731806812043
0.004616900097306496
0.004723446131487799
0.004193199286482402
0.004727066770221798
0.005036730984325194
0.004926082389177598
0.0045517486797889
0.004768556177283799
0.0048761791288933
0.0045957433237684975
0.004531007349314199
0.004817701054230898
0.0045100596724176045
0.004359970311088902
0.0046252359941841015
0.004959535552385201
0.004521686337817396
0.004658615959589801
0.004893384665382396
0.004673633538171899
0.0045508473884978
0.004585143751720297
0.004755234547385502
0.004895257641096905
0.004909678438772103
0.004834309234512196
0.004866992146024297
0.004545874874265006
0.004655965109061501
0.004235731634739996
0.0051697070851007
0.004745559494278802
0.0044314395675999
0.0046653255955688006
0.004885652321500802
0.004753335350531698
0.004309343391373899
0.0046360668788252984
0.004750087871357098
0.004713192276485201
0.0047337761977332
0.004712824657960399
0.0047144090163475025
0.0041009932419621
0.004488390680892303
0.005098805335470996
0.0047297066413979
0.004711921204833901
0.0043169607820173
0.004479843761157697
0.0045498015484111
0.004929263340564996
0.004781265569112604
0.004406257829778298
0.004782793001333802
0.004388739322106601
0.005096860729798605
0.005006842734908701
0.004666270883626401
0.005088279517654698
0.005020634718308201
0.004765201239868198
0.004957908191378299
0.004577752409392101
0.004649878439199902
0.004628188796277494
0.004383712492703105
0.004791547418289195
0.004364373619881998
0.004752179128039498
0.004197479163454199
0.004639124227641803
0.005023361567069798
0.004230480810946097
0.004691929897273399
0.004665129692759402
0.004695544984199898
0.004648625232680406
0.004462816465521997
0.004325448931680596
0.004878677294107604
0.0046127771951597965
0.004656197427158504
0.004800645531091795
0.005071467084042103
0.004757550733113396
0.0045516205489642
0.004774184464234998
0.004701699673742697
0.004165916195246699
0.004511893296882605
0.004574546941235803
