-1.5864540246195852e-6
-1.5864540246195852e-6
-1.5864540246195852e-6
-1.5864540246195852e-6
-1.5864540246195852e-6
-1.5864540246195852e-6
-1.5864540246195852e-6
-1.5864540246195852e-6
-1.5864540246195852e-6
-1.5864540246195852e-6
-1.5864540246195852e-6
-1.5864540246195852e-6
-1.5864540246195852e-6
-1.5864540246195852e-6
-1.5864540246195852e-6
-1.5864540246195852e-6
-1.5864540246195852e-6
-1.5864540246195852e-6
-1.5864540246195852e-6
-1.5864540246195852e-6
-1.5864540246195852e-6
-1.5864540246195852e-6
-1.5864540246195852e-6
-1.5864540246195852e-6
-1.5864540246195852e-6
-1.5864540246195852e-6
-1.5864540246195852e-6
-1.5864540246195852e-6
-1.5864540246195852e-6
-1.5864540246195852e-6
-1.5864540246195852e-6
-1.5864540246195852e-6
-1.5864540246195852e-6
-1.5864540246195852e-6
-1.5864540246195852e-6
-1.5864540246195852e-6
-1.5864540246195852e-6
-1.5864540246195852e-6
-1.5864540246195852e-6
-1.5864540246195852e-6
-1.5864540246195852e-6
-1.5864540246195852e-6
-1.5864540246195852e-6
-1.5864540246195852e-6
-1.5864540246195852e-6
-1.5864540246195852e-6
-1.5864540246195852e-6
-1.5864540246195852e-6
-1.5864540246195852e-6
-1.5864540246195852e-6
-1.5864540246195852e-6
-1.5864540246195852e-6
-1.5864540246195852e-6
-1.5864540246195852e-6
-1.5864540246195852e-6
-1.5864540246195852e-6
-1.5864540246195852e-6
-1.5864540246195852e-6
-1.5864540246195852e-6
-1.5864540246195852e-6
-1.5864540246195852e-6
-1.5864540246195852e-6
