-1.0576360164101656e-6
-1.0576360164101656e-6
-1.0576360164101656e-6
-1.0576360164101656e-6
-1.0576360164101656e-6
-1.0576360164101656e-6
-1.0576360164101656e-6
-1.0576360164101656e-6
-1.0576360164101656e-6
-1.0576360164101656e-6
-1.0576360164101656e-6
-1.0576360164101656e-6
-1.0576360164101656e-6
-1.0576360164101656e-6
-1.0576360164101656e-6
-1.0576360164101656e-6
-1.0576360164101656e-6
-1.0576360164101656e-6
-1.0576360164101656e-6
-1.0576360164101656e-6
-1.0576360164101656e-6
-1.0576360164101656e-6
-1.0576360164101656e-6
-1.0576360164101656e-6
-1.0576360164101656e-6
-1.0576360164101656e-6
-1.0576360164101656e-6
-1.0576360164101656e-6
-1.0576360164101656e-6
-1.0576360164101656e-6
-1.0576360164101656e-6
-1.0576360164101656e-6
-1.0576360164101656e-6
-1.0576360164101656e-6
-1.0576360164101656e-6
-1.0576360164101656e-6
-1.0576360164101656e-6
-1.0576360164101656e-6
-1.0576360164101656e-6
-1.0576360164101656e-6
-1.0576360164101656e-6
-1.0576360164101656e-6
-1.0576360164101656e-6
-1.0576360164101656e-6
-1.0576360164101656e-6
-1.0576360164101656e-6
-1.0576360164101656e-6
-1.0576360164101656e-6
-1.0576360164101656e-6
-1.0576360164101656e-6
-1.0576360164101656e-6
-1.0576360164101656e-6
-1.0576360164101656e-6
-1.0576360164101656e-6
-1.0576360164101656e-6
-1.0576360164101656e-6
-1.0576360164101656e-6
-1.0576360164101656e-6
-1.0576360164101656e-6
-1.0576360164101656e-6
-1.0576360164101656e-6
-1.0576360164101656e-6
