-1.1260699519701628e-6
1.3426932097550595e-5
5.029660319930823e-6
2.545411257630012e-6
5.139285573869598e-6
5.087236530695177e-7
-1.2797957497107798e-6
-2.1237079757385063e-6
7.810359802110436e-6
2.81523168849801e-7
4.070121333970764e-6
-2.385064094780412e-6
1.0116483200990622e-5
-8.831494349194335e-7
-7.7812769861893e-7
-1.9486034310498e-6
1.0978298528301067e-5
7.043521672510725e-6
-2.1099701467009596e-6
-5.173809915168595e-6
1.3169508776798844e-6
-4.923238266429583e-6
3.4638759736204533e-6
2.3455137571001816e-6
8.204275426070343e-6
3.5567106732702775e-6
-6.587722865096513e-7
-6.885089639559541e-6
6.812845219939315e-6
3.326304968510191e-6
1.024515719216107e-5
-3.45514908189036e-6
8.931917504697434e-7
8.841569613497746e-7
9.1707385998889e-7
-1.3209851519938032e-8
-5.218738732829659e-6
1.453058676268923e-6
-7.713451154141293e-6
-1.364512717504096e-7
1.6227931576949864e-5
-5.526954731511352e-6
1.5055977754304534e-6
-2.056651801269488e-6
9.970217382020141e-6
-1.1584310586985197e-6
3.7793980216076217e-7
-3.243682973530157e-6
3.535874381160181e-6
-2.3317386806092494e-6
3.2257695496990674e-6
-2.5586752257986123e-6
-1.3699984070109084e-7
2.785446395609653e-6
4.678629806804946e-7
3.4694530682798097e-6
1.5246540433500044e-6
3.583860054660881e-6
1.2559226316049762e-5
-1.1274692856590163e-6
1.5567736726604386e-6
1.3405095128690703e-5
-5.719016743409994e-6
1.4767460756529016e-5
4.960819737307581e-7
1.169732338533909e-5
3.5605804439304417e-6
-8.290531122202849e-7
-3.993259894311679e-6
6.358872029651325e-6
4.238200232020359e-6
3.834194658989751e-6
7.463107225850682e-6
-1.4291234737492942e-6
-1.7138296411287751e-6
4.533182831159208e-6
3.13204120576914e-6
-1.1592405782991783e-6
-3.996930723570297e-6
-8.457898040409306e-7
1.0291503694491444e-6
1.2403057252389701e-5
9.550578000070212e-6
-4.967703506541035e-6
-4.7199755467703525e-6
-3.8046245340594975e-6
-3.683285541601633e-7
-4.528714163589548e-7
4.368538489630744e-6
-2.235743168049406e-6
1.2920159263608844e-6
8.22276879548084e-6
-2.4016803378493906e-6
2.41869117971992e-6
-1.3064815332503033e-6
-1.789642948269582e-6
2.5319007876511285e-6
4.174149934890042e-6
-1.5022182311974497e-7
7.347946893620366e-6
2.4672478592304564e-6
2.2490091451214667e-6
3.569185406159317e-6
-5.45686370691939e-6
1.6085294337990497e-7
3.5651594135800713e-6
4.1343188313096996e-6
6.117448465049746e-6
3.253180428298974e-6
-3.3879478759796244e-6
2.7007561586092632e-6
-5.354744512589549e-6
1.6359658479205702e-6
-4.705661025370539e-6
9.015383007548658e-6
7.4004262244492525e-6
-3.372857405550822e-6
2.5219076863099155e-7
-3.2306681004186377e-6
4.66772052977113e-6
1.205532710778917e-6
1.6915845419598202e-6
-4.308358240778798e-6
6.685396457260448e-6
5.742280327000748e-7
1.4767908445290079e-6
7.510519469192123e-7
2.8505486153809767e-6
4.216287808150171e-6
6.305396935014224e-7
-3.4810903161083817e-7
1.4338564980603125e-6
1.7411122226092257e-6
7.976197614870464e-6
3.2351844369699068e-6
1.1682631139450436e-5
-2.0774773711214334e-6
-4.312448878850128e-6
7.051303218940513e-6
-4.240905766804415e-7
-3.987550208413987e-7
7.169804328594626e-7
-2.466949728611306e-7
1.0033076408497155e-6
7.524245821609668e-6
7.448502357660855e-6
4.343871244158817e-6
2.3991890081183354e-6
1.123850891474043e-5
6.8373820788295014e-6
-2.2795889108011974e-6
2.6228642447494177e-6
4.582495934629671e-6
6.4825745596398116e-6
-2.1379968766100516e-6
-3.013461304761378e-6
7.456956566030681e-6
4.614857528789304e-6
-4.965114954701144e-7
-7.71627325004548e-8
3.6861655951098138e-6
2.373350987804751e-7
7.452855993640359e-6
-1.0444928621419422e-5
-2.107377815471073e-6
2.2901104993200416e-6
-1.6234742788289597e-6
-5.827429662701167e-6
-9.224495826094109e-7
1.2052815021989377e-6
-4.466585381819252e-6
-3.443954800010432e-6
-1.5199997396402043e-6
3.139784161880488e-6
-3.3059893141205304e-6
3.5673712423401477e-6
6.848025319514117e-7
-1.4657546686201034e-6
2.645607635990907e-6
1.052249872160807e-6
1.5595937920605957e-6
3.4092990426701913e-6
-1.9541464815996112e-6
7.659226007070835e-6
1.6368042219608997e-6
7.703458830110588e-6
6.13978230108031e-6
-2.3970333372490965e-6
7.799524287031498e-6
2.030108154259941e-6
2.215317200149683e-6
1.1514581940812174e-6
5.045817069990188e-6
3.189443145670129e-6
1.7230636201702454e-6
-8.223992171959085e-6
9.737803021402092e-7
2.60363781365118e-6
2.9918383740203114e-6
-4.2754019281485145e-6
-4.901298588794178e-7
3.805607702720565e-6
-5.611061826419836e-6
4.52774689469089e-6
-6.081997738509662e-6
7.966052976111221e-6
2.2720638812607358e-6
8.745665922519491e-6
4.715902732660079e-6
7.484957349370228e-6
3.1206687288905244e-6
7.577644000941047e-6
-3.1674926045700824e-6
7.364493421393309e-7
-4.272646302299482e-7
2.774535864528624e-6
1.8252729280503893e-6
3.936799662039234e-6
-8.033958734787044e-7
5.373410410149798e-6
1.989624830171094e-6
3.899673764519787e-6
6.168884594589391e-7
6.6009106419046e-7
4.610038916389586e-6
-4.730646106480482e-6
-3.852187136010182e-6
8.82417130618901e-7
1.8431387794597826e-6
2.0072043584295346e-6
-1.2810610636390662e-6
1.0726035521359256e-5
-2.7594751325198813e-6
3.9470282361953046e-7
-3.192806122698927e-7
9.371377337049833e-6
5.1092175649206095e-6
-5.498764679701118e-7
-3.6980664696595333e-6
8.055164826310454e-6
2.575143407904795e-7
7.430197020371482e-6
5.035716567770854e-6
-3.4304548827707865e-6
5.642125631349221e-6
3.2221381784311443e-6
7.372286059698779e-7
-4.616497762479493e-6
-2.00268587791097e-6
1.9090640812988863e-6
-3.2374700690510766e-6
2.866737791769325e-6
-1.2428526795903866e-6
1.0451045496032152e-7
-9.919694794399692e-7
-2.0684016534301686e-6
4.618450806940025e-6
5.357802457559707e-6
2.5638037048098666e-6
-3.8209203776593675e-6
8.502698030640743e-6
4.551834376238448e-6
-2.6100271939086955e-6
2.568496303480619e-6
-1.8953892117895554e-6
1.0365404361206004e-6
1.3088885859689064e-6
-2.9885652997711787e-6
2.1335042141804733e-6
6.888672924509551e-6
-1.3889584215814182e-6
-4.425116273940738e-6
3.1549154795498108e-6
6.666657430829184e-6
-3.295358785900676e-7
3.4172252051101193e-6
2.973149392921509e-6
-1.5178494213695382e-6
-5.950981458394816e-7
1.7318073255515043e-6
1.1897111252030454e-5
-1.1347579250298861e-6
6.197673602090226e-6
1.2569954626513724e-6
-4.660220470050283e-6
-2.5505758048209592e-6
2.5792922489584896e-6
-3.3545081565902746e-6
6.645468367301108e-6
1.3800850703297313e-6
1.0381545723039953e-5
4.240554735558677e-6
-6.379528398499368e-7
-2.408033699594081e-7
-4.8156414150998805e-6
-8.036906504003266e-7
1.0633318610394488e-6
1.2952858622402447e-6
8.495309977709156e-6
3.782099467115885e-8
4.80411053948096e-6
3.4697126684388874e-6
-1.201216578461048e-6
-4.6344418307194685e-6
5.342268940070061e-8
-4.805783168068678e-6
9.431463381896071e-7
1.8187914677600392e-6
-1.6078081681997203e-7
8.16931597280926e-7
5.5779298230602264e-6
-2.2632740772406817e-6
7.333361138710942e-6
-4.380438966391023e-6
2.9418140477192184e-6
3.522107889500012e-6
-3.6776819816800033e-6
2.9209999596498115e-6
-7.1604773528057e-7
-2.1625800674697493e-6
-6.472575066803626e-7
3.0482888650797124e-6
4.706080471879315e-6
9.028164923430282e-6
-5.706463682992463e-7
2.0535012086944637e-7
3.2774645428012422e-6
8.816488398805805e-7
4.572857043270984e-6
-3.093386010920296e-6
2.2782629124050435e-7
-2.0120486040713093e-6
6.127531295928995e-6
-6.005488768799638e-6
1.159632850709913e-6
-1.3328348752606606e-6
5.151890129402592e-7
-9.399974831587193e-7
4.741051219520759e-6
-2.1695033019589194e-6
1.1465397133959832e-7
-9.743713423292222e-7
2.984049457210175e-6
1.008430815711489e-6
2.2212943358995707e-6
6.038278150341178e-6
1.0477061064204096e-6
-3.385191211010413e-7
-8.091016022709202e-7
6.430687343590008e-6
3.3552797335297674e-6
-1.6846210986083687e-7
5.787790818820304e-6
3.5419821207399033e-6
6.158610941100692e-6
-3.0047940973911696e-6
6.0167183740401226e-6
1.481718033009144e-7
2.937886854409086e-6
3.2845588197206316e-6
3.02528095609024e-6
-3.610312828189813e-6
-2.321160859620336e-6
1.816043880609186e-6
1.347546733788084e-5
1.412098884179605e-6
6.524902249701106e-6
3.8160317837303975e-6
4.053108338569408e-6
-3.9109643363097885e-6
3.0841830926595093e-6
1.1044010206386068e-6
-3.5285924329091917e-6
7.298607673780419e-6
-4.166861930719398e-6
-4.988444196550243e-6
-8.030038956590574e-6
-6.939046681730607e-6
2.9928738002407695e-6
8.345817406369901e-6
1.1249681117399962e-6
-7.901438463901733e-7
5.675032336699415e-7
1.5395129535598906e-6
-6.814660682696871e-7
-2.5327807411899828e-6
-6.112616713280228e-6
-2.3023919757687167e-6
4.39576450954153e-6
-1.6601513449024385e-7
3.8403386035980314e-7
-2.8547485410503753e-6
5.479510807839677e-6
-1.8669600991196716e-6
1.3276714659112704e-6
5.637445120408591e-7
1.7124406784096297e-6
1.241720814570274e-6
-1.9466449303028044e-7
-4.6391187279708895e-6
