1.0253525717299553e-5
2.4575458269400496e-5
3.703873225649988e-5
1.2224465560199682e-5
2.725308939990033e-5
3.473908349300135e-5
1.6838499588099978e-5
2.076335279699998e-6
2.490991414300439e-6
1.794392968400109e-5
2.1204582973999297e-5
2.7826428667599573e-5
4.428388604699532e-6
4.1989310088299744e-5
2.1932608219199512e-5
3.2622599598006174e-6
3.8858044591099164e-5
1.942938920210073e-5
1.6397500313992952e-6
1.2534060324000812e-6
3.0354701028299444e-5
1.7706310384701593e-5
3.48986993430004e-5
1.6844305222899272e-5
1.749947746760086e-5
2.0555081061598632e-5
1.8209021149099766e-5
9.239135901400672e-6
1.5532842373900194e-5
-5.973154573006567e-7
1.838623523929897e-5
3.42453964600007e-5
7.579165406898861e-6
3.0821443703001744e-6
1.3721635026100673e-5
7.434264305000368e-6
2.203238708959991e-5
1.2696314510299289e-5
1.813312833939991e-5
1.2469239827199094e-5
2.3504265577600422e-5
2.2855903021900756e-5
3.1079475457799696e-5
1.7142667397499617e-5
8.817557273199314e-6
1.739317861079899e-5
3.333519808569954e-5
1.0282555578007557e-6
3.248913319119952e-5
2.6877334005599024e-5
1.6395263972500754e-5
2.3224535069499633e-5
2.0795671686099637e-5
7.094062214598948e-6
1.903041658079911e-5
1.5706063318599375e-5
3.138325329809892e-5
1.5361555636899532e-5
9.102632112800019e-6
2.3943630998999807e-5
2.4867392167299968e-5
2.6227932247900598e-5
2.3358946876600797e-5
5.722983822988026e-7
2.0705754827999787e-5
2.4624863809899478e-5
1.82833304778994e-5
3.0509076149999245e-5
2.2351540981400617e-5
1.2189016325400356e-5
1.255189467349975e-5
2.33681790064999e-5
3.5736035297100066e-5
4.278599238899741e-6
9.08164153080003e-6
3.7726548206599986e-5
7.259216319801393e-6
2.2215706457599793e-5
3.4137963841499724e-5
1.538564156319984e-5
1.3034282299099337e-5
1.3337620558500837e-5
7.067727462700679e-6
3.557833729950048e-5
1.912051288830048e-5
5.676548364200867e-6
2.7489805188100555e-5
6.530980942080072e-5
3.1481246834500626e-5
2.4361409703700307e-5
8.124609116899259e-6
1.641237097299922e-5
3.088888372979916e-5
1.209973075439949e-5
1.284663605989958e-5
3.707108640530095e-5
3.930964769199505e-6
3.020452957380043e-5
1.4117347753099876e-5
2.0400082715699153e-5
2.471141318389873e-5
2.1972036904299372e-5
1.1343534561898683e-5
3.574488216389997e-5
3.064655588620041e-5
2.4739918233698463e-5
2.790233054500088e-5
1.181850495399206e-6
6.400643089798583e-6
1.502203182600012e-5
2.5586784217199177e-5
2.0244459034899492e-5
1.4638018439800879e-5
2.5851375741998625e-5
2.9278452458600737e-5
-1.109688514598639e-6
3.130881485449884e-5
1.030356780709965e-5
4.67261539359963e-6
-5.083834907399637e-6
2.4729912881700164e-5
1.7840047530599118e-5
-6.659558300601068e-6
1.3888674282799829e-5
3.8932132220500376e-5
3.44147831332995e-5
3.2683351355299387e-5
9.41682080659971e-6
3.811455177910039e-5
2.372779241299923e-5
2.308645090279976e-5
2.5416415547201143e-5
2.6390371426399453e-5
-9.554368238700109e-6
2.360423294509896e-5
3.6175468340400585e-5
2.024918615309984e-5
3.0262846811200672e-5
3.051509105230117e-5
2.230438953289976e-5
3.143134985579901e-5
3.267793552340012e-5
1.3611991673099719e-5
1.395528481420126e-5
7.942858216300475e-6
9.583842801801079e-6
2.192118619159973e-5
1.28095530220005e-5
2.50744384201005e-5
2.6527532220198616e-5
8.757251577099293e-6
1.842633653159967e-5
1.7896948368598814e-5
6.7827544656014205e-6
2.4311850778700045e-5
2.1417473330800907e-5
1.9012020923499587e-5
4.162448847299868e-6
3.948336131989923e-5
8.97431885920133e-6
9.554747063600377e-6
1.9501586860900047e-5
3.232310580730119e-5
1.8955992280699635e-5
3.0826264697900174e-5
2.7791626581898446e-5
3.610288884209854e-5
5.034536764559998e-5
1.3571065556300388e-5
1.0433000315500027e-5
1.9175362653599606e-5
2.4714378246800534e-5
3.467550747139961e-5
1.809559148510144e-5
1.2684381063599731e-5
6.58310026179984e-6
2.4724603806199758e-5
2.3223484139300865e-5
1.7019658432700785e-5
1.7460255966900845e-5
4.550796182570087e-5
2.2806940758301336e-5
5.501967045400125e-6
2.106733708980013e-5
2.3741107771499056e-5
2.9851024749401323e-5
2.1981628478998788e-5
9.072313649100341e-6
2.5175922574800086e-5
-3.6486657588995913e-6
2.6543259429299623e-5
5.3051963086990506e-6
2.599819802409989e-5
3.6311769905900126e-5
4.2204294301200276e-5
-2.1101051730053333e-7
1.291258743119951e-5
7.155577981600089e-6
3.6439122565999973e-5
1.6737892330699958e-5
1.4096862535600135e-5
2.2928056787699727e-5
2.8855402147800677e-5
2.0870621191498503e-5
2.627957549689898e-5
1.8526215777000046e-5
5.724948349399364e-6
3.792714942298797e-6
3.528363608209899e-5
1.5980243836300617e-5
-2.731445511699321e-6
3.065823952379948e-5
1.3289539333201025e-5
2.1775881823900278e-5
1.839600201620009e-5
2.0454785731800415e-5
2.2947028337098885e-5
2.0876980335499812e-5
2.319167921049914e-5
1.99684802991984e-5
2.8360484531701063e-5
2.943745986989932e-5
2.8724536127599717e-5
9.031586324799099e-6
1.5913134908901103e-5
2.11007784171012e-5
3.432757319439886e-5
1.637133455520065e-5
3.118588301340153e-5
2.4395699277299232e-5
3.9480780365900095e-5
2.7466453018400866e-5
1.4237972351499942e-5
2.1951483855298798e-5
1.9428730979299813e-5
2.205033660809992e-5
1.4468597944699083e-5
8.764304690300415e-6
1.5064013573699853e-5
2.4904414225999927e-5
-3.0275186854011177e-6
1.7356133999999954e-5
8.422209659400201e-6
6.914098533599908e-6
1.5402907606900523e-5
1.59226626053003e-5
1.94781344423009e-5
1.7904499489400372e-5
1.2120079092698549e-5
-5.471423399419639e-9
1.4214702908398394e-5
3.249911950659913e-5
8.867388705400409e-6
2.3531142244499412e-5
1.6335665334899288e-5
1.61398636715996e-5
7.804848899700678e-6
-4.144719897000715e-6
6.8588664768991225e-6
3.22926904039976e-6
1.263288912370028e-5
1.7523291233100327e-5
3.006422776690061e-5
5.4846931378006725e-6
2.78182399897995e-5
1.6169970362999928e-5
2.31405931773003e-5
3.4455316486600024e-5
1.6921911279898366e-5
1.2417707255000035e-5
2.0292066604100586e-5
1.8690130482100845e-5
3.070062975839977e-5
9.960156907998577e-6
4.706387822100977e-6
1.5345831467200588e-5
1.4509426659991415e-6
6.117890694400108e-6
3.288679797370034e-5
1.2187039206299974e-5
2.54162945485005e-5
3.4397839599098826e-5
1.1063281434100375e-5
3.55860408623003e-5
1.0520638538300334e-5
-6.599196193900897e-6
3.585203449550135e-5
4.331598679560046e-5
1.629615748330142e-5
-1.1001742598985842e-6
1.5170843358299976e-5
3.803046341710123e-5
3.229179174019971e-5
-4.458456068900246e-6
3.66392703791997e-5
2.8967336179699932e-5
1.9766485367800693e-5
3.4712750299700085e-5
2.15058662356004e-5
2.017916376149953e-5
1.9534128758002395e-6
4.191296922529883e-5
1.1281942019998603e-5
1.7043066492401435e-5
2.362754964150074e-5
2.109402282620028e-5
1.722216047890003e-5
3.188621432019881e-5
8.94942654659954e-6
2.3137705484200036e-5
3.830866256250044e-5
3.6862511672600476e-5
2.920850845090049e-5
2.7607257295000215e-5
-1.6808202872298922e-5
2.319870490700114e-5
4.084935140997309e-7
2.5093991189099885e-5
3.9375210683600254e-5
3.3786289567010186e-6
1.2083932274200085e-5
4.2308229685200996e-5
2.3807948980299545e-5
2.5802167695600578e-5
1.766895600069894e-5
2.6826109108301147e-5
3.062973809550042e-5
5.592640173970008e-5
1.884082216600108e-5
2.1845875704300244e-5
4.2178561942600445e-5
1.9120155658700413e-5
7.720956438800677e-6
1.0984026912000747e-5
1.4313709565300786e-5
1.3762235284899699e-5
1.5181096159800136e-5
1.7229271737698865e-5
2.6004039997000114e-5
2.6386309946899514e-5
1.515653245539976e-5
8.654785628999656e-6
1.1948355435000349e-5
2.1144305632400315e-5
3.122967728409927e-5
1.9933760043699608e-5
1.7462010617801116e-5
2.9124002009300876e-5
1.3632552548600158e-5
7.893334953200729e-6
3.015266917519993e-5
1.4494748376199865e-5
3.5002280801998964e-5
2.0831725435200427e-5
1.885238570679959e-5
2.4925340619003783e-6
1.4211333426401157e-5
1.0099161322300529e-5
2.2454991690099707e-5
7.229746921801408e-6
1.870467968979883e-5
2.313232933050073e-5
1.2066366571099676e-5
3.752243915559894e-5
5.931684455699401e-6
6.554242393399384e-6
1.6892434984899785e-5
2.9508104006498864e-5
3.136525427809879e-5
3.190077441220067e-5
2.7044188430299515e-5
4.877125492780063e-5
3.2317991420199865e-5
8.89988550879968e-6
1.7312599390398656e-5
1.9610346769199927e-5
3.284916322470084e-5
1.540370429279833e-5
2.6880444575201265e-5
3.0231902676298647e-5
2.0853562754399868e-5
6.058537518999554e-6
-1.1014456140004403e-6
2.1068840684599147e-5
4.6695336362799836e-5
2.9491788519299747e-5
2.5986553622200578e-5
2.8249974136199812e-5
3.967503521489987e-5
2.513223677329951e-5
2.017093124680007e-5
7.275315480099673e-6
3.987253084689925e-5
4.7466288248698696e-5
9.04873079719988e-6
3.4898184530099755e-5
1.2009747652899985e-5
1.9197531083200298e-5
1.9001981940599405e-5
1.3961982166700235e-5
1.9995343913200084e-5
2.4387259288201e-5
9.243508658099073e-6
4.18513988187999e-5
1.9938626487700853e-5
2.471717723990033e-5
2.991943992999152e-6
4.119229618839912e-5
1.0770677088000474e-5
1.152556383230037e-5
3.6313405837699875e-5
1.528658166810061e-5
1.2689395850300211e-5
2.4405357284601123e-5
1.8738378523300292e-5
1.761308535090135e-5
3.463848821599891e-5
1.3509956353999555e-5
1.699383360810082e-5
-1.5935407914995092e-6
2.9241148714701307e-5
2.6386024393100158e-5
8.39358749460048e-6
6.119883341100529e-6
1.1683450249199215e-5
2.8345501161599132e-5
1.1775900609800605e-5
2.0955212890298724e-5
3.955167921649953e-5
4.6191633588999956e-5
1.506094038229884e-5
2.028487806149913e-5
3.0100926410299086e-5
2.4026751638098892e-5
4.2147700056399326e-5
2.6309497773999505e-5
3.227901497689957e-5
3.8628864691398965e-5
2.1064609006499202e-5
3.538517596040139e-5
-3.4368328820991167e-6
3.4818778534000117e-5
2.7086806891500614e-5
7.5969671999368e-8
3.525681158890112e-5
2.1771958189099536e-5
1.5120066885997152e-6
1.0320086659298955e-5
6.654318510899981e-6
2.027453957749968e-5
-8.12151292409885e-6
2.4517387679300062e-5
1.673285312979965e-5
2.4795855965199093e-5
2.5831309378700207e-5
9.487945199100276e-6
2.232787535830054e-5
2.1903738179800472e-5
2.5284550024399707e-5
3.3691737457000603e-5
8.364743780599898e-6
4.717537569049954e-5
2.1979126007300176e-5
1.1612143985900714e-5
4.291447797329963e-5
-4.002799748300048e-6
2.7566031107300465e-5
3.464935544869943e-5
1.7427564040699978e-5
1.801838229669936e-5
2.716639466780052e-5
1.965098440599028e-6
1.240443413819993e-5
2.8604536550000392e-5
2.223333754610042e-5
2.758721382780001e-5
2.1132628251799637e-5
1.8034549842999362e-5
2.0708354069498905e-5
-3.92942458569967e-6
3.733154418949884e-5
-6.172416484994531e-7
2.0641595219399872e-5
2.227318575450006e-5
1.113782605119927e-5
3.28564566028991e-5
6.94128358389931e-6
3.607160702200768e-6
2.3520308506799065e-5
2.5389815802995264e-6
2.937292616730057e-5
1.2123427805500395e-5
3.735808998310032e-5
3.2608007169599926e-5
1.462347113980085e-5
8.455940659599787e-6
4.012135092899827e-6
1.5237445625799692e-5
2.1335222150000582e-6
2.8182974953000137e-5
1.400839720770014e-5
3.070422023939909e-5
1.7048406364199645e-5
2.0861505606701095e-5
1.2495720134900884e-5
3.502956041579949e-5
2.5193899652199703e-5
2.022528255240033e-5
1.4417563070700384e-5
2.1420239490199666e-5
2.849829991409883e-5
1.9300374222699576e-5
1.5063489476900907e-5
2.4712095834399095e-5
9.919413346099262e-6
2.4702112945000285e-5
1.1298595891199095e-5
2.0298207459600037e-5
1.6142624939799802e-5
4.365530520579995e-5
1.7601679295899814e-5
1.295241208039942e-5
1.4282858588000186e-5
1.231114957660033e-5
-1.502099355992631e-7
2.5895750344900534e-5
1.8027252442898503e-5
1.292934178650021e-5
1.728564698989972e-5
1.860488524350022e-5
3.077167551200112e-5
2.25326411467993e-5
3.2657054539995956e-6
2.5132237871700394e-5
2.0262676979901015e-5
3.073697310079955e-5
6.554792870100065e-6
1.342678534780109e-5
2.6707318309400485e-5
1.5208457794098698e-5
7.951326063600564e-6
3.141717563069982e-5
8.42562225650094e-6
2.227109143200165e-6
6.47087863829901e-6
1.4844505712100636e-5
1.8034653694999278e-5
1.009564745529934e-5
1.78728379248011e-5
6.789764563801259e-6
3.366434281449997e-5
1.5321742520800485e-5
-1.0704193593700367e-5
1.0378954446299896e-5
1.9562713008200103e-5
1.107526457519957e-5
1.5477678478500664e-5
1.776751517840007e-5
3.459024187340079e-5
2.6269389690199152e-5
3.383196222959961e-5
3.097264646149955e-5
-4.6552566296993725e-6
2.776117462650017e-5
2.7814159522401502e-5
1.904983769530043e-5
6.035745629040003e-5
2.058247850659882e-5
2.50249242038994e-5
4.181145309069961e-5
3.1878518092999866e-5
1.8565270277100948e-5
3.0178694777800025e-5
1.9895937891300022e-5
2.5096261855499583e-5
1.5030902063400617e-5
2.764892244629981e-5
2.6671140862398815e-5
3.995248011670095e-5
2.5066687818100022e-5
1.0689090108899e-5
2.3396716663700787e-5
2.246144609869931e-5
1.8812433568200435e-5
3.533863007080043e-5
2.895483519479991e-5
3.255120977760026e-5
1.918614756299744e-6
2.8479446359299873e-5
1.582030892590021e-5
1.5948668191601012e-5
2.6369228285999524e-5
2.015000402749885e-5
2.8712473404300318e-5
2.822715256800036e-5
6.539362967999257e-6
3.2662336813000376e-5
8.089095563899862e-6
1.0251658820998807e-5
3.1654021899999926e-5
2.1123447299100165e-5
6.520820170299174e-6
3.2967374365699964e-5
2.3510741617899927e-5
1.8343748719600733e-5
1.2149668726700244e-5
2.355281512380139e-5
1.2368452060700086e-5
-5.492905382990104e-7
1.1692929707800975e-5
2.3404208166800944e-5
2.041617964789952e-5
1.1759506516498958e-5
2.8942165655999885e-5
1.887866797299978e-5
1.5238352359300475e-5
2.2805754734098876e-5
2.0505822204100466e-5
3.5837785223898425e-5
3.5613514802001686e-5
2.079403045490008e-5
2.9512782260399453e-5
1.4859252023000438e-5
2.3524126003199655e-5
1.1229232367199887e-5
2.0504486851400522e-5
2.6740134617399616e-5
2.4517702389400056e-5
2.0549563512099744e-5
2.2416777109700303e-5
9.789090238699824e-6
2.7948296425198485e-5
2.0038722338399165e-5
1.0499288541798713e-5
6.4339105876991265e-6
2.928028103989927e-5
3.632109548300927e-6
3.3027802689098926e-5
2.262129950749911e-5
2.9020145953699908e-5
2.896223501380052e-5
1.4499803650699222e-5
1.6239719529399094e-5
3.9865556811400846e-5
1.7589986023998708e-5
3.156963611200027e-5
1.673044245339983e-5
1.2821361058800579e-5
1.1255701345500718e-5
2.484957483489883e-5
6.9909828282008896e-6
3.145661616209966e-5
-2.9850427345004538e-6
5.730101969398868e-6
3.215887120870155e-5
1.869362423599988e-5
1.3995862746300769e-5
2.7299310230901458e-5
4.677140847770059e-5
2.8525604465999554e-5
4.358531667870112e-5
1.2662483089500784e-5
2.8733317954599685e-5
1.2024142589899325e-5
3.9789352594599495e-5
1.5804884239698294e-5
2.6434948372100128e-5
2.7949704600000944e-5
3.814114447429906e-5
1.1447633252999884e-5
1.8032043737299663e-5
2.577989375700078e-5
2.6586003046899856e-5
2.4242691784298956e-5
1.071762889420097e-5
4.94885341530138e-6
1.4656311797400443e-5
6.1979306437004444e-6
8.546297251100371e-6
1.873231712880112e-5
3.102928477489997e-5
2.1677020103999523e-5
2.5220276902498603e-5
2.498121951039975e-5
4.5718384758499514e-5
1.3183597788299709e-5
1.1731120681699944e-5
3.063064508240093e-5
2.175638927010004e-5
2.6244196993300065e-5
3.176856016400692e-6
1.4611952716299392e-5
2.0158113581201023e-5
4.739031623969894e-5
1.2084016168398964e-5
2.803497113259938e-5
2.711696718339998e-5
2.3302281311898473e-5
