-4.263616372599671e-5
0.00048512826754569527
0.00029842032258309975
0.0001503703274253962
0.00015469380929520465
0.0001336587058409014
-6.474928380669626e-5
-0.00011107203283979711
0.00040273842089039863
0.00010313441640130011
0.00016135322653789558
-0.00016998823871099827
0.0005209803034786978
0.0002332666697393987
-7.845404784519866e-5
-1.8285244625299013e-5
0.0005788089284978967
0.00043793885358259926
5.035441080297742e-6
-0.00019753464174449703
0.0001311345715081999
-0.00022556413946479836
0.00017625603594910444
6.261592204100108e-5
0.00015733375564509766
0.00012421011554079875
-1.8106863426597952e-5
-0.000300119369788604
0.00026153405160359716
6.54383747605014e-5
0.0004893663854058997
-0.0001632133242662967
7.111238074550275e-5
-1.3109637795299944e-5
0.00010674943874390552
7.401185504410379e-5
-0.0003366417290254012
0.0001226954450401982
-0.0005035243730740005
-0.0002471676642925996
0.0006992658777753014
-0.00029816391852469787
-4.635266445859876e-5
-5.627338200440285e-5
0.0003762104387116036
5.452018111870571e-5
7.78271791741017e-5
-8.07213862860992e-5
0.00019739350858680171
-8.173979509479984e-5
8.595682670350241e-5
-7.335687592550239e-5
0.00010001978470799977
0.00020154681098790567
2.9414658630495805e-5
0.000130785600883504
4.4700630236399475e-5
0.00023288414295290216
0.0006261662762502007
4.355676649109991e-5
-4.248045128130151e-5
0.0006073800873892046
-0.00026923159871360125
0.0005988579653489062
3.366876830109694e-5
0.0004356359567372972
0.00014603784289669852
-7.181943277129871e-5
-8.8368487176603e-5
0.0004679367646420046
0.0002442858852696045
9.837258834290152e-5
0.00040350984546740076
-9.10264845180031e-5
2.9900922211098524e-5
0.0002685805735788971
0.00017214715985370416
-0.00011906823885800277
-0.00014541921086189818
4.6281289701299855e-5
8.524397029679998e-5
0.0005595710835430007
0.00037028738865389765
-0.0002827411310451014
-0.00016408675633339947
-0.00010875254519129851
0.00022438162856140004
-1.4741652076703804e-5
0.00026016293122649997
-0.00010659960045239503
7.147848683920072e-5
0.00032836097874940073
-0.00010158361310300124
0.0001621136869955006
-0.00015356731011970104
-0.00017081892292229728
8.655561195729938e-5
0.00014287265338989996
2.7010567448700062e-5
0.0004216376892582016
0.00014376905454350358
0.00011932212869270042
0.00011461744843899863
-0.00031039018537079577
4.221376800200849e-8
0.00017495853209999884
0.00015938442871599873
0.00035940788426900433
0.000215329556857706
-0.00016899449593960059
0.00026171339784010483
-0.00032232008719230293
-3.7697513268201976e-5
-8.294986541530075e-5
0.00033599027083159455
0.0003980595131697004
3.380601197500166e-5
-4.9489496185793624e-5
-0.00014763058952210056
0.00034613143388190215
9.114978590089862e-5
0.00019837934241890426
-0.0002094520006773945
0.00028074144815450064
0.00017582971218520205
6.375565646540154e-5
-9.684312501999359e-5
0.00023004802678470299
6.807787014680156e-5
-6.348550766199779e-6
1.4286912758100512e-5
4.471548798760244e-5
0.0001254262895705044
0.0003633683684578018
8.426807990819657e-5
0.0004782614001790017
-0.00012961661233390487
-0.00026803156842560016
0.0003602379616877982
1.568016094799507e-6
0.00010078240649880055
-1.4512757778029073e-6
-2.7723135962998136e-6
7.264314450010356e-5
0.00045557211478109566
0.0004078168851373992
0.00019192530490379917
8.906896020399735e-6
0.0004534353257011972
0.0002776762160830032
-8.96480539476982e-5
0.00017316889075240371
0.00014616518671409923
0.0003573926922435036
-0.00015156776886979945
-0.00015072947997050307
0.00029111539377950357
0.00015064346215790114
1.2071312000296042e-5
-4.7247657761199935e-5
0.00022123789452969944
5.321970003550197e-5
0.00022602063568140374
-0.0006321592920955979
-8.420450130409984e-5
6.546575801990445e-5
-7.846280750670176e-5
-0.00019231676403119735
7.266927978669818e-5
-4.498858042940174e-5
-0.00028141322453590495
-0.00025524453332620434
-3.299891518960402e-5
0.00016809681831590068
-0.00013834272110069962
0.00032819223847179585
7.023457524809457e-5
0.00010163757996699968
0.00012400554748129983
4.3151966289602106e-5
1.1099893721298881e-5
0.00014386856590779817
-0.0001560125301618004
0.0002492897597093993
0.0001941261380051032
0.00046621573899199853
0.00019812949970069577
-0.0001996314066253016
0.0005304628132474995
0.00011613362619199846
1.7770084233800776e-5
7.680394463090157e-5
0.00020019328533499997
0.00016090446891429966
0.0001310837951421992
-0.00033903986553460164
-6.358485327297159e-6
0.00013355543768300143
0.00020303468628409677
-0.00022163563517409862
3.3778968190102676e-5
0.0001997671499487999
-0.00024774998373330165
0.0002122704228497002
-0.0003319764540812009
0.00038645764331150106
8.663306166439844e-5
0.0004323626823689031
0.00014995971107689687
0.00031596555849189994
9.166008787870467e-5
0.0004148793857682992
-0.0001334535258624009
-0.00011485540414619966
-3.040161058889823e-5
0.0001815262779637991
0.00017729919523079563
0.00015990071352799812
2.22172312957028e-5
0.00022483851911739988
-1.8672634648012054e-6
0.00015677970406990233
-2.097737099290148e-5
0.00016955855241850004
0.00029121451771610407
-0.00013424949227990035
-0.00019152801013420234
0.00014940580331650188
9.583721747800228e-5
8.877122389660402e-5
-6.903017807689815e-5
0.0004745138321031045
4.480180764319941e-5
5.506985388210178e-5
0.00013060856617280042
0.0004539460976447987
0.00013649333829870297
4.21972912029861e-6
-0.00013120601358140166
0.0003631690783856001
7.075708446389883e-5
0.00027179021557809796
0.00015962977511549403
-0.0002066792648904997
0.0002876663586866002
6.510445293109873e-5
3.7837822339202576e-5
-9.3847611311898e-5
7.131841437699876e-5
0.00012684313232810135
-0.00016701438720119477
0.00020291807005719947
4.7786098290397705e-5
-1.9528036101397472e-5
-6.675868277697394e-6
-0.00014459424273730037
0.0001508071444175016
0.00017206635318529895
4.34438085230443e-6
-0.0001444981030728973
0.00031217789602559776
0.00020673370788820006
0.00010503282285789783
0.00020076352781400048
-0.00011946796383289354
3.3335553005997554e-5
8.7956844830199e-5
-0.0002357607424215008
8.433856677829421e-5
0.0001933789474597991
9.800086290440158e-5
-0.0001432708381106998
0.00010051990097209584
0.00027297719739519805
-7.860808987390083e-5
0.00021226965625319866
0.00012021936723699556
-0.00011852034050879867
-0.00012168582882279844
9.935789190240046e-5
0.0004095216211048025
-0.00016410772047299738
0.0002849851758121025
0.00012205116350189754
-0.0002754474286977976
-6.2032676676399e-5
7.503843579159675e-5
-0.00011339667327159991
0.00041083019926749925
0.00012447618135139754
0.0005059016199610994
0.00021699928711529926
3.47492011218975e-5
1.7599686075300824e-5
-0.00017326667765200227
-0.0001237396029582019
6.970599849030062e-5
9.144862595796e-6
0.00048441116227129766
8.857715094498508e-6
0.00036712721393680064
0.00010693589733640207
-2.608342861219748e-5
-0.00017939384606249775
-5.844990374429676e-5
-0.000107237736970002
-2.2348722762098594e-5
8.407628659290456e-5
0.00010705453407400256
-2.506097770640231e-5
0.00027329788680219985
-0.00016223273380420317
0.00037022156702620074
-0.00023175770951329444
0.00014380498738449793
0.00021525551169850055
-0.0001256021974273963
0.00019293652853220183
-5.512430170890453e-5
-5.354803203629771e-5
-5.449504003406103e-6
0.000262659568599298
0.00024113032223509884
0.000347533772917602
2.026953059679898e-5
0.00023239122724180022
9.112765867300143e-5
0.00023771602001280284
0.00026199144964680204
-0.00018159823123550106
1.5063052209100813e-5
-0.00010582386242889708
0.0002661520772538062
-0.00035573033508560364
0.00010026258609649452
-8.41747196009962e-6
-5.900777058279877e-5
-0.00012162122720690144
0.00032359751302499934
-0.00018545908143980522
-8.202416257020034e-5
8.880783608779946e-5
6.625058470060424e-5
0.0001050748611012009
0.0003206747751050981
0.0003482457271207981
5.899527833599927e-6
-6.73034250874005e-5
0.0001474478059856968
0.0002794452817767995
8.81593456112037e-5
1.0561997283400903e-5
0.00024528050165419785
0.00010533148561880229
0.0002585837031686966
-0.00027035909750879744
0.0003819261205973007
-5.092145484700272e-5
0.00012959954373450294
0.00023900259742309915
0.00025260293478289453
-0.00011096897968999875
-9.620629562560185e-5
0.00023931098169129722
0.0006335358871889032
7.927274189140077e-5
0.0003494383651906005
0.0002740501914060972
0.00021264462369340043
-0.00011030726080769881
0.00010689020587049958
4.558467119679388e-5
-0.00012966169427620217
0.00026689819951680044
-0.00023382458336269896
-0.00029760915955349965
-0.00025793162313839796
-0.00014933376135169846
0.00021408830475740104
0.00040761369842619993
0.00016532291661430082
-6.27707512775022e-5
-6.908308455470108e-5
1.6598371868299655e-5
-7.116530642339858e-5
3.925502058430008e-5
-0.00038201320718259796
-5.6242541481899e-5
0.0003008313311479993
9.981791078798874e-6
5.8950571207999625e-5
-0.00016805061573439695
0.0002438751893137983
-0.0002866967302349033
6.578014552099942e-5
7.862438969549745e-5
7.10323382316011e-5
7.051041364650179e-5
4.792090550619771e-5
-0.00011514426400750094
