-1.1048193323598063e-6
-2.587564769339877e-6
-3.394754926139276e-6
-3.570454996509702e-6
-1.5077218624304917e-6
-2.0314778959307223e-6
-9.944965446402956e-7
-2.2655997964204228e-6
-1.7924313701397215e-6
-1.9415788408997867e-6
-2.3277055857997414e-6
-1.6298126114099726e-6
-2.720001393459459e-6
-2.1698730546197004e-6
-2.31677608274021e-6
-4.3767016257500665e-6
-1.1759741035495194e-6
-3.0787655465802297e-6
-2.175337889440479e-6
-1.9228359235097872e-6
-1.766615417569603e-6
-5.412624207909965e-6
-2.7608546436502096e-6
-2.590571946510349e-6
-1.821155058629939e-6
-2.435636113649886e-6
-2.7381396023196808e-6
-3.1211007406693053e-6
-1.429716502390245e-6
-2.416647048619422e-6
-1.838801853230182e-6
-2.9826038334401783e-6
-2.379201612739794e-6
-2.877440358850167e-6
-2.463597092389712e-6
-2.6181781985698538e-6
-2.6321031468806017e-6
-1.9093597661001827e-6
-2.769007660880299e-6
-1.2949113278792543e-6
-2.2374853978100392e-6
-2.0812958771397605e-6
-2.4080384427001625e-6
-2.874574950390181e-6
-2.4278901747300935e-6
-1.670967160099894e-6
-1.871746133259855e-6
-1.3537797060704862e-6
-2.166858228860001e-6
-2.456739594760074e-6
-8.902217068697954e-7
-2.4177785095200882e-6
-2.5539598402200825e-6
-1.8023117180406695e-6
-2.061386806249607e-6
-2.079491602799584e-6
-2.2874441719502106e-6
-1.8375305078097495e-6
-2.3027363530896475e-6
-1.7641282715396764e-6
-1.541981379160097e-6
-2.1908030191000044e-6
