0.03071913419035019
0.030161719330910393
0.0302338535338698
0.030812927576764404
0.0313098329401698
0.031726716901570695
0.0305025742467374
0.030356188977974
0.031669925709471206
0.030297311263532203
0.0285724365982178
0.0291645383665321
0.031502272170967294
0.029749181619557606
0.0310248144395205
0.030876760542756898
0.030122516433233902
0.031029775149791494
0.030214478622353096
0.0300367220393535
0.031360004474316805
0.030240429637999
0.0306273614633137
0.030691390711318198
0.030448582549033
0.031961587066683506
0.0312037333112299
0.031025336780964197
0.0306850542699368
0.030187892442240703
0.030071870033015397
0.030738176956574603
0.031213182328172995
0.0309226026821523
0.030147411703333307
0.030794290029333996
0.030286001564572895
0.029703063544377906
0.0312897840045485
0.029852279261924006
0.0306075886009559
0.0299102351899913
0.0299712201199415
0.02905591983234511
0.028914265660163696
0.030913213467644307
0.029837763587106304
0.030548278391434897
0.030206376925396905
0.031094038270977897
0.0307819468820629
0.030335020714170893
0.030345165877017397
0.0296974503577317
0.029525946451858597
0.030254834915381203
0.030263392666442
0.030533292280682398
0.029976500277155198
0.030511231130889202
0.030589621562760905
0.03117846732795171
0.030966892771978408
0.0304338341324846
0.029584243347815203
0.030237536623636402
0.031053186572028088
0.0297692461714035
0.030579815768720806
0.0304294284549486
0.029974400053464606
0.0295111349518394
0.03012179361137761
0.028674409211355896
0.029973441876290204
0.030143097403010903
0.030249580610096104
0.031294192207959995
0.030153221558477494
0.0300272262405639
0.0311510652144647
0.029550623303232597
0.029812411924717994
0.031691383341217697
0.030473976046184
0.030337559364551
0.030301989181189093
0.030052186247911
0.030584484704445206
0.03147156435658931
0.031049321247926795
0.03096871526201969
0.031068035039007305
0.02994054356043739
0.029597209980725903
0.0296030437337524
0.0305879888318404
0.0313600208181197
0.031182572966935898
0.0298064577901272
0.030413122611289603
0.031056841817125508
0.030661946328446002
0.0307071209624573
0.030449097306265688
0.030775889607809803
0.030514956352461306
0.0301541154178378
0.0299908124717033
0.030151578096005507
0.030286173273761804
0.029940069191395795
0.029438567588318393
0.030343505600895895
0.030915011353281605
0.030309706741529205
0.030620065454129597
0.0298087497067155
0.030527593975103906
0.030603556765168696
0.030123443785852203
0.029932013730138297
0.030648272215962405
0.029618419632637297
0.0313603630744919
0.0311102461246882
0.030929331906279597
0.030077598673998097
0.029910450121117198
0.029651550990718506
0.029642049277550597
0.030793931837871297
0.029691561920241
0.030740837541970004
0.031170988821935003
0.030958192094807505
0.029774305645015195
0.030796670521825706
0.030407196761813096
0.0300720393008089
0.0301330041793218
0.029432850349873106
0.031957256443864906
0.0302763561162271
0.030732885642299798
0.030883917011899395
0.030481255277289995
0.029796794464144703
0.0310295706723826
0.030065844931908205
0.03067063686254369
0.030565490320342212
0.030570977650110007
0.0306367489693906
0.030710005985950903
0.029386425427972998
0.031218266755672797
0.029956900979439594
0.030444782538171997
0.029695328189830707
0.030653987669138003
0.029333879099497008
0.030710611905327895
0.030688619881450607
0.0301649657047197
0.0296474905441646
0.030720940998322704
0.031238536175237502
0.0310753202924461
0.030139586192537697
0.030781218264916907
0.0300777361470698
0.029261163022348095
0.030833819964327394
0.030516637227388996
0.030995568945496307
0.029702538801966
0.030909586385661006
0.031186071374704694
0.030044430116087602
0.0306720790925189
0.031883257752805594
0.029887389134573096
0.03015852248255
0.030896342666683493
0.030410040817939202
0.030791572100279108
0.029649113036183804
0.0304188109992877
0.029567745984394503
0.0306012269577981
0.031084657379409894
0.029760281594203006
0.029890599772472992
0.0299211278960448
0.03051336571594461
0.030313358281642895
0.030327980965400403
0.0298901299716504
0.031297548835544406
0.03163214400417269
0.030182543083107
0.0298090661067041
0.030208757514816595
0.03131848897480059
0.029473898222117302
0.029991934583551705
0.029247545631379192
0.030242008302592098
0.029845320029815096
0.03033388204379729
0.029931676197141495
0.031224360624445308
0.0307614896523164
0.029910758677016994
0.0297021576943134
0.03052162997976629
0.030187548213893002
0.030467040179393695
0.0305487452125123
0.030669877312355903
0.03035983490346371
0.0311724311013247
0.02862957294247359
0.030514585247073206
0.029784252400942
0.030144914293717802
0.029527974724176495
0.0301782951457137
0.030428434319738094
0.030443426683199798
0.03158365016227649
0.030797286910063393
0.030909468223042094
0.0292701972535451
0.0300527254433222
0.030051916472580195
0.0314173573420944
0.029809533398067398
0.03125699970851829
0.030471964955145606
0.030344647323117098
0.0308737759665913
0.029821795446990693
0.030279905670219993
0.0291603104828195
0.029638632302234603
0.0301457125245213
0.0311578136596425
0.031101924822915003
0.031138727208438605
0.031246359464596293
0.029937007453097304
0.03075299433561031
0.030106292669791597
0.03116452894583499
0.029880641865518802
0.0309225182073309
0.030942825771298907
0.0312257616904143
0.0298482201853943
0.028812499646495307
0.030709884199700208
0.030411636691340213
0.029278083991399903
0.030417619583212804
0.0295666338911051
0.0306688934334801
0.030727938754300188
0.030596139182770002
0.029753325020317495
0.0299656706358987
0.030190540135971305
0.029097459519318997
0.030312098935026295
0.030402200258235895
0.029843643137461504
0.030166261799432305
0.030255240392510797
0.030647590649000203
0.030139485487522308
0.03050988757952601
0.030287803869339498
0.0294908368108929
0.0300134438694747
0.031166590853156095
0.03005329436990411
0.0295565215800562
0.03122818984721451
0.030066190100879797
0.030523510374685203
0.0301416830074335
0.030667105167275402
0.0302942940392392
0.030139696394114096
0.031181521220613295
0.030467327320811505
0.03078713254049119
0.03058867849737651
0.03108701476759901
0.030264145827347905
0.03126957831969321
0.029923712621618394
0.030434686960877602
0.030585493979415596
0.030547037143318398
0.03085100773180509
0.0296047179800545
0.031129896307363097
0.0301416800456194
0.030313354400577905
0.029514324009785507
0.029583458594465102
0.030554778942269795
0.029825899050461596
0.03039812285852249
0.029740423020136304
0.029159787846775406
0.0299652886999648
0.0312569461894881
0.030352474249853698
0.030275780137801307
0.0305267674558318
0.030177269019453702
0.031030649444969693
0.030096053562750406
0.030710870222492387
0.030338019275477197
0.030344360101012505
0.030680682054608305
0.030422307383358105
0.030146778881971904
0.030129142364524603
0.031121543582194502
0.0302705700852412
0.030048325852406396
0.029928977838289204
0.029933490078548702
0.030261514800538007
0.0300641101510045
0.029637095795346992
0.030231464906652204
0.030282093363550103
0.030842011553892795
0.029932284457154595
0.031801009427114196
0.030310947713202002
0.03053767390532619
0.030314895130312297
0.0298794263357601
0.030743941689218707
0.0301974777232984
0.030182447443821002
0.030490290902608505
0.02970439946647
0.029660949744742197
0.029887425544985996
0.0307721616999877
0.0298803059631563
0.030482521332090493
0.030990361163381594
0.031119245704116102
0.030124933275224794
0.03048148426445929
0.030576558661633696
0.029714325836484402
0.029110613995882197
0.029816705073707997
0.030396868770024996
0.030395130004973597
0.03076688738183929
0.030868461789264293
0.030361563652802195
0.030457585723731806
0.030321656015542195
0.028785196203498897
0.0305508823321297
0.030384516686940796
0.030572502486239092
0.030179883648874493
0.031074684762793098
0.029000393629165504
0.03108078857280111
0.0302633181332983
0.030841090803919793
0.0307230996642555
0.03109076623224781
0.03192768698117479
0.031592516408584306
0.029241412466996804
0.03106142095666299
0.031112734538896403
0.0290258873314381
0.029478923775519604
0.029820722307953795
0.029209019643469898
0.030377914079344107
0.0313538529383906
0.030610370672280507
0.0303308848021926
0.03103000532978631
0.0313436158782448
0.0306054286086153
0.030314284355006008
0.029791657647164092
0.030219108133845603
0.03098394163821791
0.0310115762571975
0.030273733468553603
0.0312919552941025
0.030660744565117498
0.0298299221771261
0.0290260582379994
0.030575197379144103
0.029637221426496302
0.030006379734331595
0.030098296795219408
0.030753334218639003
0.030711128535936605
0.029535126098606007
0.030403236649439697
0.029359288288212507
0.030311130161120498
0.0306673670754663
0.029606541449679696
0.03018807252829691
0.030245702562387206
0.030181397356988597
0.029570310658391198
0.0298033435330487
0.030345819944069596
0.029953871608256896
0.030291363123981098
0.03112397402612241
0.030663427176336314
0.03063362158216
0.0303330415146146
0.03065873818925771
0.0315794506854991
0.028976848039620105
0.0300284287437399
0.030201850586406995
0.029931838728779192
0.0303701827541804
0.029643490894852
0.029720128665955095
0.030501199289532002
0.030230144983159207
0.031191136360949112
0.030986252156814706
0.0298408555784097
0.030826869737615392
0.030612363193657607
0.029591109105895894
0.03128659388337719
0.029704651789639706
0.03033235395905219
0.0308970612843721
0.029889867472679903
0.030758392255872305
0.030456293537507395
0.0303548183168129
0.0308199519764088
0.030282810563919495
0.029336418788468696
0.031317202638972
0.030421768904616703
0.030304853530499998
0.029616290740875996
0.0294296327867941
0.0303760668132418
0.0301288623552494
0.030639653416914298
0.030042563155893598
0.029343906893730905
0.0286980968683115
0.031216044220494607
0.030201960174607398
0.03105363635981151
0.031246665548564506
0.029598322414763803
0.029923853754265296
0.031372476414508604
0.030895043924666604
0.030422071643334297
0.031240363732607496
0.0313975044508088
0.03011910758674479
0.029922077313536605
0.029159271559174797
0.03064501650857629
0.029669928885397795
0.030386445556097805
0.030321188288878392
0.030559533282621898
0.03075623535403299
0.030580446994043803
0.0303941725682777
0.030696225546872402
0.030171762531855995
0.031128289186176092
0.029956233913395094
0.030112967482547097
0.030250057423031905
0.030058856060992803
0.0292974488649846
0.0302232211924138
0.03208061963379491
0.030505683854943802
0.030668066919679604
0.030929012094293107
0.030758756449893995
0.0298992336210007
0.029687651739911794
0.029875815013633802
0.030738327597299497
0.030429086088680196
0.029737813311500896
0.029252161456285
0.030649347021535198
0.029831200142318
0.030301991565577106
0.0304060888517836
0.029909684584223196
0.0305175731661574
0.0300348708253075
0.030315858511940297
0.029433260715948505
0.030454099614291505
0.030922613984460806
0.030652515084208895
0.029970017873175797
0.02929796647183929
0.030693946066928504
0.0292830027669925
0.029800389600881605
0.029425650133609593
0.030628815174692292
0.031022529442001498
0.030384376302421898
0.030929324204744604
0.031082559146316302
0.030278939873789795
0.03158787175367529
0.0302714187074015
0.030669577240407198
0.0302059061868652
0.031260066424251
0.030527737402686397
0.031016873162840297
0.029620003816088494
0.03081144284727541
0.030709850635678104
0.0308314296471605
0.0312056254491348
0.030641547219934104
0.030619734680624303
0.029908590631946605
0.029972585219297306
0.029344829808289
0.0310104681091094
0.0293792205975167
0.030177000009447195
0.030476969774314508
0.029533683531639904
0.030790307265368397
0.03024166032374151
0.0302722325899316
0.031466328686498096
0.03047767328336949
0.030123357890240295
0.030297811519126
0.0304420606378428
0.029403227458469704
0.03050157638302689
0.029901242805850395
0.02918842344618751
0.030190340056112895
0.03045214996633039
0.0300716849818458
0.030984367983116698
0.029483973455277902
0.030548314783820488
0.0294619932288255
0.029364303421035604
0.030184626933592702
0.030040322701328497
0.0301563631863922
0.029547912532533097
0.030123806149720496
0.03041726166517421
0.0306877060512131
0.029619567458482293
0.029939219559857004
0.031245910999033094
0.0307577412905449
0.0305212439343944
0.030868860568454295
0.03065394347870351
0.029887735248278396
0.030757713263476996
0.030891921797277608
0.0304662603670334
0.03142538600841831
0.030133210375704197
0.029719240549040397
0.029429433327880394
0.0310824375725869
0.03059422398114331
0.030407347097728896
0.030284613554571703
0.031365144206648404
0.03066476946285429
0.030199984708574296
0.0311676913966885
0.030898238434884595
0.030233261211176095
0.03046883159975669
0.030706227312341003
0.029834116824622406
0.031257761966358
0.0312206791113116
0.029186853094533095
0.030922849005024303
0.030141040281380004
0.029816415468174803
0.03105323400942099
0.0311410756199596
0.03035903861389609
0.03093729190080309
0.029738436593653307
0.03071624340124611
0.03111899321240441
0.0301184652048802
0.029593110243324103
0.030652370276618407
0.030887378014455888
0.030390562710800498
0.030021586078231105
0.030027305459056096
0.030488849558549302
0.0307922255442252
0.031402885476395095
0.03034785013970019
0.0302108598689661
0.030016472043124992
0.029841676269163696
0.030144949550804004
0.0310455668313611
0.03094986328377551
0.029383907637297493
0.029530993165433103
0.030431088367575507
0.03047864685973241
0.029998656304295407
0.029275506848708596
0.030517297072494995
0.029892571875596005
0.030462547808514803
0.030810529897171687
0.030024142193677696
0.03034980298475129
0.0300989904861136
0.030019803614398495
0.029468809824730005
0.0314607102596863
0.0291674651171943
0.029558049725998695
0.030029416193259807
0.030411172599343797
0.030151258483711696
0.029752796262476906
0.03151046599845779
0.031087381257603602
0.030293423999815404
0.030161071346803195
0.0313212872926954
0.030227532711723196
0.0309236247120573
0.029833992237954896
0.030857656625884994
0.03076067878274319
0.030397926695119898
0.029795131509322406
0.030405366036363193
0.030339129020698505
0.031219906260793392
0.03039375929243869
0.030804674024623807
0.0308330215011082
0.031018644291099698
0.0313227259763149
0.030323825401840893
0.029789630368211605
0.029689114309036
0.030860494786251802
0.030029286469019804
0.029263351044653094
0.03103466625111359
0.029929606157355106
0.0293833521636715
0.030548873342591598
0.030328133737611493
0.0285738665227322
0.030032754505963204
0.030685229123908794
0.029558345626857198
0.030254801883844405
0.0307845819000422
0.0297784054390415
0.031315414817771
0.029992600781921598
0.0297764765264749
0.028770603313762293
0.030149475699542398
0.030102703980438898
0.0311763250474279
0.0306596612639793
0.030558491394020712
0.030503222278972508
0.031301963528826
0.03080446605891629
0.030045136465631297
0.030648176281233203
0.030763617628349796
0.030406266151121894
0.0315133578852574
0.0301885200123395
0.030971994722845106
0.0299866159348553
0.030375486576451408
0.029993393814718897
0.03092629081933139
0.030058146778197896
0.0300076579320835
0.030192011637591096
0.030827339593070394
0.030531240656775607
0.030143457322031796
0.0310663534006205
0.030071967442506606
0.030633753832641095
0.031537653454798004
0.0311955669157465
0.0314399871407374
0.030362745358455095
0.0315768018261435
0.029763684301367298
0.029640556322946703
0.0302526848506268
0.029672541250761506
0.030737666490225496
0.030071551217042393
0.030075127551072604
0.030357526840742888
0.030154204217787695
0.030397945020476005
0.0310635555066303
0.0303383660199067
0.030154223689683596
0.030256504488277304
0.030513425097253702
0.030401965384266497
0.029785331648691904
0.0300253991218841
0.030486891908908104
0.030298801674289402
0.031000477986647
0.03122573932961059
0.03097280019601399
0.029750172923914908
0.029957092382701306
0.030588416601028998
0.029368306342885696
0.029936675002193602
0.030706180325362806
0.030502680987398598
0.0308335902638371
0.030044597154612704
0.030949332596330106
0.029745968024088507
0.030719797194053308
0.029959914530187995
0.030834910757131503
0.0301956709770416
0.0304388774063009
0.030144263999246697
0.0305172667996276
0.030672108388756406
0.0306929407250935
0.0306482446797222
0.0298768159738588
0.030424403518552995
0.030339243323789705
0.028714560007557198
0.029769650610783703
0.029476278623354404
0.030673841342490696
0.0307128322161188
0.030651160093962695
0.030617640171785504
0.03032623154573509
0.029191228171659298
0.030852881881850105
0.030975110570385794
0.031052132630991894
0.030582125346653305
0.03153572439964461
0.030109892216065
0.030255889761374603
0.0301604450849247
0.0297023758854632
0.030986623994539497
0.030811198609989293
0.0295774726414599
0.030859247608501297
0.02990942099918669
0.030112371816923493
0.0313051506529574
0.031175352646911306
0.0307552801213591
0.0302237483573155
0.031666129394716705
0.0304275169197656
0.030331647212743507
0.0299428699916714
0.0299179431767177
0.031098291140031
0.030517045763457
0.029296750220112106
0.029944015895557098
0.029689056644500007
0.029696010822226296
0.03182261447352851
0.030354618567391203
0.030735069727950898
0.029668401131155903
0.028832672923003108
0.029736164755841905
0.03129776003958809
0.0305803809441524
0.03064702846366149
0.030553215704587494
0.029969149567237896
0.030764567734241993
0.030535039439697695
0.030704121524067
0.0299214288237594
0.0307234095653581
0.0313586460080402
0.0299865812297596
0.030741599382389406
0.030972128082343203
0.0299711332999167
0.029866309074246408
0.029713053393140502
0.030524961572261797
0.030463432151791703
0.029134601995001
0.030359593327243
0.030088755467773495
0.0314311844134096
0.030416865250161906
0.030511099021170607
0.029619506790121396
0.029932936714680503
0.0298284383855179
0.0310246183709411
0.029982588984295705
0.0303608861480546
0.030968148071432305
0.030590347396764292
0.030691017417290495
0.030892878006929303
0.0314472856959821
0.030097343867158594
0.03088544087551061
0.0299367095990691
0.030008261513198
0.030390977742293906
0.029696058959121703
0.029609436760351902
0.031749874360261804
0.031241083224829894
0.030631269361925492
0.031310700601602
0.029704144726081003
0.029730197769230894
0.030058035972085506
0.030479494860235212
0.03058002365407489
0.0303676841226923
0.030317647859245594
0.03036467348167611
0.030447551485904195
0.03029965010366649
0.031026740851644502
0.030779521551391895
0.03122886096079361
0.030571486368777698
0.029793293168628596
0.030111501713354104
0.0299097544071011
0.0287744379011411
0.0309524163584248
0.030809219857656805
0.03036816868471849
0.030299290546639893
0.030580079022539106
0.030345804244439008
0.03003152408563929
0.029999072181028395
0.029386690941919598
0.03018157063533681
0.031422119619427105
0.03050315264415661
