0.001241620360521195
0.0015234351648722028
0.0010657326925016114
0.001344694809598812
0.0015826276668746003
0.0012243138615598004
0.0013829899373149074
0.0012031427195801914
0.0011558758344183961
0.0015248437396613995
0.0013206519496069963
0.001350322882997898
0.0011355267386796014
0.001272362930753293
0.0014765157179272015
0.0013992642241894004
0.001292762131123698
0.0013628751532093059
0.0012305420083498914
0.0012613327554904935
0.0014379583434137033
0.0013228809770853972
0.001567153761734899
0.0012120172799063023
0.0014041925810286127
0.001533833747017599
0.0013311804391944043
0.0012824223401127072
0.001455845838218603
0.001318308163460305
0.0012213225745761058
0.001349498656272194
0.0010231236738564992
0.001446474153572505
0.0012583458226251981
0.0011995357297880926
0.001362219731778691
0.0013383217932060043
0.0013875636838941025
0.0014065513182950906
0.001352846246151701
0.0011353540008072066
0.0013814303717356036
0.0012522869334025966
0.0011187538807918007
0.0014644986119343034
0.0012107846513393916
0.0013220943750564956
0.0014982789808185015
0.001281218019045502
0.0013512936739600995
0.0016124780206826922
0.0016168143740578067
0.0013876555044469024
0.0011659691999813954
0.0011557922055264042
0.0014471628744064102
0.0012653161300889976
0.0012798158676672056
0.0014034952444346022
0.0016330578826334041
0.0013292641071498967
0.001147190854853694
0.0010935466789969012
0.0014932459547155053
0.001152552452717101
0.0014099738220961916
0.0014834356929186027
0.0012556199422835979
0.0013408558295108092
0.0012612523510609902
0.0015040628942021989
0.001154778994578498
0.0014386133544482954
0.0012911582728764026
0.0013017055450021964
0.0012724475979226102
0.0012971266576215917
0.0015620881399031061
0.0013155683090950998
0.0011165448588666
0.0010695819592613093
0.001449950581998996
0.0012963655174512007
0.001459553702764002
0.0010616571477359976
0.0013453061747882022
0.0015343993868877082
0.0012982602060268994
0.001362495461881108
0.0012802731017625968
0.0015708146458014993
0.001512934384412995
0.0012110856149366023
0.0011001711403678949
0.0013549203924824033
0.0015429070492912061
0.0010897959516283084
0.0012761058537492098
0.0013257781590656076
0.0014756432690995053
0.0015753178438593085
0.0013958729879043064
0.0012744011490422036
0.0012249534449271932
0.0012650279888187926
0.001275339748774293
0.0014918163246200045
0.001289565674748902
0.0009924187509963017
0.0012034678598491083
0.0014488932711172048
0.0014408880217020026
0.0010040117884013017
0.0012713425913179893
0.0012476721117996026
0.0015378274672000897
0.0012260093325820037
0.0013723487183492922
0.0015501281310612014
