0.0005752944550164937
0.0008235537383556035
0.0004409183505978964
0.000660551500571302
0.0008689851958594008
0.0005782926963175949
0.0006942997753478994
0.0005568156414601025
0.0005167825204104998
0.0008139571262344991
0.0006506222841003023
0.0006762283604394015
0.0004744076772153008
0.0006109406389087982
0.0007955289020121978
0.0007152662052839001
0.0006215765312913013
0.0006947474880766025
0.0005826953859979014
0.0005974438150613964
0.0007467320394992996
0.0006505948563435004
0.0008455780712481042
0.0005683777605263035
0.0007236440448941048
0.0008359013358456985
0.0006653252690573958
0.0006117057304417042
0.0007646421616665997
0.0006424543670746005
0.0005645914374789035
0.0006619789853707994
0.00038711285416320046
0.000748742141003296
0.0005945552546033003
0.0005505744628032036
0.0006857026421268966
0.0006694303366557991
0.0007195502689083949
0.0007181809677604956
0.0006816898512698039
0.0004736243885995958
0.000720221010595698
0.0005918850610210011
0.000477607796877097
0.0007674138098176034
0.0005729914224242988
0.0006498927560298975
0.0007841598763779975
0.0006074647902477026
0.0006746699506959969
0.0008952106674578048
0.0008761235907728052
0.0007061763157811055
0.0005269313756034039
0.0005141519054870022
0.0007468707493607993
0.0005995702587240012
0.0006321291289829029
0.0007172126307131016
0.0008861977541721952
0.0006437637129069959
0.0005074871361255007
0.0004652969992906056
0.0007862518888532982
0.0005187187825883011
0.0007313845121668036
0.0007969734561445035
0.0006004117152361016
0.0006741244142332986
0.0005942076967411988
0.0007932967703482008
0.0005165872236954014
0.000750508929667798
0.0006210926853401008
0.0006443104071857941
0.0006139546404701976
0.000633211412722802
0.0008448030503094006
0.0006476744102325988
0.00047661467108440353
0.0004601828981335987
0.0007451886990677975
0.0006209148797187009
0.0007777909985106982
0.00043333306199830335
0.000664524472726899
0.0008194664045859945
0.0006315994195106034
0.000706722749498602
0.0006101143272032039
0.0008491352326197993
0.0008063641533526955
0.0005616586616268987
0.00045883292837099743
0.0006747250687382036
0.0008315825527023049
0.00045756942028679637
0.0006067781241354958
0.0006521987102326987
0.0007822343223255965
0.0008411102432731021
0.0007461892525643041
0.0006178184375126988
0.0005745617202529002
0.000602736425392901
0.0006039021672984979
0.0007955696860200007
0.0006246794536920036
0.00037244797705440064
0.0005573047272534951
0.0007582901868575936
0.0007456867525953009
0.00035317469403120527
0.0006072537566673974
0.000591464642059801
0.0008158737968019039
0.0005804217764387998
0.0006911994815894038
0.0008308859825146009
