0.02897663312649021
0.028424394380139995
0.028496677482095598
0.0290614186945334
0.029564913894210898
0.029965170633209907
0.028754521375416002
0.028617259056024295
0.029918917651330305
0.028558636508161997
0.026883291730726497
0.02746756217876531
0.029753804750236194
0.028027432831812797
0.029283325186977203
0.029127576957975007
0.028388310972088708
0.029275679423008398
0.028477721365647697
0.0283080952643014
0.0296131166573425
0.028509423498647005
0.028886463918008608
0.028949399255786705
0.028701065258311106
0.030192612488439692
0.029446071930592704
0.029271025397565695
0.0289442920760368
0.028451429518989504
0.028337010125455406
0.028996891196604604
0.029455394397234706
0.0291694733152542
0.028412142272226708
0.0290520968344381
0.0285481355783569
0.027983359322257206
0.0295443311449192
0.028133993034134497
0.02886763857357559
0.028187886458776706
0.028238296024171793
0.027359466328737994
0.027220750384425306
0.029160466151708697
0.0281178194098781
0.028812014204062396
0.028469724191697306
0.029338876716413102
0.029030745728201496
0.028604099490949296
0.028613939044442496
0.027977252869515905
0.027809842166660506
0.028522619443660295
0.028525880452322093
0.028796478788566504
0.028243472865168803
0.028774593245045096
0.028853149235520292
0.029421283957713706
0.029213514594970395
0.028698258561064297
0.027870631716242898
0.028501126813332903
0.029297914973150298
0.028041818322937194
0.028849755322498095
0.028694370032790496
0.028257906524782703
0.027795079959644198
0.0283799057443848
0.026986022528568507
0.028243101683923202
0.028405225407074408
0.028507942291066006
0.0295426078961967
0.028420093942608
0.0282937952981685
0.029398658300029294
0.027833943535816204
0.028085887627180804
0.02994021246746731
0.02873783544830679
0.02860624137975891
0.0285686618280796
0.028328345482675904
0.028843871072027308
0.029723174790500094
0.0292949015170407
0.029215350709269103
0.029327420484561904
0.028218478562046498
0.027888784753471604
0.0278879982263847
0.028857952307103696
0.029615381522784895
0.029427743391721002
0.028078651709479402
0.028678076800579905
0.0293010377061999
0.0289203443351849
0.028964662246975893
0.0287116261450506
0.029033673609871496
0.028779142052149202
0.0284210882479509
0.028274875701947907
0.028409130626972097
0.028548310219719798
0.0282105288452417
0.027728838002415095
0.028609477219648606
0.029162289132842696
0.028571568440805203
0.02888944840207979
0.028080568087565892
0.028791390894664495
0.0288733728927678
0.02837613398730019
0.0282013081630776
0.028917301811790204
0.027909673165216302
0.02961277712214
0.0293545481270827
0.029176345902666607
0.028348117365017293
0.028188491513200707
0.02793042384101071
0.02792080293136729
0.0290426157320917
0.027971893295149
0.028999357584972497
0.0294143550847472
0.029204768779505105
0.028047436478078405
0.029054269445748404
0.028675293438846693
0.028347927215978203
0.028389640730474404
0.027727218217442402
0.0301882173472061
0.02853856352970901
0.028991483447868296
0.029131575819063206
0.028746687956353892
0.028073011406174096
0.029275527994324
0.028340597608666307
0.028929908694290803
0.0288284938156214
0.028834416449930206
0.0289060237102175
0.028969145915329196
0.027682378618661997
0.029474046366092597
0.0282246627403629
0.028708911607735102
0.027971370554137197
0.0289121728804392
0.027631438522643
0.0289693845682752
0.028950557896781297
0.028429160131314198
0.0279257683893282
0.0289797024926483
0.0294814325535478
0.029320325637824697
0.028405705838739304
0.029039025821480206
0.028351731423107693
0.027559584447509604
0.0290816849659093
0.028780150249042402
0.029241520236289793
0.02798245711538621
0.029156651774618902
0.029428244531320293
0.028313738004522596
0.0289310179512806
0.030116131593732408
0.0281659665395581
0.0284114890151224
0.029143396129342698
0.028675136549477093
0.0290533206379121
0.027941958209502002
0.028683645101732
0.0278592294622498
0.0288604292746963
0.029329463725422597
0.028039485784806403
0.028164905863083296
0.0282031623459236
0.028776977399624808
0.0285756411411293
0.028594305326828703
0.0281705586629692
0.02955166762139861
0.029881507129139895
0.028438093629521898
0.028086592456516103
0.028472427194897204
0.029572217266902297
0.027773518616147796
0.0282714135547711
0.027546399083593805
0.0285003562546034
0.028118243522879803
0.028595623064742698
0.028210782297522205
0.029481688025321
0.02901838537470639
0.028190034538260106
0.027980947665892597
0.028785536703098802
0.028451317992604204
0.028733896901157602
0.0288191357226118
0.02893867566863951
0.028628443170145595
0.029415872314935802
0.026943932836223504
0.02877822154177151
0.028060144487107502
0.028398553214474306
0.0278170783208428
0.0284343492376017
0.028681196006754693
0.028710887732418706
0.029833439192006504
0.029055148037627702
0.029156278084090506
0.027568233040339
0.028328626129874995
0.02830985086478959
0.0296697037319172
0.028085721144704708
0.029511975716742293
0.028743227854509897
0.028612377128832404
0.0291252720000542
0.028101823394708396
0.0285423446813962
0.027460224057622502
0.0279184717894203
0.028399336740091305
0.029401692379178203
0.029346301695925503
0.029382542637273794
0.0294878516791163
0.028217220054169198
0.029021018634504903
0.028367255008541703
0.029411728121288304
0.028156906744103705
0.029177429344001304
0.029202257383616204
0.029481117288613704
0.0281223936152969
0.027123425996154395
0.028968845629082696
0.028676639800954994
0.027575997436310798
0.028689494472699903
0.027848993021235904
0.028928361657728607
0.0289956798430845
0.028865969226998203
0.028029136827023807
0.028232314396206902
0.0284504185292358
0.027383829443846208
0.028573248644777997
0.028669955234988602
0.028118278491642494
0.028431556248777703
0.028517151465768102
0.028907432234341605
0.028395997594729702
0.028774937386446403
0.028550011189260406
0.0277765334065479
0.028286499953802502
0.029410060803423406
0.028316188617622903
0.027836184094797503
0.029477773677804305
0.028335702982936507
0.028793977739124198
0.028408518996708404
0.028926038061480794
0.028556439067031696
0.028393550814271397
0.029424372997798993
0.0287340266605816
0.029050877401730096
0.028858477521638705
0.0293319027270287
0.028526774232623203
0.0295243495177267
0.0282027291886738
0.028697072721491496
0.028855318667263104
0.028809815556600206
0.029101801653764692
0.027897567300671902
0.029373917122788695
0.028407684587228296
0.028579344316413305
0.0278004024523291
0.027862350147844092
0.028818619872606595
0.028099560907744202
0.028663241180166804
0.0280189799819864
0.0274629030681574
0.028243136081082795
0.029499114631883594
0.028621413922708
0.0285300539541039
0.028789881461135494
0.028436663533111098
0.029276427139305394
0.0283627573141473
0.028968448983578803
0.0286043447785662
0.028605953021217295
0.028930562396241505
0.0286877712659745
0.0284135944527728
0.028386870254579893
0.029365545490494097
0.028532295498470507
0.028324987252185692
0.028209792993916696
0.028212561139919795
0.028523910895602703
0.028339521342062093
0.0279177764457664
0.0284899672975159
0.028551016187144403
0.029092721940790205
0.028210894516395496
0.030035851165830595
0.028577111824350805
0.028801311099248196
0.028576182349323402
0.028161686907839295
0.0289930153113652
0.028455509482124504
0.0284464228349088
0.0287529197779354
0.02798736697200809
0.0279380848147862
0.028167374608947193
0.029029699020117698
0.0281542067193586
0.028746222683693194
0.029236220938769604
0.0293632859876121
0.028391039717485904
0.028745312030814
0.028846544082781207
0.027991517317980795
0.027396841123106398
0.02808781004804
0.02865785866051159
0.028662994545854394
0.029024466118054308
0.02911635805272301
0.028627119473574096
0.028721558248459997
0.028595553102012394
0.0270967989097171
0.0288021882814401
0.02865675499537071
0.028835150621638897
0.028437966133653902
0.029319096880114005
0.02730416779279849
0.029325218796343096
0.028518458378893996
0.0290891294426093
0.028981506786620703
0.0293349632147056
0.0301598223212498
0.029842642220939394
0.0275378513605622
0.029320957338204598
0.029356974911024604
0.0273296067481004
0.027774063791504093
0.028100722242003093
0.027508094045326795
0.028641313707310406
0.029608458257719295
0.02887008144458421
0.0285985007902703
0.02927507727631601
0.029598641951193903
0.028875265555968005
0.028576243117440503
0.028067234682535802
0.028477167176350196
0.029230069215198204
0.029257507428708696
0.02853553253877429
0.029547615910597097
0.028920375484286304
0.028104884021136603
0.027316190540622197
0.028837023132091397
0.0279291261911225
0.0282834443774252
0.028361369327581293
0.0290023997053696
0.028969965876629
0.027818927760182098
0.028668295219409994
0.0276614401707612
0.0285659067942702
0.028927096967130105
0.027899049369688997
0.028444870848066302
0.028508245448922595
0.028440740817406204
0.027856122310816495
0.028079997605501894
0.0286073323448732
0.028233816392993202
0.028553883052452093
0.029368303371191097
0.028922844780941703
0.028892143601776298
0.028599369460982793
0.028917035396025803
0.029830185627830595
0.0272816002232451
0.028306756088080108
0.028461166758784094
0.02821154823740679
0.028638044206594597
0.027934813846787795
0.027996625779556597
0.028764523290272702
0.028499655761699404
0.029433606973394102
0.029245052596191895
0.028115797533472202
0.029074763073298197
0.0288710879708078
0.027870431062008094
0.029541423990097397
0.0279831750721976
0.0286011853320398
0.029144106129969698
0.0281623735883859
0.029007683095515303
0.028723031807274896
0.028620398359080992
0.029068370326142692
0.0285443987294556
0.027628890966191394
0.029572959978195493
0.028686522636759908
0.02857081447144459
0.0279096032722261
0.027715565470610604
0.028648268034157
0.028392735912350503
0.028899442563356095
0.028317744540367007
0.027635255310034697
0.0270084363152859
0.029472040614096293
0.0284653540098457
0.029299151130485597
0.029488831508540994
0.027891676372258395
0.028205796229966905
0.029626648589131797
0.029142459901145806
0.0286828728448461
0.029482161188347192
0.0296497648248564
0.028385090695681604
0.028203681997279698
0.027444448686971698
0.028903395723284604
0.027961273909403797
0.0286512702903942
0.028594172239843604
0.028822975759260995
0.029014674296856204
0.0288503869459868
0.02865756736922139
0.028964598448981804
0.028435760317250203
0.029372263546197507
0.0282375309758872
0.028379119640696997
0.028512872802830394
0.028322092246232507
0.027588064200529797
0.0284819913937615
0.030318393226859093
0.0287689998742817
0.028926012468975304
0.029176013644764597
0.029016841831377996
0.028175023579198107
0.0279655238916251
0.028150263807319893
0.0289970442761558
0.028696234562817606
0.028013135949923107
0.027551039088973606
0.028907755213141102
0.028105917692831404
0.0285641591424936
0.028678248987867694
0.0281810917010218
0.028781727791544705
0.028300743293806795
0.028582053655117595
0.027724433124331503
0.028713729956439005
0.029169361171822304
0.02891044083988001
0.028238358054178098
0.0275922372862782
0.028951563000044506
0.027579136982129396
0.028076323769704703
0.0277179411606244
0.028888704902797394
0.029268062080868802
0.028652631191971208
0.029189568946166505
0.0293270965138175
0.0285415494725585
0.029837368992460006
0.028533564423238796
0.0289290108444945
0.028469164970726706
0.029515000257374406
0.0287917599806759
0.029262726205949996
0.027898545372862293
0.029068885393748398
0.028973375801988603
0.0290884974840753
0.029448618288506895
0.028901384604203502
0.028879742528840104
0.028186348008975105
0.028239767381522105
0.0276417530248491
0.0292562222687106
0.02767564153637641
0.028438603731972698
0.028740748187787997
0.027818116181550702
0.02904759318807249
0.0285000514748443
0.028534007922540502
0.0297177236087752
0.028739686078937003
0.028390704847833306
0.028559184949960993
0.028706407588295797
0.027695074827175904
0.0287654179069972
0.028182805053873702
0.0274886928165129
0.0284545799139777
0.028716186030221608
0.028347080441844807
0.029243091679852104
0.027775508763582007
0.0288118501136276
0.027754113700282503
0.027652281920057593
0.028444029629448697
0.028317102100363603
0.028423239036045995
0.027839602683574195
0.028384173629571297
0.028684839368951907
0.02894710409978149
0.027911057805471803
0.028216504932557
0.029500477907312597
0.0290161013778934
0.028785186196662003
0.029116231745620808
0.028913759687505702
0.028161428881263592
0.029016084196794904
0.0291425282368414
0.028732903411413498
0.029677413156130504
0.028385415083296194
0.027991398988647505
0.027721138039370694
0.0293275330626548
0.028864133295829403
0.028672343718644293
0.028544076779066098
0.029618353843246598
0.028924212986114202
0.0284595843630093
0.029411186511347803
0.02914566711679141
0.028496442881029697
0.028721078743329992
0.028964119763703097
0.02810838154296559
0.0294992942330174
0.029463145541106996
0.027486818615834692
0.029169836691391504
0.02840804111408321
0.028092212877825894
0.029312973540756508
0.02938509084113191
0.0286270194737962
0.029184164675423098
0.028018048450965095
0.028975193917442993
0.029363121473851492
0.0283937165121392
0.0278782452973384
0.0289110328105609
0.029138168124245405
0.0286559936501505
0.028298066904349606
0.0282899922099015
0.0287509890195047
0.029044625011319998
0.029657775362992106
0.028613773828841796
0.028475909738223094
0.028293538676258403
0.028116380785806493
0.028412023715758294
0.029305352076371603
0.029196516281075197
0.027673825381830004
0.027829315064986704
0.028693723117245697
0.028743472310858303
0.028267478447711505
0.027574297454915894
0.028780719102012596
0.028174605431383407
0.0287148011089126
0.029072352726727202
0.0282953533070786
0.028615699527627395
0.028352111587493997
0.028291335394193394
0.0277687429577968
0.0297118578616425
0.0274689955256402
0.027841371416609896
0.0282916176038258
0.028677722552642997
0.028408620869843998
0.028028118043813798
0.0297616387546389
0.0293316745566293
0.028548413629836206
0.0284211898892509
0.0295621535892834
0.028491593993149496
0.029179119077969107
0.028109309560938302
0.029109388563870096
0.029018947821492204
0.028662919877944802
0.028066724759050296
0.0286663560604851
0.028606783806992005
0.029462493179727496
0.028662049706992904
0.0290627513421243
0.029081054502570494
0.0292644675754708
0.029579038395857397
0.028589627375274193
0.028066386095911507
0.027969318549489294
0.029108622010491303
0.0282991669160155
0.027562102749146403
0.029294579521730493
0.0282073436894264
0.0276737184449879
0.028811769137709997
0.028589854699555904
0.026881630110369606
0.028296379675073
0.028944657934383507
0.027842166567096892
0.028517212188463502
0.029042371702414
0.028055123645674397
0.0295692079817816
0.028263052401861007
0.028058676746595096
0.027077864092035296
0.028409098465857492
0.028377509484508998
0.029420023245819
0.028928653653263095
0.028821681836307095
0.028767277915699004
0.029555930106603595
0.029062186307776294
0.0283075798921113
0.028917238901152303
0.029021941368741692
0.0286739724433831
0.029764157780232205
0.0284514976212855
0.0292184868322775
0.028263846890068008
0.028640990044539197
0.028262489573523696
0.0291731083567726
0.028330796460974
0.028284591575613804
0.028455518729492903
0.029089176105174107
0.0287948731876585
0.028407145421069507
0.029310873800976703
0.028345307749875606
0.028895049894939802
0.029788292559053804
0.029438189114062797
0.0296924837028227
0.0286169711452932
0.0298269521752468
0.028041353546075003
0.027932399691408996
0.0285118667639219
0.027964124679126304
0.028996262176265296
0.028346656040607203
0.028351288478691304
0.028623617690440292
0.02842155656475239
0.028663187730479503
0.0293080546097403
0.0285991281915782
0.028418788942435505
0.028519309039304004
0.02877979584187349
0.028669467482436498
0.0280612891144777
0.0283041046418673
0.028751282576469493
0.028560234684416992
0.029246152535567803
0.029467782302897802
0.029222490197444294
0.028030059591004998
0.028233118285592995
0.028847959067722695
0.027664614175445197
0.028208912270904503
0.028965019784949607
0.028766157871147106
0.0290814140887921
0.02831412430512
0.029208696357748205
0.0280228126415974
0.028978752172179205
0.028231040236674602
0.0290829364550549
0.028458576193572505
0.028706629274380606
0.028408443311837506
0.028781340541550404
0.0289302046546302
0.028952043243063108
0.028906665473905392
0.028147381225489307
0.02869162484265011
0.028600006814736692
0.0270278768443244
0.028046203459900998
0.027768812942894405
0.028933418427372605
0.028971879606792608
0.028909603096915405
0.028877717820860696
0.028588139180323095
0.0274940098784418
0.029108812629203104
0.029221577398019602
0.0292973909938467
0.028852006990476
0.029786916530784704
0.0283757479417779
0.028524945785346298
0.028413314159204006
0.027980265686583898
0.029232967558524704
0.029073129541495796
0.027871091821852698
0.0291210485257481
0.028185009163307698
0.0283808102442481
0.029546203843232796
0.029418611548642698
0.029013702433630405
0.028486669595658605
0.029904293320009503
0.028694657159530103
0.0285980287645611
0.028220804166077793
0.02819626189747009
0.0293425850025096
0.028787804637050995
0.0275946611982711
0.028221628372176004
0.0279691731141766
0.0279736850074584
0.030056796340055904
0.028620196380490293
0.028993667742075
0.027948252302435896
0.0271402203311039
0.028018859577061996
0.02955448788269561
0.028850528546489604
0.0289055956972855
0.0288235378291406
0.028236530210179106
0.029022650994206207
0.028786496972905896
0.02896165341386389
0.028190308620229997
0.028980569635435903
0.0296129374521487
0.028267574576763897
0.029004686280107495
0.029218309598901898
0.028251335083793003
0.028140637990667697
0.02799218154685809
0.02877666058150599
0.028730361063229695
0.027420907778584296
0.028628291004531896
0.028344215180020706
0.0296836720621469
0.028677609423323
0.028762781340627507
0.027899580093238
0.0282118175147682
0.028102186070407896
0.0292704547223748
0.0282601592563642
0.028626445494142005
0.029214608339805798
0.028860351408409597
0.0289490857916442
0.029140187444590397
0.029700216586165396
0.0283635925603691
0.029136007066943505
0.028219078100234003
0.028285075509047998
0.028656437884045705
0.027975181881844897
0.027901960255139108
0.029982865727285597
0.029496315834940008
0.028900603095556095
0.029566019067345108
0.0279826937947105
0.028008540863867497
0.028333121863975
0.028745938170236005
0.028845263485023004
0.0286356385209613
0.028583810062042192
0.0286302285401282
0.028710403883964293
0.028565996797055494
0.0292722691077437
0.029037658469565603
0.0294713878479601
0.028831191371975998
0.028069518352534295
0.02838331925757321
0.028167256378927398
0.02708634407309591
0.0291991312301918
0.029061303028964397
0.028636728710813103
0.028565888571726795
0.028839398906920194
0.028610443256997894
0.0282961959654692
0.028277894842339904
0.027682750329599604
0.0284412776577
0.0296760498955392
0.0287668308011665
