0.0001306759102210897
0.00016117541604029895
0.0003052175345253094
5.5049353114802746e-5
0.00021499434796590222
0.0002277328802619133
0.0003073668997700951
0.00014507574065208972
-6.568560697339798e-5
0.0003675490426729988
0.00041663490583959684
0.00017245370515159286
0.0002653788047183997
-0.00014319977082490054
0.00013117317614509683
0.00028950233520620705
0.00017486520528470217
-0.00011525295701550475
0.00029281395504439367
0.00044897573201529983
4.299558051470975e-5
0.00018855250208028862
0.00022707088820950183
-4.0350809616701566e-5
0.00011807911430930518
0.00023651845584118925
0.00026614276183849206
0.00011993350295029515
0.00017687107317899964
0.00011415817081279755
0.0003545851502037012
0.00023995793763770257
-5.5864037127040245e-6
0.00017983635493878936
0.0002908009338486034
0.0005533100283341974
0.00015160225279060857
9.141045110100388e-6
0.00020006652959689286
0.00015561786493920038
0.00045879270149860873
6.904819636439907e-5
0.00039143776609838754
3.592006567250394e-5
0.00026392553287840625
0.0003546029484963048
0.0006320799417905976
0.00028429393697540495
0.00027253029650720073
0.00045529874774950796
0.00030778765827900456
-4.1436948796991224e-5
0.00012358449269118943
0.0005681950855845053
0.0001592563840214084
0.00031709456810301295
8.881116848429016e-5
0.00021004693671550223
0.00022583022090769123
-4.443644415999537e-6
7.617718779659444e-5
6.603656407200287e-6
0.00030922299035429646
-0.0003046737256817006
0.0006299314475887996
0.00021436335667189554
0.0003351932036921995
-0.00011676360263139507
0.0004025481649573004
0.0004618712308469969
0.0002352202817842014
0.00013864353000569984
