0.0011940412428395053
0.001502728367100789
0.001025978543799294
0.0012948084114729058
0.0015536097641013075
0.0011831715442950086
0.0013506922173219943
0.0011707166115383083
0.0011228627816118053
0.001481667474896392
0.001289997604838597
0.0013096810260503078
0.0010791247843141977
0.0012288165610127022
0.0014596494634702
0.0013560798973424049
0.0012499410864433985
0.0013342415774685035
0.0011981490082701995
0.001222010894005296
0.0013998524100784088
0.0012896722292215917
0.001537779187113411
0.0011698615555627984
0.0013717231394284046
0.0015077633658231032
0.0012927107703416957
0.0012463012688319064
0.0014193943140693027
0.0012875124922175907
0.0011866485480991062
0.0013087210197453986
0.0009978045055756973
0.0014061147183274947
0.0012235859371897
0.001162235291588598
0.0013282345386746996
0.0013060333705080113
0.0013379099452609927
0.001368690000445802
0.0013245853040294991
0.0010838141918953076
0.0013696358518572038
0.001213290135835307
0.001083257511002897
0.0014395874127611924
0.0011717153120499035
0.001286024768797689
0.0014540858163333975
0.001243623371196198
0.0013271241241898102
0.0015819701657808077
0.0015752947846182086
0.0013678645788788996
0.0011359177800199932
0.0011259222779197997
0.0014029899409748053
0.0012266578453284105
0.0012565862175829001
0.0013629220830362887
0.0015987296177194937
0.0012854161146447912
0.0011148435106480004
0.0010505013998082097
0.001460458215968699
0.0011201070385433026
0.0013759698634567968
0.0014634818472124972
0.0012186278343599005
0.0013120247551696995
0.0012242753452055971
0.0014641380712606955
0.0011167019964197084
0.0014256716607219944
0.001253887795003794
0.0012657210114850048
0.0012353647704277937
0.0012590314042475043
0.0015251769384277969
0.0012808206216722018
0.001076037649790501
0.0010395678676584919
0.0014176300986297047
0.0012484506004351997
0.001427022661322802
0.0010171219895615952
0.0012986296504564898
0.001492320599899996
0.0012582609255169103
0.0013384464258777012
0.0012464675411888032
0.0015371753014192108
0.001471645315877207
0.001171113655242792
0.0010642055747620977
0.0013213155661594006
0.001516281871012895
0.0010488746834622087
0.0012430459199847116
0.0012885179391673024
0.0014426864546571022
0.0015307551612360054
0.0013743836735299053
0.001259544293284301
0.001179700563063893
0.0012294550643529994
0.0012382904880872958
0.0014545222683430975
0.001245359138546398
0.0009579048070663954
0.0011744792767240941
0.0014188884172406935
0.0014131257585816015
0.0009453713159589122
0.001234029223471808
0.001210313266886004
0.0014944044084548025
0.0011880826949429019
0.001333691815969193
0.001518590020025412
