2.260861089500507e-6
1.5575972605100935e-5
1.820414294859997e-5
4.0996976926003376e-6
1.3675164419300542e-5
1.685852473510066e-5
4.3349782916004415e-6
3.191858929940672e-8
1.4996456808996639e-6
3.26345782979999e-6
1.6036503998400828e-5
2.1744054637399396e-5
5.365122829599153e-6
2.160819079610049e-5
1.4270094213099382e-5
-3.7008163330035093e-7
1.983771225839981e-5
7.982816075498972e-6
-3.6181449732993615e-6
-2.496854016398667e-6
2.142043889930001e-5
8.38951631410012e-6
1.965139421910081e-5
3.7203845176993905e-6
1.336265121760008e-5
7.400196460099345e-6
3.1689960709006815e-6
1.3787338022999696e-6
8.938723001799057e-6
-6.5973512605004e-6
1.188158391019975e-5
2.2394220088600356e-5
3.8099146150993857e-6
1.6744521074991275e-6
1.1829865080800056e-5
-2.6311354115009233e-6
1.0029001110399907e-5
9.00999988440003e-6
1.4835878270001365e-5
5.830257958800225e-6
9.90939101940154e-6
1.5978617659399147e-5
1.757815012190002e-5
6.823239709399451e-6
4.294261378700107e-6
9.941547209499357e-6
2.1913389001098835e-5
1.229801146005599e-7
1.5688980644299952e-5
1.2075693612698807e-5
6.541743764099453e-6
1.0394554438599574e-5
6.513148581500927e-6
-3.221257176000414e-7
7.517203861299657e-6
2.3498466678005536e-6
1.4488380736700848e-5
5.139869963199928e-6
6.51306824799025e-7
8.133321552699843e-6
1.1347720776199235e-5
1.4979575628799868e-5
1.2837520131699781e-5
-4.444497224993099e-7
1.048583520339881e-5
1.4939448495898677e-5
9.484423949199239e-6
1.8907779930799062e-5
1.5127745618900151e-5
7.3394681443985504e-6
2.4244465860086273e-7
1.7882120577201316e-5
1.85874033019999e-5
1.7310316650000906e-6
-9.44474033700432e-7
2.1019610881601106e-5
2.294860403600704e-6
1.0505388743999727e-5
2.270542938859893e-5
1.2253445563995685e-6
4.1191027590030405e-7
4.751790693799385e-6
-3.1604730140986914e-6
2.0448383435000064e-5
6.546430457499142e-6
3.7200077065008275e-6
1.874104542180094e-5
4.3793468879300274e-5
1.7802771320898567e-5
1.5943443685200592e-5
-9.961413350995096e-7
6.087214181200659e-6
1.92566784204002e-5
4.460856965000232e-6
2.5552028182999204e-6
2.2392960828000047e-5
-4.2230280880052595e-7
2.0429407088301196e-5
-2.3674794369897556e-7
6.504600761200394e-6
1.2730009331699335e-5
8.519192444400928e-6
6.730417928899751e-6
1.8088468327100496e-5
1.616309425219939e-5
1.4684164058699836e-5
1.1746095378200108e-5
9.54662818400051e-7
-2.7543504391002588e-6
7.557894546698918e-6
1.6940827964700284e-5
1.0655811330599965e-5
2.9587971261003237e-6
1.412191404769926e-5
2.246389419850031e-5
-5.866942728900357e-6
1.7039799738900047e-5
1.0059717926984985e-6
8.39182568200883e-7
-6.639345930899501e-6
1.5460315515501005e-5
7.406447649500533e-6
-5.443212146601442e-6
4.189028803003314e-7
2.136377174880022e-5
1.645618606489936e-5
1.740534732219863e-5
2.2565959953996934e-6
2.0444786640599552e-5
1.2734112381099574e-5
6.604548472300895e-6
1.54004459052004e-5
1.0005672052200779e-5
-1.5203997159200788e-5
9.963851926799924e-6
1.8997558755300473e-5
7.945834901800994e-6
1.329595277820006e-5
1.3975328874100967e-5
9.249616132300797e-6
1.9477432051200755e-5
2.18680513159996e-5
7.483607961499689e-6
7.762205721999899e-6
6.121793837301007e-6
3.774298823899444e-6
1.2859811882200839e-5
8.189764288400389e-6
1.3075096896899771e-5
9.697058560999283e-6
6.869984545401428e-6
6.3891960157998196e-6
5.355195546299929e-6
-6.622662242997818e-7
9.238766253999442e-6
1.0934942766301428e-5
1.1124780471400558e-5
-5.493537411400615e-6
2.3216687276200743e-5
6.582974541998951e-6
2.5224817826012547e-6
6.051926400799795e-6
1.4304873705999616e-5
5.528822216400303e-6
1.618961630129971e-5
1.3615378593600722e-5
1.7866435538400546e-5
2.896701808619874e-5
7.751726481798615e-6
6.006623120799123e-6
7.889854673899868e-6
1.151294846490035e-5
2.4158615334800293e-5
4.859999698601097e-6
3.063920098600806e-6
4.445402285700034e-6
8.649120931399773e-6
1.8734953998398793e-5
3.4141348186998016e-6
5.541552878098738e-6
2.744096878799958e-5
7.553897348201374e-6
-4.384180443900779e-6
1.3602066663499085e-5
1.6919827724498973e-5
2.3639592172001317e-5
1.4186180265600423e-5
-2.1011436839007275e-6
1.2339126768999911e-5
-3.3290918573999906e-6
1.4321150710899788e-5
-1.2702587760000245e-6
1.0485717192599761e-5
2.1184262829999564e-5
3.163532183119919e-5
-3.030974118699986e-6
7.6063877527000195e-6
7.928868940056122e-8
2.1983022492200535e-5
5.420778289300099e-6
9.525772857999631e-6
1.6433897084699653e-5
1.4044930486199758e-5
1.1786076766400269e-5
1.601889903829999e-5
9.04641747940041e-6
1.8545242907001824e-6
7.746477930000578e-7
1.7324869299300064e-5
1.327319250369989e-5
-8.271805283299044e-6
1.4071812763699273e-5
1.0707951311099764e-5
8.964280291099552e-6
1.3195929959099878e-5
1.018081243140019e-5
1.1892528670998798e-5
9.47526609540103e-6
8.409996785500515e-6
6.226602773501053e-6
2.0197792094099956e-5
1.7706954081800688e-5
1.7369159086099914e-5
6.081571249700116e-6
1.3558754919798868e-5
8.03695028290044e-6
1.7224789794999945e-5
1.6969751843003145e-6
1.7277176880900122e-5
1.5133699124000519e-5
2.453656554959882e-5
1.7156100959800358e-5
7.34428290499918e-6
1.1979400818901143e-5
1.344446377129875e-5
1.0670087079400065e-5
5.93877182039973e-6
-2.4207513189995755e-6
1.4081680643899738e-5
1.0918188394101053e-5
-6.485819816300434e-6
7.55304977229955e-6
-4.562221216000001e-7
2.9773205271008824e-6
5.631490555999333e-6
6.0109223711003745e-6
8.167902126600748e-6
4.950594567799602e-6
1.0289155137099479e-5
2.5524719080016744e-7
5.270307206898736e-6
1.9546738102600367e-5
1.445254486301048e-6
1.1507016782799986e-5
1.315666801109984e-5
1.0426688031899695e-5
-1.9686048800121592e-7
-8.105290379801372e-6
-1.89528738180067e-6
2.77253853070078e-6
3.427757315500532e-6
5.26480016309859e-6
1.7403137873199873e-5
4.247114514001338e-7
1.29153781815005e-5
6.175093730499681e-6
5.843933685399996e-6
1.949020333819919e-5
8.949824721099855e-6
4.351309448999072e-6
8.830023823399452e-6
7.2314251548001585e-6
1.5344918179701142e-5
3.3578190093003224e-6
-6.023444794001076e-6
3.0287408024996104e-6
-2.72287139140015e-6
3.938227462006033e-7
1.5979592423699673e-5
2.354792273000228e-6
1.986803329830089e-5
2.0926277935399626e-5
7.0230217064006645e-6
1.729022962059998e-5
4.7446332283006265e-6
-1.1308918331301432e-5
2.4438218588699115e-5
2.2408142761600955e-5
9.377592674600019e-6
-2.3278674714001524e-6
2.0390298170989973e-6
1.967671074640069e-5
1.9116172125801037e-5
-1.2001819648201073e-5
2.051309911860026e-5
1.2381132560400701e-5
1.1380560767900935e-5
2.2761022028500166e-5
1.357680842679898e-5
4.9445265754999995e-6
1.3286387821991041e-6
2.1634699959098905e-5
4.339717616099262e-6
1.1121218065599653e-5
8.345104674799958e-6
1.154621863500016e-5
1.1623827324400496e-5
1.6729184689699347e-5
6.826420921701715e-6
1.0865673338300574e-5
2.4162720558001602e-5
1.8863988723199707e-5
1.6389599417800452e-5
1.6176910643600148e-5
-1.6789678007301037e-5
1.6109279300098936e-5
-4.783621137500332e-6
1.3548176755700733e-5
2.2351218630700664e-5
3.3618953637001847e-6
6.511392878699035e-6
2.420505250319907e-5
1.1354370428399638e-5
1.6983328226300234e-5
8.18462334330021e-6
1.371459513750152e-5
1.8072485634000948e-5
3.7735833103598806e-5
7.933890682600489e-6
1.1294447446300732e-5
2.611993918769963e-5
6.387532145799707e-6
6.854062106900066e-6
2.4889628058993862e-6
1.0136870626200473e-5
4.2528485758013684e-6
7.408415146199082e-6
7.419630325099236e-6
1.7123967167799806e-5
1.3405272645998847e-5
1.1188868284300879e-5
2.942678274000035e-6
1.1702884546004738e-6
6.402753894499749e-6
1.9721009465300393e-5
7.92589552679919e-6
5.831947025899953e-6
1.479967245750051e-5
-1.4342231920150272e-7
-2.1397977964000836e-6
1.3314962128700009e-5
5.347974677698958e-6
1.9729247422699964e-5
9.021892178599777e-6
9.606303539298408e-6
-4.86388431109909e-6
5.836978143698365e-6
-3.6090507050078047e-7
7.03019183000142e-6
-1.6520251956003706e-6
5.275741938499251e-6
1.8350791666701255e-5
8.73295637019919e-6
1.9733663765999707e-5
1.9265242900100288e-7
6.310739118799841e-6
1.3810918029001293e-5
1.3871806700699665e-5
1.4000468220799062e-5
1.9233742048199373e-5
1.5989864281099053e-5
2.7266154762898426e-5
1.4773389471900086e-5
7.699819444600617e-6
1.212405842000025e-5
6.6374532968985905e-6
1.682945856690092e-5
1.0793388317600558e-5
1.5265876618099708e-5
1.4711368055499857e-5
9.155569362498395e-6
5.056180171995189e-7
-6.203508822199416e-6
1.6397974153700007e-5
2.5633432433398717e-5
1.4319692971999712e-5
1.0608221177300925e-5
1.526008525910144e-5
2.1291632951999512e-5
1.6926517239399322e-5
1.1837227641298825e-5
5.565020406999785e-6
2.3093919109999986e-5
2.89513836294001e-5
7.987254758996115e-7
1.838575504879876e-5
2.677197943999274e-6
8.54805775049941e-6
5.792853060099246e-6
3.772523427699598e-6
6.943979379999549e-6
7.971371868600863e-6
5.42115254999892e-6
2.2463724171499153e-5
7.131465802499501e-6
1.6079537703200114e-5
-3.6508188382012446e-6
2.7756686026999405e-5
1.4952816633009847e-6
8.620039677898969e-6
1.7739932123599783e-5
3.5325059581994833e-6
5.5217593200995035e-6
1.932687031959944e-5
9.512955388899652e-6
1.0547934860801259e-5
1.807972636000063e-5
1.1441954546900779e-5
7.757241676099869e-6
-4.842865923993661e-7
1.398685140599834e-5
1.4606529321999767e-5
6.585222759500006e-6
-4.4769824429982674e-7
4.442501351006184e-7
1.57467890159e-5
2.888888235300785e-6
9.825858516601324e-6
2.329049179810097e-5
2.7251062621500705e-5
1.0040696524299397e-5
1.3534281019500147e-5
1.2419306599798993e-5
8.195380006500996e-6
2.5460856612900123e-5
1.6953768781200265e-5
1.4612166736699753e-5
2.002517837640036e-5
7.372653072199031e-6
2.1569342980400086e-5
-7.82020839710032e-6
1.9846553139099207e-5
1.7357424177400632e-5
-6.332722268000135e-7
2.0827205622801076e-5
1.1059293247199856e-5
-2.944722249801149e-6
7.023794316995957e-7
9.0137716319931e-7
9.283275751299086e-6
-9.005780504901459e-6
1.6082024449999913e-5
7.716054836398936e-6
8.801450794900662e-6
9.905551051198752e-6
6.7959247988993304e-6
1.7851696621501087e-5
1.2396645475998627e-5
1.0976098190599096e-5
1.7532508357700344e-5
4.821349631100452e-6
2.782895505139965e-5
1.7642947058799444e-5
-7.2972769001034e-8
2.451558698510041e-5
-6.2397105428987215e-6
1.635863856690005e-5
1.8801338857999533e-5
9.527465120100914e-6
1.1257500188798994e-5
1.1104243303800346e-5
1.3476026105990746e-6
6.93413582280103e-6
1.1672545467300566e-5
1.3282835834899434e-5
1.2579591918100014e-5
8.4395806259005e-6
1.3857402295300303e-5
6.048166655100995e-6
-3.924992494099694e-6
2.2645690736899926e-5
-2.126396306600248e-6
1.6862673823100915e-5
1.345758905840072e-5
6.674087466700465e-6
1.59019267983989e-5
9.161951285002745e-7
2.1974743119948514e-7
1.2328829823399917e-5
-3.6819817061002624e-6
1.601964300520023e-5
4.218145747299923e-6
2.8121242834300286e-5
2.2408926213701025e-5
3.8624147444994705e-6
1.271922086400895e-6
3.7928311337996623e-6
5.102445000598754e-6
9.795806650038374e-8
1.4357799267498972e-5
5.019464541100235e-6
1.82592326728008e-5
7.041316606700224e-6
1.1287836482300542e-5
8.292854673899383e-6
1.7691264183598843e-5
1.707363449679998e-5
9.383991930799612e-6
5.15880564539925e-6
9.52285592339952e-6
1.7339812379200265e-5
5.740472159898591e-6
3.22263082040003e-6
1.466106627810021e-5
7.540935600999776e-6
1.020070821320003e-5
2.96308229280097e-6
4.965670501899666e-6
3.965592823800337e-6
2.3982366870400895e-5
6.678862604699021e-6
9.357402571298981e-6
5.052069626499192e-6
8.55847148290012e-6
1.7391446285996287e-6
1.0856895262898597e-5
7.839759515999509e-6
-3.627514651004943e-7
3.816690532700701e-6
1.491879739340049e-5
1.902414262269954e-5
1.0434868745799394e-5
-5.337586156900151e-6
1.1938082007900003e-5
7.068321373600306e-6
1.3824995934700116e-5
6.9483167007000635e-6
3.8611568788995965e-6
1.2919432748200246e-5
9.376783304100578e-6
-1.3769696356000921e-6
1.5357804056100044e-5
4.426578230101036e-6
-8.686891791991752e-7
5.151185782700102e-6
5.033852141999098e-6
9.54047552560039e-6
7.691207666998823e-7
1.0150852821700848e-5
1.7468881127000874e-6
2.1585652878200468e-5
2.710834213799987e-6
-1.3504692202199325e-5
4.353302829988859e-7
1.3150478877699615e-5
2.419226655000356e-6
9.924945073900779e-6
3.4168029181998183e-6
1.6215466852499347e-5
1.4933504998699068e-5
1.7415173872499523e-5
1.3616703329298596e-5
-5.976853627000234e-6
2.0962719575599864e-5
1.6808039212201295e-5
6.710177828000638e-6
3.718448975459886e-5
9.267796652201107e-6
1.142071918929996e-5
2.2951300881798864e-5
1.7424391906599446e-5
9.018802933500464e-6
1.3398108739898565e-5
1.2570301081399338e-5
1.363631029679957e-5
9.189143378199663e-6
1.515340856540065e-5
1.4895032404401223e-5
2.028436066799956e-5
1.7778692034300936e-5
7.855462333099944e-6
1.0459615701801164e-5
1.3384798842299567e-5
7.885096769300048e-6
2.0210606882901244e-5
1.185218796120012e-5
1.7797853952601292e-5
-4.616843551005778e-7
2.1314971677999922e-5
3.9205292754005555e-6
2.846777701100492e-6
1.4019804633899971e-5
1.5726397714299623e-5
1.892783162209949e-5
1.681087531129992e-5
1.139520549598913e-6
2.5045031600300083e-5
-7.067187591993512e-7
7.235604380699534e-6
2.029234284679944e-5
6.922853105800764e-6
6.095505228499026e-6
1.8972189987200364e-5
1.2863338798100796e-5
7.977715076500774e-6
7.146481867999904e-6
1.3713962918701639e-5
8.153334959799807e-6
-4.4374963090003383e-7
5.2041422941000864e-6
1.6602893584100054e-5
1.2629876099399737e-5
8.95800395070076e-6
1.7102297999399205e-5
1.293347289939989e-5
9.630362850399088e-6
1.607085078869988e-5
9.11850196110009e-6
2.1406375732798896e-5
2.1253649863800517e-5
1.1536190410998959e-5
1.5451699548901104e-5
1.075501952109946e-5
1.0236041102798521e-5
1.0299728003398956e-5
1.065120615470136e-5
1.4223925630598919e-5
1.1796399253999335e-5
1.0210582296900014e-5
7.586196440300189e-6
-2.1341546639994796e-6
1.561298567260075e-5
9.34401874569911e-6
8.4964272937995e-6
6.652713724700221e-6
1.646118911260118e-5
2.1741281076986807e-6
1.9970804007299336e-5
7.512337447999548e-6
1.5218773303699723e-5
1.6724570467198732e-5
5.7855250737998826e-6
1.0561704223598783e-5
2.081812409790093e-5
8.25880673229959e-6
1.4432223875400843e-5
7.150455630900235e-6
4.431014093399244e-6
4.197692872999481e-6
1.5004655636700198e-5
-1.8060749672008797e-6
1.3428265314400015e-5
-3.0906459203994957e-6
-1.7528299353000015e-6
1.7097098112300174e-5
1.1212372437698764e-5
5.7095363850991065e-6
1.5112126460199368e-5
2.4695069476500867e-5
1.5458579362599006e-5
2.9631557212800655e-5
5.362045129599785e-6
1.6373950261100792e-5
9.361442157799355e-6
2.0079623293400503e-5
1.0975493905900427e-5
1.192292047610087e-5
1.2681830843099678e-5
2.066256099760022e-5
6.711981818698781e-6
6.572911099698986e-6
1.4385857252200221e-5
1.2528887014600157e-5
1.3594464766298817e-5
1.4235142821988206e-6
-2.1872124262994896e-6
6.7685097636001335e-6
1.0657255863997378e-6
6.715049811010371e-7
7.59867169749899e-6
1.5504336219399062e-5
1.4757497175499346e-5
1.1073732665699276e-5
1.0803236070699648e-5
2.9368197269100463e-5
8.471430020100604e-6
7.324069624500135e-6
1.5001546857200745e-5
1.0964144439899737e-5
1.5868105932801205e-5
2.541916496399607e-6
5.07677462049938e-6
1.122918179150001e-5
2.7739421860200134e-5
1.0079782484101463e-5
1.608266267509942e-5
1.674691662259878e-5
8.537342237199819e-6
