-1.1003550736028711e-7
-1.1003550736028711e-7
-1.1003550736028711e-7
-1.1003550736028711e-7
-1.1003550736028711e-7
-1.1003550736028711e-7
-1.1003550736028711e-7
-1.1003550736028711e-7
-1.1003550736028711e-7
-1.1003550736028711e-7
-1.1003550736028711e-7
-1.1003550736028711e-7
-1.1003550736028711e-7
-1.1003550736028711e-7
-1.1003550736028711e-7
-1.1003550736028711e-7
-1.1003550736028711e-7
-1.1003550736028711e-7
-1.1003550736028711e-7
-1.1003550736028711e-7
-1.1003550736028711e-7
-1.1003550736028711e-7
-1.1003550736028711e-7
-1.1003550736028711e-7
-1.1003550736028711e-7
-1.1003550736028711e-7
-1.1003550736028711e-7
-1.1003550736028711e-7
-1.1003550736028711e-7
-1.1003550736028711e-7
-1.1003550736028711e-7
-1.1003550736028711e-7
-1.1003550736028711e-7
-1.1003550736028711e-7
-1.1003550736028711e-7
-1.1003550736028711e-7
-1.1003550736028711e-7
-1.1003550736028711e-7
-1.1003550736028711e-7
-1.1003550736028711e-7
-1.1003550736028711e-7
-1.1003550736028711e-7
-1.1003550736028711e-7
-1.1003550736028711e-7
-1.1003550736028711e-7
-1.1003550736028711e-7
-1.1003550736028711e-7
-1.1003550736028711e-7
-1.1003550736028711e-7
-1.1003550736028711e-7
-1.1003550736028711e-7
-1.1003550736028711e-7
-1.1003550736028711e-7
-1.1003550736028711e-7
-1.1003550736028711e-7
-1.1003550736028711e-7
-1.1003550736028711e-7
-1.1003550736028711e-7
-1.1003550736028711e-7
-1.1003550736028711e-7
-1.1003550736028711e-7
-1.1003550736028711e-7
-1.1003550736028711e-7
-1.1003550736028711e-7
-1.1003550736028711e-7
-1.1003550736028711e-7
-1.1003550736028711e-7
-1.1003550736028711e-7
-1.1003550736028711e-7
-1.1003550736028711e-7
-1.1003550736028711e-7
-1.1003550736028711e-7
