0.001104805321711002
0.001018854613776602
0.0010309298996554993
0.0011213144051867019
0.0011970667679825978
0.0012755082698517987
0.0010701937671687978
0.0010475712922258032
0.0012600279835291023
0.0010450802188923004
0.0008358279829497016
0.0008938631751458995
0.0012336731225807002
0.0009652007820122009
0.0011550266503888018
0.0011308813272645005
0.0010171554859549
0.001149987562433799
0.0010303125443889005
0.0010068484965654982
0.0012092381993853013
0.0010331286335427993
0.0010871078712721
0.0010971571226123002
0.001064581463144098
0.001310929920745
0.0011823705563535972
0.0011516773270646985
0.0010978726983935025
0.0010257742334031997
0.0010070480720157995
0.0011071715664899007
0.0011839661480075002
0.0011371508227280974
0.0010206302551390989
0.0011163568931016991
0.0010431608731294
0.0009636756690244996
0.0011969503653216987
0.0009799119693058994
0.0010892459517722018
0.0009844871710595997
0.0009936364147027019
0.0008822012935317015
0.0008692137419314995
0.0011358838178426
0.000977111148034001
0.0010794017476
0.0010289367608158004
0.0011610495179177997
0.001117216185632302
0.0010478940356378995
0.0010435000241603987
0.0009587895740953006
0.0009381494933012012
0.0010382626868710998
0.0010403006715098
0.0010750878522218996
0.0009946151908425994
0.0010742095312019986
0.0010842327997137025
0.0011784753106811006
0.0011415704605547
0.001062697299861099
0.0009470648236142021
0.0010324715226130987
0.0011585548154243001
0.0009700638141044993
0.001086848600909799
0.0010607296519972997
0.0009909592493870002
0.0009371432730613007
0.0010130003525465996
0.0008438686341002005
0.000992454793845899
0.0010171759959044027
0.0010324646129998005
0.0011983568505637004
0.0010188178264181023
0.001000139641527599
0.0011747782348419007
0.0009411869830172996
0.0009760522851524969
0.0012629835669044007
0.0010688910642871995
0.0010478918682201993
0.0010429860849378025
0.0010051424515782996
0.001082774791131301
0.0012252682606902002
0.0011515829485157988
0.0011415315763094978
0.0011619722398731984
0.0009897753309007981
0.0009498093134696003
0.0009508736490470987
0.0010872039647930008
0.0012055733871734996
0.0011803339621398005
0.0009745748810928989
0.0010599197657810006
0.0011598035346391984
0.0010937452777241008
0.0011076010354265017
0.0010634257760919995
0.0011172646582119014
0.0010751195114911995
0.0010192526274553013
0.0009932042868186011
0.0010184329194065991
0.0010422261607874982
0.0009901210581770015
0.0009284734295060999
0.0010496772722977006
0.0011367992427080004
0.0010442950325405022
0.0010913925823356
0.0009746400061473003
0.0010777065235171995
0.0010885632223298983
0.001013699864845903
0.0009877263747413018
0.0011005595390711984
0.0009525186457216006
0.0012111988435672995
0.0011650622674036978
0.0011386155009066
0.0010090737863
0.0009885505193289006
0.0009594873706086013
0.0009574659039126993
0.001119015921233299
0.0009622019443986003
0.0011119157211743995
0.001175525065927198
0.0011418007896840977
0.0009705533405952003
0.0011184301387387012
0.001056006166257402
0.001007810838599299
0.0010175625351963
0.0009258367369585976
0.0013112308629462006
0.0010406484463575984
0.001111989140690401
0.0011296227640709977
0.0010744712942751013
0.0009707328390123997
0.0011494431361065982
0.0010076500567145
0.0010984740326863002
0.0010799514667926974
0.0010819489877575
0.0010936283300271021
0.0011024516443128018
0.0009194108635827009
0.0011853815931057998
0.0009919566839089976
0.001065158826719901
0.0009612025304178012
0.001100958796844801
0.0009138694366178021
0.0011081420197576013
0.001098664154036099
0.0010221833941639995
0.0009595985867583978
0.0011047403356236017
0.001183613363683101
0.0011601869558845006
0.0010189644468209975
0.0011182180417976008
0.001009586186917398
0.000907079669299999
0.0011261667322801025
0.0010732305590483993
0.0011473626744021997
0.0009643945547017016
0.0011358354818211992
0.0011823462697536993
0.0010061540328290992
0.0011029169521589999
0.0012947999193731012
0.000981331386353198
0.0010171094424194019
0.0011341984121218986
0.0010577961921198996
0.0011187892309111012
0.000953730760374201
0.0010590318250338973
0.0009472988445000004
0.0010837157001303
0.0011611450324312995
0.0009686575066609991
0.0009827734052425992
0.0009865686743797987
0.0010714331174302982
0.001042184755539799
0.0010462077295729996
0.000984815456538099
0.0011992406213152014
0.0012543545223199018
0.0010258532288811018
0.0009751227739883996
0.001028798480233399
0.0012028210431693012
0.000932618180098703
0.0009959193498949998
0.0009041489562922993
0.0010317882981924
0.0009793201956390003
0.001046554061522098
0.0009895231164679004
0.0011866319738148001
0.001114385269662902
0.0009875325280105998
0.0009650563495306012
0.001076460789944899
0.0010274898107415983
0.0010628877635238017
0.0010825603337011012
0.0011034974725564993
0.0010508325463707974
0.001175868200642801
0.0008396885759377019
0.0010718164917024008
0.0009706535881620001
0.0010150161712887025
0.0009390637138009007
0.0010233827240988015
0.0010541983604403019
0.001060860175054499
0.0012491033240137998
0.001112703067565099
0.0011370201756773987
0.0009079823798412018
0.0010058401160596975
0.0010014017085695007
0.0012171774179144008
0.0009725888744070016
0.0011924994735024973
0.0010709736372133995
0.0010449132712656989
0.0011280926283454007
0.0009731193440948027
0.0010399621629042025
0.0008954069228583987
0.0009557023875608993
0.0010155555420981004
0.001172587374246397
0.0011653533054944987
0.0011708783881674983
0.0011902776284477001
0.0009898189911791005
0.001112193193958201
0.0010137446011049024
0.0011786226743865993
0.0009831831984019011
0.0011366985300526981
0.0011448504181308002
0.0011880935822208005
0.0009784374636434001
0.0008576567115536997
0.001103369421111399
0.001058144680389398
0.000908302117020799
0.0010574506048275992
0.0009456027624488023
0.0010969375307992996
0.0011113291952389026
0.0010886885348640983
0.0009678643461305016
0.0009933081717334
0.0010241237245483988
0.0008874795523999002
0.0010421922939564017
0.0010552507692523014
0.0009776026851491017
0.0010263079851523978
0.001038966819629502
0.0010942565055962993
0.0010185739178240998
0.0010779418276254012
0.0010412880769060003
0.0009350849224181029
0.0010032584213231013
0.0011748567138357008
0.0010061455153353993
0.0009458777110674978
0.0011875616712954014
0.0010081501032089997
0.0010811535700989
0.0010193333564602995
0.0011025781948455007
0.001043885316479403
0.0010148486077158
0.0011794337930696001
0.0010655479890187003
0.0011127188079777008
0.0010883877952450015
0.0011581611402547015
0.0010391010481748016
0.0011946365878035999
0.0009891441926467015
0.001062416706833401
0.0010876914783087
0.0010792669594084994
0.0011292502478926977
0.0009495951056212003
0.001168454397840999
0.0010189593809263008
0.0010472996588008002
0.0009361666797057001
0.0009492074718780996
0.0010822947064001026
0.0009764377866956983
0.0010571178758779984
0.0009640756378216028
0.0008928568769463983
0.0009946085367256996
0.0011871372407166007
0.0010503185938730009
0.0010418002046141996
0.0010768379468738994
0.001022942239963201
0.0011498179693944025
0.0010133650910565985
0.0011039504225389997
0.0010474181475459005
0.0010480731960854986
0.0011059145373364977
0.0010578351318827998
0.001019706801244101
0.0010162433903667008
0.0011672395551456
0.0010421925505512998
0.0010040742708567023
0.0009884815432395985
0.0009905947070062981
0.0010408323572730013
0.0010071189182806022
0.000955064461060199
0.0010310929872625989
0.0010415068053887012
0.0011292766747859999
0.0009904955379334973
0.0012809745947448027
0.0010454457478105
0.0010798817615619016
0.0010413273084022984
0.0009823644605878971
0.0011144665141360997
0.0010295649814201016
0.0010253632495395987
0.0010747230160022027
0.0009588010036222991
0.0009569269426613
0.0009853468726132991
0.0011157282661351
0.0009820453870325006
0.001069645154160099
0.001147247758169899
0.0011669553727887
0.0010166647213578975
0.0010685225747665006
0.0010858385923974978
0.0009621856637830987
0.0008886520941867003
0.0009761695226687996
0.001059427351884197
0.0010544414074389018
0.0011150401347501011
0.0011271967572334014
0.0010525309725985012
0.0010667518900043978
0.001041804676919899
0.0008545701985654998
0.0010755457922152004
0.001053261602965299
0.0010816142835725975
0.0010197004610669018
0.001161039600074798
0.0008772612851127015
0.0011637369327988992
0.001037918038076402
0.0011244841814137992
0.001110186987446301
0.001163253759975301
0.0013037682912423985
0.001247653257905098
0.0009056485069456992
0.001160745163839301
0.0011669839271971003
0.0008811841974602011
0.0009302193708646996
0.0009730463653189018
0.0009012461252882013
0.0010547258489113018
0.0012084239185076
0.0010951401366523991
0.0010440589578937023
0.001154509002486502
0.0012067687581046004
0.0010898410434639003
0.0010441429749844001
0.0009714796136291969
0.0010244346748028987
0.0011450361613431978
0.0011480951578928013
0.001041474603326098
0.0011998402815807004
0.0010953718829854013
0.0009763129417810004
0.000878949748017898
0.0010829910563300987
0.0009538227273944988
0.0009988185016761991
0.0010100587450412
0.0011141237379704017
0.001103074344614697
0.0009403429391332992
0.0010581758286412023
0.0009181124966204969
0.0010406914457007019
0.0010966555820315013
0.0009500055988659988
0.0010238961851092993
0.0010332015465529011
0.0010187332182540025
0.0009410870952571981
0.0009713027628986022
0.0010485668885349998
0.0009917498260411002
0.0010418305168691001
0.0011662287059962008
0.0010982146507182988
0.0010930812301397988
0.0010469035743951999
0.0010966969348051026
0.001242847882325801
0.0008747304839817026
0.0009999654888142029
0.0010261291663551005
0.000989868052890603
0.0010505630765608003
0.0009557573283010996
0.0009633640881047019
0.001073189566733499
0.0010304822620860014
0.0011797128685233013
0.0011503553464053996
0.0009765139282861997
0.0011260170968317995
0.0010883391436237004
0.0009522111376649989
0.0011947935193299987
0.0009609639029693022
0.0010471087673829989
0.0011345209189984988
0.0009808208617368974
0.0011133898670298015
0.0010613176841819012
0.0010513565147899015
0.0011226116033485022
0.0010437449970635976
0.0009169909212277012
0.0012018547611256994
0.0010606309842038017
0.0010467851457782
0.0009508618416193999
0.0009277002448406999
0.0010534311056723013
0.0010203105513167006
0.0010934599215603018
0.0010046609616349012
0.0009161423742452997
0.000847835703413298
0.001184150940408902
0.001029360554665501
0.0011549863118763028
0.0011860081025273986
0.0009481393646765014
0.000987080008578601
0.0012065184361959996
0.001133459764279799
0.0010627231523441007
0.0011873912242389012
0.0012161854036234002
0.0010174047425520992
0.0009871271910226985
0.0008940608171163003
0.0010918764379747002
0.0009585777505148017
0.0010576073216096993
0.0010462968750055979
0.001080758131280099
0.0011125572422336985
0.001086009983972798
0.0010533082745717987
0.0011063507485300009
0.0010243079893075997
0.0011677184257134002
0.0009907998647549973
0.0010148307648524015
0.0010384040631041987
0.001000343918846399
0.0009119486734886981
0.001029801330558102
0.0013329952048433992
0.0010736253822655022
0.0010986306570341005
0.0011370330069961007
0.0011092750865424987
0.0009857918595904992
0.0009598395066743003
0.0009813346190355975
0.0011050885905052009
0.0010595489316195979
0.0009665011692245006
0.0009058468237742
0.0010916083480145
0.0009763952539078025
0.0010428331067930986
0.001055809192967199
0.0009903725972824004
0.0010754337991570016
0.001001603050517299
0.0010465090672123999
0.0009276071245038001
0.0010624410961566008
0.0011376836766669
0.0010997944470337029
0.0009925043502094985
0.0009135074994659001
0.001105034653145598
0.0009097924382188011
0.000972292182141201
0.0009256934093349982
0.0010916887824099011
0.0011516445849936996
0.0010533512474186976
0.001139126472482998
0.001161485508347701
0.0010412024207971
0.0012496553550037995
0.0010401326721913018
0.0010965539446234004
0.0010297249494969005
0.001193070393990598
0.0010758548689298007
0.0011493830428349998
0.0009556865994593995
0.0011206542769453993
0.001108940367069003
0.0011241329726320998
0.0011805275924563
0.0010932356119901995
0.0010914228143088997
0.0009862730617717988
0.000993996130425702
0.0009157976034551013
0.0011494014602158008
0.0009195859627589981
0.0010214008614262
0.0010687510344499981
0.0009395006061496992
0.001120534086104099
0.001031151217222498
0.0010418434788077996
0.0012316504245276985
0.0010681245533447
0.0010150865387858997
0.001045408590212099
0.0010629965634265
0.0009236190149606999
0.0010725879942059986
0.0009851613344226996
0.0008975827909302007
0.0010252132954289006
0.0010649953235085004
0.0010079395898363007
0.0011525267021796001
0.0009341322618381005
0.0010810268844833985
0.0009291654179278998
0.0009190037008229984
0.0010236515517039989
0.0010034193432506
0.0010194465151631
0.000937308444408598
0.0010189647269005994
0.0010562439705604984
0.0010992296056519975
0.0009529564462459998
0.0009877035701747992
0.0011933812126031992
0.0011143191189091975
0.0010764489858949983
0.0011321291196721012
0.0010946658383001982
0.0009828323849988031
0.0011135942234558015
0.0011329831970465984
0.0010653869247121
0.0012191631192841994
0.0010154588430735002
0.0009653532883545993
0.0009267495500818006
0.0011588210962187977
0.0010877484624965995
0.0010587095793113989
0.001041581560935402
0.0012088099757448997
0.0010970780489122992
0.001025548297662198
0.001174957048968802
0.0011337643785579998
0.0010326997607003029
0.001067985867391201
0.0010990061559892003
0.0009770535180190013
0.0011907085405415026
0.0011834653391534986
0.0008980252661105019
0.0011369022325553
0.0010190948184641974
0.0009738531244367007
0.001159050388994498
0.0011687605929292001
0.0010489271000397975
0.001139393444900997
0.0009648711218737012
0.0011023802667994992
0.0011664389481850987
0.0010136837000425981
0.000949469484672498
0.0010904894765042007
0.0011318226930485988
0.0010549007552807
0.0010008166269718025
0.0009974956062852001
0.0010678248008267992
0.0011180577668410997
0.001213297346636201
0.0010493762473366003
0.0010264892195262984
0.0010002865943570007
0.0009767832209388004
0.0010178007521126006
0.0011579404864365019
0.0011396272977918995
0.0009206337699871996
0.0009384566114856996
0.0010610713295523995
0.0010695807514480987
0.0009955114461687002
0.0009063370534538005
0.0010733476318100024
0.0009836742055307976
0.0010672106991458999
0.0011260152383524014
0.0010022907938028007
0.0010498853379857995
0.0010105307399852007
0.0010015618253640009
0.0009305677106670983
0.0012257751793382024
0.0008947012685224
0.0009453563685277999
0.0010045420390430992
0.0010641364736995
0.001018887866591
0.0009678088050877019
0.0012361367447687004
0.0011630010628357994
0.0010399879661273023
0.0010206017488689004
0.0011982532072272005
0.0010313908448530001
0.001139849592965203
0.0009758562537103971
0.0011222372283249023
0.0011152230276344002
0.001057677562646301
0.000973597533418101
0.0010607455466931023
0.0010443368642253023
0.0011835408778546018
0.0010543379566238
0.0011140418284430013
0.001123927953896802
0.0011502829128259978
0.0012003126836826992
0.0010485341626235989
0.000970321801015802
0.0009627575056511996
0.001126942710351301
0.001004004089631999
0.0009068009070371981
0.001156879331200001
0.0009905085416848994
0.000920347176205101
0.0010787555095054975
0.0010463263481365025
0.0008346352519096011
0.001002194103497802
0.001098967241614901
0.0009420853336073003
0.001037972568465901
0.0011176586278767997
0.0009692514172758016
0.0012020728769539003
0.000999151373483699
0.0009685745850989032
0.0008552244391366003
0.0010196988006639998
0.0010117101222070976
0.0011748823692433984
0.0010987204560531025
0.0010796155745343011
0.001075179134095102
0.001200319968167697
0.0011198408976575008
0.0010051235699494003
0.0010949797996422997
0.0011102927170989
0.001055488781003297
0.0012382615061310998
0.0010274146383126986
0.0011421882067078996
0.0009965963784821022
0.001053824875411901
0.0009995640640177023
0.0011374138230808989
0.0010086460553687011
0.0009995548565213987
0.001027986783584199
0.0011284701456599003
0.0010755240640950986
0.0010238910778574972
0.0011599543225946987
0.0010062093938319992
0.0010911835915804018
0.0012406072607502004
0.0011809746874280012
0.0012225988427665008
0.0010481493934676976
0.0012461888808595993
0.0009671939018185
0.0009547311603011026
0.0010318445169153999
0.0009592429336397999
0.001110074904348498
0.0010074802529090009
0.0010078640687416
0.0010499828168681995
0.001018834156266902
0.0010557865019944004
0.0011615024452114008
0.0010466136317055993
0.001027846893600401
0.0010383064251562983
0.0010692003658141006
0.0010565570850626996
0.000970401338282998
0.0010002444729228996
0.0010723159871025012
0.0010448218911606987
0.0011490357553547992
0.0011843095261515994
0.0011397743517645997
0.0009637212365129003
0.0009948190862205976
0.0010815770313475984
0.0009176024293622992
0.0009927143399706996
0.0011034516217154969
0.0010720631631776986
0.0011268181846812997
0.0010059952834510014
0.001145259071104198
0.0009662205334879
0.001101928310616198
0.0009956358470369006
0.001126007680667597
0.0010290290127492017
0.0010602471974101996
0.0010205394297251001
0.0010750433927918003
0.0010974416835339007
0.0010994511660556983
0.001093061994959399
0.0009825132177863002
0.0010608365560922997
0.0010465424816816019
0.0008472546470412005
0.0009686935611388017
0.0009304541728798014
0.0010968878757025013
0.0011023914466211995
0.001092594948093998
0.0010906721986824984
0.0010437639728065017
0.000895648075661698
0.0011255619686549
0.001142922766748402
0.0011565007870352022
0.001087180540024501
0.001237703561107601
0.0010157142797296015
0.0010376204062863999
0.0010176580525452991
0.0009602704381019983
0.0011438550525624015
0.001120355096746302
0.0009460492524356982
0.0011289029744442
0.0009862715816352993
0.0010125345992426996
0.0011962166263445005
0.0011758761226443003
0.0011123973049570017
0.0010292416316739009
0.0012675434022186016
0.0010594637271523002
0.0010467190031939987
0.0009901209248193016
0.0009893125539202005
0.0011638238030549017
0.0010780230948898017
0.0009098662141950979
0.0009923176092740994
0.0009613327918593997
0.0009611362055685982
0.0012854819521474978
0.0010524020160508976
0.0011104260176435024
0.0009611166464667011
0.0008610286406189015
0.0009624829190902975
0.0011940701691907987
0.0010842110850734013
0.0010909940044206007
0.001082976140981299
0.0009935798458850995
0.0011107172068660007
0.001073497297454002
0.0011060790137912974
0.0009869865887826984
0.001108861006967301
0.0012048628862759009
0.000994114747782101
0.0011129617831378003
0.0011442850285254998
0.000993405618970402
0.0009800250440131011
0.0009605246530314006
0.0010734079620663
0.0010628106122076014
0.0008908317460125
0.0010505276565861005
0.0010106251897687019
0.001222616461000501
0.0010631576226248982
0.0010709669990172019
0.0009544121794189016
0.000990671858532001
0.0009767370436930996
0.0011478487223363018
0.0009966498630437012
0.0010528900536433995
0.0011430485418428005
0.0010868368902534967
0.001097247485144802
0.0011334905598908013
0.0012231487894348997
0.0010138998373049983
0.0011327293846040004
0.0009879268610627004
0.0009995302009868992
0.0010551464647133996
0.0009644425811074983
0.0009503505657974011
0.0012727046503180003
0.0011898596218301999
0.0010923872192865995
0.0012035538265263018
0.0009607332297478996
0.0009635734284481022
0.001006171807205001
0.0010667278355763997
0.0010798820060739997
0.0010499160695832989
0.0010472962655087015
0.0010528053972245974
0.0010609035236294993
0.0010452576997901988
0.001153080273912102
0.0011168094000395985
0.0011831061807566975
0.0010790292713416007
0.0009711430978396017
0.001012365586476601
0.0009877660786695996
0.0008530253069242988
0.001140163832493199
0.0011196280645377997
0.0010517039725049977
0.001042794260129102
0.0010812666857197006
0.0010448764721354004
0.0010018645911345977
0.0009974193208444997
0.0009197082033162024
0.0010234948450156996
0.0012172248029069
0.0010703634799670986
