0.0006746674034814049
0.0012314291201591943
0.0010593339547897013
0.0006796021023487003
0.0011480965233443968
0.0012368124904579975
0.000909351051628704
0.0004539758049994999
0.0003740960076019026
0.0007404717454810028
0.0008265132696816044
0.0015866962546828983
0.0004896223695941976
0.0014708184964755955
0.0010519121156165948
0.0004852568727159029
0.0014415581644913883
0.0008739218946627048
0.0001787740046367975
0.0005783744944070079
0.001541814086321605
0.0009191484969492958
0.001411119898022603
0.0006982424148955918
0.0009105428712535973
0.0010936650366940026
0.0006160486946283072
0.0006283568205967052
0.0008605446584577098
0.00023155077290949733
0.0009640591517094954
0.0013256631024727017
0.0008478780326000024
0.0005557489647195976
0.0009784882516274962
0.00039940008375610736
0.0010466847366355087
0.0009041977810804042
0.0010763159107504972
0.0006877303607269042
0.0012133267648107987
0.001060463710950199
0.0014062691304938119
0.0009456021977645029
0.0005235571129836997
0.001049712822622298
0.001332419579973293
0.00037056596041390444
0.0012248890880433017
0.0009508436671033932
0.0007426895168786002
0.0008890859240847926
0.0007559135804267036
0.00020162067928229666
0.0009752440064756951
0.0005714591363770033
0.0010444847925989986
0.0008703690823397003
0.0003193363973615915
0.0010495576459121914
0.0008695902041415959
0.0014705631704599043
0.0011653775360124935
0.00047079153722229955
0.0010270445952281076
0.0012185902370089943
0.0004774050916745015
0.0012438911283746967
0.001197682740896898
0.0008449717418412966
0.0007881573631943056
0.0011647860048802014
0.001387302467697596
0.0003403186930992924
0.0004958093644897993
0.0013703897519590086
0.0007156894876892
0.0011743939571774997
0.0013860192526164994
0.0005821900210477016
0.000713067473175108
0.0006428834813946988
0.0005028672864759026
0.0014469245452428947
0.0008636121429970028
0.0004271972642834049
0.0010225104744826935
0.0024709223661899954
0.0014594414462145017
0.0012657185612430927
0.0006773216901968943
0.0005996913652946967
0.0013082919334353876
0.0008732854037091023
0.0006187281070225009
0.0013947285947544935
0.000513351877768603
0.0012430583346845075
0.0005190614446669989
0.0008538802881001978
0.001138753218601407
0.0007637936413857072
0.0007416970641051998
0.0013794075956367058
0.0014467492362446044
0.0008587101375250039
0.001220033870086512
0.0004068996018878057
0.0005896889663085936
0.0008389676719967876
0.0010676355695982964
0.0010186144038368955
0.0006302457891012997
0.0011024960279431006
0.001217823384659096
0.0003605927716952978
0.0012997238470615902
0.0005407119943524052
0.0005596909733982039
0.0002022641808952022
0.0011005390062042014
0.0008709831836509058
9.873234087410393e-5
0.000630675424692792
0.0014966929407674023
0.0011974262194274915
0.0014562575474567907
0.0004743802302283051
0.0014348835952733008
0.0011098138297432891
0.0007487320061567021
0.0013410908351875056
0.0007638921986843072
-9.989582962149912e-5
0.0010047899079740075
0.001418605113047311
0.0010090039122395006
0.0010503962974241082
0.0011720579861577013
0.0011160333238356968
0.0013802882797701033
0.0014606495289466032
0.0011000908098047005
0.000803353450019105
0.0007067805401091004
0.0006181728491683053
0.0009683314373634955
0.0010331062998487003
0.0009847930759804002
0.0009138752928751076
0.000672382600129702
0.0008444517678051072
0.0007966790035408983
0.0007229195154365986
0.0011036950688304986
0.0009673542094871951
0.0009493448788808964
0.0003541497226435958
0.0014936187006518026
0.0006520001066203998
0.00047696974525220093
0.0009187311632478934
0.0011122668696347954
0.0005875542095004904
0.0012715729218821942
0.0010875087027452102
0.001184463845840103
0.0015025690711209932
0.0007855911043209984
0.0007644594952250991
0.0007208817538010004
0.0011022710695966914
0.0015875772127124932
0.0006402292803976001
0.0007057725037023094
0.0006249642232099006
0.0009235513733393957
0.0012572526810058007
0.0007282746001197049
0.0009135150154783028
0.0016852959967652015
0.0010287237184140041
0.00047563297698539897
0.0012272703369938104
0.0010981211387295908
0.0014958067243840967
0.0010630995631328022
0.00043951691217609945
0.0011402095840158943
4.747877252329891e-5
0.001157391286898693
0.00043664313134469945
0.001021961737010607
0.001559938801920499
0.0017456492561556125
0.0002297251571184017
0.000739324871052105
0.0007192122097223058
0.0015574631614655998
0.0008924037164892984
0.0008570323738508051
0.0011475959297711016
0.0011476826687733949
0.0009691569869238956
0.0016317930647284096
0.0009791638265528868
0.0006770273588057041
0.0004680605570069052
0.0010581776684563116
0.001161225484421699
-0.00016494326101990087
0.0012388189372040948
0.0008999296037707008
0.0008407777182301984
0.0011234068751212953
0.0010611031306797941
0.0010042980556302095
0.0009328480228954078
0.0010013327379291004
0.0005536979217199006
0.0014983485466458987
0.001267590612613112
0.0013449287012250039
0.000748187925649603
0.0009846340765560999
0.0007561316118386008
0.0012926676441945978
0.00040727193712460086
0.001236697052442906
0.001425509129925201
0.001618993394350593
0.0010324774794743946
0.0007716963606671928
0.0008681633697281005
0.0011479848396185044
0.0010203063514849092
0.0006682907520908013
0.0004928102635693987
0.0010385664195088073
0.0008835361427078081
0.0001613771902010952
0.0006350574302982082
0.0005985130134739947
0.0006478023348549036
0.0007811449783938912
0.0009155946046534996
0.0008538893686531046
0.0008764613162828977
0.0008901475056138017
0.00032979608188089815
0.0006477837198198971
0.0013651688416355112
0.000588135745210494
0.0010699446167884985
0.0008914479706028031
0.0009082457326367935
0.0004286462911229083
0.0002831428237210984
0.0006994906419039992
0.000596239890166099
0.0006977648815248011
0.0007852266665083901
0.0012748715388175985
0.0006514012609024067
0.0012069290907568975
0.0009365867331340011
0.0005888652221296004
0.0014984280911504028
0.001055100890704902
0.0006889691267738113
0.0008502700090905896
0.0010186003624764045
0.0011785612788082073
0.0004993764082028979
0.0003398918172841936
0.0007633109765439045
0.00022109444252139954
0.0006861623715474011
0.0012598999378482106
0.0008131759879018013
0.0012124420598439989
0.0014987898686551898
0.0008593328200008979
0.001154249715047101
0.0007776462971801901
1.386311886940328e-5
0.001576894975406501
0.0014917691932746918
0.0010084062165634025
0.00015720229106139932
0.0007261867840752945
0.0014721909736449962
0.0014130193859952095
-4.213784946970056e-5
0.001213211072532791
0.0010088826056944972
0.0010283654772681936
0.0014597941858578989
0.0011295802765644986
0.0006567893431030924
0.0005187863195657005
0.0013610771642328101
0.000994410491574907
0.0008839786226882002
0.0007519457146166891
0.0009608426836889006
0.0009080305897043034
0.0011066038514205012
0.0006084080136369019
0.0010668921839512013
0.0015749800401205077
0.001424285372322892
0.0012753283602779941
0.0011428925919342997
-0.0003253299108259
0.0011202717387616967
0.00022673766985380206
0.0013067650554289961
0.0014127316334898998
0.0004881383779723955
0.0005947995963442032
0.0015880192562690992
0.001096863011393806
0.0010403032134125023
0.0009371178021767082
0.0010290718946452948
0.0012137505433982981
0.0021638742285537
0.0009628096755767007
0.0008108195054620931
0.0020135419660290976
0.0008882161095587066
0.0007311508062156011
0.0007793899645655022
0.0007756650162180009
0.0008694462379076895
0.0008685720927604987
0.0009748954616318056
0.0012149090785091993
0.0013889368146523945
0.0008488267558649995
0.0005358048029913062
0.0007337858729376118
0.0008950941989744055
0.0014697746476131923
0.0009350584061098982
0.0006376896053092995
0.0012596290756509004
0.0006150699252224917
0.0006223280962262961
0.000987732514122111
0.0007842902646775091
0.0014350395475869054
0.0010149694981264057
0.0010954743603211053
0.000322165831457194
0.0007610698946193956
0.0006309893010239959
0.0009997106603139988
0.0003009918119760979
0.0009014850230634891
0.0011423621053113994
0.0007874058220913027
0.0014373561574671095
0.000354923791456907
0.0006838972271323018
0.0010960927515421964
0.0013464581541816067
0.0010526200141613984
0.001476600747253698
0.0010824816968155945
0.001804552488412589
0.0009809038958290967
0.0007287006504111959
0.0011245371995410036
0.0010114807720908031
0.0011908833136324015
0.0012796812560050969
0.0011411739882432048
0.001321951565133997
0.0006933573911559049
0.0004760671032963959
0.0002027485624192943
0.0011362743951714993
0.001552781474456602
0.0011703056349433028
0.001028934903522405
0.0011708443039687016
0.0015055449941151905
0.0015134945156995913
0.000923830596969405
0.0007083116789588992
0.0015829642871218047
0.0013572373315279967
0.0005223279202482972
0.0015364344921783013
0.0006064195337826123
0.0010826755734446997
0.0009762551075419984
0.0004582777819985978
0.0008857900445044947
0.0008048876591186943
0.0007703992995933065
0.0016004753389135956
0.0006498254497913081
0.001252964305197897
0.00037415566695310487
0.0014795803061753016
0.0005412554225635025
0.0007173511246722983
0.0012651068172206958
0.000760157841848394
0.0006442898267575992
0.0015079302259205993
0.0009117108713983038
0.0008964178105775947
0.0014278549755886993
0.0009485127157266016
0.0008877665878538887
0.0003085756411397994
0.001298146694754393
0.0010422306347370042
0.0006354965311205982
0.00033233514872690884
0.0006182128063901005
0.001306872534383996
0.0006877406621604021
0.0009935562515567958
0.0014919409659039096
0.0015595506301765982
0.0008190879874327983
0.0013492872768001013
0.0011421206216639113
0.000920554460195594
0.001630136811696506
0.0010720164224178041
0.0012969967542272032
0.0013211954581118929
0.0008799774370985974
0.0013890548456914897
3.3109919403001564e-5
0.0013303489277789043
0.001258174684209093
0.0006273145812677947
0.0015388085065866919
0.0009590983681367071
0.0006348903328155103
0.0005040768327974066
0.0003240005893827974
0.0012109316920707047
4.937259444996733e-6
0.0013412961709656085
0.0007767567449562945
0.0007670632777411895
0.0009076501106832086
0.0007124908569681038
0.0011605928255803005
0.0011218742836815038
0.001177101999760899
0.001150614817243198
0.0006649264379498948
0.0017355478996709944
0.0012627709569452
0.000428341287919104
0.0016882476802843882
0.00022957073266510059
0.0009914796548042004
0.0014213682699264069
0.0008364746241284055
0.0010609853499235072
0.0010903733327702891
0.0005551182037712987
0.0009869426204191997
0.0010826640113660996
0.0012162904622275983
0.0011631912548870083
0.0009435819983237975
0.0007503894151029006
0.0009428005590225025
6.223645751129991e-5
0.001437773459097097
0.0005408676090608022
0.0010568158907433983
0.001255121022254696
0.0007265567405810996
0.0010761527262585086
0.0007631281611314988
0.00040597245799389725
0.001125297786040605
0.0003886953967726925
0.0011381031023339067
0.0007019565377135023
0.0017277543687134952
0.0016739777451156013
0.0008163538218741995
0.0007551302551946082
0.0004366133932890981
0.0008937103693597986
0.0003167416223487027
0.0011982218759868934
0.000918716887695209
0.0012625349795257895
0.0008360984897450019
0.0010082961344534958
0.0008521732845635024
0.0012054934953161928
0.001348538036843594
0.0010595889446613077
0.0007741817317843958
0.0009073145095310903
0.0014606925308853075
0.0008114883538886952
0.0006109414825986037
0.0010792897520684047
0.0008778766334290936
0.0011252347028313098
0.0005446139997491994
0.0005438410296498969
0.0007662015927570043
0.0015658882454270967
0.000840562697295405
0.0007769148566669007
0.00068694000184151
0.0008815089186477998
0.00040575561527590037
0.0009657405607854108
0.0009271023535536993
0.0006415502520406013
0.0007733044046169951
0.0011232922492732042
0.0012125626341406015
0.0011113865986709937
0.00033207789596009785
0.0009980084032523012
0.0006053262062926945
0.0011034231860422017
0.0007563218597802027
0.0006410269185397055
0.0010831952737663936
0.000990241416417799
0.0006177053094374024
0.0013881190299050022
0.000684358051331796
0.00047337325331130164
0.0005031590276491013
0.0008700148765375115
0.0009940072135701111
0.0005339204270775055
0.0009390589371157942
0.000580634971054303
0.0016664030981515948
0.0007771200807634993
-3.594707670470654e-5
0.000603715076254091
0.0009804255806111078
0.0005484201627027896
0.000810309955992794
0.0007843321366522993
0.0011958448503377045
0.0012725439375107922
0.0012782980551527962
0.0010462818421525938
0.0003156707322799976
0.0013744928157615952
0.001367277037280193
0.0008091081136284012
0.002024350258691396
0.0010387465829393983
0.0010357331093945876
0.0015916761229774895
0.0011911816300613914
0.0010221819138215016
0.0012583608673332053
0.0011136594251766954
0.001272684406191299
0.0007915505721739907
0.0011362850698643095
0.001234768039765799
0.0014455942605739042
0.001254551028584898
0.0007162869474893058
0.001220215998228899
0.0011776769427885997
0.000827677246013292
0.0015548773647972997
0.0011611283069842965
0.001549045780859598
0.00030292875621250326
0.0013685969308563015
0.0007277791003647976
0.0006416534617948999
0.001038203951071598
0.0010738605891298034
0.001189049785123901
0.0013085762061445932
0.0005963348693048959
0.0014878383407830945
0.0006927674794073996
0.000721112103642195
0.0014073550248705075
0.0008334975321355048
0.0004535988566543997
0.0014409839554745951
0.0010636786316964991
0.0011026022911726982
0.0005404820831363955
0.001303664331646609
0.0008950066747165988
0.00016566420273900206
0.0006854905216369042
0.001160171907818891
0.0009486486217201023
0.0005797663959873009
0.0012192300597368005
0.0009072227456706078
0.000762444543554501
0.0009894776153801035
0.001125695145911501
0.0014935540483650978
0.0013995770214906972
0.001008136639129395
0.0013032773341909026
0.0009862997674695007
0.0008914442398609973
0.0007462586388871026
0.0010047377395402957
0.0011255777474249024
0.0012785176355878947
0.0010722918715860008
0.0009750555199791039
0.00045316681221979627
0.0014081609194415007
0.0009456889240645888
0.000750019947736498
0.0007097288284258971
0.0013862299831347014
0.0005643477095128024
0.0014271123789261903
0.0009606482056208066
0.001120826858065388
0.0014499180178449977
0.0009316930902122933
0.000829802725968394
0.0015803921513838914
0.0009199273440621963
0.0014168821729532988
0.0009598228284562957
0.0008449223510302029
0.0007130238749123025
0.000984427849585301
0.0003248107177943049
0.001175850451681698
0.00023082641058640163
0.000463271224074302
0.0011904247996415013
0.0009157691018440023
0.0007947132795046996
0.0011036921308816006
0.0017157356891350922
0.0013234460451055918
0.0016880456487090023
0.0010525701735524945
0.0012690850448347085
0.0008083267568427047
0.001422903135536599
0.0009554522957083006
0.001071824756010295
0.0013353419724543986
0.0013291117445430045
0.0007140282983237947
0.0008582774758484069
0.001146133276632294
0.0012688097458508907
0.001082592494548798
0.0006658840052938958
0.0003286015538533915
0.0007921737117002059
0.0007031670436450019
0.0007202274386537977
0.0008204092735939056
0.0013717390437448934
0.0012308189526501062
0.0010703495818372016
0.0008126122152246895
0.001841613467323408
0.0010139957643566996
0.0008233436462331059
0.0012843742629363025
0.0010054942738682016
0.0012504148620010036
0.0006280841634506013
0.0009601935104411041
0.000993387414787092
0.0018193810565114016
0.0008510796991946026
0.0014523784953639068
0.001181879312697906
0.0008637075294108953
