0.022399585534276595
0.021257250909903207
0.022092337891477402
0.0210870401181895
0.022125196158814607
0.022088859964098997
0.019661871245994104
0.021985081248835005
0.0208809689977393
0.021848164584941897
0.02230394555415279
0.021355775475643303
0.0216694989858775
0.021704263895979202
0.0198103538076822
0.021928381344144994
0.0206809491595224
0.0203488735475724
0.0203703539305006
0.022883179981582506
0.021216991988286096
0.021038112719087898
0.0230372761977774
0.0233691263992242
0.021614291778057897
0.021437780198634904
0.021725380916755604
0.0202984156332838
0.0211511415364619
0.0214250169140158
0.021118735026457107
0.021422516609989305
0.0218493301475182
0.021273144291069697
0.0219786519847249
0.0204094164872803
0.021611045597774305
0.022418156866752602
0.02143359696933691
0.0214721873211551
0.021223674731897103
0.019049908172137198
0.0215917840473316
0.0226509938638724
0.021406395338127
0.0213191665625605
0.019814995629208895
0.021633925371036804
0.021790413353394197
0.0201287167933294
0.022196859018108
0.019250381051046102
0.022242225683292503
0.023006943652335396
0.0221277170817432
0.021734037114113508
0.021312555629875295
0.0207425634038437
0.022215350569967304
0.020921770368782802
0.0221307581638205
0.0201782643083298
0.021836221520301305
0.0227944167089624
0.019956277826837197
0.021176584868284394
0.020345983016498294
0.021918403974141895
0.022631820417276405
0.020103321500673697
0.0216691342085474
0.0208674738013207
0.019921038390905102
0.021352341028015406
0.0207999513517717
0.02258118666442511
0.020671776860096205
0.021811015501812504
0.02278352565829981
0.021353530361331592
0.0207947468156063
0.021778446353553096
0.021548201500677905
0.020402359133196997
0.022122127372980104
0.022609040031410697
0.020942915185167603
0.021830896310288207
0.021778394251087296
0.021459486933273993
0.022326233195771497
0.0206423336075335
0.0207097725392153
0.0197110952578103
0.021050618720675297
0.0207553619536614
0.0205480400798227
0.021837189589584097
0.020972645716825403
0.023157468908777207
0.0212177235026648
0.021767723018290996
0.021503766972582
0.021769636074685107
0.022762804684945195
0.0225599044603709
0.020913827142476
0.021495734696726096
0.022226301101392294
0.021719393381063705
0.021621929505655904
0.023332094590121498
0.0224167365792408
0.022404779033392795
0.021871480128584198
0.021233936271742998
0.021992721242463903
0.021125540955228894
0.0206566220297925
0.0189832005650725
0.021847875408786202
0.020934872867310897
0.023366809240903404
0.020030179008094597
0.022013665366592605
0.02193210979776109
0.021971104634232
0.020180131494201302
0.0216429978207738
0.02146645726521619
0.0218791239202777
0.021538235423864106
0.02180311426191
0.022242005608395905
0.020662762356635903
0.021657135755917697
0.0211074649389092
0.0216041915839116
0.019754247774693597
0.02231405821414279
0.021201097924084505
0.0214887243660285
0.021492562768105093
0.021640587917515407
0.022411863297578598
0.021578491185497296
0.021320021958911896
0.021496374412206302
0.02191407206172371
0.020453159905931995
0.021593722347344295
0.0195404925498427
0.022036384957086895
0.0208669849851231
0.021902640731912996
0.0214049994486833
0.0212078856353509
0.02267257946688861
0.021714935560851897
0.022184360179668502
0.022139874344540796
0.020775782936256204
0.0222798895729219
0.022695682782297895
0.022957722306313995
0.02093850493536851
0.022102181872309397
0.022362366366267004
0.021827371828198702
0.021283940173900506
0.0219480907434041
0.022366659630774298
0.020542456712850106
0.0202211036988328
0.022149035577330403
0.0207079769054868
0.021677404052331095
0.02163779143248369
0.019957409246479096
0.0223485245704974
0.021391158796894592
0.0227043518670356
0.02266114869928789
0.022598319889233505
0.021758984746069604
0.021357601759311604
0.020748205746274603
0.0191789773295422
0.021271632000949503
0.020724957148725
0.021445216381215507
0.022359018237537998
0.022084782803502304
0.02119580145577609
0.022149723951968202
0.020972713065023005
0.020856633946392797
0.02164288931192429
0.021206400610170296
0.021689409818710995
0.021833964120969405
0.0220187966606226
0.022021720157583094
0.0207324338939133
0.021963494715507098
0.021489009649980503
0.022379412755440496
0.0208868312457108
0.0204320051953057
0.020797351234352696
0.020820272132220395
0.021431861145305292
0.021140139306196792
0.021637913466777903
0.02232100357363251
0.022372959093431496
0.021046074602586395
0.0221078621126208
0.021029608209551104
0.0185404295639858
0.020756861234192
0.021919455007639005
0.02208472039362179
0.01925882051135
0.022055403421605904
0.021686544447036493
0.021606691108614802
0.021460186683124
0.022157676923922204
0.0209920544600916
0.021778057307632104
0.022197915547003795
0.021265196317576493
0.021264975810755204
0.0204626708628401
0.0189725733226625
0.021380909435550398
0.021640960701953697
0.022665583800986995
0.0205131800466938
0.021552029964880204
0.021905012956134708
0.019817466092311498
0.021411645814551496
0.0202286831155049
0.020938322201175003
0.021992754566015495
0.020201110639577198
0.0206721996277243
0.022822663786058593
0.0213561201789342
0.0195647380940377
0.0211347096025178
0.021292285606117303
0.022005591160733196
0.021267555700326304
0.021076534461376507
0.021806949981383397
0.019488621321288202
0.021260243174142206
0.021913001796591003
0.019253813519211994
0.022355913148545098
0.0207126358821799
0.022740321191492496
0.020970193080079504
0.022316930849638303
0.020745846325504996
0.021812267184094507
0.021044608841950703
0.022010253270296605
0.021933329750241398
0.021747920261097897
0.019655563996767003
0.0212953809985795
0.021550870223141894
0.022299173580172194
0.022424270507795697
0.020081414471703897
0.0216148709825389
0.02284246645772469
0.020725639637792802
0.021647913760665397
0.02203792403766129
0.0223976615647236
0.020879518815331295
0.0209887098835745
0.0219422750585617
0.021567601400447403
0.020815688928429
0.0210354210568195
0.021437772206879598
0.0211625259727663
0.022104846618383897
0.0223965994406903
0.021802157481708696
0.0198995976381277
0.022264431949058895
0.0227304241953594
0.021911225376613302
0.020633029391383305
0.022343257116312597
0.021195613443475203
0.019708807311735493
0.0220228800914505
0.0213150942121048
0.0199071360163423
0.021535567491679904
0.020715961454338905
0.0220579195887323
0.021140063778453698
0.023060625779721407
0.021643467765293502
0.022158925799724297
0.022715850312387702
0.022234078646521896
0.0206274868466041
0.021148348269813502
0.020426586327240703
0.021402241001969004
0.022674017368014096
0.022645075256156194
0.0223284196205583
0.021634392210734196
0.02199062507171049
0.021617073814636498
0.0214568886761013
0.021241774913367095
0.0221851828104083
0.023298531099522304
0.019825114376689698
0.0222416432728752
0.023169656647227303
0.023027741493027297
0.022547106566341395
0.021790124003826898
0.019373275808180296
0.022404150279141402
0.021485743183325995
0.022266462447970196
0.0205085512789527
0.022969155828633597
0.0216530165459416
0.021502683061126
0.021950697226145496
0.020417423451238995
0.020982026445813498
0.0209530219364333
0.020993591260964097
0.022903377210278006
0.021600621759842696
0.0214128405827494
0.0213711289012478
0.0223604724931687
0.021091145863815608
0.021319139295792704
0.021031972040162397
0.021115140266434906
0.020024709863303597
0.021666892730406798
0.022534619322850696
0.022604055776625803
0.021710576705054496
0.020923905425304805
0.021662919964070396
0.022121945970834098
0.0207890733746523
0.018834947617064203
0.0209474237190084
0.022348791530701108
0.023188236075496298
0.021339688904714202
0.02289882530234011
0.0224334328427548
0.0210180510883368
0.0216509788438227
0.023081861254424706
0.022341084700085903
0.019331442555929203
0.021519511261300507
0.0223714222190547
0.021930177175546496
0.021570603377144393
0.0216331299107849
0.022979183749037305
0.021748361512616096
0.02222863395782789
0.021878070205902794
0.0217635026909793
0.021120068798889606
0.020547992213819602
0.021077158927718997
0.019854755250799695
0.021640829628667306
0.021622438378096596
0.020903027218312394
0.022396757640282393
0.021021655332689494
0.019625556030850706
0.021806492867390795
0.021735514407769198
0.020956647656403496
0.021138656148817103
0.022006325365515396
0.0203974095383418
0.020055625122823703
0.022168481421400495
0.0230786235004554
0.019864525139843596
0.022488820686501605
0.021258692905509892
0.022038849228924094
0.021888645258108602
0.022205092580251003
0.022226462877964294
0.0208837392274952
0.021820049276697097
0.021008081236601
0.022191495148096894
0.021117630753152705
0.021264546988513995
0.021389306181409308
0.0205956283381879
0.0212899031489042
0.021749330944382597
0.022734128401774308
0.022138947846071302
0.021957967379346903
0.021400435706316702
0.021398184815491404
0.020544090766862602
0.021499097114211593
0.022876234125899203
0.021363359794465506
0.021035248699284796
0.0201421820717479
0.0200628847765474
0.0224842234379556
0.021166229673265195
0.02245879621838579
0.020679415484814306
0.022033118914360793
0.021164334607365998
0.021655960228813005
0.0222181148489089
0.021793748352343406
0.0220100271408639
0.020700965727769097
0.022229187893417796
0.020736393602219495
0.021828216840353708
0.022328669304013594
0.020968430519403107
0.021197506864467495
0.021576880703788902
0.021866068535637592
0.0211067215877759
0.02047738434957
0.022673216229161998
0.022339064226535803
0.021510663684993492
0.020646112880802703
0.022786044482639108
0.021759939776072303
0.022010131284134704
0.021376175577792096
0.022582873547102297
0.022528629578121302
0.021937758499653702
0.022096820878704806
0.0223826713010346
0.0223713636044855
0.023056477336603702
0.020355511305012203
0.021146035003564496
0.021911845328400695
0.022320112029584095
0.021784724116880698
0.0209177716584439
0.0219623803599795
0.0209918828459107
0.0206847364872216
0.020926641443402796
0.021558488205827307
0.02297358603496641
0.021166851744702696
0.021110698907211407
0.020806013713464494
0.021537303903486203
0.0210325012294119
0.021565411056422998
0.022137696120267697
0.020552962298149798
0.021711060329290502
0.022098900115910397
0.023167569972659605
0.021069324932835302
0.021355958358451596
0.019908505335840702
0.020853532293817402
0.020218841087963603
0.022394696407344303
0.0216446492884797
0.0219624218912672
0.021616624279428405
0.022286525364036594
0.022099780004183008
0.020847502181596297
0.021879805981738498
0.020886223933784802
0.022966286563024803
0.019236366964082402
0.021421345754843404
0.022552412458006002
0.020822919011440705
0.0220426741202766
0.021049883051717497
0.0207859240735681
0.02279331544878689
0.023228797880283696
0.021489960287869002
0.021985993314287307
0.021066477394754
0.021673961067859508
0.0198065589278429
0.0207100011053045
0.019775784274907005
0.022392169958629506
0.0215360992446329
0.022265765735821598
0.019474017134897
0.0195671846151911
0.021877662953156594
0.0219474539596771
0.023028201153883605
0.02116559147873181
0.021627566815925196
0.023141546185018694
0.020614701509490498
0.021975110984120402
0.020937923376538103
0.022626749223166702
0.02354430073830889
0.021754550998999
0.0208308212939222
0.020946912435832896
0.022500457116685108
0.0213098518684096
0.020729631261948406
0.023089585182823995
0.021284825572275394
0.0218966644608573
0.021145569014738505
0.0203440737201422
0.021999767446162194
0.021017828457779393
0.021850124990266194
0.0217420889519067
0.022391015028130505
0.0218851471965235
0.021457926548827805
0.0221552405264173
0.020519642922157702
0.021577791830048695
0.021791145773400106
0.022224895206116403
0.021795960438343406
0.0206879495994515
0.021049007342669693
0.022371329940455494
0.021040645549911294
0.0230866217896918
0.021227392731951907
0.020692471843489997
0.020973750243798703
0.022123250231291795
0.021326407686230398
0.021107012394887
0.0210881523012032
0.0219494354858367
0.019616921721032
0.021062414591251695
0.020877554212743503
0.021984946392447302
0.021273642437599702
0.021002454045780702
0.021308523361270197
0.020765530298711796
0.0217620697402394
0.021540032633599604
0.021798609846511795
0.022622598352699204
0.02323941126385
0.021389955715375192
0.021888236873943298
0.021413934561715003
0.022291174965379495
0.0205439790472886
0.021721233843883803
0.0226683846745592
0.019654843611032896
0.021669508834464002
0.021297403845614696
0.0213071966711572
0.0226292041141753
0.022032812267859504
0.0225270424350743
0.0207366279954061
0.02132158189231491
0.021511681271375205
0.021721130068273607
0.022308970952927595
0.023204283654765102
0.02213743118365919
0.022197519148503396
0.02175308128112089
0.022572240161920602
0.022028435793016894
0.021716959947913998
0.0224547767236137
0.021991919440343802
0.021345284413467495
0.0218933273873394
0.022859506427337105
0.020570691891112096
0.021285451012123105
0.020327104548143404
0.021314287242165497
0.022270035603367197
0.022432318363853405
0.0208693712755217
0.022806949577987096
0.0207377695616641
0.021677254420586496
0.022071843680983992
0.0216029940343328
0.020499977375500703
0.020457043655071602
0.021493970449049403
0.021654177944483405
0.022243833064537998
0.020609849426491397
0.022886250850119395
0.021513490881116405
0.021626512653503197
0.0221454129017514
0.021979569392634603
0.0200794489645036
0.019888276352796802
0.0204066159826597
0.0191155943715793
0.021829557330518994
0.0213189315432527
0.0209918516909032
0.0205337393291906
0.021672855170586994
0.020463545902009904
0.022114376627756296
0.019982471487385196
0.021944605941462608
0.021315915588412303
0.022137308583248298
0.021603926514684
0.022016716314503595
0.0225554893138215
0.0214394587855129
0.021979727828317697
0.022485870355380605
0.020519571526204504
0.022866011480823005
0.021313523397656804
0.021854165921617492
0.021188761437993496
0.021686089452744306
0.021520905231607004
0.021563198727157902
0.022002532467276098
0.021899568887040803
0.02179365818207451
0.021070411047601496
0.021284957532527696
0.020967361817718903
0.021344621349849005
0.0215855824369871
0.022125550477253404
0.020502933650682897
0.0214265819628321
0.023439177630485503
0.021551385298001303
0.0209192721826989
0.022338713151742108
0.021631610597486695
0.0219060256956368
0.018957960646281198
0.022572519173109297
0.0220361931896527
0.020646421455752198
0.0216582815439332
0.021152234582191003
0.021040943593717595
0.0211580458355621
0.021293984498828904
0.0229334884059881
0.0206509075318436
0.019658912735377898
0.022036576361367494
0.022212847224673295
0.021361112733616204
0.021016699147736607
0.022038967097617303
0.021871416974437397
0.021667388006869494
0.023106303071386704
0.021022871384554602
0.021753151652096007
0.021771038315824096
0.022039861525629104
0.020769179481146503
0.023162356176484905
0.022600466711798897
0.020997323621090795
0.021012492248419605
0.021723474610981897
0.021174803149877998
0.0205910120711919
0.0208750994675009
0.021413678189052293
0.021221446933276697
0.0220369662733055
0.021527220511419004
0.021792942826572508
0.0211417618861528
0.021504593547439894
0.020996770818330103
0.0229392378870307
0.020416345658681397
0.021193501748929304
0.022146937725129795
0.020898235630142502
0.0199111331011302
0.0219206716155846
0.020668738846515503
0.019546953478051396
0.021250786431206696
0.021754954010559296
0.0204994603034477
0.021241437252863496
0.021786881373054602
0.021982265716953997
0.023105196592056697
0.020904939275935397
0.021567184747135697
0.022473754732814502
0.020616194539854804
0.022260229730700694
0.022251572861159905
0.019648322100089897
0.019506032724824998
0.021344408357151304
0.022653522183228005
0.022608282937735598
0.021645722706179094
0.021320433123118897
0.0209661867195162
0.0214540081420539
0.021623735576246993
0.020325154762883796
0.02267689167697331
0.022296402421489503
0.022525680404467
0.022201159915779707
0.022730136154739705
0.0205666857820724
0.0206530202583612
0.021514137636076805
0.020800958274758502
0.021644221907337793
0.021583141161815908
0.0224831804930177
0.020796355508370196
0.020916538275892002
0.022996040102306305
0.021655750843842803
0.021531597524682804
0.021310240085543705
0.0218361181622599
0.023746478844394597
0.020591463775449098
0.022982348478909703
0.0227204615002315
0.020666233367278894
0.0227561912107601
0.01969182882888
0.02146213903684
0.0225972384422369
0.021920585631063895
0.021158277337871192
0.021705421578651796
0.020658733038409198
0.022716903401094703
0.021428797269926497
0.022969996787883702
0.023008829713042397
0.0196616072599543
0.022031625952871496
0.0216920305128869
0.023247164110928205
0.020576455371855804
0.019234542264501595
0.022392611439140203
0.0214692807502437
0.021533303688677508
0.022467737411682703
0.0201991302995823
0.021272337896688698
0.021977059946769704
0.020911701814279496
0.021915615862181104
0.020648051247882902
0.022104770234256402
0.020164151659626997
0.019805431016719402
0.0206078747234162
0.022171231593280098
0.0202834517527525
0.0210761355358439
0.0217199849079878
0.021068267781565397
0.021904853263319292
0.021592136867278892
0.022243702391735905
0.0210786098107031
0.022555053273785
0.021200591290747098
0.0200326018897976
0.021438582573981103
0.022164986086442594
0.021959827124601893
0.021131395664301604
0.021688157247566196
0.0227727886363148
0.023321933740769504
0.021090747810704302
0.02210613178892771
0.02187631662692051
0.020633187503224
0.022080057204673195
0.020308798806162896
0.0212044797062114
0.0209548698887142
0.021256478823454703
0.021224209898038505
0.020602840192494802
0.021609292080984006
0.021230709338591794
0.022540349005278307
0.021688138536372796
0.020647213232349006
0.021653130364138594
0.022313449094991902
0.0209047258029526
0.022023665152585796
0.020595662721145602
0.022449669629630103
0.021029615892878196
0.020369204182391805
0.022207431550314398
0.021117501837208306
0.022860074073974404
0.021835502927971304
0.022693420065664993
0.020791264837666502
0.0203562780236778
0.023154759761042497
0.0215107411356441
0.021771594133821695
0.02241876842759641
0.021681906515191696
0.022047606958059796
0.0199154688932529
0.021777819991622593
0.021189353559137494
0.020855832941441804
0.021860324713181098
0.02153600666692569
0.0197734327687364
0.022221392570632804
0.021463402031516497
0.0212035910288337
0.019719980920658298
0.022057621469131206
0.021604117192230494
0.0204281451700822
0.021371789023490295
0.0217267188498007
0.023215472083318492
0.021152918527508197
0.023165305213681098
0.0224463609622903
0.022496255627435104
0.021188205810437503
0.021026966608444893
0.020667912341638096
0.021996675563532603
0.022002492894574302
0.020306056698107103
0.02242413549967459
0.0217994678144445
0.022237348777528206
0.021240596050421202
0.022613732572312202
0.022652905269868302
0.023713270511606994
0.021466732620025804
0.022296396303366696
0.0221436185501086
0.020699539891239502
0.022303447707666596
0.022369086016884004
0.022025538238773804
0.021741574278326105
0.023035430165780503
0.022166153398844396
0.0205676985192493
0.0223287694544936
0.021729231395978606
0.022488682838421606
0.019208538423158193
0.020753739699563296
0.0213802247336295
0.0213477577011775
0.0219349177623826
0.022891492589579995
0.02232431755784999
0.0207298004680063
0.021490200468745106
0.0212546230410358
0.018791389886045097
0.020639680351308705
0.020484474932473504
0.0218444978193122
0.021467145840802192
0.022042883891673505
0.0224537636642186
0.020603680441110002
0.021916140632161997
0.021946954329003093
0.022200940021225503
0.022719773553236393
0.0204884340819732
0.021021686586376098
0.0210811345912479
0.0228533395013686
0.0203032169409305
0.022218010966345805
0.019935499119952703
0.0214001789310974
0.020590365331445898
0.02218500907580139
0.022604479973352097
0.021337542587374005
0.021180199622149294
0.0212101921509225
0.021556471569241002
0.021668728586607004
0.022207802086730698
0.0220462239135076
0.021067724280947504
0.019474423026516793
0.0216583698012986
0.021352926737299403
0.022885347009104995
0.020846305062629897
0.021182981282194396
0.0228139101060539
0.022612351436039492
0.021721992983814192
0.022489174357234597
0.0205511621722611
0.022107435996296
0.021689048505841996
0.021237044018561094
0.021068158162610005
0.021881650495175604
0.021051166177896305
0.019680667698901498
0.0229189740636496
0.0204577330712562
0.021639615650276695
0.020584008554918203
0.023225045801766694
0.022561365381304897
0.022227953328253003
0.021013803768848302
0.0206012384015425
0.021766955835135597
0.0193880429787575
0.0215723432317833
0.021564623873021292
0.0213642844732349
0.02297894115792961
0.023439488582535604
0.019687045981665798
0.021704820695969504
0.021055746220272398
0.022291705604957496
0.02102110083828309
0.0191593604855769
0.021785876907735306
0.0214184059831124
0.019639866763804102
0.020880134268913504
0.022713593627344396
0.022604270499569007
0.020757209338573702
0.021275908044402707
0.021559198850458608
0.022041933408897103
0.022063023941858904
0.021133722277385907
0.021445447610119198
0.021576024197873106
0.0203208157529908
0.0220859254169223
0.0209074487212935
0.021582100949154304
0.020669950439190198
0.022813895135510097
0.020533462422578197
0.021384112106407997
0.021371909093905996
0.021233184540472495
0.0204624471677282
0.021206702287737605
0.0206317176879219
0.021198064705194294
0.022485780969269606
0.020876424828670796
0.021081503364050402
0.02193127337371461
0.021979102804041903
0.022633589490554204
0.019092076816081202
0.0204631283232799
0.021814034404227897
0.021865058132766603
0.02209245606333019
0.021873576698544797
0.022002122704737205
0.021491650846563598
0.022051963100174703
0.0226879269870829
0.021196699733225598
0.0201352218216755
0.021458375837856702
0.021017686979712097
0.022981242017071704
0.02170418697561139
0.02151498744978529
0.020387432028950297
0.021629901317972405
0.022232063747680803
0.022275085398646803
0.0194042628734524
0.021407883321148097
0.020875593861227802
0.021494498729140894
0.021559267419028506
0.022091940928166694
0.021758352141145604
0.020720367443860604
0.020914279345818805
0.022105367007675694
0.0225000776357534
0.02164846279016589
0.02157105570401039
0.0215747760131373
0.023167232664273403
0.02122201159995609
0.021242910257787302
0.021137504665804496
0.021572330636875803
0.021155679802995
0.023155154974514106
0.0217497108342882
0.021375147180090502
0.022713690455394203
0.021865300613318706
0.022032330604495498
0.022647325896898295
0.021355132087504093
0.019963754225405306
0.021714422598189995
0.022101508995544403
0.020865192769067294
0.020818750032402696
0.020902610197803796
0.021629528366280196
0.0193428337151009
0.021938872227565305
0.0222477106314534
0.020833718412360903
0.023443560256554002
0.020545288406167303
0.0225328585825914
0.0209977608973419
0.020401736633252995
0.021573282147312203
0.0231533127420177
0.021436561586698502
0.021766468675354998
0.0210224708488052
0.0219882346950213
0.0206591689565912
0.021584716734068705
0.021038523972780505
0.020613381107679705
0.0218121279524398
0.02155272381307359
0.0207768238842456
0.021647996733821902
0.0211809076438359
0.022151775699633197
0.02151593699582769
0.022412611724350696
0.018825636582985597
0.021663781706167305
0.022204683527708706
0.0197291702891468
0.021766192688155495
0.0213952600391246
0.022152352803049502
0.019105378221181003
0.022532614983432002
0.0219059614528727
0.022206852189766008
0.0201552828532782
0.021188532462436502
0.020802016051966
0.020673946509513298
0.0205892191127316
0.022262003083230994
0.02163344588186549
0.021874233625107195
0.022086398188625803
0.022541715585301395
0.021144308128320292
0.0218467006328998
0.020971900722874706
0.020900963322865604
0.021852662912153896
0.0228751660320927
0.020504178579412495
0.021843126870016702
0.022841871000854004
0.022545352939599
0.023288367423683204
0.020618217835577102
0.0220256369215577
0.0215012291471198
0.021047153080352494
0.020959995212568798
0.0202500507068056
0.019858436411935396
0.021690518844708795
0.021688192259507896
0.023037535142689705
0.0217932600935771
0.02296241039045859
0.022109821885252498
0.022046105147714004
0.0212793242852432
0.021767175954583405
0.020890289279857102
0.021503620398688292
0.0215264992362499
0.021868394741637605
0.021392853886932205
0.0199678321564108
0.020947043241905702
0.020766878886431896
0.023239182082929896
0.021901375787632807
0.0206012410926229
0.0214205920068488
0.022035953162649502
0.022406617758994093
0.0227211314061884
0.023011773396361408
0.022496077024278194
0.021527680767652803
0.022022520532148704
0.020352737732576703
0.0199970320410194
0.0219303413709553
0.023381297271227106
0.021569491703704702
0.022632128543974603
0.0215404689264447
0.021280258925584904
0.0210352088478181
0.0230626611737393
0.0226798074810508
0.021763949871012697
0.021510494415030598
0.022591978375136906
0.023021733364236498
0.020927444415069697
0.021357074423245102
0.020205301591943295
0.021393365165049694
0.021590326162305794
0.02180914876508501
0.0204110977151737
0.02098997878938679
0.022179120657158095
0.0218770747939497
0.021452347368184903
0.022512976907465905
0.021040051585284
0.022651499673047804
0.02217876868869549
0.0205187331630505
0.022138234821043795
0.020824076310351006
0.021982932297372193
0.021828607586684597
0.0212465714871349
0.0209176334947316
0.0224823869598781
0.02146593448850799
0.021331187815276403
0.022182685874583406
0.021539711471550302
0.022061706576428905
0.0213446188555897
0.022935116522321997
0.023161918416757396
0.020965170439678396
0.020701235275943898
0.020787237689943894
0.021107796445457697
0.0219576266054166
0.023383234864373298
0.0200920182966937
0.0222066405284522
0.022258657352502598
0.0219540960986419
0.022277529178221393
0.021875682271611407
0.021668353267032994
0.022262578701668492
0.022360021658350895
0.0202446364922046
0.022027718308142798
0.021587781651697897
0.0211855901073308
0.022824947910130296
0.022864125288762097
0.021535412321529696
0.021053142965607098
0.022992460826632297
0.0206248050794781
0.0217050632775964
0.0207354137677703
0.022489353628024303
0.022144903412851094
0.021107875868999905
0.0210400740405121
0.022244294216444
0.0206850399890156
0.0190641986746787
0.021966021917882196
0.022225510443685995
0.0201735944413522
0.022241411703542796
0.020822643094646404
0.021289729061558398
0.020008661772883705
0.02386244088134551
0.0201436738475418
0.0233240800169129
0.0210818551023226
0.023033514385075102
0.0220890391659367
0.022168463423493094
0.0217188441139428
0.0213753037390476
0.021910702441912795
0.022742639919088495
0.0200278602246314
0.021041389323858697
0.021557045204790508
0.02203613297242811
0.021827281455526606
0.0209485488405212
0.0214280537532206
0.022091017445981798
0.021819536853716293
0.021653290853848504
0.0209332035066025
0.021439333102758397
0.020545720840433504
0.021425149593740603
0.0211819192975116
0.021079528645924397
0.022372757340852895
0.0218934653760234
0.021594738193171398
0.019589752545815603
0.02162849964365019
0.0205675696243105
0.023427725572158997
0.021974821916652697
0.0191111017441054
0.022709575643558702
0.018801818294090895
0.020392349862300103
0.020913083637565603
0.022527618938221798
0.022381874340895003
0.021399308073478097
0.019808336114387003
0.022717013459306303
0.021802488374941996
0.021842729009767504
0.022051129278342393
0.020141894725637398
0.021976748088371793
0.0212338716798015
0.020480649969353802
0.021576245729589598
0.021265743084803508
0.021172296102062803
0.0203533943995445
0.0207614461066783
0.023355364915631102
0.0213132316307217
0.019451603227702702
0.021873415727918004
0.0218144684382238
0.022751632758748294
0.022772731960924705
0.021134843379319306
0.021439229355100196
0.0221048945179683
0.0207736433810687
0.02161678778520639
0.021256249006323898
0.020376917950705398
0.021599343939171498
0.022548945911484396
0.0213634348755306
0.021483156585482
0.021831851424066892
0.022390039837869906
0.021808078831799096
0.021213325769334095
0.021574289443781904
0.019923279669875803
0.021391116291095302
0.022141078022665905
0.021123266749205595
0.019562206461244902
0.0206899945471221
0.021026274915755094
0.021135505490873403
0.021038572356099003
0.0217089126601423
0.021625943349875
0.021654294769785705
0.022173371138458492
0.020368670758856997
0.0215619372409949
0.0214494687164683
0.023189546485126604
0.022544204641802103
0.022115183692857997
0.020796398659533796
0.021750013904477408
0.0220493380169536
0.021912179362312295
0.021228359514639993
0.022080493935302904
0.0216522932760417
0.020764784833961103
0.0204831286709539
0.021151655758974992
0.021756446666099494
0.0209791681605146
0.020550112396936403
0.0215262481068147
0.020740851978976002
0.022536931609449792
0.0213578869585052
0.021496056301913494
0.0223364416108328
0.020168852031581697
0.022594948880521305
0.021470752218113107
0.0216213760125877
0.019779354192005695
0.020599928793259698
0.0218115445873237
0.019978211520957398
0.0230424465549005
0.022287503946664997
0.0210692527920769
0.0215511498756766
0.022159427501134796
0.019797812146479597
0.021316620315774894
0.021403389677201907
0.0223280090624279
0.023573228060998902
0.021780443770390893
0.020483468630749603
0.022592399663181197
0.020711042783067506
0.0215725418347998
0.0219677515277745
0.0224758208630534
0.021735268696170693
0.020507443622687298
0.0229351000279022
0.021258240883368
0.0198625290068958
0.022233330613640995
0.019580204241602
0.020949001988557994
0.021353193152492095
0.021587184032891303
0.022376179315500594
0.0196685586368123
0.021364067051008705
0.0203773097586872
0.02162433336726611
0.020692154040909995
0.022037499179783496
0.021257190781051198
0.0200896592901832
0.021515320029882906
0.022949243123206398
0.0207963888582247
0.022428436007341797
0.019739177600756996
0.022097483532763293
0.022311491915969803
0.02174386259630931
0.0223346859829728
0.021989392573090308
0.023435532440440894
0.021461679728857
0.020883450577184402
0.022786445857228298
0.021396369911745497
0.022884621262001303
0.02206111482237849
0.021447885703939205
0.022117691583966197
0.021375093185291204
0.022482603726645692
0.021099155619114005
0.023034013073486397
0.0208014546827587
0.0217947234657202
0.021322378885898906
0.02121640780038509
0.0198509142725488
0.02184532202705109
0.022102832835633406
0.022088678718681296
0.021650026289568504
0.020426460530873602
0.021624596248286207
0.020596213064298506
0.021682938329745396
0.022654224033220295
0.0220398834539189
0.022032798186962396
0.020959083222364998
0.022094810915563104
0.0222011987210333
0.0222441290844543
0.022776382780176407
0.0218041759426022
0.020159203931035
0.0221231112793447
0.020943034596071497
0.021070676255557808
0.021028231491567302
0.022148703509982506
0.021432180434407394
0.0226272612310967
0.0222032321088379
0.0210040109050562
0.020460019677011006
0.021984482472911508
0.0230535057968708
0.021803790372865103
0.0207533257950257
0.022250345015546097
0.0220626383974329
0.021912358695603908
0.020585073465732198
0.022594811427121102
0.021539722708036106
0.0220064840167018
0.021455639697949704
0.02122893019281641
0.020237293347534206
0.0223334456158431
0.0219433813214231
0.019564854894929998
0.021067680126777198
0.019313071305683896
0.021953409369418697
0.0216931849479661
0.019854219786600902
0.0211722699678958
0.022222570735299096
0.022347131532973297
0.022388752722149095
0.0213756996951115
0.021796848426293904
0.021642387341277998
0.022599975200412105
0.0209091255366015
0.022425351382087802
0.0238464402006901
0.021474046130757797
0.021042517562499197
0.018975139266750096
0.020852925728272506
0.0211956927447031
0.020918412470661396
0.020518761560530903
0.020335651508613703
0.022630271183281606
0.022261144619062805
0.0218993483628789
0.022278439822400693
0.020699954361209104
0.023372017652509396
0.020691292878526897
0.0218903539727254
0.022148112881649397
0.0207846542037314
0.0225613407160034
0.022349006136747993
0.020624726683019602
0.0211500320805939
0.021273584214906792
0.021687775704357003
0.021866742601933498
0.020193574410993294
0.020344966782857597
0.020589509258672103
0.022149201419862603
0.021333440901091003
0.021711861930837205
0.021758893976075104
0.021177501443880593
0.0208657166165353
0.021870253127762404
0.0210070631708755
0.021207681243977504
0.0219758611823442
0.02169225444849881
0.021743914420694503
0.020979750304527894
0.0219090080758024
0.021200868169613495
0.022233453782092502
0.021826066062364695
0.021093464887394102
0.021979259455953498
0.022340802406019794
0.023099470470953204
0.0209025912601645
0.021786030624468294
0.02272519677534289
0.02136975201701089
0.0223318768921318
0.021842901591161305
0.021887800717912
0.022466984202350604
0.021677461349824602
0.021549123068203002
0.019964597883251903
0.021125214385975408
0.022094269277841402
0.0219383004054559
0.021327935661233505
0.022101070713993795
0.021124008978320195
0.0211620612824586
0.0214704794535914
0.021757029703032393
0.0201656600006968
0.018583970428334498
0.020962523802697204
0.0216159049035698
0.021540837837131704
0.021043838802420396
0.020584142443685498
0.021842723253932904
0.018351441876658096
0.020578274846159296
0.022164605926205193
0.022159710499714394
0.023000133813023002
0.022552904640766196
0.021729384381315595
0.0209904486001765
0.022526113908826396
0.021581469466633897
0.02303030300143289
0.0219097261323994
0.020635219421324
0.018932915058375
0.022772569120250503
0.021712875753686002
0.021304611040221404
0.023011558788088894
0.0209458609175089
0.021305816333821802
0.020907548269132006
0.0213887236526693
0.0219262673950548
0.021398459564643993
0.020030779434416203
0.021569385347295793
0.022022368222358604
0.02187263304412399
0.022881805402821094
0.022119399802063698
0.0227031444322133
0.0219298606668481
0.0213340035683277
0.020529543515465203
0.022274617067702195
0.0206884857472837
0.0220724390363276
0.0204552911978503
0.021791875899796198
0.023247177760277106
0.0197897744878808
0.021109799147442203
0.022390331746192704
0.02145823450952951
0.020739988608492195
0.021871791950953304
0.021701436072574798
0.021859413352503
0.021402015735570303
0.0224917471217944
0.021198246407172903
0.020667102158378498
0.0209204846936785
0.0197252893923539
0.021381261133645198
0.021959051903212005
0.020556244284649403
0.022412401908186295
0.0202742865358293
0.0215613098204053
0.022057233334634198
0.022540619087404803
0.0202692812780432
0.020274997281337297
0.022225580991659402
0.022288356969705096
0.021834449447448903
0.0196903723650338
0.021033742670896596
0.022491980641408296
0.0203526450300903
0.021382121828944597
0.021934300769377503
0.0207572293530197
0.021525061349462693
0.021051580488724193
0.021381690051247293
0.020862865195314904
0.020730388235548097
0.0201259959627402
0.021160416041143403
0.021209021882439907
0.021599645815249494
0.021444142826804305
0.020375931752189498
0.020806603731637896
0.021211998430281598
0.022887491648229202
0.022095894106113408
0.021902466469153295
0.019069080736425804
0.0204544291565949
0.018864318290938598
0.020071642686954404
0.02114052455052099
0.0217503926497475
0.022514390087764104
0.023142612322122405
0.021868581808357393
0.019365565101038595
0.019899488768418697
0.02143264268468209
0.022400709201381694
0.022750249789182497
0.022283192057561206
0.021159883643211495
0.022124888511118698
0.0218229607001046
0.02222479112020761
0.022366948423977004
0.022214986643903395
0.021194619748797508
0.02127646900681831
0.021044970465752204
0.021776201415762392
0.021283294818426203
0.021237228159385495
0.0215558782544394
0.0215555992920067
0.0227958214856478
0.022652308064584396
0.022292106863883596
0.021685726598761598
0.0193624586666363
0.022020183987539396
0.020680162175342402
0.021466050794436996
0.021618483197903895
0.020690688166581095
0.021724760715556103
0.022294743030838407
0.022655197974693606
0.022707945060800698
0.021481641630493604
0.0213977490432447
0.0223440694509738
0.0219137691102297
0.021387184278169
0.020293581422592202
0.022808415358759902
0.022081539008011797
0.0223727088051673
0.021589179113113498
0.022804203985056698
0.0226590986571567
0.021348384980768395
0.022563390036131503
0.022337960385052896
0.021441999243202295
0.021402304253998104
0.020845102304842197
0.021454092291568902
0.020089101193845597
0.0195360713488288
0.0216111001952215
0.020678434011873102
0.0205389169419736
0.021846300327389198
0.021302151579455496
0.021776324322732597
0.0220134306687629
0.0234822560422088
0.022296650246956207
0.022378043951519204
0.0215258341854487
0.021311980693612904
0.0208169552279028
0.0206855450859744
0.021373248091653606
0.021423502772431893
0.0227407501002724
0.022560354780157395
0.021724952752473
0.022226867463626496
0.021422223883544193
0.021193103831092006
0.0198089957738872
0.021911127118229706
0.021172375848270704
0.020898377854519895
0.022578067995786294
0.021256917120669593
0.0213715841657112
0.0223224669033205
0.0210752882241068
0.022437563384115303
0.0217607800699599
0.021499967536123592
0.0220235423020051
0.022051454749595405
0.023012501967187904
0.022249034086358595
0.0221394716097879
0.022110847882510103
0.021376563636966994
0.023656424044989605
0.022027143274729905
0.0213843187131385
0.021713879185742906
0.021542204115082397
0.021675805098714904
0.0213089837643953
0.0214852398828674
0.020897437137047205
0.0212281248605107
0.0204680441075858
0.021764756364158207
0.0206201066527616
0.021549087647524806
0.021493544036189097
0.0227757733895946
0.022207097586041204
0.022911114774336196
0.0205528923914005
0.020919991954257797
0.0195923839218037
0.02089420947475
0.020400147187959294
0.0221528442941797
0.022001729786506705
0.023030477873781194
0.021888456619505003
0.019870911835045198
0.021283686379334296
0.021645270755938806
0.021475526313983195
0.0185531234016306
0.0205482739955669
0.021332055834992904
0.022365027456000594
0.02221754909621241
0.021556293701680607
0.02135872070687691
0.021367758461886897
0.021933884976970006
0.021957169485755094
0.020947595034099598
0.021604504200680705
0.022121754558853596
0.021513802419034292
0.020838404510000498
0.019387091002650896
0.021383567627541296
0.023054350591300503
0.0209683051586761
0.0197088437072971
0.021133889046700903
0.02221796850923001
0.021903828795496995
0.020948702082336
0.022139067058833298
0.022309274771781205
0.022383644863158803
0.021550997670801895
0.021313422909824097
0.021639822334877296
0.0202027238711876
0.018890474799700296
0.020794653484821804
0.021842234481525405
0.022242095431775494
0.021647721830759692
0.022603586734741103
0.022831594532906105
0.022584104924452404
0.021902695314224598
0.0217212210185753
0.0226410856217067
0.021342291747957397
0.022554570659656596
0.0217970251237914
0.022001964763394798
0.0206938787406988
0.020258906976530704
0.0221698013372617
0.021078304585380903
0.021301668289126503
0.0211806878936276
0.02189430365601979
0.022531468020798494
0.0198535485641764
0.020924834125917995
0.0217461675111911
0.0216205692645636
0.0207279647463025
0.02228152767041751
0.020267680345136603
0.021567263846214005
0.0210341085589682
0.0202129983731694
0.021702325295994293
0.021166563149434804
0.0218473571055747
0.021442678189763496
0.019293824584983903
0.020808782708975404
0.0213319180016618
0.0208248356164992
0.021724300000450107
0.0218884113680275
0.020551095981347703
0.021982011380682405
0.021600755073980092
0.0210138188662215
0.02263871889480979
0.019520163565985002
0.0202477533660695
0.0208764811832772
0.020617926732110596
0.020585975516829003
0.020932473157653196
0.0212560960105065
0.022168330162521108
0.0220845097243803
0.020303298877102804
0.021248081864817206
0.02325590628646349
0.020359765257457703
0.0218410991056417
0.020471848256307296
0.022767484461790603
0.022499393920519292
0.0204317833091629
0.021659571548711898
0.021257141392219396
0.023034030253050293
0.020804871023367602
0.021108288977119194
0.021581207320471106
0.022022276940334304
0.021564283794720897
0.022400355980703605
0.021803744845578503
0.021506492044683793
0.021187087429393806
0.0212015388366713
0.022327414076429505
0.022698585570479296
0.0223147014658254
0.0191571627520536
0.0207079377300943
0.020399042097314697
0.0217117166793499
0.021068303690899
0.0225136081147351
0.0204732023235605
0.0215200070756763
0.022221285875307105
0.022874730643672396
0.023565807229673004
0.022801890199367097
0.020954385253206302
0.020676784465312903
0.019749377575387105
0.0225207383537624
0.022073001352744502
0.020952527846534202
0.021360692243582995
0.022150421788293295
0.021636349420135807
0.021288226992439596
0.0220765617579831
0.0219544356766979
0.022410032962323002
0.022546888514893094
0.0220685184861438
0.022764151251766798
0.0213534181959631
0.021913829842708905
0.023091535869181598
0.021940523914177508
0.022947632446352305
0.0202353271536024
0.021889568032006305
0.022449275283553193
0.0214428316659016
0.022254198775673903
0.0209370354721658
0.021945313022712694
0.020956228593687294
0.0215798274118376
0.021763281055686694
0.021541225004843893
0.0184397032213387
0.021463758883085694
0.0207542393270575
0.021061955957098706
0.020558845123306503
0.021851930161274
0.021456163998323396
0.0218554344675446
0.0196033537346509
0.021137513771645897
0.020029732064442002
0.0182696338754006
0.0217499687271666
0.021957221400371006
0.021219017332163505
0.022068989398412606
0.020889985978887304
0.0219159051743111
0.021070108493340192
0.0212122397789865
0.021273380410675294
0.0205966411529876
0.022628935605707307
0.022004930190837206
