0.0015965937140233998
0.0013783664924576985
0.0015200355422574016
0.0013412890099935015
0.0015417206289623994
0.0015547620073430024
0.0011389371069727011
0.0015290188868587982
0.0013093687951132998
0.0015114602004379016
0.0015794265465794016
0.0013967226324486
0.0014365395645134019
0.0014540237567465981
0.001163843867212598
0.0015159810123826015
0.001281586211363702
0.0012416660266669974
0.0012548864175990007
0.0017329011066538995
0.0013628754997550008
0.0013477472337998994
0.0017666001825087999
0.0018589148667632997
0.0014617601097893992
0.0013792381609064978
0.001459105115541301
0.0012367264877784986
0.001364467943451901
0.0014258256938054978
0.001372862197538502
0.0014208961738633001
0.001487547943087402
0.0014039355126901007
0.001502698861880699
0.0012436372057944983
0.0014280285473111005
0.0016294804603622023
0.0013987898811728024
0.0014201085104153
0.0013734216716128032
0.001084808229901802
0.0014436437767794026
0.0016721249641606997
0.0014026065460001
0.0013845205449256014
0.0011772907310040014
0.0014602498588318982
0.0014812586949365
0.001195633116555999
0.0015461224280252997
0.0011063672680976001
0.0015672118767106995
0.0017609474152529975
0.0015455757656838987
0.0014803623086877028
0.0014038126481054
0.0013000844250579992
0.0015405469771623027
0.001311304162041102
0.0015275945038429987
0.0012181584460819982
0.0014549295112069004
0.0016939070085284988
0.0011942567445838992
0.001370299830801898
0.0012415629982911978
0.001485414712933602
0.0016429926055280993
0.0012060183171409972
0.0014446842601767984
0.0013137729391217018
0.0011769258825733014
0.0013898039396873993
0.001325237092594602
0.0016246162806837008
0.0012809409201442988
0.0014549221262819025
0.0016831489430051
0.0013858552753161016
0.0013229428461194008
0.0014702816576083987
0.0014306034081375991
0.0012424812370397005
0.0015510457794039
0.0016416618549677
0.0013260445147324981
0.0014674277003372989
0.0014749428364459992
0.0014316196500065992
0.0015900847437583
0.001292204348288098
0.0013213513045374006
0.0011579248609887988
0.0013466491488849028
0.0013169859409582
0.0012654571200048995
0.0014788742301615997
0.0013377803249437006
0.0018081418818758008
0.001384884732194603
0.0014645022491981026
0.0014141260365520998
0.0014739640932699
0.0016788444108173997
0.001635524641465002
0.0013245396204158016
0.0014120089286693005
0.0015594045218714978
0.0014501144914792
0.0014196411139857992
0.0018314550765693993
0.0015873726782792003
0.0015970887578441
0.0014967981759884987
0.0013823516095604997
0.0015110576285913002
0.0013674832640998003
0.0012917655020559006
0.0010605603831017017
0.0015190637610488014
0.0013408724351248007
0.0018697955584614998
0.0011993483757506002
0.0015053921574979014
0.0014918596222616015
0.0015102821616989996
0.0012138145514699987
0.0014465821863851001
0.0014222760656563
0.0014720257867507011
0.0014241146024698004
0.0014615149585401992
0.0015859332036908987
0.001277169859505
0.001465244266681702
0.0013449535595294014
0.001434990203174901
0.0011657363151283025
0.001585543248027503
0.001362595923802199
0.001430354263521897
0.001422318711551001
0.0014408938195171021
0.0015711421316824022
0.001437417080021
0.0013827865832664009
0.0014047183741375015
0.0015234368276902978
0.0012495156573801014
0.001433301257902999
0.001131310233337901
0.0015858035506376988
0.0013123649303432988
0.001497324098271701
0.001418386798426298
0.0013750847364587988
0.0016526208084243002
0.0014773312307778015
0.001557016696623701
0.0015357552990282013
0.0012837533904864022
0.0015797096136335974
0.0016908497991277999
0.001706894698288601
0.0013383578440230998
0.0015514724745760017
0.0016207453133098987
0.0014880147456646023
0.0013732095028490023
0.0015217499150130022
0.0016032552770110994
0.001257493392922901
0.0012130023284241988
0.0015575016679893992
0.0012944978606725006
0.0014710191654881029
0.0014392403062653027
0.0011897459937021022
0.001622292418164601
0.0013981470821720007
0.0016801916193294984
0.001680863728215
0.001644697950561401
0.0014850615809245994
0.0013870457092523998
0.0012808546734178992
0.001095214201206899
0.0013970202828191003
0.0013002141292417987
0.0014062028515951994
0.001579975465927301
0.0015369202061782002
0.0013697402764577017
0.0015506693638096015
0.0013215859302730011
0.0013222738860617991
0.001435755978030702
0.0013472455140329
0.0014648599218754013
0.0014869497588697982
0.001512010858003298
0.0015400706997339003
0.0012880665641369013
0.001492451612632402
0.0014151104743477007
0.0016173262865807995
0.0013190464353880008
0.0012634071100121984
0.0013019718390086012
0.001310210270778999
0.0014094593029410976
0.0013540509378131976
0.0014297914165534997
0.0015888493555466995
0.0016046951582546973
0.0013634542020854006
0.0015172170626020984
0.0013510030716636992
0.0010176184289791973
0.0012998966205862023
0.0015007281566432988
0.001543622112175999
0.0011116634340149999
0.0015435598964657973
0.0014418317521340991
0.0014221273386588983
0.0014062159710154995
0.0015762708714500001
0.0013266944791635003
0.0014594940449902984
0.0015720134969064992
0.0013812342329251014
0.0013729265233382026
0.001270528258183301
0.0010806364909147007
0.0014131251526929012
0.0014360730568088002
0.0016573962812329
0.0012483995300601007
0.0014286160333793
0.0015018012525420989
0.001162819665049001
0.0014168162474987
0.0012264446912772994
0.0013332159883657005
0.0015543407081435
0.0012065936040973994
0.0012673345378033975
0.001665006501936999
0.001391845645729698
0.0011464779509344006
0.0013590447740629008
0.001380254224557998
0.0014995667873510012
0.0013651486619556986
0.0013496238722677002
0.0015069035765999002
0.0011272540256972996
0.0013669785536713011
0.0015114414073746987
0.0011064201206663002
0.001604726513808101
0.001289982670026002
0.001701459658039299
0.0013490310676181998
0.0015876285582197974
0.0013008334647756983
0.0014789188578701006
0.0013528484340936987
0.0015166931619116017
0.0014828778696407002
0.001476141023171701
0.0011607136105422008
0.0014064832764710024
0.0014430297556528998
0.001583860879935197
0.0016470512935488
0.0012052418319794984
0.0014438619155537
0.0017408197983591993
0.0012786443176815016
0.0014492747974917015
0.0014944480512128003
0.0016081642462919994
0.0013331907792543014
0.0013260037616103018
0.001483491326109601
0.0014219223112195978
0.0013128429965603983
0.0013431666769882014
0.0014026169831029
0.0013667808657850979
0.0015666361578521998
0.0016029711670586012
0.0014896619170102002
0.001170519918239299
0.0015782533924992015
0.001661113485296
0.001537363478962099
0.0012910213805544003
0.0015700291888009026
0.001360340068515202
0.0011601715393116975
0.0015255352049973019
0.0013898776897930017
0.0011724449616648987
0.0014268172831711987
0.0012981972060135995
0.0015529156215547991
0.0013703034001288986
0.0017638350676431984
0.0014267308425339013
0.0015372432965368998
0.001702400613060498
0.0015755039180391991
0.001293388045892501
0.0013632113823838984
0.0012433896042911008
0.0014096202298760005
0.0016720352302179026
0.0016866498779403993
0.001576923008537498
0.0014280055343536026
0.0015236683335253
0.0014140290472289992
0.0014213432291296998
0.0013839424943254998
0.001519573944351097
0.0018594187465460973
0.0011476409076687996
0.0015778049051695005
0.0017567320442951999
0.0017402540071786987
0.0016299147640361014
0.0014589348276528996
0.0011143978690727994
0.0015723141958101997
0.0014229979040935002
0.0015772393073415977
0.0012657929860342976
0.0017612208087268016
0.0014669413410274001
0.0014320015718044983
0.0015120373074826998
0.001247252593219901
0.0013384640591370019
0.0013347177847278999
0.0013442033059308973
0.0017104950651912997
0.0014592718667435015
0.0013977165337611987
0.0013848632342283
0.0015878649687445026
0.0013546101450796974
0.0013995641882543
0.0013425040929450002
0.001345618857704102
0.0012096295238275025
0.0014534865888435992
0.0016473683978741986
0.0016298645456258032
0.001455568670196198
0.001340185157972202
0.0014517538379715013
0.0015223649316250011
0.0013110212934695983
0.0010455353888949998
0.001332148502750801
0.0016228094675928006
0.0018347225764155997
0.0013894469795549015
0.001742048324362401
0.0016167794718389972
0.0013438714802601996
0.0014197503422432
0.0017435145955894994
0.0016289028986297
0.001124704302739598
0.0014232751079250976
0.0016183424712881006
0.0015180990679046005
0.0014475008809683998
0.0014626113759804021
0.0017621072258725001
0.0014915445536947992
0.0015648619324547981
0.0015087881444714006
0.0015166347087229998
0.0013500446274374994
0.0012615840190256002
0.0013560695129820992
0.0011733524853715024
0.001423901515790197
0.001437271586345601
0.001329929794314899
0.0015619107684736004
0.0013514554814477997
0.0011417724712270982
0.0014971276447934
0.0014609197803988998
0.0013176029171592003
0.0013678354181345977
0.0014974038618406002
0.0012559337568921018
0.0011983090827752015
0.0015562818453180999
0.0017581021373152018
0.0011735101407549
0.0016367090563934976
0.0013772500723431003
0.0015217359638044006
0.0014930562865356004
0.001547105740823302
0.0015645181358752008
0.001314973127909
0.0014654607858547997
0.001342099068555501
0.0015785537174967008
0.0013636308638001991
0.001371625393331001
0.001384436714243601
0.0012731303297221983
0.0013944811808118025
0.0014633081065841998
0.00170453916544
0.0015501075419311026
0.0015229131366857017
0.0014019991367358008
0.0014108522477392985
0.0012624509592884976
0.0014464861638975
0.0017609855697880011
0.0013926307509116997
0.0013477410725737
0.0012068924099245017
0.0011972202911251992
0.0016197025394134
0.0013607168534803989
0.0016314848819061999
0.0013060239526001029
0.0015626386937955018
0.0013540716706013992
0.0014320339037208994
0.001539700243861502
0.0014801053884543024
0.001483991944150699
0.0012894659009780977
0.0015404218960398987
0.0012970305634174978
0.0014891291700155004
0.0015961366644249991
0.0013267299471481989
0.0013922065221551004
0.001433687065233398
0.0014918522315671007
0.0013559822528747996
0.0012591723178882012
0.0016630543750877982
0.0015915480120391977
0.0014203052689453002
0.0012944940660166993
0.0016712595597193
0.0014829763801455995
0.0015285774746654004
0.0014026297664052993
0.0016718717343134001
0.0016455596855136992
0.001521420538256102
0.0015690390915506988
0.0015798482902038002
0.0016016682007955994
0.0017595799722824983
0.0012401407125147007
0.0013848849989985985
0.0014971601986457986
0.0015949290695368018
0.0014899434471275994
0.0013195059667919992
0.0015012878935635014
0.0013372425628512992
0.0012811474665609009
0.0013192662198215008
0.0013984699542788012
0.0017435970090800001
0.0013697861116391992
0.0013588777724666996
0.0012928751668913989
0.0014352358102455998
0.0013408555941292026
0.0013980033864115018
0.001519568379068699
0.0012693134228185
0.0014492830571389004
0.0015178538759882017
0.0017655586212813011
0.0013437444310602994
0.0013890657915103
0.0011813433562061007
0.0013081830333836995
0.0012137894251375014
0.0016009587871234007
0.0014442338335742995
0.0015035777491257986
0.0014374794449323013
0.0016160024079045002
0.0015342920271396998
0.0013197063261704
0.001495187980043701
0.0013345934831591987
0.0017141214716729011
0.001104100360336903
0.0014218309877164978
0.001623749266320501
0.0012959695243436008
0.0015489318442232017
0.001360417844671103
0.0012840798896012993
0.0016910847835471012
0.0017722003824183
0.001431618644772599
0.0014889360067497984
0.0013450680464814
0.0014582881736600987
0.0011748012373197989
0.0012832702627348994
0.0011682389020174003
0.0015952200469572
0.001435068555619201
0.0015872355073083995
0.0011190343953525993
0.0011378256690947018
0.0014863867918387015
0.0015052689736301007
0.0017906902402029003
0.0013577452959433987
0.0014394116105621024
0.0017767531075238985
0.0012919546536930004
0.0015408365649901001
0.0013221241921456024
0.0017044789832460008
0.0018871062083180984
0.0014814948083856985
0.0013062297673481008
0.0013335650977800984
0.0016164774387186984
0.0013942519980677005
0.0012824887525457983
0.0017656266099716003
0.0013874779000425004
0.001512873999318598
0.0013485561070758975
0.0012328160197191997
0.0015256464237058988
0.0013537938680781014
0.0015040303768674018
0.001451576795868402
0.0016044188876070987
0.0014975382119960003
0.0014053126700294023
0.0015751160351709995
0.0012570506839585972
0.0014358718032512
0.0014568999282587002
0.0015359108705784996
0.0014643726226598978
0.001295830333909901
0.0013413774504619017
0.0015984381487734005
0.0013491441587564976
0.0017450567536567985
0.0013732249431804011
0.0012976709567268999
0.0013478768720674994
0.0015772650998525997
0.0013761360047044
0.001343668773484099
0.0013518456478907002
0.0014898970707444004
0.001144286478456099
0.0013396633024840982
0.0012989944932516005
0.0015179968403611008
0.0013875849710234013
0.0013519441221897
0.0013985476314774987
0.001306126950398702
0.0014647002426500001
0.0014192637195275006
0.0014945441483432999
0.0016902885126042974
0.0018369534067450982
0.0014098820682360014
0.0014955230560597006
0.0014255945429616015
0.0016125221438878998
0.0012674923072748985
0.0014573039890607015
0.0016639176252862993
0.0011587259167018006
0.0014582840503417002
0.0013737279192175995
0.0014105288581285
0.0016476562391524
0.0014993427092827999
0.0015948884018432002
0.0013050428682544017
0.0013841097730383015
0.0014114579763059992
0.0014639024254908019
0.0015473792411881994
0.0018159789822793024
0.001554501038174401
0.0015706978281892006
0.0014713133789250009
0.001674405406563901
0.001521866543616298
0.0014512082952232996
0.0016160727052636006
0.0015200568924099989
0.0013888313410552015
0.001492373466365101
0.0017244331386506995
0.0012800065946375998
0.0013825621284603018
0.0012382373118042002
0.001404302678820201
0.0015987269691379
0.0016024053690496982
0.0013071290775791972
0.0017604953916889009
0.0012975481351074
0.001452143707223099
0.0015215950866311022
0.0014360494904441974
0.0012577354191638974
0.0012546653063564006
0.0014212203716886009
0.0014534591502848027
0.0015525793322410004
0.0012681981996294014
0.0017183039057751016
0.0014354073857749984
0.0014459908814715011
0.0015746366707894976
0.0015279911755699989
0.001195323965102
0.0011835800589279008
0.0012543429525778
0.0010845679966817005
0.0014659833660376972
0.001397000730909901
0.0013403705450876977
0.0012612400238839992
0.0014422984861252007
0.001263981252164599
0.0015790712675841992
0.001178265442636401
0.0015053040732150996
0.0013859609847600984
0.0015461001592597008
0.001469617589166701
0.0015093339388324023
0.0016403449408386
0.0014038262648510026
0.0015337882891093002
0.001632555146577199
0.0012679917392039997
0.0016940559838200982
0.0013770817823420024
0.0014837527053670994
0.0013871396332992003
0.001449695399256299
0.0014274298485175002
0.001438295732353101
0.0014974367697155981
0.0015141341969712
0.0015057416150689
0.0013423420491798996
0.0013972654560124968
0.001337590260414398
0.0013828277618883993
0.0014317820135023966
0.001511821726920902
0.0012728099936741982
0.0014093769190942976
0.0018684914038203
0.001424332917367998
0.001321931317185998
0.001579198642988399
0.0014321582398532998
0.0015099330210417011
0.0010723354578953993
0.0016634604421528996
0.0015244385435235
0.0012831140046254998
0.0014673421142774
0.0013776961764731012
0.0013507281950563
0.001362134999237697
0.0014017530974613016
0.0017243126831401993
0.0012770386204057002
0.0011495588931814994
0.0015637111764960979
0.0015687183012840014
0.0013734010004977995
0.001352174685517897
0.0015225204810855979
0.0014977226185465993
0.0014587090574571006
0.0017318275451751013
0.0013268119726270004
0.001458609959539097
0.0014789187444259992
0.0015620349551098006
0.0012950383395949998
0.0018516231508110999
0.0016283019797002016
0.0013414472592740978
0.0013518186811610003
0.0014492810659268995
0.001374498995215901
0.0012605768051786974
0.0013189290880585985
0.0014112844433088988
0.0013650086678565002
0.001518567158062003
0.0014362394398178026
0.0014713263086041997
0.0013611965465947992
0.0014062841731667004
0.0013263578074061005
0.0017336752103528988
0.0012500908471957985
0.0013791673159920005
0.0015878829567569988
0.0013271544531253988
0.0011875304192088022
0.0015364458802759016
0.001275078666193502
0.0011198054192143002
0.001379858356024298
0.0014630603098169
0.0012604890028918014
0.0013770334362694994
0.001508406667397301
0.0015058369019151988
0.0017442889438840023
0.0013327692866540002
0.0014528910728871004
0.0015959180291597978
0.0012822473559417
0.0015506627821610004
0.0015836650000382
0.001152034990297101
0.0011334359628894022
0.0013923367949355003
0.0016265315064941006
0.0016571426243941999
0.001472201483066097
0.0013979234967077016
0.0013322524773717002
0.0014106054795621978
0.0014726760390527983
0.0012309365484030992
0.0016449260240868
0.0016136885107659003
0.0016407963822276002
0.0015509906147946999
0.001667489618330003
0.0012760181348136015
0.0012873842339782005
0.001444173429393101
0.0013063836787275025
0.0014327716152735988
0.001440323956677498
0.0016278849092676018
0.0012921267806710983
0.001325119585959697
0.0017038364939999003
0.0014512301507695995
0.0014291395259707004
0.0014003508378535
0.0014723267059404029
0.0019469170452324977
0.001276623237679901
0.0016881340236522997
0.0017126499053182996
0.0012929104865446982
0.0016677454828402
0.0011628959530421007
0.0014259079178013008
0.0016702767520474018
0.0014885370662276014
0.0013542376570476987
0.0014498798425981
0.001282162143018302
0.001685551989568601
0.0014059907477062018
0.001747086652213202
0.0017352883720502983
0.0011455879856334984
0.0015120921600881992
0.0014366355541333004
0.0018373329107947978
0.0012765573457478967
0.0010935648592432998
0.0016143048779560971
0.0014243796394484975
0.0014343387810626974
0.0016363931949523979
0.0012231670636799995
0.0014061268736190007
0.0015138517228783024
0.0013263444489154015
0.001541636566774699
0.0012845203598564024
0.0015398764280007
0.001218741811934699
0.0011652911528486007
0.0012653059274581012
0.0015497040714128989
0.0012247188625227994
0.0013574006431956998
0.0014421535855798015
0.0013553006326232006
0.0014950568526281016
0.001429921706859797
0.0015513030627492992
0.0013574155253594997
0.0016587014384891012
0.0013735739106075992
0.0012015125154468988
0.0014381147773766013
0.0015670916948802988
0.001520173173359101
0.0013554130061091997
0.0014713953822396986
0.0017417325296715976
0.001848468173184601
0.0013625134847921015
0.0015364529573811993
0.001478688846796597
0.001286304216660903
0.0015595056392078005
0.0012394499464888006
0.0013788951891666006
0.0013165211786463002
0.0013760495298159973
0.0013713009050993
0.0012653995050043998
0.0014390354151982976
0.001365832335243098
0.0016440005018580027
0.0014695948250038025
0.001286308285765099
0.0014357054032335982
0.001606020332022999
0.0013279116542050974
0.0015102988331567
0.0012730335412509987
0.0016175633386397992
0.0013413879528770996
0.0012440166172264996
0.001570147235111001
0.0013663647164590016
0.0017267485430898996
0.0014819866835186005
0.0016941557798041997
0.0013028457034250998
0.0012456493594058017
0.0017879992860788015
0.0014421413571679975
0.0014745763245211027
0.001621268104203502
0.0014482594023880989
0.0015295010588006995
0.0011761229426396
0.001459883840173197
0.001370568005820999
0.0013047245171644017
0.0015026656239487991
0.0014436355902895
0.0011565755329426032
0.001550580938625097
0.0014244995670045987
0.0013545112643232014
0.0011518366111540994
0.0015432456836408995
0.0014330915785995026
0.0012344111372964012
0.0013937411098165
0.0014809805764687996
0.001791709403041502
0.0013552370972591994
0.0017859341672820002
0.0015991688605399984
0.0016236930304466025
0.0013769631861606998
0.001323348346511398
0.0013109329115953
0.001491840148339401
0.0015105077604145
0.0012264787006660977
0.0016256440595057986
0.0014799504691048009
0.0015816671031663974
0.0013777594125622995
0.0016695734251330023
0.0016777659841525003
0.0019423551628404007
0.0014389312924884996
0.0015914646157038012
0.0015591496876775982
0.001268889684046301
0.0015859326542750005
0.0015759306177641
0.0015051594774875
0.0014503875923111004
0.0017418009978429974
0.0015644063851863003
0.001274210949613698
0.0015751110318108982
0.001475904811618297
0.001624657597288602
0.0010975368500585996
0.0013042322517388023
0.0014033523726073999
0.0014027767565245007
0.0015280404787074015
0.0016862011936115973
0.0015790336858638003
0.0012835322456179014
0.0014332478851039991
0.0013871880768389008
0.0010422158100000002
0.0012868652987970998
0.0012821359370359976
0.001464939418319499
0.0014413145002646031
0.0015133550746515012
0.0015808973184896977
0.0012755145836041981
0.0015006440172884994
0.0015043723936049996
0.0015613346255200014
0.0017072672465542997
0.001261080654259901
0.0013274257969873998
0.0013581084565618996
0.0017149780997257023
0.0012361417756165984
0.001549501687608
0.0011844137619612984
0.0013975869157143023
0.0012724324499155983
0.0015563237195872007
0.0016731392050013984
0.001382756166149201
0.0013800754210785
0.0013683265698408997
0.0014351064178239996
0.001445621858762701
0.0015642600338099007
0.001525999184157599
0.0013403960807421983
0.0011227598426812
0.0014224725398187983
0.0013986313504666982
0.0017134089905850997
0.0012936933839695977
0.001356572293631602
0.0016876891877764984
0.0016404938262286999
0.0014536024900999
0.001616537567052899
0.001273396218454799
0.0015496181490898993
0.001459983281224802
0.0013932497083218032
0.0013418746794141984
0.0015106605044825014
0.001330991737767101
0.0011569093075720974
0.0016966102890703973
0.0012570333855394002
0.0014326484134837003
0.0012716084439865008
0.001835528139437402
0.0016344187689126023
0.0015413033747792987
0.001331307686272501
0.0012919581398106
0.0014653693254707
0.0011124219861375004
0.0014440619032430012
0.0014444108324766988
0.0013966428025003995
0.0017324569998204004
0.0018375067847886013
0.0011419917051208005
0.0014594943548616006
0.0013706772568266024
0.0015407394789807988
0.0013551940367440979
0.0010822704607758998
0.0014911140740153997
0.0014112664215721986
0.0011410167158124006
0.0013131722103519004
0.001674122562211
0.001643753483802298
0.0012971662301035983
0.0013877518901367
0.0014141422547973015
0.0015359941135140026
0.0015129302429803988
0.0013661643047790974
0.001403794808830898
0.0014162103385688997
0.0012391722328294018
0.0015509814159376002
0.001312400497316301
0.0014390151318798006
0.0013035979220003026
0.0016783803026653998
0.0012585820883393994
0.0014122130972337027
0.0013846398777649024
0.0013785192793518003
0.001257792800784998
0.0013865315142366982
0.0012716802348201987
0.0013603969825948005
0.001644863199320598
0.0013068417631273005
0.001351656869055199
0.0014916389297946996
0.0015301791206339017
0.0016622752633296996
0.001085302674570198
0.0012779351643126997
0.0015094802478077991
0.0014851374455715008
0.0015023401045020993
0.0014832908320676977
0.0015152231745305007
0.0014134678420105982
0.0015260210879615016
0.001671813533719202
0.0013765441225290012
0.0012008114347318993
0.001408516634835301
0.0013406698932403004
0.0017231144353419998
0.001474316498161897
0.0014037512715204988
0.0012440769726702987
0.0014667051479784997
0.0015887738663138001
0.0015697011862986984
0.0011133779433101995
0.0013956376117321007
0.0013132057230956992
0.0013805378192559975
0.0014414870325505993
0.0015475422896653011
0.0014576926165135
0.001293312681282098
0.001327992261608301
0.0015526673838916032
0.0016521378193657989
0.0014421740718497979
0.001426637304197502
0.0014351189616364987
0.0017647713958009008
0.001386881078808501
0.001371945407602198
0.0013710566479667
0.001426228672449098
0.001384645495924701
0.0018230478446794006
0.001461377202274402
0.001408784151779502
0.001664560812930798
0.001484426034686303
0.0015496600649554
0.0016685543595421001
0.0013907244140337997
0.0011693896560442986
0.0014683712057395985
0.0015178162799805994
0.0013155652313988006
0.0013116111681178017
0.0013314850918345021
0.0014499268136034006
0.0011127492346599023
0.0015004302898560008
0.0015588683502613006
0.0013149251505348014
0.0018775609045506986
0.0012537038800526992
0.0016361945740694002
0.0013425569043475985
0.0012544059533052994
0.0014486024293799
0.0017650119094130001
0.0014208170354696008
0.0014817831536864008
0.001353997848801098
0.0014929252156663
0.001295546794800699
0.0014320485136468976
0.0013368317853950998
0.0012910894967939
0.0014936207341647023
0.0014446005527820015
0.0012955028335387975
0.0014404927266043997
0.0013706352681948988
0.001551523322090003
0.001414480527321297
0.001603978327810101
0.001045582413695699
0.0014460431527854
0.0015719471090661977
0.001160168404091999
0.0014629291752594996
0.0014004186226055995
0.0015187513019795998
0.0010876616458844988
0.0016064835691826998
0.0015367123759473002
0.001587211462320999
0.0012207914149619005
0.0013627425684553003
0.0013133237111551017
0.0013021837319474976
0.0012765041613979032
0.0015412147552496987
0.0014538889480900999
0.0014958744359408992
0.0015267781697170003
0.0016445596399002997
0.0013619549206068983
0.0014938530674259015
0.0013298621557041
0.001313438101971199
0.0014843031586743022
0.0017382035370871983
0.001263375118402802
0.0015036484229101997
0.0017051830004969001
0.0016414512264976006
0.001821271676321401
0.0012654862046605
0.0015253517010754003
0.0014415280904451003
0.001340388909575
0.0013345796016131992
0.001219237104665899
0.0011751410732635005
0.0014456073342361021
0.0014533425615036004
0.001702295986443298
0.0014681349570382016
0.0017633574936241972
0.0015493743344368975
0.0015315011060293982
0.0013768267763428002
0.0014437791445170989
0.001318441173972
0.0014255188360375003
0.0014308463450153006
0.001471377174617601
0.001394262462851497
0.0011969942079512984
0.0013518364000792982
0.0012933544531046996
0.0018422328626660003
0.001504098840780902
0.0012553492644069991
0.0014087111364179013
0.0014948177934005977
0.0016130940054771004
0.0016784050201869988
0.001711720608227399
0.0016230262891118
0.0014279527518269025
0.0015365849035624997
0.0012472757914605004
0.0011955003010603975
0.0015052541455905996
0.0018309143712221011
0.0014281191249153023
0.0016532680826898995
0.0014311223087146996
0.0013818209263838019
0.0013380834656946984
0.0017702125257544991
0.001656761945535802
0.001456395040242902
0.0014179205004910996
0.0016632954534672
0.0017683403373096006
0.0013215095610097025
0.001381612504194999
0.0012219040797555002
0.0013999906809222008
0.0014486159785114007
0.0014753496080214985
0.001248112896754302
0.0013364476157551007
0.001537006737980899
0.0014799578861186997
0.001412573524377101
0.001642554648986199
0.0013610440092733968
0.0016828530593476013
0.0015615163351136996
0.0012672801235313995
0.0015469991074816003
0.001316846930652999
0.0015118920242865007
0.0014701834761507993
0.0013874415969441015
0.0013211672718660972
0.0016303710607974004
0.0013993668670282018
0.0014040556824596005
0.001559619429857998
0.0014408263911192022
0.0015043792688371992
0.001402593975757399
0.0017330179086879997
0.0018178982023301024
0.0013321288845173015
0.001295462646528897
0.0012784029871444995
0.001346260057111099
0.0015054819055667981
0.0018408644581810983
0.0012077512092332002
0.0015421967583623998
0.0015760299271074009
0.0015016076616249999
0.0015738876737088
0.0014688582291211005
0.0014597707894612004
0.0015714017148370993
0.0016097047678598
0.0012131969843627993
0.0015148391556639995
0.001431658352332301
0.0013728888453632022
0.0017112997090793988
0.001707771628633701
0.0014058791349533008
0.0013659960689337974
0.001717110249697399
0.0012831981492223005
0.001438878202606797
0.0012882320215772992
0.0016228476740849998
0.001522539425902799
0.0013571833094386983
0.0013404847673723005
0.0015634725249430992
0.0012889306596769005
0.0010744606962540017
0.0015201093215155004
0.0015906205430495021
0.0012186063052092022
0.0015703265429371019
0.0013038740223993983
0.0013928107436336976
0.001178314485189201
0.0019608651846739003
0.0012034529852349013
0.0018341234332359992
0.0013448251499809001
0.001780128572364998
0.0015313641848577995
0.001538506444326803
0.0014482763390005968
0.0013824598457172002
0.0014745258769064996
0.001681289347604701
0.0012049558559861992
0.0013439346161326984
0.0014605685400684992
0.001530370693686698
0.0014612075874203996
0.0013228999961574991
0.001450162684023499
0.0015572485722010997
0.0014965306869791015
0.0014454143665777984
0.0013150723391419025
0.001408568756483302
0.0012780181417584996
0.0013934715592456015
0.0013545854888929003
0.0013448955448434018
0.0015986589236536008
0.0015064106007043991
0.0014396140055726973
0.0011454427160253015
0.0014434612953742008
0.0012640906199406984
0.0018623690058119993
0.0015119018561615995
0.0010741471486729985
0.0016778046490395007
0.0010434983928225006
0.0012261604533582993
0.0013301669477608982
0.0016511336372499012
0.0015859085365920005
0.0014133424630950013
0.0011660910985673983
0.0016409864501713
0.0014768465162476006
0.0014760863123837002
0.0015168919416733012
0.0012024148607590983
0.001515542404092799
0.001395368772667202
0.0012544515555961006
0.0014430057752884001
0.0013986162106843988
0.0013761228974967024
0.001251520328876099
0.0013273386578539006
0.0018275815448947977
0.0013913880610231001
0.0011242301950880017
0.0014903983958325998
0.001482735542707201
0.0016729459917303006
0.001652429386383901
0.0013790508015896
0.001390879555373998
0.0015442148887211994
0.0012992879931960008
0.0014315362233079977
0.0013981187413709996
0.0012536317051204011
0.0014435532766642993
0.0016452440611280997
0.0013907596968902002
0.0014021191139464984
0.0014660900418566013
0.0016357363061022985
0.001461845874460098
0.001391184553001499
0.0014564859520248968
0.0011798359987384988
0.0013926608275337989
0.0015470979231492002
0.0013506403025157002
0.0011587571514216008
0.0012761762919658998
0.0013402062548516017
0.0013341625014204987
0.0013519764614678027
0.0014558116843997986
0.0014486216265127971
0.0014224029102354006
0.001541704390525301
0.0012584116079017993
0.0014357440801471
0.0013900355350060026
0.0017873116756343017
0.0016766394569217996
0.0015498688686725985
0.0013078160979335014
0.0014577343273559987
0.0015310917560851997
0.0014853231964890995
0.0013718103800640022
0.001513369374974198
0.0014375554905665007
0.0013021950051934003
0.0012507853073699983
0.0013829163055250997
0.0014670448294796974
0.0013301460810529984
0.0012771175224444986
0.0014339717554311994
0.0012913055553063005
0.001654129004324701
0.0013915401285818987
0.0014226988313609003
0.0015999083917572002
0.0012192422456539995
0.0016323252318977029
0.0014199325496178986
0.0014352161691260981
0.0011724716909934998
0.0012778509208818019
0.001464855159335001
0.0011705768783339988
0.0017609327747328991
0.001569845583192002
0.0013426090799633986
0.0014161986812640005
0.0015508338154763025
0.0011766954201761978
0.0013717101657003995
0.0014039646702682998
0.0015643585371711982
0.0019159822629893977
0.0014623676074412006
0.0012386860863310006
0.0016364880735792002
0.001296488176317799
0.0014373106348844998
0.0014985732447222004
0.0016331293074899021
0.0014482820481685026
0.001248677754472998
0.0017642449994617025
0.0013699949879483996
0.001180696196815198
0.0015567047732455985
0.0011383927340733006
0.0013359234128263973
0.001399146381732299
0.0014562906587674007
0.0016030192613448978
0.0011451167189194984
0.0014048088147472007
0.0012414277122159006
0.0014440739451124993
0.0012757290776177002
0.0015209125720669
0.0013759925713216006
0.0012073980520982998
0.0014318801055097016
0.0017616253193325979
0.0013137836639991012
0.001624697811479
0.0011605848886080995
0.0015520486574875023
0.0016128305924360022
0.0014567443857169994
0.0015642382273828026
0.001510602960759399
0.0018787912096604985
0.0014266806220436003
0.0013306058054139008
0.0016681950869988985
0.0014030007570045994
0.001707562858002297
0.0015333295086351999
0.0014357702115830005
0.001537968009416
0.0014072132535414006
0.0016537831147918
0.0013705285099486
0.0017611300798646978
0.0013052415351198013
0.0014988020033468996
0.0014042344076945004
0.001377366174109499
0.0011644994131203984
0.0014960139059434982
0.0015407755564068974
0.001549654253065899
0.0014443839709388992
0.001255752971199401
0.0014377106030712995
0.001257183306461001
0.0014447398113784024
0.0016687944265402002
0.0015106365474353012
0.001522939457838702
0.0013257066944509996
0.0015475426559995002
0.0015656240860124002
0.0015710932176027995
0.0016865003261600994
0.0014622336559132997
0.0012073823710245998
0.0015694565113159968
0.0013098362657071004
0.0013528102180914992
0.001337850212674501
0.0015554497916597
0.0014039671220384999
0.0016490594259954972
0.001508960793309002
0.0013272854890397992
0.0012576275953592002
0.0015226426843089995
0.0017467178104598018
0.0014784538173602986
0.0013142855651752001
0.001565651586451399
0.0015095160099358983
0.0015137645076007018
0.0012670234770311012
0.0016514513533766977
0.001437489830589101
0.0015123876560891973
0.0014165161294048996
0.0013848989187678004
0.0012066412384823012
0.0015744897844835008
0.0015302395783866989
0.0011413369779192974
0.001352681245086803
0.0011208320890994002
0.0015111703195285
0.0014789272899058022
0.0011855316554173004
0.0013605906602996015
0.0015848779108895983
0.0015852413349234998
0.0016077644140800006
0.0013979554897959982
0.0014773766589969012
0.0014272405048972002
0.0016359248183734007
0.0013207294579769997
0.0016145252068404982
0.0019470833959847993
0.001413313436400103
0.0013670619367592007
0.0010790201403048025
0.0013121482062844018
0.001371896750218201
0.0013260679677363982
0.0012711118449753
0.0012430226753311
0.0016962946378234998
0.0015953203247907992
0.001482758397623199
0.0016069787196340973
0.0012933079201206989
0.0018061412211501995
0.001301087048137202
0.0014875488320224006
0.0015380473891131
0.0013165653886700011
0.0016596739342655993
0.0015900651906251007
0.0012852253336079998
0.0013570641485573
0.0014069481183784996
0.0014619939192084992
0.0014970429233738015
0.0012101618736640972
0.001229271529106301
0.0012848337069493003
0.0015496178061706993
0.0014153903693495014
0.0014595390739127988
0.0014939024350260968
0.001380492487745199
0.0012990902016803002
0.0015181004306139
0.001330927675396297
0.0013933636130425003
0.0015279933092794996
0.001466466130225299
0.0014660643113149005
0.0013309603441056007
0.0014888262835894006
0.0013584251124006998
0.0015523780035398005
0.0014747281931815001
0.001378009635479998
0.0015120454665096018
0.0016141525515343987
0.001764058054640201
0.0013329388522953026
0.0014848572100089018
0.0016756098189013996
0.0014054836361365973
0.001592545661845999
0.0014836058997611985
0.001498685383633399
0.0016303972787819025
0.0014430759150535002
0.0014424326333668976
0.0011919225745300986
0.0013453697020996969
0.0015538930002851996
0.0015190853132827989
0.0013930850897212986
0.0015450397291938978
0.0013556760809926016
0.001348447589332502
0.0014071113007198023
0.0014462492567587984
0.0012157730275997973
0.0010246323305004995
0.0013329924659188017
0.0014444607518300998
0.0014303484321803
0.0013343616282809993
0.0012746272912350018
0.0014884247346639984
0.0010014654581735997
0.0012656825526858005
0.0015564310097227023
0.0015606625370498013
0.0017436746638147017
0.0016665386790870006
0.0014441556964531997
0.0013423615406525022
0.0016068524039986008
0.0014559337500068999
0.0017693864823929012
0.0015027712115074018
0.0012988572225356015
0.0010591596683901007
0.001670457123124601
0.0014544195065017973
0.0014139819563299023
0.001743690979551002
0.001325681147505902
0.0013891886258719996
0.0013296779145490975
0.0014044749660158985
0.0014840179792755988
0.0014063850873262985
0.0011941968638953006
0.0014631898575900998
0.0015143173797388006
0.0014731770741905
0.0017284958527101005
0.0015294439673689021
0.0016806629615073003
0.0014806999814471998
0.0013740870964026007
0.0012748401460048013
0.0015932431126145993
0.001284811758467598
0.0015036563879131
0.0012641212866469978
0.0014856335852858997
0.0018129466069947003
0.001167088943052598
0.0013341097873312974
0.001623563996087398
0.0014171499414495012
0.001277325757294001
0.0014603775878524981
0.0014674206213168006
0.0014659419261348998
0.001407570913930501
0.0016085436176869992
0.0013784563855319017
0.0012839217190517976
0.0013392158809792006
0.0011733114924644995
0.0013894152044040993
0.0014826403285417011
0.0012697878566126988
0.001608101220633703
0.0012299926236708988
0.0014418038337318008
0.0015381253513188017
0.0016158335799826007
0.0012285558647288988
0.0012227173149343996
0.001563369509074302
0.0016014005041365027
0.0014678361176065982
0.001154099567885699
0.0013427397359353013
0.0016245355669647008
0.0012409980388766
0.0014133638983663994
0.0015199831999380999
0.0012966667840475996
0.0014205118700921018
0.0013436760569051007
0.001415984418426601
0.0013206143060915006
0.0013070550554133004
0.001212377937928201
0.0013665369006306029
0.0013696031703385979
0.0014166776913414995
0.0014246180061880977
0.0012402808169740993
0.0013027197076679008
0.0013542734489902022
0.0017181016722461993
0.0015321522170408004
0.0015170820234370018
0.0010879395767691008
0.001252851871554099
0.0010549099029063015
0.0011891252733488011
0.0013472345756044002
0.0014586499346809015
0.0016394190037300992
0.0017817706023524997
0.0014731284047178987
0.001126311813784999
0.001180828614384899
0.0014199192306579012
0.0015904271906389995
0.0017148655809559009
0.001572860578158898
0.0013676894306374997
0.001570977345027199
0.0015149346337980998
0.001564545742059699
0.0016112575151457018
0.0015571398594058997
0.0013903944378913999
0.001387208640798901
0.0013642265491025998
0.0014688182930037014
0.0013933928322511016
0.001388919243116099
0.0014283458342868004
0.0014662404278341992
0.0017193348860186017
0.0016935620575830972
0.0015481842436539973
0.0014651110724509982
0.0011056644705715012
0.0014976011862026031
0.001282375083444802
0.0014010276693117996
0.0014346840583385999
0.0012957886745060994
0.0014845122337232008
0.0015725062744653996
0.0016660588132636003
0.0016676588224633013
0.0014280143570346016
0.0014177822304663988
0.001604998476618602
0.0015263887247940998
0.0013869207349791017
0.0012246753771176996
0.0016918550257314993
0.0015262585215862004
0.0015845228691429014
0.0014374510509858017
0.0017150500397896985
0.0016391351858291991
0.0014011278237322997
0.001653155381031602
0.0016009735943401
0.0013969481267762998
0.0013862512308046027
0.0013044432636372012
0.0014192078808614
0.0012002700053137007
0.001131349351326999
0.0014335562252274017
0.0012803530023266993
0.0012703052998812997
0.001468920788370201
0.0013944920682605992
0.0014790092078121979
0.001517907360313802
0.001854755927097499
0.001562007649772098
0.0015733527953167015
0.0014177019862565005
0.0013898948991202982
0.0013004212086836012
0.0012858201959775988
0.001414323590882699
0.0014020669749928993
0.0016763190963696994
0.0016191357536386002
0.0014559275657008014
0.0015482973004271976
0.0014225323856776988
0.0013724853499864978
0.0011719654908023992
0.0014912403788837
0.0013844785824995987
0.0013220791743058999
0.0016517493221980019
0.0013654673958064002
0.0013950011562262991
0.0015640524726034007
0.0013423106795758984
0.0015825459843489993
0.0014862802591496006
0.0014321837365501994
0.0015059505042560005
0.0015317941260902003
0.0017562339148337013
0.0015948464442607987
0.0015350915032358026
0.001533637963216001
0.0013897144743961996
0.0019262111983713026
0.0015553150517335981
0.0014149897508924023
0.0014577732372977985
0.0014319159165913989
0.0014501624382327015
0.0013969843815205031
0.001430387564557302
0.0013411486282192027
0.0013791325505877992
0.001256897836001001
0.0014735147442941979
0.0012893976485861998
0.0014240291816673967
0.0014266681422624994
0.001677110600774398
0.0015584215686422
0.0017443750657241998
0.0012538052399892995
0.0013209015948159979
0.0011339886084906006
0.0013202309295880996
0.0012560694946648007
0.0015289500192491
0.0015182857155621003
0.0017453978174163005
0.0014798791624736976
0.0011699944787150023
0.0013703619808544988
0.0014434230639128014
0.0014132707120357996
0.0010239292430786022
0.0012687370170170985
0.0013895892009846977
0.0015748701839406014
0.001585825038833099
0.0014286062424627988
0.0013967814850352998
0.0014049392478249004
0.0015117278002386991
0.0015218166151470987
0.0013336875829081003
0.0014429188397551002
0.0015466836747157
0.001416560112482701
0.0013261047146344018
0.0011106360366959986
0.0014221449451970007
0.0018169474506909006
0.0013295368978707006
0.0011478203703865
0.001356059371132999
0.0016002368612328018
0.001484552236609201
0.0013254011798538023
0.0015546645677898992
0.0015962679114407026
0.0016269968740782008
0.0014294329419150022
0.0013913216394599998
0.0014348400236678
0.0012164231454796018
0.001054579794521799
0.0013087348868503004
0.0014624151136512983
0.0015638014634639028
0.001445820355936201
0.001644524506565801
0.0017080890225238017
0.0016646978544916993
0.0014854564582927991
0.0014711615137448994
0.0016803657991415998
0.001418034087084602
0.0016251291348546998
0.0014985376117370997
0.0015344665511466994
0.0012870514077620021
0.001223625796274299
0.0015603122759803023
0.0013468637940866023
0.0013998896283494017
0.0013497013725434978
0.0014610218613737985
0.0016463054686234983
0.0011726418100574988
0.001335877795113398
0.0014794566835151027
0.0014301508899529011
0.0012996643894836006
0.0016039977414884984
0.0012310207172373001
0.001421161256194202
0.0013664979405229975
0.0012098120225767992
0.0014736444426677008
0.0013392903414107017
0.0014740099401831033
0.0014287700211257012
0.0011083484817174007
0.0012856037123569024
0.001394524582220301
0.0013054526757320974
0.0014759789275969985
0.0014860359730552997
0.0012785989970800007
0.0015112582500541004
0.0014241722873889993
0.0013448928962842
0.0016495826083974992
0.0011392735662195015
0.001222492920348501
0.0013298700977282009
0.0012650414439414996
0.0012600929499114004
0.0013273539142736011
0.0013863482087007988
0.0015596171073224002
0.0015441245070497989
0.0012266034945018975
0.001378317876935601
0.0018250549766623998
0.0012476445758370994
0.0014860412541010982
0.0012724187957738019
0.0017174112084573992
0.0016632137960811005
0.0012421011158152
0.0014663000606271008
0.0013667583412678985
0.0017383961356753005
0.0013178464815672003
0.001358013640688601
0.0014409279714487008
0.001509370969246901
0.0014423072675798024
0.0016168520984145007
0.0014757595283747017
0.0014385154208657984
0.001370231614761401
0.0013557530984978985
0.0015900412777074997
0.0017057398911686991
0.0016060002933156008
0.0011002702901624015
0.0013095175919873026
0.0012342947628994003
0.0014577963338256
0.001349000011395901
0.0016272541143761005
0.0012533190764255006
0.0014392023999288996
0.0015758523472020995
0.0017135580148306996
0.0019233764492550993
0.001678979045266999
0.0013352143143975995
0.0012829029412016017
0.0011672711632896016
0.001657654367245201
0.0015529489397409987
0.0013455754649144003
0.0013901726024920028
0.001541262990934801
0.0014317708879036002
0.0013868544547496024
0.0015139489084385997
0.0015343771308011997
0.0016182246603555009
0.0016497743889133977
0.0014900883160895995
0.0016851950563258992
0.0013799936767004972
0.0015305566717279014
0.0017196196049215004
0.001512239379990201
0.0017301706025713987
0.0012277577662992006
0.0014754337710733978
0.0015913642040186991
0.0014108233890290992
0.0015807185808825001
0.001328930836415599
0.0015076787908791973
0.0013430376003725
0.001439314419357702
0.0014510611556079016
0.0014392882370527008
0.0009957623547536994
0.001423914692670697
0.0013044192641945979
0.001342266779499602
0.0012679246740094005
0.0014837030402953984
0.0014151329218735006
0.0014814193173633
0.001145299124057999
0.0013622477530918983
0.0011891098953305985
0.000997552603342302
0.0014698515937076988
0.0015030857931846997
0.0013679874023512992
0.0015180765088567
0.0013219093066693978
0.0014888279785744002
0.0013440383335554008
0.0013753750761873983
0.0013772549103793982
0.0012704651499834997
0.0016859500953146991
0.001528844723801298
