0.0010246327999144933
0.001206086608321097
0.0008935967902160974
0.0010848143139908922
0.001254032536532404
0.0009763239481392072
0.0011198120644741877
0.0010074085071185984
0.0009736186717130974
0.0011991783115248983
0.0010806423918636038
0.0010900146131987004
0.000940611666905497
0.0010325854003142981
0.0011657355722149987
0.0011259730691240005
0.0010450202035720002
0.0010929787354442971
0.0010062573575675
0.0010205458380409954
0.0011677158878999894
0.001072592038496592
0.0012282959542197075
0.000968696294551194
0.001135715801350995
0.0012187836011054026
0.0010832867901111043
0.0010390762480720073
0.0011904565185141963
0.0010664289915199993
0.0009966530641413868
0.001079645094712603
0.0008398632900959019
0.001170304865010005
0.0010336027623810001
0.0009957176542221974
0.0011066982632108036
0.001066275805733194
0.001083554968326711
0.0011268133763675109
0.0010949762876618085
0.0009348467123232868
0.0010859587702320983
0.000998690197510907
0.000928152376502997
0.0011555138104238916
0.0010065735936152093
0.0010660972093609888
0.001174165633824109
0.0010375834194685102
0.0010932350992342021
0.0012678640967225957
0.0012818033954102998
0.0011119663687541997
0.0009771279246086895
0.000954543311844705
0.001171171354517303
0.0010090877374103052
0.001032958975850401
0.0011258263133048924
0.0012959277744717113
0.0010919311537199022
0.0009684384585876976
0.0009143066002973987
0.0012013367565082977
0.0009699927056248947
0.0011479868124026904
0.0011726839336550082
0.0010132500901806063
0.0010881781439802951
0.0010349523354412915
0.0011872067609916964
0.0009667944297079983
0.001164645840473988
0.0010515463188233987
0.0010542943543035976
0.001033772566802607
0.001050216450068503
0.0012132779163384066
0.0010707813622028023
0.0009290037276788038
0.0008984431254714931
0.0011704783407427005
0.0010569124784286094
0.0011553135502776896
0.0008928169892822024
0.0010977760500889971
0.0012129907587234007
0.001048196139899496
0.0011058583863663984
0.0010297321354472977
0.0012191083901438027
0.0011891862596361963
0.0010004119559127028
0.0009155386579121072
0.0010790523843289962
0.0012161801531940936
0.0009174620872419992
0.0010264118203870964
0.0010775671530600939
0.001166658403652196
0.0012342800328439957
0.0011193096175591971
0.0010337225946602108
0.0009899718317959022
0.0010320107820109975
0.0010302691030130012
0.0011788367732940008
0.001040566904803794
0.0008142116535778954
0.0010019449415821918
0.0011727879817852033
0.0011651299337488985
0.000793722020678192
0.0010378163906275967
0.0010310787692714984
0.0012120240526134057
0.0009919073253819993
0.0011108445200938982
0.0012179887145506996
