1 1 1 1 2 27 50
2 1 1 1 27 28 50
3 1 1 1 27 7 28
4 1 1 1 50 28 29
5 1 1 1 29 30 52
6 1 1 1 30 51 52
7 1 1 1 30 8 51
8 1 1 1 52 51 49
9 1 1 1 8 31 51
10 1 1 1 31 53 51
11 1 1 1 31 1 53
12 1 1 1 51 53 49
13 1 1 1 1 12 53
14 1 1 1 12 54 53
15 1 1 1 12 2 54
16 1 1 1 53 54 49
17 1 1 1 2 50 54
18 1 1 1 50 52 54
19 1 1 1 50 29 52
20 1 1 1 54 52 49
21 1 1 1 14 55 56
22 1 1 1 55 22 56
23 1 1 1 55 21 22
24 1 1 1 56 22 23
25 1 1 1 2 57 27
26 1 1 1 57 26 27
27 1 1 1 57 25 26
28 1 1 1 27 26 7
29 1 1 1 3 19 58
30 1 1 1 19 20 58
31 1 1 1 19 6 20
32 1 1 1 58 20 21
33 1 1 1 14 56 59
34 1 1 1 56 24 59
35 1 1 1 56 23 24
36 1 1 1 59 24 25
37 1 1 1 14 59 13
38 1 1 1 59 57 13
39 1 1 1 59 25 57
40 1 1 1 13 57 2
41 1 1 1 14 15 55
42 1 1 1 15 58 55
43 1 1 1 15 3 58
44 1 1 1 55 58 21
45 1 1 1 3 16 62
46 1 1 1 16 61 62
47 1 1 1 16 4 61
48 1 1 1 62 61 60
49 1 1 1 5 18 64
50 1 1 1 18 63 64
51 1 1 1 18 6 63
52 1 1 1 64 63 60
53 1 1 1 6 19 63
54 1 1 1 19 62 63
55 1 1 1 19 3 62
56 1 1 1 63 62 60
57 1 1 1 4 17 61
58 1 1 1 17 64 61
59 1 1 1 17 5 64
60 1 1 1 61 64 60
61 1 1 1 37 67 69
62 1 1 1 67 68 69
63 1 1 1 67 33 68
64 1 1 1 69 68 66
65 1 1 1 33 70 72
66 1 1 1 70 71 72
67 1 1 1 70 39 71
68 1 1 1 72 71 65
69 1 1 1 39 70 38
70 1 1 1 70 67 38
71 1 1 1 70 33 67
72 1 1 1 38 67 37
73 1 1 1 6 18 74
74 1 1 1 18 73 74
75 1 1 1 18 5 73
76 1 1 1 74 73 65
77 1 1 1 9 35 76
78 1 1 1 35 75 76
79 1 1 1 35 10 75
80 1 1 1 76 75 66
81 1 1 1 5 32 73
82 1 1 1 32 72 73
83 1 1 1 32 33 72
84 1 1 1 73 72 65
85 1 1 1 39 40 71
86 1 1 1 40 74 71
87 1 1 1 40 6 74
88 1 1 1 71 74 65
89 1 1 1 33 34 68
90 1 1 1 34 76 68
91 1 1 1 34 9 76
92 1 1 1 68 76 66
93 1 1 1 10 36 75
94 1 1 1 36 69 75
95 1 1 1 36 37 69
96 1 1 1 75 69 66
97 1 1 1 25 82 26
98 1 1 1 82 48 26
99 1 1 1 82 47 48
100 1 1 1 26 48 7
101 1 1 1 23 22 84
102 1 1 1 22 83 84
103 1 1 1 22 21 83
104 1 1 1 84 83 77
105 1 1 1 10 41 86
106 1 1 1 41 85 86
107 1 1 1 41 11 85
108 1 1 1 86 85 80
109 1 1 1 45 87 89
110 1 1 1 87 88 89
111 1 1 1 87 77 88
112 1 1 1 89 88 78
113 1 1 1 37 36 90
114 1 1 1 36 86 90
115 1 1 1 36 10 86
116 1 1 1 90 86 80
117 1 1 1 43 44 91
118 1 1 1 44 89 91
119 1 1 1 44 45 89
120 1 1 1 91 89 78
121 1 1 1 11 42 85
122 1 1 1 42 92 85
123 1 1 1 42 43 92
124 1 1 1 85 92 80
125 1 1 1 45 46 94
126 1 1 1 46 93 94
127 1 1 1 46 47 93
128 1 1 1 94 93 79
129 1 1 1 23 84 96
130 1 1 1 84 95 96
131 1 1 1 84 77 95
132 1 1 1 96 95 79
133 1 1 1 47 82 93
134 1 1 1 82 97 93
135 1 1 1 82 25 97
136 1 1 1 93 97 79
137 1 1 1 25 24 97
138 1 1 1 24 96 97
139 1 1 1 24 23 96
140 1 1 1 97 96 79
141 1 1 1 6 40 99
142 1 1 1 40 98 99
143 1 1 1 40 39 98
144 1 1 1 99 98 81
145 1 1 1 77 83 101
146 1 1 1 83 100 101
147 1 1 1 83 21 100
148 1 1 1 101 100 81
149 1 1 1 39 38 103
150 1 1 1 38 102 103
151 1 1 1 38 37 102
152 1 1 1 103 102 78
153 1 1 1 77 87 95
154 1 1 1 87 94 95
155 1 1 1 87 45 94
156 1 1 1 95 94 79
157 1 1 1 21 20 100
158 1 1 1 20 99 100
159 1 1 1 20 6 99
160 1 1 1 100 99 81
161 1 1 1 78 88 104
162 1 1 1 88 101 104
163 1 1 1 88 77 101
164 1 1 1 104 101 81
165 1 1 1 39 103 98
166 1 1 1 103 104 98
167 1 1 1 103 78 104
168 1 1 1 98 104 81
169 1 1 1 43 91 92
170 1 1 1 91 105 92
171 1 1 1 91 78 105
172 1 1 1 92 105 80
173 1 1 1 78 102 105
174 1 1 1 102 90 105
175 1 1 1 102 37 90
176 1 1 1 105 90 80
