1 1 1 1 2 99 237
2 1 1 1 99 236 237
3 1 1 1 99 98 236
4 1 1 1 237 236 212
5 1 1 1 98 238 236
6 1 1 1 238 239 236
7 1 1 1 238 211 239
8 1 1 1 236 239 212
9 1 1 1 98 97 238
10 1 1 1 97 240 238
11 1 1 1 97 96 240
12 1 1 1 238 240 211
13 1 1 1 212 239 242
14 1 1 1 239 241 242
15 1 1 1 239 211 241
16 1 1 1 242 241 206
17 1 1 1 96 243 240
18 1 1 1 243 244 240
19 1 1 1 243 213 244
20 1 1 1 240 244 211
21 1 1 1 213 245 244
22 1 1 1 245 246 244
23 1 1 1 245 214 246
24 1 1 1 244 246 211
25 1 1 1 213 247 245
26 1 1 1 247 248 245
27 1 1 1 247 103 248
28 1 1 1 245 248 214
29 1 1 1 211 246 241
30 1 1 1 246 249 241
31 1 1 1 246 214 249
32 1 1 1 241 249 206
33 1 1 1 96 95 243
34 1 1 1 95 250 243
35 1 1 1 95 94 250
36 1 1 1 243 250 213
37 1 1 1 94 251 250
38 1 1 1 251 252 250
39 1 1 1 251 101 252
40 1 1 1 250 252 213
41 1 1 1 94 93 251
42 1 1 1 93 100 251
43 1 1 1 93 7 100
44 1 1 1 251 100 101
45 1 1 1 213 252 247
46 1 1 1 252 102 247
47 1 1 1 252 101 102
48 1 1 1 247 102 103
49 1 1 1 206 249 254
50 1 1 1 249 253 254
51 1 1 1 249 214 253
52 1 1 1 254 253 215
53 1 1 1 214 255 253
54 1 1 1 255 256 253
55 1 1 1 255 105 256
56 1 1 1 253 256 215
57 1 1 1 214 248 255
58 1 1 1 248 104 255
59 1 1 1 248 103 104
60 1 1 1 255 104 105
61 1 1 1 215 256 257
62 1 1 1 256 106 257
63 1 1 1 256 105 106
64 1 1 1 257 106 107
65 1 1 1 107 108 259
66 1 1 1 108 258 259
67 1 1 1 108 109 258
68 1 1 1 259 258 217
69 1 1 1 109 260 258
70 1 1 1 260 261 258
71 1 1 1 260 216 261
72 1 1 1 258 261 217
73 1 1 1 109 110 260
74 1 1 1 110 262 260
75 1 1 1 110 111 262
76 1 1 1 260 262 216
77 1 1 1 217 261 264
78 1 1 1 261 263 264
79 1 1 1 261 216 263
80 1 1 1 264 263 208
81 1 1 1 111 265 262
82 1 1 1 265 266 262
83 1 1 1 265 218 266
84 1 1 1 262 266 216
85 1 1 1 218 267 266
86 1 1 1 267 268 266
87 1 1 1 267 219 268
88 1 1 1 266 268 216
89 1 1 1 218 269 267
90 1 1 1 269 270 267
91 1 1 1 269 207 270
92 1 1 1 267 270 219
93 1 1 1 216 268 263
94 1 1 1 268 271 263
95 1 1 1 268 219 271
96 1 1 1 263 271 208
97 1 1 1 111 112 265
98 1 1 1 112 272 265
99 1 1 1 112 113 272
100 1 1 1 265 272 218
101 1 1 1 113 273 272
102 1 1 1 273 274 272
103 1 1 1 273 220 274
104 1 1 1 272 274 218
105 1 1 1 113 114 273
106 1 1 1 114 275 273
107 1 1 1 114 8 275
108 1 1 1 273 275 220
109 1 1 1 218 274 269
110 1 1 1 274 276 269
111 1 1 1 274 220 276
112 1 1 1 269 276 207
113 1 1 1 208 271 278
114 1 1 1 271 277 278
115 1 1 1 271 219 277
116 1 1 1 278 277 222
117 1 1 1 219 279 277
118 1 1 1 279 280 277
119 1 1 1 279 221 280
120 1 1 1 277 280 222
121 1 1 1 219 270 279
122 1 1 1 270 281 279
123 1 1 1 270 207 281
124 1 1 1 279 281 221
125 1 1 1 222 280 283
126 1 1 1 280 282 283
127 1 1 1 280 221 282
128 1 1 1 283 282 205
129 1 1 1 8 115 275
130 1 1 1 115 284 275
131 1 1 1 115 116 284
132 1 1 1 275 284 220
133 1 1 1 116 285 284
134 1 1 1 285 286 284
135 1 1 1 285 223 286
136 1 1 1 284 286 220
137 1 1 1 116 117 285
138 1 1 1 117 287 285
139 1 1 1 117 118 287
140 1 1 1 285 287 223
141 1 1 1 220 286 276
142 1 1 1 286 288 276
143 1 1 1 286 223 288
144 1 1 1 276 288 207
145 1 1 1 118 289 287
146 1 1 1 289 290 287
147 1 1 1 289 224 290
148 1 1 1 287 290 223
149 1 1 1 224 291 290
150 1 1 1 291 292 290
151 1 1 1 291 225 292
152 1 1 1 290 292 223
153 1 1 1 224 293 291
154 1 1 1 293 294 291
155 1 1 1 293 209 294
156 1 1 1 291 294 225
157 1 1 1 223 292 288
158 1 1 1 292 295 288
159 1 1 1 292 225 295
160 1 1 1 288 295 207
161 1 1 1 118 119 289
162 1 1 1 119 296 289
163 1 1 1 119 120 296
164 1 1 1 289 296 224
165 1 1 1 120 297 296
166 1 1 1 297 298 296
167 1 1 1 297 226 298
168 1 1 1 296 298 224
169 1 1 1 120 121 297
170 1 1 1 121 299 297
171 1 1 1 121 1 299
172 1 1 1 297 299 226
173 1 1 1 224 298 293
174 1 1 1 298 300 293
175 1 1 1 298 226 300
176 1 1 1 293 300 209
177 1 1 1 207 295 281
178 1 1 1 295 301 281
179 1 1 1 295 225 301
180 1 1 1 281 301 221
181 1 1 1 225 302 301
182 1 1 1 302 303 301
183 1 1 1 302 227 303
184 1 1 1 301 303 221
185 1 1 1 225 294 302
186 1 1 1 294 304 302
187 1 1 1 294 209 304
188 1 1 1 302 304 227
189 1 1 1 221 303 282
190 1 1 1 303 305 282
191 1 1 1 303 227 305
192 1 1 1 282 305 205
193 1 1 1 1 12 299
194 1 1 1 12 306 299
195 1 1 1 12 13 306
196 1 1 1 299 306 226
197 1 1 1 13 307 306
198 1 1 1 307 308 306
199 1 1 1 307 228 308
200 1 1 1 306 308 226
201 1 1 1 13 14 307
202 1 1 1 14 309 307
203 1 1 1 14 15 309
204 1 1 1 307 309 228
205 1 1 1 226 308 300
206 1 1 1 308 310 300
207 1 1 1 308 228 310
208 1 1 1 300 310 209
209 1 1 1 15 311 309
210 1 1 1 311 312 309
211 1 1 1 311 229 312
212 1 1 1 309 312 228
213 1 1 1 229 313 312
214 1 1 1 313 314 312
215 1 1 1 313 230 314
216 1 1 1 312 314 228
217 1 1 1 229 315 313
218 1 1 1 315 316 313
219 1 1 1 315 210 316
220 1 1 1 313 316 230
221 1 1 1 228 314 310
222 1 1 1 314 317 310
223 1 1 1 314 230 317
224 1 1 1 310 317 209
225 1 1 1 15 16 311
226 1 1 1 16 318 311
227 1 1 1 16 17 318
228 1 1 1 311 318 229
229 1 1 1 17 319 318
230 1 1 1 319 320 318
231 1 1 1 319 231 320
232 1 1 1 318 320 229
233 1 1 1 17 18 319
234 1 1 1 18 321 319
235 1 1 1 18 2 321
236 1 1 1 319 321 231
237 1 1 1 229 320 315
238 1 1 1 320 322 315
239 1 1 1 320 231 322
240 1 1 1 315 322 210
241 1 1 1 209 317 304
242 1 1 1 317 323 304
243 1 1 1 317 230 323
244 1 1 1 304 323 227
245 1 1 1 230 324 323
246 1 1 1 324 325 323
247 1 1 1 324 232 325
248 1 1 1 323 325 227
249 1 1 1 230 316 324
250 1 1 1 316 326 324
251 1 1 1 316 210 326
252 1 1 1 324 326 232
253 1 1 1 227 325 305
254 1 1 1 325 327 305
255 1 1 1 325 232 327
256 1 1 1 305 327 205
257 1 1 1 2 237 321
258 1 1 1 237 328 321
259 1 1 1 237 212 328
260 1 1 1 321 328 231
261 1 1 1 212 329 328
262 1 1 1 329 330 328
263 1 1 1 329 233 330
264 1 1 1 328 330 231
265 1 1 1 212 242 329
266 1 1 1 242 331 329
267 1 1 1 242 206 331
268 1 1 1 329 331 233
269 1 1 1 231 330 322
270 1 1 1 330 332 322
271 1 1 1 330 233 332
272 1 1 1 322 332 210
273 1 1 1 206 333 331
274 1 1 1 333 334 331
275 1 1 1 333 234 334
276 1 1 1 331 334 233
277 1 1 1 234 335 334
278 1 1 1 335 336 334
279 1 1 1 335 235 336
280 1 1 1 334 336 233
281 1 1 1 234 337 335
282 1 1 1 337 338 335
283 1 1 1 337 208 338
284 1 1 1 335 338 235
285 1 1 1 233 336 332
286 1 1 1 336 339 332
287 1 1 1 336 235 339
288 1 1 1 332 339 210
289 1 1 1 206 254 333
290 1 1 1 254 340 333
291 1 1 1 254 215 340
292 1 1 1 333 340 234
293 1 1 1 215 341 340
294 1 1 1 341 342 340
295 1 1 1 341 217 342
296 1 1 1 340 342 234
297 1 1 1 215 257 341
298 1 1 1 257 259 341
299 1 1 1 257 107 259
300 1 1 1 341 259 217
301 1 1 1 234 342 337
302 1 1 1 342 264 337
303 1 1 1 342 217 264
304 1 1 1 337 264 208
305 1 1 1 210 339 326
306 1 1 1 339 343 326
307 1 1 1 339 235 343
308 1 1 1 326 343 232
309 1 1 1 235 344 343
310 1 1 1 344 345 343
311 1 1 1 344 222 345
312 1 1 1 343 345 232
313 1 1 1 235 338 344
314 1 1 1 338 278 344
315 1 1 1 338 208 278
316 1 1 1 344 278 222
317 1 1 1 232 345 327
318 1 1 1 345 283 327
319 1 1 1 345 222 283
320 1 1 1 327 283 205
321 1 1 1 26 379 381
322 1 1 1 379 380 381
323 1 1 1 379 351 380
324 1 1 1 381 380 353
325 1 1 1 351 382 380
326 1 1 1 382 383 380
327 1 1 1 382 352 383
328 1 1 1 380 383 353
329 1 1 1 351 384 382
330 1 1 1 384 385 382
331 1 1 1 384 346 385
332 1 1 1 382 385 352
333 1 1 1 353 383 387
334 1 1 1 383 386 387
335 1 1 1 383 352 386
336 1 1 1 387 386 347
337 1 1 1 346 388 385
338 1 1 1 388 389 385
339 1 1 1 388 354 389
340 1 1 1 385 389 352
341 1 1 1 354 390 389
342 1 1 1 390 391 389
343 1 1 1 390 355 391
344 1 1 1 389 391 352
345 1 1 1 354 392 390
346 1 1 1 392 393 390
347 1 1 1 392 73 393
348 1 1 1 390 393 355
349 1 1 1 352 391 386
350 1 1 1 391 394 386
351 1 1 1 391 355 394
352 1 1 1 386 394 347
353 1 1 1 346 395 388
354 1 1 1 395 396 388
355 1 1 1 395 356 396
356 1 1 1 388 396 354
357 1 1 1 356 397 396
358 1 1 1 397 398 396
359 1 1 1 397 71 398
360 1 1 1 396 398 354
361 1 1 1 356 399 397
362 1 1 1 399 70 397
363 1 1 1 399 69 70
364 1 1 1 397 70 71
365 1 1 1 354 398 392
366 1 1 1 398 72 392
367 1 1 1 398 71 72
368 1 1 1 392 72 73
369 1 1 1 347 394 401
370 1 1 1 394 400 401
371 1 1 1 394 355 400
372 1 1 1 401 400 357
373 1 1 1 355 402 400
374 1 1 1 402 403 400
375 1 1 1 402 75 403
376 1 1 1 400 403 357
377 1 1 1 355 393 402
378 1 1 1 393 74 402
379 1 1 1 393 73 74
380 1 1 1 402 74 75
381 1 1 1 357 403 404
382 1 1 1 403 76 404
383 1 1 1 403 75 76
384 1 1 1 404 76 77
385 1 1 1 2 405 99
386 1 1 1 405 406 99
387 1 1 1 405 358 406
388 1 1 1 99 406 98
389 1 1 1 358 407 406
390 1 1 1 407 408 406
391 1 1 1 407 359 408
392 1 1 1 406 408 98
393 1 1 1 358 409 407
394 1 1 1 409 410 407
395 1 1 1 409 348 410
396 1 1 1 407 410 359
397 1 1 1 98 408 97
398 1 1 1 408 411 97
399 1 1 1 408 359 411
400 1 1 1 97 411 96
401 1 1 1 348 412 410
402 1 1 1 412 413 410
403 1 1 1 412 360 413
404 1 1 1 410 413 359
405 1 1 1 360 414 413
406 1 1 1 414 415 413
407 1 1 1 414 361 415
408 1 1 1 413 415 359
409 1 1 1 360 416 414
410 1 1 1 416 417 414
411 1 1 1 416 89 417
412 1 1 1 414 417 361
413 1 1 1 359 415 411
414 1 1 1 415 418 411
415 1 1 1 415 361 418
416 1 1 1 411 418 96
417 1 1 1 348 419 412
418 1 1 1 419 420 412
419 1 1 1 419 362 420
420 1 1 1 412 420 360
421 1 1 1 362 421 420
422 1 1 1 421 422 420
423 1 1 1 421 87 422
424 1 1 1 420 422 360
425 1 1 1 362 423 421
426 1 1 1 423 86 421
427 1 1 1 423 85 86
428 1 1 1 421 86 87
429 1 1 1 360 422 416
430 1 1 1 422 88 416
431 1 1 1 422 87 88
432 1 1 1 416 88 89
433 1 1 1 96 418 95
434 1 1 1 418 424 95
435 1 1 1 418 361 424
436 1 1 1 95 424 94
437 1 1 1 361 425 424
438 1 1 1 425 426 424
439 1 1 1 425 91 426
440 1 1 1 424 426 94
441 1 1 1 361 417 425
442 1 1 1 417 90 425
443 1 1 1 417 89 90
444 1 1 1 425 90 91
445 1 1 1 94 426 93
446 1 1 1 426 92 93
447 1 1 1 426 91 92
448 1 1 1 93 92 7
449 1 1 1 3 61 428
450 1 1 1 61 427 428
451 1 1 1 61 60 427
452 1 1 1 428 427 364
453 1 1 1 60 429 427
454 1 1 1 429 430 427
455 1 1 1 429 363 430
456 1 1 1 427 430 364
457 1 1 1 60 59 429
458 1 1 1 59 431 429
459 1 1 1 59 58 431
460 1 1 1 429 431 363
461 1 1 1 364 430 433
462 1 1 1 430 432 433
463 1 1 1 430 363 432
464 1 1 1 433 432 349
465 1 1 1 58 434 431
466 1 1 1 434 435 431
467 1 1 1 434 365 435
468 1 1 1 431 435 363
469 1 1 1 365 436 435
470 1 1 1 436 437 435
471 1 1 1 436 366 437
472 1 1 1 435 437 363
473 1 1 1 365 438 436
474 1 1 1 438 439 436
475 1 1 1 438 65 439
476 1 1 1 436 439 366
477 1 1 1 363 437 432
478 1 1 1 437 440 432
479 1 1 1 437 366 440
480 1 1 1 432 440 349
481 1 1 1 58 57 434
482 1 1 1 57 441 434
483 1 1 1 57 56 441
484 1 1 1 434 441 365
485 1 1 1 56 442 441
486 1 1 1 442 443 441
487 1 1 1 442 63 443
488 1 1 1 441 443 365
489 1 1 1 56 55 442
490 1 1 1 55 62 442
491 1 1 1 55 6 62
492 1 1 1 442 62 63
493 1 1 1 365 443 438
494 1 1 1 443 64 438
495 1 1 1 443 63 64
496 1 1 1 438 64 65
497 1 1 1 349 440 445
498 1 1 1 440 444 445
499 1 1 1 440 366 444
500 1 1 1 445 444 367
501 1 1 1 366 446 444
502 1 1 1 446 447 444
503 1 1 1 446 67 447
504 1 1 1 444 447 367
505 1 1 1 366 439 446
506 1 1 1 439 66 446
507 1 1 1 439 65 66
508 1 1 1 446 66 67
509 1 1 1 367 447 448
510 1 1 1 447 68 448
511 1 1 1 447 67 68
512 1 1 1 448 68 69
513 1 1 1 26 381 450
514 1 1 1 381 449 450
515 1 1 1 381 353 449
516 1 1 1 450 449 369
517 1 1 1 353 451 449
518 1 1 1 451 452 449
519 1 1 1 451 368 452
520 1 1 1 449 452 369
521 1 1 1 353 387 451
522 1 1 1 387 453 451
523 1 1 1 387 347 453
524 1 1 1 451 453 368
525 1 1 1 369 452 455
526 1 1 1 452 454 455
527 1 1 1 452 368 454
528 1 1 1 455 454 350
529 1 1 1 347 456 453
530 1 1 1 456 457 453
531 1 1 1 456 370 457
532 1 1 1 453 457 368
533 1 1 1 370 458 457
534 1 1 1 458 459 457
535 1 1 1 458 371 459
536 1 1 1 457 459 368
537 1 1 1 370 460 458
538 1 1 1 460 461 458
539 1 1 1 460 81 461
540 1 1 1 458 461 371
541 1 1 1 368 459 454
542 1 1 1 459 462 454
543 1 1 1 459 371 462
544 1 1 1 454 462 350
545 1 1 1 347 401 456
546 1 1 1 401 463 456
547 1 1 1 401 357 463
548 1 1 1 456 463 370
549 1 1 1 357 464 463
550 1 1 1 464 465 463
551 1 1 1 464 79 465
552 1 1 1 463 465 370
553 1 1 1 357 404 464
554 1 1 1 404 78 464
555 1 1 1 404 77 78
556 1 1 1 464 78 79
557 1 1 1 370 465 460
558 1 1 1 465 80 460
559 1 1 1 465 79 80
560 1 1 1 460 80 81
561 1 1 1 350 462 467
562 1 1 1 462 466 467
563 1 1 1 462 371 466
564 1 1 1 467 466 372
565 1 1 1 371 468 466
566 1 1 1 468 469 466
567 1 1 1 468 83 469
568 1 1 1 466 469 372
569 1 1 1 371 461 468
570 1 1 1 461 82 468
571 1 1 1 461 81 82
572 1 1 1 468 82 83
573 1 1 1 372 469 470
574 1 1 1 469 84 470
575 1 1 1 469 83 84
576 1 1 1 470 84 85
577 1 1 1 26 450 25
578 1 1 1 450 471 25
579 1 1 1 450 369 471
580 1 1 1 25 471 24
581 1 1 1 369 472 471
582 1 1 1 472 473 471
583 1 1 1 472 373 473
584 1 1 1 471 473 24
585 1 1 1 369 455 472
586 1 1 1 455 474 472
587 1 1 1 455 350 474
588 1 1 1 472 474 373
589 1 1 1 24 473 23
590 1 1 1 473 475 23
591 1 1 1 473 373 475
592 1 1 1 23 475 22
593 1 1 1 350 476 474
594 1 1 1 476 477 474
595 1 1 1 476 374 477
596 1 1 1 474 477 373
597 1 1 1 374 478 477
598 1 1 1 478 479 477
599 1 1 1 478 375 479
600 1 1 1 477 479 373
601 1 1 1 374 480 478
602 1 1 1 480 481 478
603 1 1 1 480 348 481
604 1 1 1 478 481 375
605 1 1 1 373 479 475
606 1 1 1 479 482 475
607 1 1 1 479 375 482
608 1 1 1 475 482 22
609 1 1 1 350 467 476
610 1 1 1 467 483 476
611 1 1 1 467 372 483
612 1 1 1 476 483 374
613 1 1 1 372 484 483
614 1 1 1 484 485 483
615 1 1 1 484 362 485
616 1 1 1 483 485 374
617 1 1 1 372 470 484
618 1 1 1 470 423 484
619 1 1 1 470 85 423
620 1 1 1 484 423 362
621 1 1 1 374 485 480
622 1 1 1 485 419 480
623 1 1 1 485 362 419
624 1 1 1 480 419 348
625 1 1 1 22 482 21
626 1 1 1 482 486 21
627 1 1 1 482 375 486
628 1 1 1 21 486 20
629 1 1 1 375 487 486
630 1 1 1 487 488 486
631 1 1 1 487 358 488
632 1 1 1 486 488 20
633 1 1 1 375 481 487
634 1 1 1 481 409 487
635 1 1 1 481 348 409
636 1 1 1 487 409 358
637 1 1 1 20 488 19
638 1 1 1 488 405 19
639 1 1 1 488 358 405
640 1 1 1 19 405 2
641 1 1 1 26 27 379
642 1 1 1 27 489 379
643 1 1 1 27 28 489
644 1 1 1 379 489 351
645 1 1 1 28 490 489
646 1 1 1 490 491 489
647 1 1 1 490 376 491
648 1 1 1 489 491 351
649 1 1 1 28 29 490
650 1 1 1 29 492 490
651 1 1 1 29 30 492
652 1 1 1 490 492 376
653 1 1 1 351 491 384
654 1 1 1 491 493 384
655 1 1 1 491 376 493
656 1 1 1 384 493 346
657 1 1 1 30 494 492
658 1 1 1 494 495 492
659 1 1 1 494 377 495
660 1 1 1 492 495 376
661 1 1 1 377 496 495
662 1 1 1 496 497 495
663 1 1 1 496 378 497
664 1 1 1 495 497 376
665 1 1 1 377 498 496
666 1 1 1 498 499 496
667 1 1 1 498 349 499
668 1 1 1 496 499 378
669 1 1 1 376 497 493
670 1 1 1 497 500 493
671 1 1 1 497 378 500
672 1 1 1 493 500 346
673 1 1 1 30 31 494
674 1 1 1 31 501 494
675 1 1 1 31 32 501
676 1 1 1 494 501 377
677 1 1 1 32 502 501
678 1 1 1 502 503 501
679 1 1 1 502 364 503
680 1 1 1 501 503 377
681 1 1 1 32 33 502
682 1 1 1 33 428 502
683 1 1 1 33 3 428
684 1 1 1 502 428 364
685 1 1 1 377 503 498
686 1 1 1 503 433 498
687 1 1 1 503 364 433
688 1 1 1 498 433 349
689 1 1 1 346 500 395
690 1 1 1 500 504 395
691 1 1 1 500 378 504
692 1 1 1 395 504 356
693 1 1 1 378 505 504
694 1 1 1 505 506 504
695 1 1 1 505 367 506
696 1 1 1 504 506 356
697 1 1 1 378 499 505
698 1 1 1 499 445 505
699 1 1 1 499 349 445
700 1 1 1 505 445 367
701 1 1 1 356 506 399
702 1 1 1 506 448 399
703 1 1 1 506 367 448
704 1 1 1 399 448 69
705 1 1 1 3 34 533
706 1 1 1 34 532 533
707 1 1 1 34 35 532
708 1 1 1 533 532 513
709 1 1 1 35 534 532
710 1 1 1 534 535 532
711 1 1 1 534 512 535
712 1 1 1 532 535 513
713 1 1 1 35 36 534
714 1 1 1 36 536 534
715 1 1 1 36 37 536
716 1 1 1 534 536 512
717 1 1 1 513 535 538
718 1 1 1 535 537 538
719 1 1 1 535 512 537
720 1 1 1 538 537 509
721 1 1 1 37 539 536
722 1 1 1 539 540 536
723 1 1 1 539 514 540
724 1 1 1 536 540 512
725 1 1 1 514 541 540
726 1 1 1 541 542 540
727 1 1 1 541 515 542
728 1 1 1 540 542 512
729 1 1 1 514 543 541
730 1 1 1 543 544 541
731 1 1 1 543 508 544
732 1 1 1 541 544 515
733 1 1 1 512 542 537
734 1 1 1 542 545 537
735 1 1 1 542 515 545
736 1 1 1 537 545 509
737 1 1 1 37 38 539
738 1 1 1 38 546 539
739 1 1 1 38 39 546
740 1 1 1 539 546 514
741 1 1 1 39 547 546
742 1 1 1 547 548 546
743 1 1 1 547 516 548
744 1 1 1 546 548 514
745 1 1 1 39 40 547
746 1 1 1 40 549 547
747 1 1 1 40 4 549
748 1 1 1 547 549 516
749 1 1 1 514 548 543
750 1 1 1 548 550 543
751 1 1 1 548 516 550
752 1 1 1 543 550 508
753 1 1 1 509 545 552
754 1 1 1 545 551 552
755 1 1 1 545 515 551
756 1 1 1 552 551 518
757 1 1 1 515 553 551
758 1 1 1 553 554 551
759 1 1 1 553 517 554
760 1 1 1 551 554 518
761 1 1 1 515 544 553
762 1 1 1 544 555 553
763 1 1 1 544 508 555
764 1 1 1 553 555 517
765 1 1 1 518 554 557
766 1 1 1 554 556 557
767 1 1 1 554 517 556
768 1 1 1 557 556 507
769 1 1 1 5 48 559
770 1 1 1 48 558 559
771 1 1 1 48 49 558
772 1 1 1 559 558 520
773 1 1 1 49 560 558
774 1 1 1 560 561 558
775 1 1 1 560 519 561
776 1 1 1 558 561 520
777 1 1 1 49 50 560
778 1 1 1 50 562 560
779 1 1 1 50 51 562
780 1 1 1 560 562 519
781 1 1 1 520 561 564
782 1 1 1 561 563 564
783 1 1 1 561 519 563
784 1 1 1 564 563 511
785 1 1 1 51 565 562
786 1 1 1 565 566 562
787 1 1 1 565 521 566
788 1 1 1 562 566 519
789 1 1 1 521 567 566
790 1 1 1 567 568 566
791 1 1 1 567 522 568
792 1 1 1 566 568 519
793 1 1 1 521 569 567
794 1 1 1 569 570 567
795 1 1 1 569 510 570
796 1 1 1 567 570 522
797 1 1 1 519 568 563
798 1 1 1 568 571 563
799 1 1 1 568 522 571
800 1 1 1 563 571 511
801 1 1 1 51 52 565
802 1 1 1 52 572 565
803 1 1 1 52 53 572
804 1 1 1 565 572 521
805 1 1 1 53 573 572
806 1 1 1 573 574 572
807 1 1 1 573 523 574
808 1 1 1 572 574 521
809 1 1 1 53 54 573
810 1 1 1 54 575 573
811 1 1 1 54 6 575
812 1 1 1 573 575 523
813 1 1 1 521 574 569
814 1 1 1 574 576 569
815 1 1 1 574 523 576
816 1 1 1 569 576 510
817 1 1 1 511 571 578
818 1 1 1 571 577 578
819 1 1 1 571 522 577
820 1 1 1 578 577 525
821 1 1 1 522 579 577
822 1 1 1 579 580 577
823 1 1 1 579 524 580
824 1 1 1 577 580 525
825 1 1 1 522 570 579
826 1 1 1 570 581 579
827 1 1 1 570 510 581
828 1 1 1 579 581 524
829 1 1 1 525 580 583
830 1 1 1 580 582 583
831 1 1 1 580 524 582
832 1 1 1 583 582 507
833 1 1 1 6 55 575
834 1 1 1 55 584 575
835 1 1 1 55 56 584
836 1 1 1 575 584 523
837 1 1 1 56 585 584
838 1 1 1 585 586 584
839 1 1 1 585 526 586
840 1 1 1 584 586 523
841 1 1 1 56 57 585
842 1 1 1 57 587 585
843 1 1 1 57 58 587
844 1 1 1 585 587 526
845 1 1 1 523 586 576
846 1 1 1 586 588 576
847 1 1 1 586 526 588
848 1 1 1 576 588 510
849 1 1 1 58 589 587
850 1 1 1 589 590 587
851 1 1 1 589 527 590
852 1 1 1 587 590 526
853 1 1 1 527 591 590
854 1 1 1 591 592 590
855 1 1 1 591 528 592
856 1 1 1 590 592 526
857 1 1 1 527 593 591
858 1 1 1 593 594 591
859 1 1 1 593 509 594
860 1 1 1 591 594 528
861 1 1 1 526 592 588
862 1 1 1 592 595 588
863 1 1 1 592 528 595
864 1 1 1 588 595 510
865 1 1 1 58 59 589
866 1 1 1 59 596 589
867 1 1 1 59 60 596
868 1 1 1 589 596 527
869 1 1 1 60 597 596
870 1 1 1 597 598 596
871 1 1 1 597 513 598
872 1 1 1 596 598 527
873 1 1 1 60 61 597
874 1 1 1 61 533 597
875 1 1 1 61 3 533
876 1 1 1 597 533 513
877 1 1 1 527 598 593
878 1 1 1 598 538 593
879 1 1 1 598 513 538
880 1 1 1 593 538 509
881 1 1 1 510 595 581
882 1 1 1 595 599 581
883 1 1 1 595 528 599
884 1 1 1 581 599 524
885 1 1 1 528 600 599
886 1 1 1 600 601 599
887 1 1 1 600 518 601
888 1 1 1 599 601 524
889 1 1 1 528 594 600
890 1 1 1 594 552 600
891 1 1 1 594 509 552
892 1 1 1 600 552 518
893 1 1 1 524 601 582
894 1 1 1 601 557 582
895 1 1 1 601 518 557
896 1 1 1 582 557 507
897 1 1 1 4 41 549
898 1 1 1 41 602 549
899 1 1 1 41 42 602
900 1 1 1 549 602 516
901 1 1 1 42 603 602
902 1 1 1 603 604 602
903 1 1 1 603 529 604
904 1 1 1 602 604 516
905 1 1 1 42 43 603
906 1 1 1 43 605 603
907 1 1 1 43 44 605
908 1 1 1 603 605 529
909 1 1 1 516 604 550
910 1 1 1 604 606 550
911 1 1 1 604 529 606
912 1 1 1 550 606 508
913 1 1 1 44 607 605
914 1 1 1 607 608 605
915 1 1 1 607 530 608
916 1 1 1 605 608 529
917 1 1 1 530 609 608
918 1 1 1 609 610 608
919 1 1 1 609 531 610
920 1 1 1 608 610 529
921 1 1 1 530 611 609
922 1 1 1 611 612 609
923 1 1 1 611 511 612
924 1 1 1 609 612 531
925 1 1 1 529 610 606
926 1 1 1 610 613 606
927 1 1 1 610 531 613
928 1 1 1 606 613 508
929 1 1 1 44 45 607
930 1 1 1 45 614 607
931 1 1 1 45 46 614
932 1 1 1 607 614 530
933 1 1 1 46 615 614
934 1 1 1 615 616 614
935 1 1 1 615 520 616
936 1 1 1 614 616 530
937 1 1 1 46 47 615
938 1 1 1 47 559 615
939 1 1 1 47 5 559
940 1 1 1 615 559 520
941 1 1 1 530 616 611
942 1 1 1 616 564 611
943 1 1 1 616 520 564
944 1 1 1 611 564 511
945 1 1 1 508 613 555
946 1 1 1 613 617 555
947 1 1 1 613 531 617
948 1 1 1 555 617 517
949 1 1 1 531 618 617
950 1 1 1 618 619 617
951 1 1 1 618 525 619
952 1 1 1 617 619 517
953 1 1 1 531 612 618
954 1 1 1 612 578 618
955 1 1 1 612 511 578
956 1 1 1 618 578 525
957 1 1 1 517 619 556
958 1 1 1 619 583 556
959 1 1 1 619 525 583
960 1 1 1 556 583 507
961 1 1 1 151 679 681
962 1 1 1 679 680 681
963 1 1 1 679 632 680
964 1 1 1 681 680 634
965 1 1 1 632 682 680
966 1 1 1 682 683 680
967 1 1 1 682 633 683
968 1 1 1 680 683 634
969 1 1 1 632 684 682
970 1 1 1 684 685 682
971 1 1 1 684 622 685
972 1 1 1 682 685 633
973 1 1 1 634 683 687
974 1 1 1 683 686 687
975 1 1 1 683 633 686
976 1 1 1 687 686 624
977 1 1 1 622 688 685
978 1 1 1 688 689 685
979 1 1 1 688 635 689
980 1 1 1 685 689 633
981 1 1 1 635 690 689
982 1 1 1 690 691 689
983 1 1 1 690 636 691
984 1 1 1 689 691 633
985 1 1 1 635 692 690
986 1 1 1 692 693 690
987 1 1 1 692 623 693
988 1 1 1 690 693 636
989 1 1 1 633 691 686
990 1 1 1 691 694 686
991 1 1 1 691 636 694
992 1 1 1 686 694 624
993 1 1 1 622 695 688
994 1 1 1 695 696 688
995 1 1 1 695 637 696
996 1 1 1 688 696 635
997 1 1 1 637 697 696
998 1 1 1 697 698 696
999 1 1 1 697 638 698
1000 1 1 1 696 698 635
1001 1 1 1 637 699 697
1002 1 1 1 699 700 697
1003 1 1 1 699 129 700
1004 1 1 1 697 700 638
1005 1 1 1 635 698 692
1006 1 1 1 698 701 692
1007 1 1 1 698 638 701
1008 1 1 1 692 701 623
1009 1 1 1 624 694 703
1010 1 1 1 694 702 703
1011 1 1 1 694 636 702
1012 1 1 1 703 702 640
1013 1 1 1 636 704 702
1014 1 1 1 704 705 702
1015 1 1 1 704 639 705
1016 1 1 1 702 705 640
1017 1 1 1 636 693 704
1018 1 1 1 693 706 704
1019 1 1 1 693 623 706
1020 1 1 1 704 706 639
1021 1 1 1 640 705 708
1022 1 1 1 705 707 708
1023 1 1 1 705 639 707
1024 1 1 1 708 707 621
1025 1 1 1 129 709 711
1026 1 1 1 709 710 711
1027 1 1 1 709 641 710
1028 1 1 1 711 710 643
1029 1 1 1 641 712 710
1030 1 1 1 712 713 710
1031 1 1 1 712 642 713
1032 1 1 1 710 713 643
1033 1 1 1 641 714 712
1034 1 1 1 714 715 712
1035 1 1 1 714 625 715
1036 1 1 1 712 715 642
1037 1 1 1 643 713 717
1038 1 1 1 713 716 717
1039 1 1 1 713 642 716
1040 1 1 1 717 716 627
1041 1 1 1 625 718 715
1042 1 1 1 718 719 715
1043 1 1 1 718 644 719
1044 1 1 1 715 719 642
1045 1 1 1 644 720 719
1046 1 1 1 720 721 719
1047 1 1 1 720 645 721
1048 1 1 1 719 721 642
1049 1 1 1 644 722 720
1050 1 1 1 722 723 720
1051 1 1 1 722 626 723
1052 1 1 1 720 723 645
1053 1 1 1 642 721 716
1054 1 1 1 721 724 716
1055 1 1 1 721 645 724
1056 1 1 1 716 724 627
1057 1 1 1 625 725 718
1058 1 1 1 725 726 718
1059 1 1 1 725 646 726
1060 1 1 1 718 726 644
1061 1 1 1 646 727 726
1062 1 1 1 727 728 726
1063 1 1 1 727 647 728
1064 1 1 1 726 728 644
1065 1 1 1 646 729 727
1066 1 1 1 729 730 727
1067 1 1 1 729 159 730
1068 1 1 1 727 730 647
1069 1 1 1 644 728 722
1070 1 1 1 728 731 722
1071 1 1 1 728 647 731
1072 1 1 1 722 731 626
1073 1 1 1 627 724 733
1074 1 1 1 724 732 733
1075 1 1 1 724 645 732
1076 1 1 1 733 732 649
1077 1 1 1 645 734 732
1078 1 1 1 734 735 732
1079 1 1 1 734 648 735
1080 1 1 1 732 735 649
1081 1 1 1 645 723 734
1082 1 1 1 723 736 734
1083 1 1 1 723 626 736
1084 1 1 1 734 736 648
1085 1 1 1 649 735 738
1086 1 1 1 735 737 738
1087 1 1 1 735 648 737
1088 1 1 1 738 737 620
1089 1 1 1 159 729 158
1090 1 1 1 729 739 158
1091 1 1 1 729 646 739
1092 1 1 1 158 739 157
1093 1 1 1 646 740 739
1094 1 1 1 740 741 739
1095 1 1 1 740 650 741
1096 1 1 1 739 741 157
1097 1 1 1 646 725 740
1098 1 1 1 725 742 740
1099 1 1 1 725 625 742
1100 1 1 1 740 742 650
1101 1 1 1 157 741 156
1102 1 1 1 741 743 156
1103 1 1 1 741 650 743
1104 1 1 1 156 743 155
1105 1 1 1 625 744 742
1106 1 1 1 744 745 742
1107 1 1 1 744 651 745
1108 1 1 1 742 745 650
1109 1 1 1 651 746 745
1110 1 1 1 746 747 745
1111 1 1 1 746 652 747
1112 1 1 1 745 747 650
1113 1 1 1 651 748 746
1114 1 1 1 748 749 746
1115 1 1 1 748 622 749
1116 1 1 1 746 749 652
1117 1 1 1 650 747 743
1118 1 1 1 747 750 743
1119 1 1 1 747 652 750
1120 1 1 1 743 750 155
1121 1 1 1 625 714 744
1122 1 1 1 714 751 744
1123 1 1 1 714 641 751
1124 1 1 1 744 751 651
1125 1 1 1 641 752 751
1126 1 1 1 752 753 751
1127 1 1 1 752 637 753
1128 1 1 1 751 753 651
1129 1 1 1 641 709 752
1130 1 1 1 709 699 752
1131 1 1 1 709 129 699
1132 1 1 1 752 699 637
1133 1 1 1 651 753 748
1134 1 1 1 753 695 748
1135 1 1 1 753 637 695
1136 1 1 1 748 695 622
1137 1 1 1 155 750 154
1138 1 1 1 750 754 154
1139 1 1 1 750 652 754
1140 1 1 1 154 754 153
1141 1 1 1 652 755 754
1142 1 1 1 755 756 754
1143 1 1 1 755 632 756
1144 1 1 1 754 756 153
1145 1 1 1 652 749 755
1146 1 1 1 749 684 755
1147 1 1 1 749 622 684
1148 1 1 1 755 684 632
1149 1 1 1 153 756 152
1150 1 1 1 756 679 152
1151 1 1 1 756 632 679
1152 1 1 1 152 679 151
1153 1 1 1 6 54 758
1154 1 1 1 54 757 758
1155 1 1 1 54 53 757
1156 1 1 1 758 757 654
1157 1 1 1 53 759 757
1158 1 1 1 759 760 757
1159 1 1 1 759 653 760
1160 1 1 1 757 760 654
1161 1 1 1 53 52 759
1162 1 1 1 52 761 759
1163 1 1 1 52 51 761
1164 1 1 1 759 761 653
1165 1 1 1 654 760 763
1166 1 1 1 760 762 763
1167 1 1 1 760 653 762
1168 1 1 1 763 762 629
1169 1 1 1 51 764 761
1170 1 1 1 764 765 761
1171 1 1 1 764 655 765
1172 1 1 1 761 765 653
1173 1 1 1 655 766 765
1174 1 1 1 766 767 765
1175 1 1 1 766 656 767
1176 1 1 1 765 767 653
1177 1 1 1 655 768 766
1178 1 1 1 768 769 766
1179 1 1 1 768 628 769
1180 1 1 1 766 769 656
1181 1 1 1 653 767 762
1182 1 1 1 767 770 762
1183 1 1 1 767 656 770
1184 1 1 1 762 770 629
1185 1 1 1 51 50 764
1186 1 1 1 50 771 764
1187 1 1 1 50 49 771
1188 1 1 1 764 771 655
1189 1 1 1 49 772 771
1190 1 1 1 772 773 771
1191 1 1 1 772 657 773
1192 1 1 1 771 773 655
1193 1 1 1 49 48 772
1194 1 1 1 48 774 772
1195 1 1 1 48 5 774
1196 1 1 1 772 774 657
1197 1 1 1 655 773 768
1198 1 1 1 773 775 768
1199 1 1 1 773 657 775
1200 1 1 1 768 775 628
1201 1 1 1 629 770 777
1202 1 1 1 770 776 777
1203 1 1 1 770 656 776
1204 1 1 1 777 776 659
1205 1 1 1 656 778 776
1206 1 1 1 778 779 776
1207 1 1 1 778 658 779
1208 1 1 1 776 779 659
1209 1 1 1 656 769 778
1210 1 1 1 769 780 778
1211 1 1 1 769 628 780
1212 1 1 1 778 780 658
1213 1 1 1 659 779 782
1214 1 1 1 779 781 782
1215 1 1 1 779 658 781
1216 1 1 1 782 781 620
1217 1 1 1 9 137 784
1218 1 1 1 137 783 784
1219 1 1 1 137 138 783
1220 1 1 1 784 783 661
1221 1 1 1 138 785 783
1222 1 1 1 785 786 783
1223 1 1 1 785 660 786
1224 1 1 1 783 786 661
1225 1 1 1 138 139 785
1226 1 1 1 139 787 785
1227 1 1 1 139 140 787
1228 1 1 1 785 787 660
1229 1 1 1 661 786 789
1230 1 1 1 786 788 789
1231 1 1 1 786 660 788
1232 1 1 1 789 788 631
1233 1 1 1 140 790 787
1234 1 1 1 790 791 787
1235 1 1 1 790 662 791
1236 1 1 1 787 791 660
1237 1 1 1 662 792 791
1238 1 1 1 792 793 791
1239 1 1 1 792 663 793
1240 1 1 1 791 793 660
1241 1 1 1 662 794 792
1242 1 1 1 794 795 792
1243 1 1 1 794 630 795
1244 1 1 1 792 795 663
1245 1 1 1 660 793 788
1246 1 1 1 793 796 788
1247 1 1 1 793 663 796
1248 1 1 1 788 796 631
1249 1 1 1 140 141 790
1250 1 1 1 141 797 790
1251 1 1 1 141 142 797
1252 1 1 1 790 797 662
1253 1 1 1 142 798 797
1254 1 1 1 798 799 797
1255 1 1 1 798 664 799
1256 1 1 1 797 799 662
1257 1 1 1 142 143 798
1258 1 1 1 143 800 798
1259 1 1 1 143 10 800
1260 1 1 1 798 800 664
1261 1 1 1 662 799 794
1262 1 1 1 799 801 794
1263 1 1 1 799 664 801
1264 1 1 1 794 801 630
1265 1 1 1 631 796 803
1266 1 1 1 796 802 803
1267 1 1 1 796 663 802
1268 1 1 1 803 802 666
1269 1 1 1 663 804 802
1270 1 1 1 804 805 802
1271 1 1 1 804 665 805
1272 1 1 1 802 805 666
1273 1 1 1 663 795 804
1274 1 1 1 795 806 804
1275 1 1 1 795 630 806
1276 1 1 1 804 806 665
1277 1 1 1 666 805 808
1278 1 1 1 805 807 808
1279 1 1 1 805 665 807
1280 1 1 1 808 807 621
1281 1 1 1 5 122 774
1282 1 1 1 122 809 774
1283 1 1 1 122 123 809
1284 1 1 1 774 809 657
1285 1 1 1 123 810 809
1286 1 1 1 810 811 809
1287 1 1 1 810 667 811
1288 1 1 1 809 811 657
1289 1 1 1 123 124 810
1290 1 1 1 124 812 810
1291 1 1 1 124 125 812
1292 1 1 1 810 812 667
1293 1 1 1 657 811 775
1294 1 1 1 811 813 775
1295 1 1 1 811 667 813
1296 1 1 1 775 813 628
1297 1 1 1 125 814 812
1298 1 1 1 814 815 812
1299 1 1 1 814 668 815
1300 1 1 1 812 815 667
1301 1 1 1 668 816 815
1302 1 1 1 816 817 815
1303 1 1 1 816 669 817
1304 1 1 1 815 817 667
1305 1 1 1 668 818 816
1306 1 1 1 818 819 816
1307 1 1 1 818 627 819
1308 1 1 1 816 819 669
1309 1 1 1 667 817 813
1310 1 1 1 817 820 813
1311 1 1 1 817 669 820
1312 1 1 1 813 820 628
1313 1 1 1 125 126 814
1314 1 1 1 126 821 814
1315 1 1 1 126 127 821
1316 1 1 1 814 821 668
1317 1 1 1 127 822 821
1318 1 1 1 822 823 821
1319 1 1 1 822 643 823
1320 1 1 1 821 823 668
1321 1 1 1 127 128 822
1322 1 1 1 128 711 822
1323 1 1 1 128 129 711
1324 1 1 1 822 711 643
1325 1 1 1 668 823 818
1326 1 1 1 823 717 818
1327 1 1 1 823 643 717
1328 1 1 1 818 717 627
1329 1 1 1 628 820 780
1330 1 1 1 820 824 780
1331 1 1 1 820 669 824
1332 1 1 1 780 824 658
1333 1 1 1 669 825 824
1334 1 1 1 825 826 824
1335 1 1 1 825 649 826
1336 1 1 1 824 826 658
1337 1 1 1 669 819 825
1338 1 1 1 819 733 825
1339 1 1 1 819 627 733
1340 1 1 1 825 733 649
1341 1 1 1 658 826 781
1342 1 1 1 826 738 781
1343 1 1 1 826 649 738
1344 1 1 1 781 738 620
1345 1 1 1 159 160 730
1346 1 1 1 160 827 730
1347 1 1 1 160 161 827
1348 1 1 1 730 827 647
1349 1 1 1 161 828 827
1350 1 1 1 828 829 827
1351 1 1 1 828 670 829
1352 1 1 1 827 829 647
1353 1 1 1 161 162 828
1354 1 1 1 162 830 828
1355 1 1 1 162 163 830
1356 1 1 1 828 830 670
1357 1 1 1 647 829 731
1358 1 1 1 829 831 731
1359 1 1 1 829 670 831
1360 1 1 1 731 831 626
1361 1 1 1 163 832 830
1362 1 1 1 832 833 830
1363 1 1 1 832 671 833
1364 1 1 1 830 833 670
1365 1 1 1 671 834 833
1366 1 1 1 834 835 833
1367 1 1 1 834 672 835
1368 1 1 1 833 835 670
1369 1 1 1 671 836 834
1370 1 1 1 836 837 834
1371 1 1 1 836 629 837
1372 1 1 1 834 837 672
1373 1 1 1 670 835 831
1374 1 1 1 835 838 831
1375 1 1 1 835 672 838
1376 1 1 1 831 838 626
1377 1 1 1 163 164 832
1378 1 1 1 164 839 832
1379 1 1 1 164 165 839
1380 1 1 1 832 839 671
1381 1 1 1 165 840 839
1382 1 1 1 840 841 839
1383 1 1 1 840 654 841
1384 1 1 1 839 841 671
1385 1 1 1 165 166 840
1386 1 1 1 166 758 840
1387 1 1 1 166 6 758
1388 1 1 1 840 758 654
1389 1 1 1 671 841 836
1390 1 1 1 841 763 836
1391 1 1 1 841 654 763
1392 1 1 1 836 763 629
1393 1 1 1 626 838 736
1394 1 1 1 838 842 736
1395 1 1 1 838 672 842
1396 1 1 1 736 842 648
1397 1 1 1 672 843 842
1398 1 1 1 843 844 842
1399 1 1 1 843 659 844
1400 1 1 1 842 844 648
1401 1 1 1 672 837 843
1402 1 1 1 837 777 843
1403 1 1 1 837 629 777
1404 1 1 1 843 777 659
1405 1 1 1 648 844 737
1406 1 1 1 844 782 737
1407 1 1 1 844 659 782
1408 1 1 1 737 782 620
1409 1 1 1 129 130 700
1410 1 1 1 130 845 700
1411 1 1 1 130 131 845
1412 1 1 1 700 845 638
1413 1 1 1 131 846 845
1414 1 1 1 846 847 845
1415 1 1 1 846 673 847
1416 1 1 1 845 847 638
1417 1 1 1 131 132 846
1418 1 1 1 132 848 846
1419 1 1 1 132 133 848
1420 1 1 1 846 848 673
1421 1 1 1 638 847 701
1422 1 1 1 847 849 701
1423 1 1 1 847 673 849
1424 1 1 1 701 849 623
1425 1 1 1 133 850 848
1426 1 1 1 850 851 848
1427 1 1 1 850 674 851
1428 1 1 1 848 851 673
1429 1 1 1 674 852 851
1430 1 1 1 852 853 851
1431 1 1 1 852 675 853
1432 1 1 1 851 853 673
1433 1 1 1 674 854 852
1434 1 1 1 854 855 852
1435 1 1 1 854 631 855
1436 1 1 1 852 855 675
1437 1 1 1 673 853 849
1438 1 1 1 853 856 849
1439 1 1 1 853 675 856
1440 1 1 1 849 856 623
1441 1 1 1 133 134 850
1442 1 1 1 134 857 850
1443 1 1 1 134 135 857
1444 1 1 1 850 857 674
1445 1 1 1 135 858 857
1446 1 1 1 858 859 857
1447 1 1 1 858 661 859
1448 1 1 1 857 859 674
1449 1 1 1 135 136 858
1450 1 1 1 136 784 858
1451 1 1 1 136 9 784
1452 1 1 1 858 784 661
1453 1 1 1 674 859 854
1454 1 1 1 859 789 854
1455 1 1 1 859 661 789
1456 1 1 1 854 789 631
1457 1 1 1 623 856 706
1458 1 1 1 856 860 706
1459 1 1 1 856 675 860
1460 1 1 1 706 860 639
1461 1 1 1 675 861 860
1462 1 1 1 861 862 860
1463 1 1 1 861 666 862
1464 1 1 1 860 862 639
1465 1 1 1 675 855 861
1466 1 1 1 855 803 861
1467 1 1 1 855 631 803
1468 1 1 1 861 803 666
1469 1 1 1 639 862 707
1470 1 1 1 862 808 707
1471 1 1 1 862 666 808
1472 1 1 1 707 808 621
1473 1 1 1 10 144 800
1474 1 1 1 144 863 800
1475 1 1 1 144 145 863
1476 1 1 1 800 863 664
1477 1 1 1 145 864 863
1478 1 1 1 864 865 863
1479 1 1 1 864 676 865
1480 1 1 1 863 865 664
1481 1 1 1 145 146 864
1482 1 1 1 146 866 864
1483 1 1 1 146 147 866
1484 1 1 1 864 866 676
1485 1 1 1 664 865 801
1486 1 1 1 865 867 801
1487 1 1 1 865 676 867
1488 1 1 1 801 867 630
1489 1 1 1 147 868 866
1490 1 1 1 868 869 866
1491 1 1 1 868 677 869
1492 1 1 1 866 869 676
1493 1 1 1 677 870 869
1494 1 1 1 870 871 869
1495 1 1 1 870 678 871
1496 1 1 1 869 871 676
1497 1 1 1 677 872 870
1498 1 1 1 872 873 870
1499 1 1 1 872 624 873
1500 1 1 1 870 873 678
1501 1 1 1 676 871 867
1502 1 1 1 871 874 867
1503 1 1 1 871 678 874
1504 1 1 1 867 874 630
1505 1 1 1 147 148 868
1506 1 1 1 148 875 868
1507 1 1 1 148 149 875
1508 1 1 1 868 875 677
1509 1 1 1 149 876 875
1510 1 1 1 876 877 875
1511 1 1 1 876 634 877
1512 1 1 1 875 877 677
1513 1 1 1 149 150 876
1514 1 1 1 150 681 876
1515 1 1 1 150 151 681
1516 1 1 1 876 681 634
1517 1 1 1 677 877 872
1518 1 1 1 877 687 872
1519 1 1 1 877 634 687
1520 1 1 1 872 687 624
1521 1 1 1 630 874 806
1522 1 1 1 874 878 806
1523 1 1 1 874 678 878
1524 1 1 1 806 878 665
1525 1 1 1 678 879 878
1526 1 1 1 879 880 878
1527 1 1 1 879 640 880
1528 1 1 1 878 880 665
1529 1 1 1 678 873 879
1530 1 1 1 873 703 879
1531 1 1 1 873 624 703
1532 1 1 1 879 703 640
1533 1 1 1 665 880 807
1534 1 1 1 880 708 807
1535 1 1 1 880 640 708
1536 1 1 1 807 708 621
1537 1 1 1 85 1018 86
1538 1 1 1 1018 1019 86
1539 1 1 1 1018 910 1019
1540 1 1 1 86 1019 87
1541 1 1 1 910 1020 1019
1542 1 1 1 1020 1021 1019
1543 1 1 1 1020 911 1021
1544 1 1 1 1019 1021 87
1545 1 1 1 910 1022 1020
1546 1 1 1 1022 1023 1020
1547 1 1 1 1022 886 1023
1548 1 1 1 1020 1023 911
1549 1 1 1 87 1021 88
1550 1 1 1 1021 1024 88
1551 1 1 1 1021 911 1024
1552 1 1 1 88 1024 89
1553 1 1 1 886 1025 1023
1554 1 1 1 1025 1026 1023
1555 1 1 1 1025 912 1026
1556 1 1 1 1023 1026 911
1557 1 1 1 912 1027 1026
1558 1 1 1 1027 1028 1026
1559 1 1 1 1027 913 1028
1560 1 1 1 1026 1028 911
1561 1 1 1 912 1029 1027
1562 1 1 1 1029 1030 1027
1563 1 1 1 1029 201 1030
1564 1 1 1 1027 1030 913
1565 1 1 1 911 1028 1024
1566 1 1 1 1028 1031 1024
1567 1 1 1 1028 913 1031
1568 1 1 1 1024 1031 89
1569 1 1 1 886 1032 1025
1570 1 1 1 1032 1033 1025
1571 1 1 1 1032 914 1033
1572 1 1 1 1025 1033 912
1573 1 1 1 914 1034 1033
1574 1 1 1 1034 1035 1033
1575 1 1 1 1034 199 1035
1576 1 1 1 1033 1035 912
1577 1 1 1 914 1036 1034
1578 1 1 1 1036 198 1034
1579 1 1 1 1036 197 198
1580 1 1 1 1034 198 199
1581 1 1 1 912 1035 1029
1582 1 1 1 1035 200 1029
1583 1 1 1 1035 199 200
1584 1 1 1 1029 200 201
1585 1 1 1 89 1031 90
1586 1 1 1 1031 1037 90
1587 1 1 1 1031 913 1037
1588 1 1 1 90 1037 91
1589 1 1 1 913 1038 1037
1590 1 1 1 1038 1039 1037
1591 1 1 1 1038 203 1039
1592 1 1 1 1037 1039 91
1593 1 1 1 913 1030 1038
1594 1 1 1 1030 202 1038
1595 1 1 1 1030 201 202
1596 1 1 1 1038 202 203
1597 1 1 1 91 1039 92
1598 1 1 1 1039 204 92
1599 1 1 1 1039 203 204
1600 1 1 1 92 204 7
1601 1 1 1 77 76 1041
1602 1 1 1 76 1040 1041
1603 1 1 1 76 75 1040
1604 1 1 1 1041 1040 916
1605 1 1 1 75 1042 1040
1606 1 1 1 1042 1043 1040
1607 1 1 1 1042 915 1043
1608 1 1 1 1040 1043 916
1609 1 1 1 75 74 1042
1610 1 1 1 74 1044 1042
1611 1 1 1 74 73 1044
1612 1 1 1 1042 1044 915
1613 1 1 1 916 1043 1046
1614 1 1 1 1043 1045 1046
1615 1 1 1 1043 915 1045
1616 1 1 1 1046 1045 888
1617 1 1 1 73 1047 1044
1618 1 1 1 1047 1048 1044
1619 1 1 1 1047 917 1048
1620 1 1 1 1044 1048 915
1621 1 1 1 917 1049 1048
1622 1 1 1 1049 1050 1048
1623 1 1 1 1049 918 1050
1624 1 1 1 1048 1050 915
1625 1 1 1 917 1051 1049
1626 1 1 1 1051 1052 1049
1627 1 1 1 1051 887 1052
1628 1 1 1 1049 1052 918
1629 1 1 1 915 1050 1045
1630 1 1 1 1050 1053 1045
1631 1 1 1 1050 918 1053
1632 1 1 1 1045 1053 888
1633 1 1 1 73 72 1047
1634 1 1 1 72 1054 1047
1635 1 1 1 72 71 1054
1636 1 1 1 1047 1054 917
1637 1 1 1 71 1055 1054
1638 1 1 1 1055 1056 1054
1639 1 1 1 1055 919 1056
1640 1 1 1 1054 1056 917
1641 1 1 1 71 70 1055
1642 1 1 1 70 1057 1055
1643 1 1 1 70 69 1057
1644 1 1 1 1055 1057 919
1645 1 1 1 917 1056 1051
1646 1 1 1 1056 1058 1051
1647 1 1 1 1056 919 1058
1648 1 1 1 1051 1058 887
1649 1 1 1 888 1053 1060
1650 1 1 1 1053 1059 1060
1651 1 1 1 1053 918 1059
1652 1 1 1 1060 1059 921
1653 1 1 1 918 1061 1059
1654 1 1 1 1061 1062 1059
1655 1 1 1 1061 920 1062
1656 1 1 1 1059 1062 921
1657 1 1 1 918 1052 1061
1658 1 1 1 1052 1063 1061
1659 1 1 1 1052 887 1063
1660 1 1 1 1061 1063 920
1661 1 1 1 921 1062 1065
1662 1 1 1 1062 1064 1065
1663 1 1 1 1062 920 1064
1664 1 1 1 1065 1064 881
1665 1 1 1 10 167 1067
1666 1 1 1 167 1066 1067
1667 1 1 1 167 168 1066
1668 1 1 1 1067 1066 923
1669 1 1 1 168 1068 1066
1670 1 1 1 1068 1069 1066
1671 1 1 1 1068 922 1069
1672 1 1 1 1066 1069 923
1673 1 1 1 168 169 1068
1674 1 1 1 169 1070 1068
1675 1 1 1 169 170 1070
1676 1 1 1 1068 1070 922
1677 1 1 1 923 1069 1072
1678 1 1 1 1069 1071 1072
1679 1 1 1 1069 922 1071
1680 1 1 1 1072 1071 890
1681 1 1 1 170 1073 1070
1682 1 1 1 1073 1074 1070
1683 1 1 1 1073 924 1074
1684 1 1 1 1070 1074 922
1685 1 1 1 924 1075 1074
1686 1 1 1 1075 1076 1074
1687 1 1 1 1075 925 1076
1688 1 1 1 1074 1076 922
1689 1 1 1 924 1077 1075
1690 1 1 1 1077 1078 1075
1691 1 1 1 1077 889 1078
1692 1 1 1 1075 1078 925
1693 1 1 1 922 1076 1071
1694 1 1 1 1076 1079 1071
1695 1 1 1 1076 925 1079
1696 1 1 1 1071 1079 890
1697 1 1 1 170 171 1073
1698 1 1 1 171 1080 1073
1699 1 1 1 171 172 1080
1700 1 1 1 1073 1080 924
1701 1 1 1 172 1081 1080
1702 1 1 1 1081 1082 1080
1703 1 1 1 1081 926 1082
1704 1 1 1 1080 1082 924
1705 1 1 1 172 173 1081
1706 1 1 1 173 1083 1081
1707 1 1 1 173 11 1083
1708 1 1 1 1081 1083 926
1709 1 1 1 924 1082 1077
1710 1 1 1 1082 1084 1077
1711 1 1 1 1082 926 1084
1712 1 1 1 1077 1084 889
1713 1 1 1 890 1079 1086
1714 1 1 1 1079 1085 1086
1715 1 1 1 1079 925 1085
1716 1 1 1 1086 1085 928
1717 1 1 1 925 1087 1085
1718 1 1 1 1087 1088 1085
1719 1 1 1 1087 927 1088
1720 1 1 1 1085 1088 928
1721 1 1 1 925 1078 1087
1722 1 1 1 1078 1089 1087
1723 1 1 1 1078 889 1089
1724 1 1 1 1087 1089 927
1725 1 1 1 928 1088 1091
1726 1 1 1 1088 1090 1091
1727 1 1 1 1088 927 1090
1728 1 1 1 1091 1090 884
1729 1 1 1 189 1092 1094
1730 1 1 1 1092 1093 1094
1731 1 1 1 1092 929 1093
1732 1 1 1 1094 1093 931
1733 1 1 1 929 1095 1093
1734 1 1 1 1095 1096 1093
1735 1 1 1 1095 930 1096
1736 1 1 1 1093 1096 931
1737 1 1 1 929 1097 1095
1738 1 1 1 1097 1098 1095
1739 1 1 1 1097 891 1098
1740 1 1 1 1095 1098 930
1741 1 1 1 931 1096 1100
1742 1 1 1 1096 1099 1100
1743 1 1 1 1096 930 1099
1744 1 1 1 1100 1099 893
1745 1 1 1 891 1101 1098
1746 1 1 1 1101 1102 1098
1747 1 1 1 1101 932 1102
1748 1 1 1 1098 1102 930
1749 1 1 1 932 1103 1102
1750 1 1 1 1103 1104 1102
1751 1 1 1 1103 933 1104
1752 1 1 1 1102 1104 930
1753 1 1 1 932 1105 1103
1754 1 1 1 1105 1106 1103
1755 1 1 1 1105 892 1106
1756 1 1 1 1103 1106 933
1757 1 1 1 930 1104 1099
1758 1 1 1 1104 1107 1099
1759 1 1 1 1104 933 1107
1760 1 1 1 1099 1107 893
1761 1 1 1 891 1108 1101
1762 1 1 1 1108 1109 1101
1763 1 1 1 1108 934 1109
1764 1 1 1 1101 1109 932
1765 1 1 1 934 1110 1109
1766 1 1 1 1110 1111 1109
1767 1 1 1 1110 935 1111
1768 1 1 1 1109 1111 932
1769 1 1 1 934 1112 1110
1770 1 1 1 1112 1113 1110
1771 1 1 1 1112 881 1113
1772 1 1 1 1110 1113 935
1773 1 1 1 932 1111 1105
1774 1 1 1 1111 1114 1105
1775 1 1 1 1111 935 1114
1776 1 1 1 1105 1114 892
1777 1 1 1 893 1107 1116
1778 1 1 1 1107 1115 1116
1779 1 1 1 1107 933 1115
1780 1 1 1 1116 1115 937
1781 1 1 1 933 1117 1115
1782 1 1 1 1117 1118 1115
1783 1 1 1 1117 936 1118
1784 1 1 1 1115 1118 937
1785 1 1 1 933 1106 1117
1786 1 1 1 1106 1119 1117
1787 1 1 1 1106 892 1119
1788 1 1 1 1117 1119 936
1789 1 1 1 937 1118 1121
1790 1 1 1 1118 1120 1121
1791 1 1 1 1118 936 1120
1792 1 1 1 1121 1120 882
1793 1 1 1 151 150 1123
1794 1 1 1 150 1122 1123
1795 1 1 1 150 149 1122
1796 1 1 1 1123 1122 939
1797 1 1 1 149 1124 1122
1798 1 1 1 1124 1125 1122
1799 1 1 1 1124 938 1125
1800 1 1 1 1122 1125 939
1801 1 1 1 149 148 1124
1802 1 1 1 148 1126 1124
1803 1 1 1 148 147 1126
1804 1 1 1 1124 1126 938
1805 1 1 1 939 1125 1128
1806 1 1 1 1125 1127 1128
1807 1 1 1 1125 938 1127
1808 1 1 1 1128 1127 894
1809 1 1 1 147 1129 1126
1810 1 1 1 1129 1130 1126
1811 1 1 1 1129 940 1130
1812 1 1 1 1126 1130 938
1813 1 1 1 940 1131 1130
1814 1 1 1 1131 1132 1130
1815 1 1 1 1131 941 1132
1816 1 1 1 1130 1132 938
1817 1 1 1 940 1133 1131
1818 1 1 1 1133 1134 1131
1819 1 1 1 1133 890 1134
1820 1 1 1 1131 1134 941
1821 1 1 1 938 1132 1127
1822 1 1 1 1132 1135 1127
1823 1 1 1 1132 941 1135
1824 1 1 1 1127 1135 894
1825 1 1 1 147 146 1129
1826 1 1 1 146 1136 1129
1827 1 1 1 146 145 1136
1828 1 1 1 1129 1136 940
1829 1 1 1 145 1137 1136
1830 1 1 1 1137 1138 1136
1831 1 1 1 1137 923 1138
1832 1 1 1 1136 1138 940
1833 1 1 1 145 144 1137
1834 1 1 1 144 1067 1137
1835 1 1 1 144 10 1067
1836 1 1 1 1137 1067 923
1837 1 1 1 940 1138 1133
1838 1 1 1 1138 1072 1133
1839 1 1 1 1138 923 1072
1840 1 1 1 1133 1072 890
1841 1 1 1 894 1135 1140
1842 1 1 1 1135 1139 1140
1843 1 1 1 1135 941 1139
1844 1 1 1 1140 1139 942
1845 1 1 1 941 1141 1139
1846 1 1 1 1141 1142 1139
1847 1 1 1 1141 928 1142
1848 1 1 1 1139 1142 942
1849 1 1 1 941 1134 1141
1850 1 1 1 1134 1086 1141
1851 1 1 1 1134 890 1086
1852 1 1 1 1141 1086 928
1853 1 1 1 942 1142 1143
1854 1 1 1 1142 1091 1143
1855 1 1 1 1142 928 1091
1856 1 1 1 1143 1091 884
1857 1 1 1 181 182 1145
1858 1 1 1 182 1144 1145
1859 1 1 1 182 183 1144
1860 1 1 1 1145 1144 944
1861 1 1 1 183 1146 1144
1862 1 1 1 1146 1147 1144
1863 1 1 1 1146 943 1147
1864 1 1 1 1144 1147 944
1865 1 1 1 183 184 1146
1866 1 1 1 184 1148 1146
1867 1 1 1 184 185 1148
1868 1 1 1 1146 1148 943
1869 1 1 1 944 1147 1150
1870 1 1 1 1147 1149 1150
1871 1 1 1 1147 943 1149
1872 1 1 1 1150 1149 895
1873 1 1 1 185 1151 1148
1874 1 1 1 1151 1152 1148
1875 1 1 1 1151 945 1152
1876 1 1 1 1148 1152 943
1877 1 1 1 945 1153 1152
1878 1 1 1 1153 1154 1152
1879 1 1 1 1153 946 1154
1880 1 1 1 1152 1154 943
1881 1 1 1 945 1155 1153
1882 1 1 1 1155 1156 1153
1883 1 1 1 1155 893 1156
1884 1 1 1 1153 1156 946
1885 1 1 1 943 1154 1149
1886 1 1 1 1154 1157 1149
1887 1 1 1 1154 946 1157
1888 1 1 1 1149 1157 895
1889 1 1 1 185 186 1151
1890 1 1 1 186 1158 1151
1891 1 1 1 186 187 1158
1892 1 1 1 1151 1158 945
1893 1 1 1 187 1159 1158
1894 1 1 1 1159 1160 1158
1895 1 1 1 1159 931 1160
1896 1 1 1 1158 1160 945
1897 1 1 1 187 188 1159
1898 1 1 1 188 1094 1159
1899 1 1 1 188 189 1094
1900 1 1 1 1159 1094 931
1901 1 1 1 945 1160 1155
1902 1 1 1 1160 1100 1155
1903 1 1 1 1160 931 1100
1904 1 1 1 1155 1100 893
1905 1 1 1 895 1157 1162
1906 1 1 1 1157 1161 1162
1907 1 1 1 1157 946 1161
1908 1 1 1 1162 1161 947
1909 1 1 1 946 1163 1161
1910 1 1 1 1163 1164 1161
1911 1 1 1 1163 937 1164
1912 1 1 1 1161 1164 947
1913 1 1 1 946 1156 1163
1914 1 1 1 1156 1116 1163
1915 1 1 1 1156 893 1116
1916 1 1 1 1163 1116 937
1917 1 1 1 947 1164 1165
1918 1 1 1 1164 1121 1165
1919 1 1 1 1164 937 1121
1920 1 1 1 1165 1121 882
1921 1 1 1 11 174 1083
1922 1 1 1 174 1166 1083
1923 1 1 1 174 175 1166
1924 1 1 1 1083 1166 926
1925 1 1 1 175 1167 1166
1926 1 1 1 1167 1168 1166
1927 1 1 1 1167 948 1168
1928 1 1 1 1166 1168 926
1929 1 1 1 175 176 1167
1930 1 1 1 176 1169 1167
1931 1 1 1 176 177 1169
1932 1 1 1 1167 1169 948
1933 1 1 1 926 1168 1084
1934 1 1 1 1168 1170 1084
1935 1 1 1 1168 948 1170
1936 1 1 1 1084 1170 889
1937 1 1 1 177 1171 1169
1938 1 1 1 1171 1172 1169
1939 1 1 1 1171 949 1172
1940 1 1 1 1169 1172 948
1941 1 1 1 949 1173 1172
1942 1 1 1 1173 1174 1172
1943 1 1 1 1173 950 1174
1944 1 1 1 1172 1174 948
1945 1 1 1 949 1175 1173
1946 1 1 1 1175 1176 1173
1947 1 1 1 1175 896 1176
1948 1 1 1 1173 1176 950
1949 1 1 1 948 1174 1170
1950 1 1 1 1174 1177 1170
1951 1 1 1 1174 950 1177
1952 1 1 1 1170 1177 889
1953 1 1 1 177 178 1171
1954 1 1 1 178 1178 1171
1955 1 1 1 178 179 1178
1956 1 1 1 1171 1178 949
1957 1 1 1 179 1179 1178
1958 1 1 1 1179 1180 1178
1959 1 1 1 1179 951 1180
1960 1 1 1 1178 1180 949
1961 1 1 1 179 180 1179
1962 1 1 1 180 1181 1179
1963 1 1 1 180 181 1181
1964 1 1 1 1179 1181 951
1965 1 1 1 949 1180 1175
1966 1 1 1 1180 1182 1175
1967 1 1 1 1180 951 1182
1968 1 1 1 1175 1182 896
1969 1 1 1 889 1177 1089
1970 1 1 1 1177 1183 1089
1971 1 1 1 1177 950 1183
1972 1 1 1 1089 1183 927
1973 1 1 1 950 1184 1183
1974 1 1 1 1184 1185 1183
1975 1 1 1 1184 952 1185
1976 1 1 1 1183 1185 927
1977 1 1 1 950 1176 1184
1978 1 1 1 1176 1186 1184
1979 1 1 1 1176 896 1186
1980 1 1 1 1184 1186 952
1981 1 1 1 927 1185 1090
1982 1 1 1 1185 1187 1090
1983 1 1 1 1185 952 1187
1984 1 1 1 1090 1187 884
1985 1 1 1 189 190 1189
1986 1 1 1 190 1188 1189
1987 1 1 1 190 191 1188
1988 1 1 1 1189 1188 954
1989 1 1 1 191 1190 1188
1990 1 1 1 1190 1191 1188
1991 1 1 1 1190 953 1191
1992 1 1 1 1188 1191 954
1993 1 1 1 191 192 1190
1994 1 1 1 192 1192 1190
1995 1 1 1 192 193 1192
1996 1 1 1 1190 1192 953
1997 1 1 1 954 1191 1194
1998 1 1 1 1191 1193 1194
1999 1 1 1 1191 953 1193
2000 1 1 1 1194 1193 898
2001 1 1 1 193 1195 1192
2002 1 1 1 1195 1196 1192
2003 1 1 1 1195 955 1196
2004 1 1 1 1192 1196 953
2005 1 1 1 955 1197 1196
2006 1 1 1 1197 1198 1196
2007 1 1 1 1197 956 1198
2008 1 1 1 1196 1198 953
2009 1 1 1 955 1199 1197
2010 1 1 1 1199 1200 1197
2011 1 1 1 1199 897 1200
2012 1 1 1 1197 1200 956
2013 1 1 1 953 1198 1193
2014 1 1 1 1198 1201 1193
2015 1 1 1 1198 956 1201
2016 1 1 1 1193 1201 898
2017 1 1 1 193 194 1195
2018 1 1 1 194 1202 1195
2019 1 1 1 194 195 1202
2020 1 1 1 1195 1202 955
2021 1 1 1 195 1203 1202
2022 1 1 1 1203 1204 1202
2023 1 1 1 1203 957 1204
2024 1 1 1 1202 1204 955
2025 1 1 1 195 196 1203
2026 1 1 1 196 1205 1203
2027 1 1 1 196 197 1205
2028 1 1 1 1203 1205 957
2029 1 1 1 955 1204 1199
2030 1 1 1 1204 1206 1199
2031 1 1 1 1204 957 1206
2032 1 1 1 1199 1206 897
2033 1 1 1 898 1201 1208
2034 1 1 1 1201 1207 1208
2035 1 1 1 1201 956 1207
2036 1 1 1 1208 1207 959
2037 1 1 1 956 1209 1207
2038 1 1 1 1209 1210 1207
2039 1 1 1 1209 958 1210
2040 1 1 1 1207 1210 959
2041 1 1 1 956 1200 1209
2042 1 1 1 1200 1211 1209
2043 1 1 1 1200 897 1211
2044 1 1 1 1209 1211 958
2045 1 1 1 959 1210 1213
2046 1 1 1 1210 1212 1213
2047 1 1 1 1210 958 1212
2048 1 1 1 1213 1212 883
2049 1 1 1 77 1041 1215
2050 1 1 1 1041 1214 1215
2051 1 1 1 1041 916 1214
2052 1 1 1 1215 1214 961
2053 1 1 1 916 1216 1214
2054 1 1 1 1216 1217 1214
2055 1 1 1 1216 960 1217
2056 1 1 1 1214 1217 961
2057 1 1 1 916 1046 1216
2058 1 1 1 1046 1218 1216
2059 1 1 1 1046 888 1218
2060 1 1 1 1216 1218 960
2061 1 1 1 961 1217 1220
2062 1 1 1 1217 1219 1220
2063 1 1 1 1217 960 1219
2064 1 1 1 1220 1219 900
2065 1 1 1 888 1221 1218
2066 1 1 1 1221 1222 1218
2067 1 1 1 1221 962 1222
2068 1 1 1 1218 1222 960
2069 1 1 1 962 1223 1222
2070 1 1 1 1223 1224 1222
2071 1 1 1 1223 963 1224
2072 1 1 1 1222 1224 960
2073 1 1 1 962 1225 1223
2074 1 1 1 1225 1226 1223
2075 1 1 1 1225 899 1226
2076 1 1 1 1223 1226 963
2077 1 1 1 960 1224 1219
2078 1 1 1 1224 1227 1219
2079 1 1 1 1224 963 1227
2080 1 1 1 1219 1227 900
2081 1 1 1 888 1060 1221
2082 1 1 1 1060 1228 1221
2083 1 1 1 1060 921 1228
2084 1 1 1 1221 1228 962
2085 1 1 1 921 1229 1228
2086 1 1 1 1229 1230 1228
2087 1 1 1 1229 964 1230
2088 1 1 1 1228 1230 962
2089 1 1 1 921 1065 1229
2090 1 1 1 1065 1231 1229
2091 1 1 1 1065 881 1231
2092 1 1 1 1229 1231 964
2093 1 1 1 962 1230 1225
2094 1 1 1 1230 1232 1225
2095 1 1 1 1230 964 1232
2096 1 1 1 1225 1232 899
2097 1 1 1 900 1227 1234
2098 1 1 1 1227 1233 1234
2099 1 1 1 1227 963 1233
2100 1 1 1 1234 1233 966
2101 1 1 1 963 1235 1233
2102 1 1 1 1235 1236 1233
2103 1 1 1 1235 965 1236
2104 1 1 1 1233 1236 966
2105 1 1 1 963 1226 1235
2106 1 1 1 1226 1237 1235
2107 1 1 1 1226 899 1237
2108 1 1 1 1235 1237 965
2109 1 1 1 966 1236 1239
2110 1 1 1 1236 1238 1239
2111 1 1 1 1236 965 1238
2112 1 1 1 1239 1238 883
2113 1 1 1 197 1036 1205
2114 1 1 1 1036 1240 1205
2115 1 1 1 1036 914 1240
2116 1 1 1 1205 1240 957
2117 1 1 1 914 1241 1240
2118 1 1 1 1241 1242 1240
2119 1 1 1 1241 967 1242
2120 1 1 1 1240 1242 957
2121 1 1 1 914 1032 1241
2122 1 1 1 1032 1243 1241
2123 1 1 1 1032 886 1243
2124 1 1 1 1241 1243 967
2125 1 1 1 957 1242 1206
2126 1 1 1 1242 1244 1206
2127 1 1 1 1242 967 1244
2128 1 1 1 1206 1244 897
2129 1 1 1 886 1245 1243
2130 1 1 1 1245 1246 1243
2131 1 1 1 1245 968 1246
2132 1 1 1 1243 1246 967
2133 1 1 1 968 1247 1246
2134 1 1 1 1247 1248 1246
2135 1 1 1 1247 969 1248
2136 1 1 1 1246 1248 967
2137 1 1 1 968 1249 1247
2138 1 1 1 1249 1250 1247
2139 1 1 1 1249 901 1250
2140 1 1 1 1247 1250 969
2141 1 1 1 967 1248 1244
2142 1 1 1 1248 1251 1244
2143 1 1 1 1248 969 1251
2144 1 1 1 1244 1251 897
2145 1 1 1 886 1022 1245
2146 1 1 1 1022 1252 1245
2147 1 1 1 1022 910 1252
2148 1 1 1 1245 1252 968
2149 1 1 1 910 1253 1252
2150 1 1 1 1253 1254 1252
2151 1 1 1 1253 970 1254
2152 1 1 1 1252 1254 968
2153 1 1 1 910 1018 1253
2154 1 1 1 1018 1255 1253
2155 1 1 1 1018 85 1255
2156 1 1 1 1253 1255 970
2157 1 1 1 968 1254 1249
2158 1 1 1 1254 1256 1249
2159 1 1 1 1254 970 1256
2160 1 1 1 1249 1256 901
2161 1 1 1 897 1251 1211
2162 1 1 1 1251 1257 1211
2163 1 1 1 1251 969 1257
2164 1 1 1 1211 1257 958
2165 1 1 1 969 1258 1257
2166 1 1 1 1258 1259 1257
2167 1 1 1 1258 971 1259
2168 1 1 1 1257 1259 958
2169 1 1 1 969 1250 1258
2170 1 1 1 1250 1260 1258
2171 1 1 1 1250 901 1260
2172 1 1 1 1258 1260 971
2173 1 1 1 958 1259 1212
2174 1 1 1 1259 1261 1212
2175 1 1 1 1259 971 1261
2176 1 1 1 1212 1261 883
2177 1 1 1 85 84 1255
2178 1 1 1 84 1262 1255
2179 1 1 1 84 83 1262
2180 1 1 1 1255 1262 970
2181 1 1 1 83 1263 1262
2182 1 1 1 1263 1264 1262
2183 1 1 1 1263 972 1264
2184 1 1 1 1262 1264 970
2185 1 1 1 83 82 1263
2186 1 1 1 82 1265 1263
2187 1 1 1 82 81 1265
2188 1 1 1 1263 1265 972
2189 1 1 1 970 1264 1256
2190 1 1 1 1264 1266 1256
2191 1 1 1 1264 972 1266
2192 1 1 1 1256 1266 901
2193 1 1 1 81 1267 1265
2194 1 1 1 1267 1268 1265
2195 1 1 1 1267 973 1268
2196 1 1 1 1265 1268 972
2197 1 1 1 973 1269 1268
2198 1 1 1 1269 1270 1268
2199 1 1 1 1269 974 1270
2200 1 1 1 1268 1270 972
2201 1 1 1 973 1271 1269
2202 1 1 1 1271 1272 1269
2203 1 1 1 1271 900 1272
2204 1 1 1 1269 1272 974
2205 1 1 1 972 1270 1266
2206 1 1 1 1270 1273 1266
2207 1 1 1 1270 974 1273
2208 1 1 1 1266 1273 901
2209 1 1 1 81 80 1267
2210 1 1 1 80 1274 1267
2211 1 1 1 80 79 1274
2212 1 1 1 1267 1274 973
2213 1 1 1 79 1275 1274
2214 1 1 1 1275 1276 1274
2215 1 1 1 1275 961 1276
2216 1 1 1 1274 1276 973
2217 1 1 1 79 78 1275
2218 1 1 1 78 1215 1275
2219 1 1 1 78 77 1215
2220 1 1 1 1275 1215 961
2221 1 1 1 973 1276 1271
2222 1 1 1 1276 1220 1271
2223 1 1 1 1276 961 1220
2224 1 1 1 1271 1220 900
2225 1 1 1 901 1273 1260
2226 1 1 1 1273 1277 1260
2227 1 1 1 1273 974 1277
2228 1 1 1 1260 1277 971
2229 1 1 1 974 1278 1277
2230 1 1 1 1278 1279 1277
2231 1 1 1 1278 966 1279
2232 1 1 1 1277 1279 971
2233 1 1 1 974 1272 1278
2234 1 1 1 1272 1234 1278
2235 1 1 1 1272 900 1234
2236 1 1 1 1278 1234 966
2237 1 1 1 971 1279 1261
2238 1 1 1 1279 1239 1261
2239 1 1 1 1279 966 1239
2240 1 1 1 1261 1239 883
2241 1 1 1 6 166 1281
2242 1 1 1 166 1280 1281
2243 1 1 1 166 165 1280
2244 1 1 1 1281 1280 976
2245 1 1 1 165 1282 1280
2246 1 1 1 1282 1283 1280
2247 1 1 1 1282 975 1283
2248 1 1 1 1280 1283 976
2249 1 1 1 165 164 1282
2250 1 1 1 164 1284 1282
2251 1 1 1 164 163 1284
2252 1 1 1 1282 1284 975
2253 1 1 1 976 1283 1286
2254 1 1 1 1283 1285 1286
2255 1 1 1 1283 975 1285
2256 1 1 1 1286 1285 903
2257 1 1 1 163 1287 1284
2258 1 1 1 1287 1288 1284
2259 1 1 1 1287 977 1288
2260 1 1 1 1284 1288 975
2261 1 1 1 977 1289 1288
2262 1 1 1 1289 1290 1288
2263 1 1 1 1289 978 1290
2264 1 1 1 1288 1290 975
2265 1 1 1 977 1291 1289
2266 1 1 1 1291 1292 1289
2267 1 1 1 1291 902 1292
2268 1 1 1 1289 1292 978
2269 1 1 1 975 1290 1285
2270 1 1 1 1290 1293 1285
2271 1 1 1 1290 978 1293
2272 1 1 1 1285 1293 903
2273 1 1 1 163 162 1287
2274 1 1 1 162 1294 1287
2275 1 1 1 162 161 1294
2276 1 1 1 1287 1294 977
2277 1 1 1 161 1295 1294
2278 1 1 1 1295 1296 1294
2279 1 1 1 1295 979 1296
2280 1 1 1 1294 1296 977
2281 1 1 1 161 160 1295
2282 1 1 1 160 1297 1295
2283 1 1 1 160 159 1297
2284 1 1 1 1295 1297 979
2285 1 1 1 977 1296 1291
2286 1 1 1 1296 1298 1291
2287 1 1 1 1296 979 1298
2288 1 1 1 1291 1298 902
2289 1 1 1 903 1293 1300
2290 1 1 1 1293 1299 1300
2291 1 1 1 1293 978 1299
2292 1 1 1 1300 1299 981
2293 1 1 1 978 1301 1299
2294 1 1 1 1301 1302 1299
2295 1 1 1 1301 980 1302
2296 1 1 1 1299 1302 981
2297 1 1 1 978 1292 1301
2298 1 1 1 1292 1303 1301
2299 1 1 1 1292 902 1303
2300 1 1 1 1301 1303 980
2301 1 1 1 981 1302 1305
2302 1 1 1 1302 1304 1305
2303 1 1 1 1302 980 1304
2304 1 1 1 1305 1304 885
2305 1 1 1 881 1064 1307
2306 1 1 1 1064 1306 1307
2307 1 1 1 1064 920 1306
2308 1 1 1 1307 1306 983
2309 1 1 1 920 1308 1306
2310 1 1 1 1308 1309 1306
2311 1 1 1 1308 982 1309
2312 1 1 1 1306 1309 983
2313 1 1 1 920 1063 1308
2314 1 1 1 1063 1310 1308
2315 1 1 1 1063 887 1310
2316 1 1 1 1308 1310 982
2317 1 1 1 983 1309 1312
2318 1 1 1 1309 1311 1312
2319 1 1 1 1309 982 1311
2320 1 1 1 1312 1311 905
2321 1 1 1 887 1313 1310
2322 1 1 1 1313 1314 1310
2323 1 1 1 1313 984 1314
2324 1 1 1 1310 1314 982
2325 1 1 1 984 1315 1314
2326 1 1 1 1315 1316 1314
2327 1 1 1 1315 985 1316
2328 1 1 1 1314 1316 982
2329 1 1 1 984 1317 1315
2330 1 1 1 1317 1318 1315
2331 1 1 1 1317 904 1318
2332 1 1 1 1315 1318 985
2333 1 1 1 982 1316 1311
2334 1 1 1 1316 1319 1311
2335 1 1 1 1316 985 1319
2336 1 1 1 1311 1319 905
2337 1 1 1 887 1058 1313
2338 1 1 1 1058 1320 1313
2339 1 1 1 1058 919 1320
2340 1 1 1 1313 1320 984
2341 1 1 1 919 1321 1320
2342 1 1 1 1321 1322 1320
2343 1 1 1 1321 986 1322
2344 1 1 1 1320 1322 984
2345 1 1 1 919 1057 1321
2346 1 1 1 1057 1323 1321
2347 1 1 1 1057 69 1323
2348 1 1 1 1321 1323 986
2349 1 1 1 984 1322 1317
2350 1 1 1 1322 1324 1317
2351 1 1 1 1322 986 1324
2352 1 1 1 1317 1324 904
2353 1 1 1 905 1319 1326
2354 1 1 1 1319 1325 1326
2355 1 1 1 1319 985 1325
2356 1 1 1 1326 1325 988
2357 1 1 1 985 1327 1325
2358 1 1 1 1327 1328 1325
2359 1 1 1 1327 987 1328
2360 1 1 1 1325 1328 988
2361 1 1 1 985 1318 1327
2362 1 1 1 1318 1329 1327
2363 1 1 1 1318 904 1329
2364 1 1 1 1327 1329 987
2365 1 1 1 988 1328 1331
2366 1 1 1 1328 1330 1331
2367 1 1 1 1328 987 1330
2368 1 1 1 1331 1330 885
2369 1 1 1 159 158 1333
2370 1 1 1 158 1332 1333
2371 1 1 1 158 157 1332
2372 1 1 1 1333 1332 990
2373 1 1 1 157 1334 1332
2374 1 1 1 1334 1335 1332
2375 1 1 1 1334 989 1335
2376 1 1 1 1332 1335 990
2377 1 1 1 157 156 1334
2378 1 1 1 156 1336 1334
2379 1 1 1 156 155 1336
2380 1 1 1 1334 1336 989
2381 1 1 1 990 1335 1338
2382 1 1 1 1335 1337 1338
2383 1 1 1 1335 989 1337
2384 1 1 1 1338 1337 907
2385 1 1 1 155 1339 1336
2386 1 1 1 1339 1340 1336
2387 1 1 1 1339 991 1340
2388 1 1 1 1336 1340 989
2389 1 1 1 991 1341 1340
2390 1 1 1 1341 1342 1340
2391 1 1 1 1341 992 1342
2392 1 1 1 1340 1342 989
2393 1 1 1 991 1343 1341
2394 1 1 1 1343 1344 1341
2395 1 1 1 1343 906 1344
2396 1 1 1 1341 1344 992
2397 1 1 1 989 1342 1337
2398 1 1 1 1342 1345 1337
2399 1 1 1 1342 992 1345
2400 1 1 1 1337 1345 907
2401 1 1 1 155 154 1339
2402 1 1 1 154 1346 1339
2403 1 1 1 154 153 1346
2404 1 1 1 1339 1346 991
2405 1 1 1 153 1347 1346
2406 1 1 1 1347 1348 1346
2407 1 1 1 1347 993 1348
2408 1 1 1 1346 1348 991
2409 1 1 1 153 152 1347
2410 1 1 1 152 1349 1347
2411 1 1 1 152 151 1349
2412 1 1 1 1347 1349 993
2413 1 1 1 991 1348 1343
2414 1 1 1 1348 1350 1343
2415 1 1 1 1348 993 1350
2416 1 1 1 1343 1350 906
2417 1 1 1 907 1345 1352
2418 1 1 1 1345 1351 1352
2419 1 1 1 1345 992 1351
2420 1 1 1 1352 1351 995
2421 1 1 1 992 1353 1351
2422 1 1 1 1353 1354 1351
2423 1 1 1 1353 994 1354
2424 1 1 1 1351 1354 995
2425 1 1 1 992 1344 1353
2426 1 1 1 1344 1355 1353
2427 1 1 1 1344 906 1355
2428 1 1 1 1353 1355 994
2429 1 1 1 995 1354 1357
2430 1 1 1 1354 1356 1357
2431 1 1 1 1354 994 1356
2432 1 1 1 1357 1356 882
2433 1 1 1 881 1112 1231
2434 1 1 1 1112 1358 1231
2435 1 1 1 1112 934 1358
2436 1 1 1 1231 1358 964
2437 1 1 1 934 1359 1358
2438 1 1 1 1359 1360 1358
2439 1 1 1 1359 996 1360
2440 1 1 1 1358 1360 964
2441 1 1 1 934 1108 1359
2442 1 1 1 1108 1361 1359
2443 1 1 1 1108 891 1361
2444 1 1 1 1359 1361 996
2445 1 1 1 964 1360 1232
2446 1 1 1 1360 1362 1232
2447 1 1 1 1360 996 1362
2448 1 1 1 1232 1362 899
2449 1 1 1 891 1363 1361
2450 1 1 1 1363 1364 1361
2451 1 1 1 1363 997 1364
2452 1 1 1 1361 1364 996
2453 1 1 1 997 1365 1364
2454 1 1 1 1365 1366 1364
2455 1 1 1 1365 998 1366
2456 1 1 1 1364 1366 996
2457 1 1 1 997 1367 1365
2458 1 1 1 1367 1368 1365
2459 1 1 1 1367 898 1368
2460 1 1 1 1365 1368 998
2461 1 1 1 996 1366 1362
2462 1 1 1 1366 1369 1362
2463 1 1 1 1366 998 1369
2464 1 1 1 1362 1369 899
2465 1 1 1 891 1097 1363
2466 1 1 1 1097 1370 1363
2467 1 1 1 1097 929 1370
2468 1 1 1 1363 1370 997
2469 1 1 1 929 1371 1370
2470 1 1 1 1371 1372 1370
2471 1 1 1 1371 954 1372
2472 1 1 1 1370 1372 997
2473 1 1 1 929 1092 1371
2474 1 1 1 1092 1189 1371
2475 1 1 1 1092 189 1189
2476 1 1 1 1371 1189 954
2477 1 1 1 997 1372 1367
2478 1 1 1 1372 1194 1367
2479 1 1 1 1372 954 1194
2480 1 1 1 1367 1194 898
2481 1 1 1 899 1369 1237
2482 1 1 1 1369 1373 1237
2483 1 1 1 1369 998 1373
2484 1 1 1 1237 1373 965
2485 1 1 1 998 1374 1373
2486 1 1 1 1374 1375 1373
2487 1 1 1 1374 959 1375
2488 1 1 1 1373 1375 965
2489 1 1 1 998 1368 1374
2490 1 1 1 1368 1208 1374
2491 1 1 1 1368 898 1208
2492 1 1 1 1374 1208 959
2493 1 1 1 965 1375 1238
2494 1 1 1 1375 1213 1238
2495 1 1 1 1375 959 1213
2496 1 1 1 1238 1213 883
2497 1 1 1 69 68 1323
2498 1 1 1 68 1376 1323
2499 1 1 1 68 67 1376
2500 1 1 1 1323 1376 986
2501 1 1 1 67 1377 1376
2502 1 1 1 1377 1378 1376
2503 1 1 1 1377 999 1378
2504 1 1 1 1376 1378 986
2505 1 1 1 67 66 1377
2506 1 1 1 66 1379 1377
2507 1 1 1 66 65 1379
2508 1 1 1 1377 1379 999
2509 1 1 1 986 1378 1324
2510 1 1 1 1378 1380 1324
2511 1 1 1 1378 999 1380
2512 1 1 1 1324 1380 904
2513 1 1 1 65 1381 1379
2514 1 1 1 1381 1382 1379
2515 1 1 1 1381 1000 1382
2516 1 1 1 1379 1382 999
2517 1 1 1 1000 1383 1382
2518 1 1 1 1383 1384 1382
2519 1 1 1 1383 1001 1384
2520 1 1 1 1382 1384 999
2521 1 1 1 1000 1385 1383
2522 1 1 1 1385 1386 1383
2523 1 1 1 1385 903 1386
2524 1 1 1 1383 1386 1001
2525 1 1 1 999 1384 1380
2526 1 1 1 1384 1387 1380
2527 1 1 1 1384 1001 1387
2528 1 1 1 1380 1387 904
2529 1 1 1 65 64 1381
2530 1 1 1 64 1388 1381
2531 1 1 1 64 63 1388
2532 1 1 1 1381 1388 1000
2533 1 1 1 63 1389 1388
2534 1 1 1 1389 1390 1388
2535 1 1 1 1389 976 1390
2536 1 1 1 1388 1390 1000
2537 1 1 1 63 62 1389
2538 1 1 1 62 1281 1389
2539 1 1 1 62 6 1281
2540 1 1 1 1389 1281 976
2541 1 1 1 1000 1390 1385
2542 1 1 1 1390 1286 1385
2543 1 1 1 1390 976 1286
2544 1 1 1 1385 1286 903
2545 1 1 1 904 1387 1329
2546 1 1 1 1387 1391 1329
2547 1 1 1 1387 1001 1391
2548 1 1 1 1329 1391 987
2549 1 1 1 1001 1392 1391
2550 1 1 1 1392 1393 1391
2551 1 1 1 1392 981 1393
2552 1 1 1 1391 1393 987
2553 1 1 1 1001 1386 1392
2554 1 1 1 1386 1300 1392
2555 1 1 1 1386 903 1300
2556 1 1 1 1392 1300 981
2557 1 1 1 987 1393 1330
2558 1 1 1 1393 1305 1330
2559 1 1 1 1393 981 1305
2560 1 1 1 1330 1305 885
2561 1 1 1 882 1120 1395
2562 1 1 1 1120 1394 1395
2563 1 1 1 1120 936 1394
2564 1 1 1 1395 1394 1003
2565 1 1 1 936 1396 1394
2566 1 1 1 1396 1397 1394
2567 1 1 1 1396 1002 1397
2568 1 1 1 1394 1397 1003
2569 1 1 1 936 1119 1396
2570 1 1 1 1119 1398 1396
2571 1 1 1 1119 892 1398
2572 1 1 1 1396 1398 1002
2573 1 1 1 1003 1397 1400
2574 1 1 1 1397 1399 1400
2575 1 1 1 1397 1002 1399
2576 1 1 1 1400 1399 908
2577 1 1 1 892 1401 1398
2578 1 1 1 1401 1402 1398
2579 1 1 1 1401 1004 1402
2580 1 1 1 1398 1402 1002
2581 1 1 1 1004 1403 1402
2582 1 1 1 1403 1404 1402
2583 1 1 1 1403 1005 1404
2584 1 1 1 1402 1404 1002
2585 1 1 1 1004 1405 1403
2586 1 1 1 1405 1406 1403
2587 1 1 1 1405 905 1406
2588 1 1 1 1403 1406 1005
2589 1 1 1 1002 1404 1399
2590 1 1 1 1404 1407 1399
2591 1 1 1 1404 1005 1407
2592 1 1 1 1399 1407 908
2593 1 1 1 892 1114 1401
2594 1 1 1 1114 1408 1401
2595 1 1 1 1114 935 1408
2596 1 1 1 1401 1408 1004
2597 1 1 1 935 1409 1408
2598 1 1 1 1409 1410 1408
2599 1 1 1 1409 983 1410
2600 1 1 1 1408 1410 1004
2601 1 1 1 935 1113 1409
2602 1 1 1 1113 1307 1409
2603 1 1 1 1113 881 1307
2604 1 1 1 1409 1307 983
2605 1 1 1 1004 1410 1405
2606 1 1 1 1410 1312 1405
2607 1 1 1 1410 983 1312
2608 1 1 1 1405 1312 905
2609 1 1 1 908 1407 1412
2610 1 1 1 1407 1411 1412
2611 1 1 1 1407 1005 1411
2612 1 1 1 1412 1411 1006
2613 1 1 1 1005 1413 1411
2614 1 1 1 1413 1414 1411
2615 1 1 1 1413 988 1414
2616 1 1 1 1411 1414 1006
2617 1 1 1 1005 1406 1413
2618 1 1 1 1406 1326 1413
2619 1 1 1 1406 905 1326
2620 1 1 1 1413 1326 988
2621 1 1 1 1006 1414 1415
2622 1 1 1 1414 1331 1415
2623 1 1 1 1414 988 1331
2624 1 1 1 1415 1331 885
2625 1 1 1 159 1333 1297
2626 1 1 1 1333 1416 1297
2627 1 1 1 1333 990 1416
2628 1 1 1 1297 1416 979
2629 1 1 1 990 1417 1416
2630 1 1 1 1417 1418 1416
2631 1 1 1 1417 1007 1418
2632 1 1 1 1416 1418 979
2633 1 1 1 990 1338 1417
2634 1 1 1 1338 1419 1417
2635 1 1 1 1338 907 1419
2636 1 1 1 1417 1419 1007
2637 1 1 1 979 1418 1298
2638 1 1 1 1418 1420 1298
2639 1 1 1 1418 1007 1420
2640 1 1 1 1298 1420 902
2641 1 1 1 907 1421 1419
2642 1 1 1 1421 1422 1419
2643 1 1 1 1421 1008 1422
2644 1 1 1 1419 1422 1007
2645 1 1 1 1008 1423 1422
2646 1 1 1 1423 1424 1422
2647 1 1 1 1423 1009 1424
2648 1 1 1 1422 1424 1007
2649 1 1 1 1008 1425 1423
2650 1 1 1 1425 1426 1423
2651 1 1 1 1425 908 1426
2652 1 1 1 1423 1426 1009
2653 1 1 1 1007 1424 1420
2654 1 1 1 1424 1427 1420
2655 1 1 1 1424 1009 1427
2656 1 1 1 1420 1427 902
2657 1 1 1 907 1352 1421
2658 1 1 1 1352 1428 1421
2659 1 1 1 1352 995 1428
2660 1 1 1 1421 1428 1008
2661 1 1 1 995 1429 1428
2662 1 1 1 1429 1430 1428
2663 1 1 1 1429 1003 1430
2664 1 1 1 1428 1430 1008
2665 1 1 1 995 1357 1429
2666 1 1 1 1357 1395 1429
2667 1 1 1 1357 882 1395
2668 1 1 1 1429 1395 1003
2669 1 1 1 1008 1430 1425
2670 1 1 1 1430 1400 1425
2671 1 1 1 1430 1003 1400
2672 1 1 1 1425 1400 908
2673 1 1 1 902 1427 1303
2674 1 1 1 1427 1431 1303
2675 1 1 1 1427 1009 1431
2676 1 1 1 1303 1431 980
2677 1 1 1 1009 1432 1431
2678 1 1 1 1432 1433 1431
2679 1 1 1 1432 1006 1433
2680 1 1 1 1431 1433 980
2681 1 1 1 1009 1426 1432
2682 1 1 1 1426 1412 1432
2683 1 1 1 1426 908 1412
2684 1 1 1 1432 1412 1006
2685 1 1 1 980 1433 1304
2686 1 1 1 1433 1415 1304
2687 1 1 1 1433 1006 1415
2688 1 1 1 1304 1415 885
2689 1 1 1 181 1145 1181
2690 1 1 1 1145 1434 1181
2691 1 1 1 1145 944 1434
2692 1 1 1 1181 1434 951
2693 1 1 1 944 1435 1434
2694 1 1 1 1435 1436 1434
2695 1 1 1 1435 1010 1436
2696 1 1 1 1434 1436 951
2697 1 1 1 944 1150 1435
2698 1 1 1 1150 1437 1435
2699 1 1 1 1150 895 1437
2700 1 1 1 1435 1437 1010
2701 1 1 1 951 1436 1182
2702 1 1 1 1436 1438 1182
2703 1 1 1 1436 1010 1438
2704 1 1 1 1182 1438 896
2705 1 1 1 895 1439 1437
2706 1 1 1 1439 1440 1437
2707 1 1 1 1439 1011 1440
2708 1 1 1 1437 1440 1010
2709 1 1 1 1011 1441 1440
2710 1 1 1 1441 1442 1440
2711 1 1 1 1441 1012 1442
2712 1 1 1 1440 1442 1010
2713 1 1 1 1011 1443 1441
2714 1 1 1 1443 1444 1441
2715 1 1 1 1443 909 1444
2716 1 1 1 1441 1444 1012
2717 1 1 1 1010 1442 1438
2718 1 1 1 1442 1445 1438
2719 1 1 1 1442 1012 1445
2720 1 1 1 1438 1445 896
2721 1 1 1 895 1162 1439
2722 1 1 1 1162 1446 1439
2723 1 1 1 1162 947 1446
2724 1 1 1 1439 1446 1011
2725 1 1 1 947 1447 1446
2726 1 1 1 1447 1448 1446
2727 1 1 1 1447 1013 1448
2728 1 1 1 1446 1448 1011
2729 1 1 1 947 1165 1447
2730 1 1 1 1165 1449 1447
2731 1 1 1 1165 882 1449
2732 1 1 1 1447 1449 1013
2733 1 1 1 1011 1448 1443
2734 1 1 1 1448 1450 1443
2735 1 1 1 1448 1013 1450
2736 1 1 1 1443 1450 909
2737 1 1 1 896 1445 1186
2738 1 1 1 1445 1451 1186
2739 1 1 1 1445 1012 1451
2740 1 1 1 1186 1451 952
2741 1 1 1 1012 1452 1451
2742 1 1 1 1452 1453 1451
2743 1 1 1 1452 1014 1453
2744 1 1 1 1451 1453 952
2745 1 1 1 1012 1444 1452
2746 1 1 1 1444 1454 1452
2747 1 1 1 1444 909 1454
2748 1 1 1 1452 1454 1014
2749 1 1 1 952 1453 1187
2750 1 1 1 1453 1455 1187
2751 1 1 1 1453 1014 1455
2752 1 1 1 1187 1455 884
2753 1 1 1 882 1356 1449
2754 1 1 1 1356 1456 1449
2755 1 1 1 1356 994 1456
2756 1 1 1 1449 1456 1013
2757 1 1 1 994 1457 1456
2758 1 1 1 1457 1458 1456
2759 1 1 1 1457 1015 1458
2760 1 1 1 1456 1458 1013
2761 1 1 1 994 1355 1457
2762 1 1 1 1355 1459 1457
2763 1 1 1 1355 906 1459
2764 1 1 1 1457 1459 1015
2765 1 1 1 1013 1458 1450
2766 1 1 1 1458 1460 1450
2767 1 1 1 1458 1015 1460
2768 1 1 1 1450 1460 909
2769 1 1 1 906 1461 1459
2770 1 1 1 1461 1462 1459
2771 1 1 1 1461 1016 1462
2772 1 1 1 1459 1462 1015
2773 1 1 1 1016 1463 1462
2774 1 1 1 1463 1464 1462
2775 1 1 1 1463 1017 1464
2776 1 1 1 1462 1464 1015
2777 1 1 1 1016 1465 1463
2778 1 1 1 1465 1466 1463
2779 1 1 1 1465 894 1466
2780 1 1 1 1463 1466 1017
2781 1 1 1 1015 1464 1460
2782 1 1 1 1464 1467 1460
2783 1 1 1 1464 1017 1467
2784 1 1 1 1460 1467 909
2785 1 1 1 906 1350 1461
2786 1 1 1 1350 1468 1461
2787 1 1 1 1350 993 1468
2788 1 1 1 1461 1468 1016
2789 1 1 1 993 1469 1468
2790 1 1 1 1469 1470 1468
2791 1 1 1 1469 939 1470
2792 1 1 1 1468 1470 1016
2793 1 1 1 993 1349 1469
2794 1 1 1 1349 1123 1469
2795 1 1 1 1349 151 1123
2796 1 1 1 1469 1123 939
2797 1 1 1 1016 1470 1465
2798 1 1 1 1470 1128 1465
2799 1 1 1 1470 939 1128
2800 1 1 1 1465 1128 894
2801 1 1 1 909 1467 1454
2802 1 1 1 1467 1471 1454
2803 1 1 1 1467 1017 1471
2804 1 1 1 1454 1471 1014
2805 1 1 1 1017 1472 1471
2806 1 1 1 1472 1473 1471
2807 1 1 1 1472 942 1473
2808 1 1 1 1471 1473 1014
2809 1 1 1 1017 1466 1472
2810 1 1 1 1466 1140 1472
2811 1 1 1 1466 894 1140
2812 1 1 1 1472 1140 942
2813 1 1 1 1014 1473 1455
2814 1 1 1 1473 1143 1455
2815 1 1 1 1473 942 1143
2816 1 1 1 1455 1143 884
