1 0 0 0
2 5 0 0
3 17.5 0 0
4 20 0 0
5 20 2 0
6 17.5 2 0
7 5 2 0
8 0 2 0
9 20 14 0
10 17.5 14 0
11 15 14 0
12 2.4999999999929 0 0
13 8.12499999998036 0 0
14 11.2499999999625 0 0
15 14.3749999999831 0 0
16 18.7499999999874 0 0
17 20 0.999999999997344 0
18 18.7500000000126 2 0
19 17.5 1.00000000000266 0
20 15.9375000000052 2 0
21 14.3750000000161 2 0
22 12.8125000000254 2 0
23 11.2500000000323 2 0
24 9.68750000003077 2 0
25 8.12500000002828 2 0
26 6.5625000000134 2 0
27 5 1.00000000000266 0
28 3.86083619585588 2 0
29 2.72167239171453 2 0
30 1.36083619585841 2 0
31 0 1.00000000000266 0
32 20 4.99999999998975 0
33 20 7.99999999997796 0
34 20 10.9999999999882 0
35 18.7500000000126 14 0
36 17.5 12.0000000000044 0
37 17.5 10.0000000000125 0
38 17.5 8.00000000001397 0
39 17.5 6.00000000000627 0
40 17.5 4.00000000000157 0
41 16.2500000000183 14 0
42 13.7500000000031 12.5000000000038 0
43 12.5000000000069 11.0000000000083 0
44 11.2500000000071 9.50000000000857 0
45 10.0000000000046 8.00000000000551 0
46 8.75000000000372 6.50000000000446 0
47 7.5000000000023 5.00000000000276 0
48 6.25000000000148 3.50000000000178 0
49 1.93041809792863 1 0
50 3.86083619585727 1 0
51 0.965209048964317 1.5 0
52 2.32604524482158 1.5 0
53 0.965209048964317 0.5 0
54 3.46520904896432 0.5 0
55 12.8124999999893 1 0
56 11.2499999999974 1 0
57 6.56250000001414 1 0
58 15.9375000000081 1 0
59 9.6874999999954 1 0
60 18.75 1 0
61 19.375 0.5 0
62 18.125 0.5 0
63 18.125 1.5 0
64 19.375 1.5 0
65 18.75 4.49999999999606 0
66 18.75 11.4999999999976 0
67 18.75 8.99999999999523 0
68 19.375 9.74999999998778 0
69 18.125 10.7500000000051 0
70 18.75 6.99999999999211 0
71 18.125 5.25000000000116 0
72 19.375 6.24999999998701 0
73 19.375 3.24999999999803 0
74 18.125 3.24999999999803 0
75 18.125 12.7499999999988 0
76 19.375 12.7499999999988 0
77 12.8125000000242 5.4557291666803 0
78 14.3965337132538 8.03943210115876 0
79 10.2144582411141 4.54932280137977 0
80 15.1642857142877 11.3214285714339 0
81 15.2989502784532 4.4988669699645 0
82 7.81250000001529 3.50000000000138 0
83 13.5937500000202 3.72786458334015 0
84 12.0312500000282 3.72786458334015 0
85 15.0821428571439 12.660714285717 0
86 16.3321428571439 12.660714285717 0
87 11.4062500000144 6.72786458334291 0
88 13.604516856639 6.74758063391953 0
89 12.1982668566292 8.01971605058213 0
90 16.3321428571439 10.6607142857232 0
91 13.4482668566303 9.51971605058352 0
92 13.8321428571473 11.1607142857211 0
93 8.85722912055818 4.77466140069126 0
94 10.1072291205593 6.27466140069264 0
95 11.5134791205691 5.00252598403004 0
96 10.7322291205732 3.27466140068989 0
97 9.16972912057117 3.27466140068989 0
98 16.3994751392266 5.24943348498538 0
99 16.3994751392266 3.24943348498225 0
100 14.8369751392347 3.24943348498225 0
101 14.0557251392387 4.9772980683224 0
102 15.9482668566269 9.01971605058563 0
103 15.9482668566269 7.01971605058251 0
104 14.8477419958535 6.26914953556163 0
105 14.7804097137707 9.68043033629635 0
