0.027108553663819895
0.026107686396995795
0.026889524380610298
0.026166553857598404
0.0268154815141775
0.026763478349546607
0.024788342499819406
0.026706295178563398
0.025812912182348005
0.026543115493609902
0.027011195726739802
0.026190582221182403
0.0265276265197742
0.026541902657792694
0.025027463969879697
0.026659949147454405
0.025635468738719906
0.025429203432194604
0.0252869266406786
0.027485275863584603
0.0260448507628182
0.025902071654646606
0.027661210328744704
0.027971138668614996
0.0263717608690458
0.026358602969477604
0.026429531163021804
0.025369283298236407
0.026003205563908997
0.026155612878136003
0.025870582672559095
0.0261888398079659
0.02663210581894341
0.026063609202696
0.026735631190731697
0.025398567434401907
0.026428112061290296
0.027109770179250404
0.026317289956382592
0.026247747365702304
0.0261596713823345
0.024495900915213704
0.026383971371751996
0.0272761108778345
0.026287728708586505
0.026188339508825806
0.02509607621158029
0.026361891690900502
0.026564139937263108
0.02527023331781629
0.0269385891946022
0.024690719398543406
0.0269840402384103
0.027644223757243798
0.026852945637855806
0.026495045624469
0.026051964650316804
0.025768214052761605
0.026943420447701497
0.025916410140728596
0.0268995957211835
0.025278490018285804
0.026685431631261206
0.027462629467353894
0.025177397554759597
0.026060324749555996
0.025501796704509597
0.026721495061984304
0.0273644268237496
0.025302026515454393
0.0264875553807392
0.02579335054035809
0.025081424503130098
0.026261068948839207
0.02557411248132689
0.027284550120153406
0.025609897325772797
0.0266640272389458
0.027471590735075796
0.0263163858549992
0.025628387401561502
0.026592727809424697
0.026365455026712302
0.02538887567622989
0.0268294972968654
0.027333290054008204
0.025860197305882397
0.026604080801668005
0.026566107979901596
0.0262747638259248
0.027022998810511498
0.0254930180115555
0.0255592682999273
0.024877327411513897
0.026001087478825798
0.025578503123584694
0.02572707272302851
0.026629380640544896
0.0258611923384807
0.027760373057385997
0.026126493763960403
0.026612534001584906
0.026355986068423008
0.0266676345932622
0.027442498454543898
0.027267795538638298
0.025756174598355906
0.026349328072803997
0.0270317901183175
0.0266379887116764
0.0265398366567222
0.02795490203426651
0.027164091608856904
0.027120764970784805
0.026655044161505805
0.0260753916854857
0.026718029071431504
0.026057299284525305
0.0256022082359956
0.024369562461014696
0.026501752194440092
0.025812780316181602
0.02798262243654869
0.025178163704643007
0.026745966190703407
0.026737731355746107
0.026724893680998493
0.025168917996200295
0.0264407303462108
0.026284262811106796
0.026771676874041805
0.026381474552358702
0.0266926548593689
0.02689825538462501
0.025692988636079397
0.0264484275790346
0.026021057240918098
0.026462913101702103
0.0249926132753424
0.0270689258328927
0.026176442605158702
0.026252725094828205
0.0263533858042046
0.026498562079349107
0.027216429254368
0.026339540227225393
0.0261315017812394
0.026297148204978103
0.026639574585290496
0.0254441392924974
0.026419904947657398
0.024952135838047694
0.0265925173137738
0.025751766838783496
0.026650955815947994
0.026237397708100102
0.025982645523626002
0.027334385492481003
0.026401334725168993
0.026914821846781796
0.026884977581346794
0.025745023465015296
0.026927173769818694
0.027309840348904303
0.027654815493467502
0.025801356919561695
0.0267493796358722
0.0269904319949459
0.026589376924886908
0.0261389154127998
0.0265705321889698
0.027030195538351502
0.025636197489266405
0.02541785435344309
0.026848716224913305
0.025872420320058008
0.02640374775583311
0.026417003742461108
0.024892607094038503
0.026950728092976703
0.026223924096185604
0.027340588957658694
0.027282519519649197
0.027260107582316895
0.0265401397172362
0.026174924757131006
0.025742615594092196
0.024339781100145293
0.0260856875428239
0.0257886778912425
0.026397930369601807
0.027106109532844203
0.026775698792827908
0.02601400724043751
0.026875888678466103
0.026076058062471895
0.0256683186189844
0.026525340483165995
0.0262339508906142
0.026428580160874897
0.026584435066261902
0.026755332491312296
0.026713107278696198
0.0257632687854686
0.026845449255517503
0.026321065118492595
0.027025374810611298
0.025955161859292294
0.0253806469560754
0.025781442645403406
0.0258757244599577
0.026319214259741902
0.025932582899884808
0.026543580868650996
0.026990830865933305
0.0270893486424839
0.025824327227329802
0.026891993571976795
0.025932385640340908
0.024015737095715
0.025786336564684598
0.0266258840041938
0.026773977613121107
0.024520459744114903
0.02677547639204131
0.026540188948145298
0.026469846230744894
0.026351314729674294
0.026812072090626908
0.025949133963969702
0.02660112342628669
0.026888582995743003
0.0261593109696156
0.026183126241767496
0.025546537083343
0.024583238664816896
0.026116159744896297
0.026397557408685303
0.0273532236923485
0.025733286243849192
0.0264551239445516
0.026673810158223794
0.0250739688972954
0.026393399604012602
0.025321170107882006
0.025851830272706496
0.0266666897599402
0.025273023760350594
0.02576828273348611
0.0275993804144245
0.026287981816065405
0.024949001257995804
0.025974110827492604
0.0261385675790015
0.026765105279763106
0.026240661123495497
0.025946239138859108
0.0264783632161918
0.0248199824500381
0.0262394785421246
0.026601948912185598
0.024629925465190702
0.0270544360190434
0.025767653250136996
0.0273695555373496
0.025814223246383092
0.026991913210646007
0.025829649536865507
0.0266041485977533
0.025858873978774295
0.026735370707809195
0.026715967098820702
0.026534981637477695
0.024714362257125803
0.0260894194246689
0.026313012315341097
0.0270235749995123
0.0269928149371247
0.025301699758388405
0.026423996935754097
0.027458024767828507
0.025636312272852395
0.02643342531046569
0.026842261592187194
0.0270545803670732
0.025834169584442
0.025907716409430105
0.026754943632264695
0.026401266014014498
0.025654517308563003
0.026004574209839197
0.026298697197568
0.025999872254489693
0.026775374731049295
0.027060929678500996
0.026630541077535097
0.025067896960488306
0.0269367861613203
0.027414545224194106
0.026584392611358997
0.0255823220615436
0.0271137631703655
0.026044562192977294
0.0249026582092886
0.026750645724460405
0.0262458608867691
0.025212744755860002
0.026357957660017507
0.02562503366550809
0.026770569216384696
0.025961252175789207
0.02772343739845219
0.0264471799217472
0.02687142143570251
0.02731924019917009
0.0268702508159767
0.0255992541601563
0.026116549289048198
0.025560213903032793
0.026242930499115705
0.027380747005623096
0.027286196811664
0.027060577268440508
0.026512277264733
0.0267726494436894
0.02652157487539321
0.02620781412251899
0.026138367098931803
0.026998694311234195
0.0278894998142794
0.024960647023955396
0.0268814320986002
0.027855259124733606
0.027690755643286206
0.02726760998249131
0.026590304890859298
0.0247561326346305
0.02719741201888559
0.026249545846191706
0.026970516347545298
0.025414243295845504
0.027581732452605298
0.0263837840047549
0.026301028745794798
0.0267110062842663
0.0254165035696415
0.025801124882978192
0.025885842199671397
0.0258434971833766
0.027567495220048997
0.026312295363778104
0.0262598385488564
0.026268606096449404
0.027151808937502193
0.025996567271058806
0.0261029689319729
0.025937213485106796
0.026014697610119097
0.025108661759730297
0.026436664287705094
0.0271943564464684
0.027309044667754405
0.026422898595206898
0.025899579233030802
0.0264225160740627
0.0268678379704909
0.025730673265434205
0.024286002618489094
0.02597096784251781
0.026992987448353795
0.027765141665681593
0.0262304918304513
0.0274890489847344
0.027092174531644204
0.0259492462310196
0.026515918481444495
0.027756232713656098
0.02696012154703631
0.024679591294226005
0.026350238000157504
0.0270451888063585
0.026626408321571995
0.0262717963106475
0.026289700092410703
0.027575671706875103
0.026459691391285296
0.026993368073763895
0.026595362870418596
0.026426446832064195
0.0261061306723327
0.025635947344310496
0.025952368322411698
0.0249933411632444
0.026506018356314803
0.026525275087444705
0.0257822664592134
0.027209266714535905
0.02594959325056611
0.0249786730225594
0.026475193407592808
0.026604769035696807
0.025934601724822898
0.025956708826802795
0.026798741979291302
0.0253286558004108
0.025229656095014895
0.02684790605877191
0.027693718325385294
0.024947233809213702
0.027130683411342504
0.026142459758338205
0.026738015682757403
0.0266057918713426
0.0269202864521386
0.0269527988546251
0.025883908364898907
0.026703024055292304
0.02588794991365769
0.026799898220439898
0.025948582729558405
0.0261688304212212
0.026332397613335896
0.025535099421787298
0.0261700975117196
0.026484199382697596
0.027336054539182496
0.026822887260973705
0.026674560488921903
0.026291693124159597
0.026278490341678493
0.025607169170915704
0.026227032081965106
0.027466317493417797
0.026254423814004307
0.025821370948474892
0.0252907516203624
0.025300090877257597
0.027172993100365
0.026048366056424306
0.027134784698927307
0.025486892833168004
0.026637891816417993
0.026088600819725694
0.026564360758004793
0.026985279970128895
0.026541227952313402
0.026888147574449996
0.025659545560329296
0.027032203911591203
0.025706695647740002
0.026511921668064
0.026997435115537996
0.0258531389936775
0.025968164062214
0.026401970796794003
0.02666124773747871
0.025975219072835003
0.0255544448969008
0.0273579372824966
0.0270114544214722
0.026338234718663804
0.025447134867202105
0.02748895536888081
0.026492573409246302
0.0267592945661851
0.026174725163337
0.0272014547972642
0.027168915616459198
0.0266588295875426
0.026758219583065804
0.027127695264163802
0.027066178246131292
0.0276859895432991
0.025435893065031093
0.025909785146728204
0.026718873676751104
0.027047675845636103
0.026440264455130605
0.025814479999893204
0.0267054635042153
0.026038146974393703
0.025561487222647894
0.0259310816369899
0.0264814856439234
0.027604647600142994
0.026020589318967897
0.025907198097392996
0.025772835178661697
0.026337624704626604
0.0259106874347136
0.026556165346004204
0.027031073027552192
0.0255685734872763
0.0264934700178159
0.026851303598890104
0.0278459517171194
0.026131120641272994
0.026347714026039304
0.0250898006757208
0.025750444582949797
0.025287124585522708
0.027054518131810402
0.026455517580563505
0.026785794676606002
0.026513066333393696
0.026905247197129396
0.026829022187523095
0.0258328346499773
0.026626551616830398
0.025813400434810597
0.027670649955252598
0.024568131638157797
0.026118299848725005
0.0272063640715398
0.025806732765103098
0.0267514781350948
0.025839711223837693
0.025857345573279296
0.0274610087495806
0.027911041387973803
0.026284708684113207
0.0267846436655038
0.025942772636377502
0.026456753597136493
0.024994796423900907
0.0256995991425085
0.025005788816528797
0.027101202206024903
0.026335090761045794
0.026912493783997106
0.024696288032614706
0.0248157347331444
0.026722935705188806
0.0266473523194104
0.0276158100359519
0.026109642615638508
0.026509430133328696
0.027807694813206996
0.025557382907754098
0.026667086684195103
0.025821864391665103
0.027206385059267396
0.028170198834420707
0.026452584487776695
0.025840142483766503
0.025898815317485398
0.027170913673236992
0.026178859179055998
0.025833182575648997
0.0277257471555881
0.026134888594624296
0.026615926664172
0.0261046110487419
0.0254309013729798
0.026730879056646402
0.025845512619572693
0.026544241587217
0.026553411298009096
0.02709897843288621
0.026662041438349098
0.0262702164285136
0.026852426852768306
0.025512202613072903
0.026377617093040297
0.0266476919520297
0.027009141869532606
0.026630956754310098
0.025782608215635106
0.025960154502791294
0.02705455105592
0.026011310568540405
0.027754920389151692
0.026085409259398798
0.0256566743359957
0.0258069715012414
0.026787735457065198
0.0262839640835179
0.026011119635493303
0.026065169678196394
0.0266843057822318
0.024760308757298392
0.026030798531006906
0.025941963778694996
0.026715568314214802
0.0261333091240784
0.025864124957895994
0.026080838315394705
0.02562042374579889
0.026495791765919104
0.026335069893672007
0.026511695177056697
0.027219194376478406
0.027833205586768293
0.026258840936572297
0.0266619223111886
0.0262207605500724
0.026939889530636404
0.025481880186549503
0.026633991840344
0.027333241505637096
0.025037052696250707
0.026494145064725298
0.026250009871579306
0.026053939096742196
0.0273207222992392
0.026859706138791496
0.0273199297751198
0.025790156548439407
0.026094370979608303
0.026354563187763295
0.026540783372736694
0.0271832856364677
0.027815004010627607
0.026846631809273096
0.026928058511219204
0.026594142094774897
0.027187277382927706
0.026843691965337896
0.026580499769438208
0.027121535843878393
0.02675679795628319
0.02621149741914481
0.026745313337922794
0.027479800883437197
0.0255338312086486
0.026158147838087495
0.025309969213895694
0.026212496785713996
0.026888394078017394
0.0271022560267948
0.02583091353254039
0.027376631901840996
0.0257787440991038
0.026427709334438193
0.0268891459687741
0.026476477225856304
0.025422762479237297
0.02548501761461431
0.026345249142228903
0.0264339288477275
0.026989505229814505
0.0255804865927668
0.027538092115682394
0.026302946742745796
0.026456261085143006
0.026818453214774905
0.026669189179295207
0.025255477563034305
0.025105079583781796
0.025445974360394995
0.024390165973357095
0.026698287608270505
0.026089746095093104
0.025926812380469705
0.025662599759826002
0.02651694615354991
0.025466790296316794
0.026763286899697196
0.0251091109100903
0.026631068115146303
0.0262842880151683
0.026872179683466002
0.026278631939324698
0.026853746278321995
0.027240452399501396
0.026336846188107492
0.026698656182745598
0.0271343225225215
0.025595233491819303
0.0275712709595266
0.026368177903799493
0.026585982624256196
0.0259465561711546
0.0264716240779485
0.026364199229957003
0.026321420583202894
0.026786803506439402
0.0266401611368558
0.0264935935641818
0.026039873158219103
0.026108267946647695
0.025879622300941103
0.026276051611595706
0.026458300246060294
0.026968904712483005
0.025548579718676405
0.0262887444303274
0.0280438569360957
0.0264683311855956
0.025802835643930204
0.027061976637335797
0.026385985346088207
0.0266421897649895
0.02440828901315751
0.0272101541898295
0.0267500311851857
0.025749517780298402
0.026448881178313705
0.025963441782648207
0.0259348829936204
0.026132332119659298
0.02622992493688331
0.027637486431435
0.025668141847476497
0.025121422948970996
0.026675384907671497
0.0269185629530228
0.026304463154763202
0.0258164681188433
0.026822865195976604
0.026662105757083103
0.026451624704754206
0.027811610932702104
0.0259979036010744
0.026637051606914097
0.026456383051893496
0.026707338350671295
0.025798690265227797
0.027749744970917693
0.02732272917530651
0.0259580791602761
0.025832016976253203
0.026634056922144503
0.026046587584239493
0.025667060224741994
0.025864425164515495
0.0262719091192821
0.0260719159200187
0.0267526385980935
0.026292466810716307
0.0266558418548659
0.026046592430625307
0.026421567696063297
0.026053459866469696
0.027585162003420108
0.02537357806607691
0.025916650283098405
0.026766611437087195
0.025749733405259594
0.0253033220777445
0.0265854254332896
0.02567578905146009
0.024750058993148298
0.026083570511797896
0.026598592717049598
0.025603213603357003
0.026118213853839903
0.0264501087903046
0.02672341066658429
0.0277772598342447
0.025842220397644798
0.0262813246425145
0.027167624658708193
0.025617363503262408
0.027022482010427
0.026925090852236204
0.0248299302005299
0.024830954419940703
0.0261258829284017
0.027369003836228298
0.027282138602583994
0.026318959570178997
0.026199565532677195
0.0259705180332959
0.026270329877117908
0.026327592181232207
0.0253414217663386
0.027392010304925003
0.0269119121977276
0.027179523705194504
0.026923101646089603
0.0274297333626614
0.0254154636839026
0.025665133911773004
0.026290142524446107
0.025808979082325795
0.0265144276564223
0.026376415176629697
0.027127181218912298
0.025892591898650598
0.025880743059155803
0.027737943648028493
0.026452343112227397
0.026334887688837502
0.026083900013588998
0.0266684426231784
0.0283340729417045
0.0257232694972295
0.0276940551747372
0.027311086487203394
0.025580229217187604
0.0274318622285306
0.024928419302629005
0.0263093894476187
0.027209807339580394
0.026725578160520493
0.02596679569280841
0.026598346863236096
0.025617884215667706
0.027343910019915096
0.0262384455370969
0.0275814717459458
0.0276799569782333
0.024863579317662997
0.026803781306009106
0.026574057583008397
0.02784511818291391
0.025506543640629098
0.02452280713112521
0.027046089305921298
0.026319983319915703
0.026278685593782797
0.027090506260464803
0.0252876711217958
0.026029091690296602
0.026723241653412298
0.025822445355075906
0.026580564233144706
0.025595133510162307
0.0267994133553695
0.025289101969720694
0.024987363649125106
0.025627113050444197
0.0268689794356836
0.02551436802316749
0.0259547799219439
0.026539464585279497
0.0258261057451939
0.026689007156214507
0.026469080826601397
0.0270351687570842
0.02603322649440999
0.027153388918315098
0.026039619535045605
0.025255087808904404
0.026101307717774205
0.026841176375395397
0.026624007277252996
0.0260361664394489
0.026411280254397193
0.027341172616417393
0.027930133125176004
0.0259888856443821
0.026815295552952596
0.026619500218203605
0.025772006804178904
0.0266958592249718
0.025538637956878003
0.026063413352124698
0.025927962758324298
0.0260370669060474
0.026179299820786997
0.025726720727653495
0.0264621550037107
0.026026358455445202
0.027199827706716903
0.0264531586765345
0.025627163318681298
0.026505181695743105
0.026961513748246
0.025843664306420495
0.026762414709208197
0.0256856535007379
0.027183694369722997
0.026195483347691402
0.025489256332368496
0.026890611881751098
0.025951370384534406
0.027495320525074196
0.026536445954315202
0.027298998484063898
0.025847751489284303
0.025306573925943904
0.0277946402830562
0.026223854208795798
0.026574273836297693
0.027084340808384802
0.026492922904628298
0.0267611418945657
0.0251067906915751
0.026667796276989904
0.026120077837769096
0.025783684282957207
0.0265656959845548
0.026368162080627
0.024979288039506102
0.02703585097064609
0.026287091883366108
0.026084207694466198
0.024932584346584408
0.0267657357228437
0.026436867300271005
0.0255171861366646
0.026236153459767195
0.026513470670322205
0.027873044451863206
0.0260852158235977
0.027785006974976496
0.027159821288828705
0.0271648780438334
0.0261620604005149
0.0259637789049778
0.025525159043303998
0.0267738654413385
0.026777461063967105
0.025512941841719802
0.027112402771967005
0.026648413074382496
0.026932802548925
0.0262226599625209
0.02722668755419539
0.02731471645055259
0.028342137800108094
0.026218291393350496
0.026982657415990104
0.026795042191068402
0.0257118460908601
0.0270512842564153
0.0270760889729812
0.02682550294016111
0.026549183078907704
0.027669564143794297
0.0268237873816653
0.025638257369477196
0.027028483619247694
0.026426465411098894
0.027182905501868693
0.024513945342117503
0.025653027822749502
0.026244236265934
0.026027675020956903
0.0266192617392388
0.0275786404867436
0.027073230270701902
0.0256671827988506
0.026285075111354902
0.026070976157890398
0.024295513413618797
0.025488492219834402
0.025389530800145305
0.0266620700096782
0.026198652061878998
0.0268579809104744
0.027252075243629506
0.0255702218138463
0.026698235711292602
0.026667825853726103
0.026904177527985497
0.027315771113742504
0.025575973118131097
0.0260270202760012
0.025904005210656993
0.027476336636624896
0.025228712364078303
0.026960469517733093
0.025076027181918405
0.026259782943421198
0.0256618173381003
0.026897198893647507
0.027221990780944602
0.026274370710355897
0.0259953609555326
0.026031833704207405
0.02636116582081649
0.026456417174037405
0.026940744582817006
0.0267958784916981
0.026003645088050704
0.024788342514972403
0.026548833467261397
0.026206741908871102
0.027521330281524994
0.025853559197883798
0.026105086359244405
0.027443140998004503
0.027285831325092498
0.02662761566158941
0.0271896845762502
0.0255748562810523
0.026847086899182998
0.0264955844773263
0.0259975229954457
0.026004191926239997
0.0266042802980263
0.0260931751754502
0.025077314185725397
0.027594006131205204
0.0255340247957221
0.026533138560006303
0.0256165772495046
0.027831538519453206
0.027242822255761703
0.027058902195886095
0.0259777875051187
0.025525417387664603
0.026545282387149295
0.0248626121899981
0.026440123235876502
0.026410571832164303
0.026214822630190995
0.027626237792391796
0.0280916879209522
0.024895132373946104
0.026545401552531205
0.025909068463926696
0.0271584821655943
0.025889789359877492
0.024566533380434893
0.026452367750030903
0.026186266079729292
0.024852508019635802
0.0257470317407789
0.027400435593598504
0.027283666066338898
0.0258048731283022
0.026127489363094197
0.026446295904372197
0.026786960904984808
0.026854288350342703
0.0259463056436066
0.0264075186737859
0.026440181451603796
0.025355540353815105
0.026718697890643607
0.026015864080092696
0.0264031527722762
0.0255878969937443
0.027471670986008
0.025677197691702597
0.026217059300235393
0.026334851965551298
0.026093350266500497
0.025475520546488405
0.025980742819653506
0.025560844798035894
0.026101173721458197
0.027093203526098203
0.025845272894680506
0.026094934437819697
0.026809977726786095
0.026674242744282504
0.027263354691691208
0.024547564171390396
0.0254049101378106
0.026504592381440893
0.026656076594088404
0.0269376692936161
0.026633092807554194
0.026802201150613103
0.026384358985780905
0.0267687737787786
0.027333020523792398
0.026040638536196307
0.025376977513208707
0.026307248961012296
0.025940038153574596
0.027628403897198395
0.026428655613636907
0.026454830620053202
0.025487308219225
0.02633032418957141
0.026858373512769193
0.0270027040300546
0.024665536140371896
0.026210868861162494
0.025837291227124096
0.0263650785692889
0.026366871642034807
0.026787963249269506
0.026525697549563305
0.0257412450757301
0.0257472006642432
0.0267937789623185
0.027090413624672592
0.026431145911676203
0.026403682501709595
0.026408793476104905
0.027822916757675092
0.02615138280789559
0.0262345542332202
0.026039723005703196
0.02634907843697651
0.025925644892251305
0.0277411661441435
0.026626184372470794
0.0262551323597369
0.027385866304489602
0.0265781073863006
0.026729025872098897
0.027322873724321496
0.0262268593858197
0.0251049989781041
0.026465053093713796
0.0269014608322303
0.02580810602783
0.025726336361750604
0.025778442370941103
0.026423513720557394
0.0246173118589125
0.0267641588446657
0.027004117732672
0.025896989843328395
0.028037551977290298
0.025633026447924707
0.027135017541381104
0.025868480093570595
0.025465114003088304
0.02634180357318771
0.02780836519367351
0.0262785032701833
0.026475125610301506
0.025923171601041697
0.026941853727079502
0.0256088676199868
0.026351759424548607
0.025985693488972998
0.0255379983166356
0.0265651730344792
0.026283899199883103
0.025809172089148506
0.026477486983246402
0.025994864142436493
0.026872656346624904
0.026357772129839606
0.027093348849648896
0.024266582977432408
0.026532786612955793
0.0268969433478427
0.024763825177017307
0.026649492797158204
0.026340784028905703
0.0269493740282655
0.024660686490928695
0.027307885909723995
0.026566403222719602
0.026839814674257
0.0251948927121931
0.026075565860132308
0.025694761372212695
0.025563178384208005
0.025571376763162103
0.027060731673987697
0.0264196265285635
0.0266337071416915
0.026887565810009194
0.027168695590177393
0.026032809026066694
0.0265654937640818
0.025921667377138698
0.025849549416042603
0.026565003703737093
0.027458680373423194
0.025519214980188797
0.026574375168620497
0.027483691636292093
0.0272180066920577
0.027913616169132092
0.025685616073719206
0.0267074530572165
0.026207421439536
0.025961646830319596
0.025966735610974
0.0253801819029398
0.025199388142058098
0.026504537605215303
0.026591651399010804
0.027815750673638097
0.0266446137492223
0.0275799649419596
0.026855424670744997
0.026719909789470808
0.026229840054165905
0.026607250450069203
0.0258211332168978
0.02620527502094
0.026376253273325503
0.0266785740984479
0.026216874547985304
0.025166144759440505
0.02588454239730209
0.025663422300794297
0.027824570201982396
0.0266646780429576
0.025757938553333394
0.026256257487993
0.02681169285153509
0.0271279017178179
0.0273664382032294
0.0277179003151979
0.02714935523454219
0.0263752569170655
0.026717516500338802
0.0255090474999164
0.025196174196831594
0.026699149746745907
0.028012192131265497
0.026426494389399292
0.0273064077114287
0.026323892508958398
0.026157996352945995
0.025953458492759603
0.027714614007195403
0.0273287123706462
0.026609572350422696
0.026346601976125705
0.0272748317765946
0.0276259224815918
0.025843958187252693
0.026253937286400603
0.0253015983436706
0.026241886759227298
0.0264996910410702
0.026646050569052802
0.025419460108440296
0.025831711422916896
0.026903381804995005
0.0266306216615328
0.026350892393473893
0.0271967435405447
0.025908260264567308
0.0272777390585653
0.026939779865487297
0.025450759024152197
0.02689100650731461
0.025637106467606002
0.026782252468312798
0.026582729576272793
0.0261707074583934
0.025807886368940006
0.02711906316830459
0.026337588452954704
0.0261109169315357
0.0269496760480002
0.026347165418474004
0.026885493409090605
0.026161148429600004
0.027561478387984693
0.027751581141738105
0.025895382129420698
0.025572803121621406
0.0256990264039665
0.026034989328049707
0.026636552224014294
0.028005222482424603
0.02520012513867001
0.02695972584969069
0.026934912476228694
0.0266790423273214
0.027065877207502406
0.026745800632886896
0.026422283317784706
0.026992420474508803
0.027080895554967108
0.02538923191251259
0.026810117797672194
0.026343673762560707
0.026113374079522696
0.027476796106418094
0.027507253854987493
0.026448284713204602
0.025898565052877694
0.027690531824366704
0.025581116800249597
0.026597440976978998
0.025808940305528494
0.027167767652586598
0.026907560259796105
0.026027909130584496
0.0259275019682903
0.0269587752481271
0.0257705307354553
0.024526971924553304
0.026716167084584096
0.0268735358913577
0.025253007000858196
0.026952139375325194
0.0258446969872939
0.026074630821226207
0.0251595206349976
0.028516473486502998
0.025320108803982805
0.027944588582234794
0.026007422685269198
0.027622400055838096
0.026793487083618103
0.027012129897786306
0.0265146442462914
0.02642021164448429
0.0267287417275493
0.027397962765752695
0.025206890694504602
0.0259064393488913
0.026263015263715404
0.0266379624844211
0.026657160398175603
0.025876049950400305
0.026093031751831697
0.026806230834887403
0.026564430476145602
0.026463467547624804
0.0258751744739302
0.026317975925736703
0.0254498514236128
0.0264224405850004
0.02619788176871119
0.025946115963368502
0.0270499769083858
0.026697876176916303
0.0264522242792551
0.0248340393998007
0.026366173611330895
0.025547369695525603
0.028036758568576604
0.026648172282704198
0.024449921885302796
0.027366627624145504
0.02418591329231419
0.025612708463313705
0.026075581295024207
0.027162863654648893
0.0270904408411254
0.026158693053717492
0.024797801336223897
0.027455890425053302
0.026563578037382803
0.026623618742207096
0.026812500542941202
0.025150185097320497
0.026778682069348206
0.026102574631448404
0.025509085798110502
0.0263365319790706
0.026120655480811703
0.025959544721621597
0.025388798982314803
0.025560553896633705
0.028018701095255304
0.026138206446553305
0.0248337299780559
0.026643334849361405
0.0265993078322308
0.027441017129048603
0.027509088541842502
0.025912403808303695
0.0263056914134408
0.026868724110646697
0.025754963303163
0.026454441104981997
0.026039585269909897
0.0253718803352969
0.0264047120914557
0.027197987180164397
0.0262308780621288
0.0263541029756273
0.026714701950395207
0.027035731743716297
0.0266676158885698
0.025954278152924892
0.026277415287926098
0.025117281630789703
0.026264953032035507
0.026840658920014603
0.025979606377241997
0.025008051577321402
0.025707317851450404
0.025918371164656603
0.026159734184336307
0.0259605740047711
0.0265655796136591
0.026372782839269707
0.026503189272427195
0.026902385796539502
0.0253209426627242
0.026372021275229307
0.026339402658060604
0.027858807411691305
0.0271337104728675
0.026826057264436404
0.0257919072532544
0.026598016157337007
0.026750281473507005
0.026644985507330105
0.0261134843930459
0.026879474186653603
0.026520163488062493
0.025687939304338596
0.025492980158353495
0.025917714374628302
0.026432736562756402
0.025908693416153095
0.025564011380931
0.0262612073504297
0.025647630572143802
0.027206590554633397
0.026203056637617704
0.02633353830893321
0.026982584786881307
0.025272549278710095
0.027281928681342396
0.02630959274897641
0.02656806846690609
0.025046360808295205
0.025578950553090604
0.026566025304235498
0.025141823331206493
0.027668838081409804
0.027060252170372903
0.0259087020299077
0.026421061802010398
0.0268541859944927
0.025230493386118394
0.02622043650047061
0.0262517366315856
0.0270663211106459
0.0281889310981567
0.02650454940432661
0.025649670296534206
0.02727843729756029
0.0257041831450828
0.026381359737781496
0.0267875384947655
0.027106855595352197
0.026560355508669205
0.025561885332314203
0.027508113684951693
0.026159583212745502
0.024910615570808203
0.026955170608976495
0.024791848828987606
0.0257710969148848
0.026180319012013294
0.026368097918689395
0.027074380874635803
0.024838546931253896
0.026179733919832
0.02530045065501029
0.026450804364398
0.025848686077709203
0.026835713190878997
0.026206119692797597
0.025188427403386504
0.026331040328634994
0.027541681764239698
0.025791254869338004
0.0270737500940468
0.0250123046227943
0.026830696134462602
0.0269720337642246
0.026501604822483607
0.027113966851926394
0.026810547797499508
0.0280451802643353
0.026202322861717996
0.025807933602179395
0.027492768919444306
0.026296732786783197
0.027563448347729794
0.026816005663022204
0.026155387636390103
0.026816818316741195
0.026171309822559205
0.027068063029305194
0.025892556507824203
0.027644848221779907
0.025719645519076705
0.0265081248089808
0.026149339521586996
0.0260074439729283
0.024893080698231394
0.026546457583846196
0.026815340013533903
0.026780458953855994
0.026464509577356993
0.025455321515562394
0.026394965223060902
0.025641370429881405
0.02663745834288219
0.027316399099482004
0.026849364972374605
0.02670079453452339
0.025926785038328702
0.026724077900213597
0.026903875141225102
0.026940105765508295
0.0274799884244634
0.0265748753085046
0.025320687838550106
0.026737551994253504
0.025991512250078806
0.025975323982836196
0.025935080821690305
0.026873328876293096
0.026340620298682796
0.0273195287998712
0.027065112531721593
0.025834964516006406
0.025384019370029202
0.026716376879295997
0.027694123608886706
0.026604430267622603
0.0256250959345167
0.026942173011296394
0.0268916481439573
0.026581267036359095
0.025464632460537998
0.0272813801773671
0.0263828680319809
0.02683439676843491
0.0263189085574672
0.0260729783314059
0.025448638423238995
0.027046785652459
0.026586328818658404
0.024956562340792104
0.025927402077273592
0.024888178448831608
0.0266523813399646
0.026367007338176998
0.025012923305299604
0.0260563102481881
0.026859672670275704
0.027020829867134596
0.027040030401044794
0.026201743515170496
0.026469754631835297
0.02651011140784059
0.0272857997950708
0.0258976817046375
0.0271121392605449
0.028494566993521396
0.026309421262390692
0.0258561724736244
0.0243782038721645
0.025872751811883296
0.0260322862020392
0.025941517918420302
0.025596520628576605
0.025392497020723395
0.0271992521942494
0.026940871633223402
0.026777811466212602
0.026890599361065602
0.025645556629323794
0.028019094321953902
0.025598297637546404
0.0267359585152425
0.0269739065675062
0.025723589244933294
0.027231649401821607
0.027069101840745104
0.025727938495589298
0.026114241125916107
0.02604467641254591
0.026463579819046706
0.026616817717296
0.0252884056943092
0.025632990721626607
0.0254642058956088
0.026854646051250708
0.026080572824284103
0.026606854483642896
0.026421091303515797
0.026055911495882107
0.025847763874883002
0.0265665720898609
0.026127332950589797
0.02592334987509879
0.02665948943701249
0.026485427963803404
0.026456129744131904
0.025883386103666
0.0266641522403802
0.026152512896288206
0.026994394124150306
0.026645093579097508
0.0258381227989433
0.026697182770276794
0.026976762783407895
0.027748404024092593
0.025766788637511202
0.026523734272365006
0.027442281091456
0.0262214431592774
0.027013961344495005
0.0266129789456771
0.026655677312642907
0.0271013341775486
0.026427408170950198
0.026336912958415108
0.025013884445466594
0.026079783733231
0.0267953728513248
0.026644121419882698
0.026219476589886
0.02682395060820529
0.026017394925006196
0.0261346001777846
0.026384150560659805
0.026614383590127
0.025213590439088503
0.024275074972439706
0.0258970464335989
0.026428503356346993
0.026319407414669607
0.025978530085330506
0.025583536890086397
0.0265810643951898
0.0239137358100203
0.025509688513808207
0.0268477085763221
0.026893381749543907
0.027645004935382002
0.027157646514231498
0.0265739388222503
0.026032982083459208
0.027236002101958104
0.026327131263607702
0.027633556423826193
0.026650235888752705
0.025769875411561803
0.024544105937213
0.0274819320868869
0.026483209035330593
0.026053934962720293
0.027657711785779297
0.025937827904616594
0.0262099440432067
0.0257561162674552
0.026272308707538
0.026694013710309203
0.026180875796488708
0.025091394603675203
0.026223055077165595
0.02678390373442901
0.0266461483239367
0.027502029136152295
0.026878704338755492
0.027372679686319908
0.026704423967351898
0.026326358038350497
0.02549350849087379
0.026969990477500004
0.025633614835005897
0.026894546645317208
0.025517402155604302
0.026515340059512504
0.027870387907523303
0.025031982828163594
0.026125279389268605
0.027044675410462807
0.026287299997914307
0.025757926092443796
0.026715676230021697
0.0265069995429469
0.026739327046214602
0.026271047451667903
0.027197628758572304
0.026005742682939002
0.025704940097227298
0.025777242277354707
0.025099870273699497
0.02633617364896669
0.026756818966016803
0.025431570060078207
0.027071942644129793
0.02570792875113611
0.026337332378986604
0.026718940102966694
0.027260946844771407
0.025439625352112895
0.025379068122694304
0.026924227879131395
0.026893149382688997
0.0266302075292391
0.0249226732461863
0.026073929088056703
0.02720505225608011
0.02543644668749541
0.0261135790804534
0.026608647575693103
0.025745692205411806
0.0264060786721505
0.025923347426407603
0.0261729932961706
0.0257457741441202
0.0257668394758494
0.025191001352003195
0.026015254239163003
0.0260957667853619
0.026530065014889505
0.026149536955011703
0.025459609669721807
0.025881926383753896
0.026070737723619897
0.0275079112450516
0.02690343370835519
0.026616150219548496
0.024498068575464
0.025600868329108295
0.024344556203699796
0.025267791940507295
0.026031327577867094
0.026591623205125196
0.027168867564680094
0.027769117283433405
0.026697434823486896
0.0247072180130544
0.025105747644316
0.0262514108380519
0.0271440224241526
0.027357111025744604
0.027027493242494795
0.025981812215396798
0.026797095462071298
0.026512245399162
0.026882352311763502
0.027032353876010495
0.026954118401152402
0.0259678657903886
0.026155224911663402
0.0259052914302415
0.026596872593838604
0.026038658334856996
0.0260809354596861
0.026412486672210106
0.0262352558895076
0.027390263422736094
0.0272474285941159
0.027091641555328408
0.0264470239598565
0.024594941361203798
0.026972810908550707
0.025711753325474693
0.026356428057159507
0.026515009014447803
0.02557731246469431
0.026433691505426397
0.0270422421474693
0.027310193069987408
0.0273781990904505
0.026277643936099895
0.026156161454985692
0.0270434610595766
0.026589812069172006
0.026331707246596003
0.025391510993428304
0.027479449347642702
0.02682536186544951
0.02711629973059
0.026428783529378705
0.027427271889366597
0.0273905898564342
0.026185622153541095
0.0271994433316934
0.027018131625625892
0.026443201947127105
0.026427935333392605
0.025756550724609008
0.0262735450004708
0.025376340897296
0.024892191021271305
0.0264922890143484
0.025837896818181397
0.025567103827339205
0.0267158244059778
0.02602402133628181
0.026509871490756905
0.0268083364316073
0.0281386360119271
0.027057934274774702
0.027131806462159708
0.02636004537236889
0.026144309882222896
0.025852723647803708
0.025807692792029303
0.026191266375203505
0.0262427974773694
0.027410064346842407
0.027294146209052406
0.026472484539437104
0.026940793805798897
0.026222821058343705
0.0261225101278034
0.024986364759176205
0.026662116308140894
0.025930433309735698
0.0258256153716504
0.02723749025770371
0.026161521554069603
0.026286133621237107
0.027059341862131492
0.026086380976551797
0.027228048123209996
0.026476124876864203
0.026290671245697804
0.026791250175113607
0.026758418255383797
0.027644904026351995
0.026868950986857404
0.026831046176785493
0.026836354295430798
0.026243959027308805
0.028268500624531595
0.026702686538062098
0.0260832240798948
0.026498041171316607
0.02637219881255659
0.026509560133781494
0.026019062208656796
0.026282254248957804
0.025755517686186793
0.026009706264666407
0.025382101516959306
0.0265819856736352
0.025606823151104997
0.026523799493879098
0.026374975553627
0.027467561698027998
0.0269115088052167
0.027491376225069204
0.025663920118108106
0.025869085714180305
0.024769554527830695
0.0259650214270604
0.025385542089869997
0.026969715431787396
0.0267781079867615
0.0276677327530162
0.026591082492821598
0.025051208546441307
0.026208323984640104
0.026481574257826997
0.026297361016624096
0.0242454996175913
0.025682069513034006
0.026169250460377706
0.027129007920811903
0.026919772790223305
0.026397721039961693
0.026295110162373
0.026216922771680792
0.026607943557957196
0.026676364968522603
0.025765096327590192
0.026369009101225006
0.026893599519948796
0.026344235244078605
0.025639530368212003
0.024758578426239297
0.0261593234823864
0.027637746085827107
0.025933246513783502
0.024863825720388893
0.0260856097887081
0.026841829095810205
0.026658021680127694
0.0259355987457666
0.026829887741573105
0.026970852054624697
0.026974955537954107
0.026310856287831606
0.0262407598086674
0.026509215301224
0.025375712131745692
0.024347516950767298
0.0257358805238255
0.026647623368606203
0.026976706540206404
0.026466729444914405
0.027297059242693197
0.027509746125693
0.027187638846267403
0.026637684724426597
0.026505058728542794
0.027264439238335193
0.026195071350918003
0.027245641757893894
0.026428954896182598
0.026735486856787005
0.0257137237414979
0.0253920506992049
0.026906274569210506
0.026102875418874405
0.026076439379876498
0.026123332772574503
0.026854784963812307
0.0271491870685292
0.0250378842802123
0.025693473623271998
0.02652560711266381
0.026505322506689105
0.0258020489755102
0.026867022790759497
0.025394759179863606
0.0264381007849012
0.025924431885828908
0.025218001721467
0.026398868179902904
0.026251164101791895
0.026716398561137895
0.026286604566338405
0.024671457512639
0.0258233565974077
0.02615453138651879
0.025782277096908703
0.026429733982327695
0.026733554672129595
0.025545248658409007
0.026697738972093307
0.026439997834595802
0.025916229372661304
0.027271206680568094
0.024829612348380305
0.0254897717604224
0.025704094003969093
0.025644151681880507
0.025784968092898597
0.0257704538967723
0.026043593982344702
0.026927388899404298
0.026813939438893902
0.025389262872310803
0.026157916036149205
0.027851307979101896
0.0254131379395139
0.026535262901318496
0.025359428820320704
0.027358344055783905
0.0270987519455023
0.025581082987094404
0.0264169935644131
0.026177201416364003
0.0277105518340832
0.025744750372648596
0.026105244244261104
0.026268395778610003
0.026836402953162503
0.026351156270792896
0.02710692216688461
0.026670835208002792
0.026277875178350604
0.026132477819960503
0.02619740645551861
0.027014735806557097
0.0272886313885529
0.026933159904360092
0.0246197872232354
0.025766180393723102
0.0254692854432503
0.026477388455568004
0.026059933559190597
0.027170204423338694
0.025575871219563492
0.026259413705296296
0.026882082594138504
0.027523377927835907
0.028167836166733608
0.027532771395445695
0.025918753435415394
0.025777841919683193
0.024933470596879198
0.0271744889457413
0.026752633315517207
0.025817390216042
0.0261390280698075
0.026878648389868504
0.026569683277993604
0.026155478167726398
0.026884608846198997
0.026573846041348805
0.0270420673694209
0.0271672050817015
0.026999115812118696
0.0274159550427948
0.026293219782044894
0.026587149415695503
0.027792437675188103
0.02666177565163049
0.027575360049303603
0.025231177572518
0.026670306577423905
0.027234630137755608
0.026339382872763106
0.0269822637381094
0.025975532810621003
0.026691752881389696
0.025752677209889503
0.0263344663899112
0.026582854429858402
0.026359646093943007
0.02392104005079089
0.026268664326396303
0.025676548541405497
0.025998395113777897
0.025586847138569895
0.026616851074028697
0.026224709917954295
0.0266143049947627
0.024931595394623293
0.02618133660353799
0.025075050076447197
0.0239711131293162
0.0264933341324698
0.026756068582702006
0.026240270044043397
0.026820713984534804
0.0257567807023237
0.026631556457349707
0.025957936155912305
0.026153158349218594
0.026077304324449206
0.0256662828363515
0.027239542482603497
0.026755469239634004
