1 14.4998633424328 4.03126090020247 0
2 15.2285372049084 4.06406919984387 0
3 13.7710075858074 4.06406919984387 0
4 15.8283485583573 4.07595974767356 0
5 13.1711303093722 4.07595974767356 0
6 16.1963196917713 4.08554535560054 0
7 12.8031060319055 4.08554535560054 0
8 14.4993559921961 4.2142827137916 0
9 15.1741463479833 4.33205797182552 0
10 13.823912672657 4.33205797182552 0
11 15.7056478232552 4.39197406800562 0
12 13.2920790135325 4.39197406800562 0
13 16.0190115246291 4.43566247693162 0
14 12.9784730970459 4.43566247693162 0
15 14.4983131176272 4.59048988028173 0
16 15.0644755864902 4.79239152730691 0
17 13.9310312756535 4.79239152730691 0
18 15.4862355389582 4.92084212829136 0
19 13.508559173726 4.92084212829136 0
20 15.7270159687627 5.00449394693386 0
21 13.2673149656521 5.00449394693386 0
22 14.4967706291519 5.1469280521525 0
23 14.9407290785008 5.42514713808788 0
24 14.0512696913277 5.42514713808788 0
25 15.2408888423563 5.61325072133295 0
26 13.7500670529032 5.61325072133295 0
27 15.3869141955144 5.70476162812751 0
28 13.6035343495085 5.70476162812751 0
29 14.494805025312 5.85600110184367 0
30 14.8076063657464 6.18788405634061 0
31 14.1801636758405 6.18788405634061 0
32 14.9944597168951 6.37222100967977 0
33 13.9922883328857 6.37222100967977 0
34 14.492585050668 6.65683602044625 0
35 14.6834902320525 6.92916193185232 0
36 14.3001700534545 6.92916193185232 0
37 14.4908861637789 7.26969344525641 0
38 6.26589944991221 3.48637190007525 0
39 5.78570533457978 2.87581251940666 0
40 6.77946649522904 4.06832591218577 0
41 5.38277188439094 2.37985161851608 0
42 7.19449512939674 4.55391951252305 0
43 5.13674192695871 2.07458650561384 0
44 7.45027566292411 4.85082698877232 0
45 6.3589852580353 3.40658406454117 0
46 5.9585835920614 2.8028769778219 0
47 6.87918909246116 3.90760357830162 0
48 5.62655989913954 2.3417599449852 0
49 7.27216003667654 4.3164801100296 0
50 5.43504234265014 2.06622886896087 0
51 7.50811787895195 4.55391951252305 0
52 6.55032610111671 3.24257762761425 0
53 6.26661632988773 2.69088163448422 0
54 7.03941224367719 3.61823673103157 0
55 6.0441431810523 2.28951944387648 0
56 7.39254662640659 3.90760357830162 0
57 5.92236382641297 2.05586156840756 0
58 7.59941744622814 4.06832591218577 0
59 6.83333333333333 3 0
60 6.67161491492384 2.5148447447715 0
61 7.27805898395945 3.24257762761425 0
62 6.56227729030589 2.18683187091766 0
63 7.57873745165881 3.40658406454117 0
64 6.50908539994984 2.0272561998495 0
65 7.72501515013795 3.48637190007525 0
66 7.19397142643508 2.69088163448422 0
67 7.14886978153202 2.28951944387648 0
68 7.57666772648654 2.8028769778219 0
69 7.11487721919208 2.05586156840756 0
70 7.798169678358 2.87581251940666 0
71 7.60128006418394 2.3417599449852 0
72 7.60911023665711 2.06622886896087 0
73 7.87046252795312 2.37985161851608 0
74 7.91298241011719 2.07458650561384 0
75 13.4812716219249 9.20019270352139 0
76 13.0710487524432 9.88639556307259 0
77 13.8622463634224 8.47159137600058 0
78 12.7401323348874 10.4609731528159 0
79 14.1825625283431 7.88164752172032 0
80 12.5360977056902 10.8119897380619 0
81 14.3780517257283 7.51824336701464 0
82 13.3996909626669 9.08193231535719 0
83 12.980716660728 9.661158026238 0
84 13.7136703133891 8.35050455316791 0
85 12.6654019022507 10.138525444411 0
86 13.9755707325516 7.795707011748 0
87 12.475757684608 10.4145914200811 0
88 14.1262673610275 7.46318210261476 0
89 13.2319993194798 8.83884432127165 0
90 12.8343666753536 9.2584941337766 0
91 13.4496395447071 8.15827514970285 0
92 12.54797152761 9.58523747528745 0
93 13.6215228262978 7.66553391281055 0
94 12.379854487282 9.76513284881214 0
95 13.7150654715943 7.37753452316555 0
96 12.9839709997549 8.4792992326051 0
97 12.6185421430753 8.73121975601862 0
98 13.1013715367095 7.86783362052504 0
99 12.3714761406425 8.90154291335248 0
100 13.1807458959553 7.45442246910564 0
101 12.2512804828528 8.9844037834478 0
102 13.219360894487 7.25330121084611 0
103 12.6679067792039 8.02112841433585 0
104 12.3496735122389 8.11120575876676 0
105 12.6902711582655 7.50215566935994 0
106 12.1657987752272 8.17396761157716 0
107 12.7098121485603 7.20117347300258 0
108 12.3109403644624 7.50366524165633 0
109 12.0855133033498 7.51374244238466 0
110 12.2935927863135 7.14165875601391 0
111 12.0377635678462 7.10766459273878 0
112 11.2564642721655 9.47726027549421 0
113 10.7663679423518 8.85713824923518 0
114 11.7601291030011 10.0496516420143 0
115 10.3598456821303 8.3577116065654 0
116 12.1715689271361 10.5317795005724 0
117 10.110922592574 8.04965257345465 0
118 12.4244563285394 10.8258930566131 0
119 11.2943103612931 9.34412701341246 0
120 10.8583617185363 8.70609193456279 0
121 11.778967218936 9.81081853504251 0
122 10.5082541248411 8.22751113800788 0
123 12.1538542623781 10.2022313030523 0
124 10.3035505148146 7.93924618745984 0
125 12.3766260511164 10.426936831022 0
126 11.3721042027713 9.0704673533361 0
127 11.0274563934599 8.45992302256795 0
128 11.8002523072494 9.3872781191153 0
129 10.7662142314449 8.02112129420543 0
130 12.1146176767992 9.63920542863057 0
131 10.6191870505238 7.76308139640015 0
132 12.2962406703389 9.77554574017836 0
133 11.4871670372697 8.66570451378593 0
134 11.241476420001 8.09945665258948 0
135 11.8479204890366 8.82718953543222 0
136 11.0753652945815 7.71661716716092 0
137 12.0918254559344 8.93636936078442 0
138 10.9945535447277 7.53036878281893 0
139 12.2104832949158 8.98948448304467 0
140 11.6337924110997 8.14991239967456 0
141 11.4885217164735 7.65181617816445 0
142 11.916319661428 8.16517371210988 0
143 11.3988924991182 7.36442955194427 0
144 12.0821849582841 8.18438050294337 0
145 11.7993927245898 7.56737110029765 0
146 11.7250293785622 7.21246510377039 0
147 11.9863816698583 7.5260878533256 0
148 11.9261221906955 7.12156791129002 0
149 17.4900921620011 13.967966506106 0
150 16.4859327301645 13.9343473697591 0
151 18.473455051463 13.9343473697591 0
152 15.6642020524261 13.9221629544406 0
153 19.2876485424377 13.9221629544406 0
154 15.1593534963485 13.9123404441798 0
155 19.7864209682793 13.9123404441798 0
156 17.4320851798746 13.7804214223081 0
157 16.474151957966 13.6597354220761 0
158 18.3153629587655 13.6597354220761 0
159 15.7301674974189 13.5983385368711 0
160 19.0213677724929 13.5983385368711 0
161 15.2888454827452 13.5535703961105 0
162 19.4349965553489 13.5535703961105 0
163 17.3128499807774 13.3949165298523 0
164 16.4760633054463 13.1880250092859 0
165 18.0216551330252 13.1880250092859 0
166 15.8597446063473 13.0563998316467 0
167 18.5565514970559 13.0563998316467 0
168 15.5045818023059 12.970680610372 0
169 18.8586890419362 12.970680610372 0
170 17.1364923190472 12.8247263348949 0
171 16.4418694191465 12.5396312374162 0
172 17.6547575572177 12.5396312374162 0
173 15.9722357272806 12.3468787911882 0
174 18.0051560499864 12.3468787911882 0
175 15.7437626473821 12.2531062492893 0
176 18.1756221477584 12.2531062492893 0
177 16.9117585186701 12.0981289861128 0
178 16.3787735021198 11.7580437509618 0
179 17.2343693920288 11.7580437509618 0
180 16.0648551850409 11.5691510245535 0
181 17.4314401033727 11.5691510245535 0
182 16.6579416872299 11.2775019309423 0
183 16.3102783493666 10.9984456541335 0
184 16.8329829319587 10.9984456541335 0
185 16.4637024925137 10.6494981163249 0
186 8.7627240451336 6.48223607656626 0
187 8.27919734402198 5.86733615112553 0
188 9.27295850467124 7.05984954390464 0
189 7.87505608144917 5.36980212831811 0
190 9.68677932645497 7.54387002232507 0
191 7.62805244171668 5.06326883752094 0
192 9.94158617768208 7.83950932067942 0
193 8.83721895095711 6.37823441755315 0
194 8.42485396611712 5.75894564003809 0
195 9.34545946651688 6.86367224051781 0
196 8.08674414461631 5.28990169538685 0
197 9.73234428215331 7.26462186043125 0
198 7.89078882780731 5.0085906339003 0
199 9.96386436410912 7.49628127746248 0
200 8.99034560230113 6.16445569533246 0
201 8.68612716207603 5.5860480728872 0
202 9.45892307586549 6.51340316943456 0
203 8.45060631949091 5.1676918414216 0
204 9.7990097648452 6.78577597584674 0
205 8.32032982040159 4.92296681318773 0
206 9.99738344021677 6.93543115696594 0
207 9.21683122386304 5.84826118344385 0
208 9.02685200012618 5.32629748607817 0
209 9.63329606916179 6.05403036892091 0
210 8.89840727963954 4.97339846957744 0
211 9.91486744099246 6.19315066320095 0
212 8.83591993813369 4.80171588676977 0
213 10.0518496883218 6.26083158699551 0
214 9.50544343364759 5.44533230800979 0
215 9.42662994062679 5.00006193444671 0
216 9.85442788558131 5.51341946839213 0
217 9.37391288735036 4.74201624224007 0
218 10.0572053465163 5.56196719323917 0
219 9.8314052448195 4.99025999451345 0
220 9.81157322603082 4.67870014455096 0
221 10.0729255173268 4.99232289410617 0
222 10.0808550521904 4.64200539213119 0
223 13.563814808109 5.73199160334581 0
224 13.9108831520001 6.42802883071837 0
225 13.1859097847665 5.06030176797245 0
226 14.2036569548914 6.99532707851613 0
227 12.8819599984828 4.50182762359544 0
228 14.3821937630067 7.34420818724901 0
229 12.6944136311333 4.16006009759314 0
230 13.4778032643844 5.79990283142779 0
231 13.7582567482242 6.47712493825014 0
232 13.0866522461097 5.21008301020088 0
233 13.9945498014964 6.99826714011587 0
234 12.794043764361 4.73340518767523 0
235 14.1299452708838 7.30864807503939 0
236 12.6175853482034 4.45544589086063 0
237 13.3010037970667 5.93949652350508 0
238 13.4880065048088 6.54621800257302 0
239 12.9242327551502 5.48260842803627 0
240 13.637600806081 6.98998854376543 0
241 12.6539071129917 5.13416245925034 0
242 13.7181676506932 7.2471908635479 0
243 12.4947155196054 4.93903905371201 0
244 13.0395043330882 6.14596589927177 0
245 13.1299625815358 6.66652921605819 0
246 12.6875466206622 5.83187195825204 0
247 13.1911212925202 7.01848143696443 0
248 12.44958844236 5.61951342942308 0
249 13.2208745221186 7.18970341119726 0
250 12.333823669037 5.51620268327223 0
251 12.7062737393056 6.40907126720602 0
252 12.7063491380488 6.82661030031483 0
253 12.3942599470739 6.23782614384899 0
254 12.7129143276592 7.07082981338493 0
255 12.2144355638049 6.13040506629494 0
256 12.3299194334072 6.7062253700242 0
257 12.2972706961698 6.98712472843854 0
258 12.1066077298981 6.62742199918047 0
259 12.0419056051246 6.93362941297315 0
260 9.50590999517123 2.02312037634052 0
261 10.1083692286343 2.04738520012643 0
262 8.91585583585517 2.04738520012643 0
263 10.6013944337153 2.0561793787629 0
264 8.42732653970837 2.0561793787629 0
265 10.9042929248752 2.06326883752094 0
266 8.12805244171668 2.06326883752094 0
267 9.5405109832277 2.15848222392964 0
268 10.1151401555877 2.24558810609267 0
269 9.01041355510803 2.24558810609267 0
270 10.5614643096607 2.28990169538685 0
271 8.58674414461631 2.28990169538685 0
272 10.8262090131103 2.32221338345551 0
273 8.33851836954811 2.32221338345551 0
274 9.61163441610826 2.43672281248972 0
275 10.1134822586234 2.5860480728872 0
276 9.18612716207603 2.5860480728872 0
277 10.4831308649252 2.68104937536703 0
278 8.86504673050001 2.68104937536703 0
279 10.6961356723466 2.74291776418683 0
280 8.68367132856841 2.74291776418683 0
281 9.71683122386304 2.84826118344385 0
282 10.1332960691618 3.05403036892091 0
283 9.40556318631906 3.05403036892091 0
284 10.4148674409925 3.19315066320095 0
285 9.19511524736896 3.19315066320095 0
286 10.5518496883218 3.26083158699551 0
287 9.09273398809608 3.26083158699551 0
288 9.8508842508897 3.37268740455714 0
289 10.1703067855014 3.61814606887185 0
290 9.65694925155594 3.61814606887185 0
291 10.3584531143864 3.75448058601828 0
292 9.53850216338732 3.75448058601828 0
293 10.0022852173121 3.96498015955784 0
294 10.2105808683257 4.16639078811314 0
295 9.89695811877046 4.16639078811314 0
296 10.1181483049973 4.41824587528967 0
297 19.9673786621265 11.4906800059806 0
298 19.9331425838075 12.4746598374147 0
299 19.9331425838075 10.4871375161162 0
300 19.9207345732978 13.2890769235805 0
301 19.9207345732978 9.66563043356884 0
302 19.9107318109691 13.7880296014901 0
303 19.9107318109691 9.16096212955931 0
304 19.7763919541099 11.4361146480729 0
305 19.6534912551353 12.3216071257063 0
306 19.6534912551353 10.4803961249067 0
307 19.5909676808015 13.0287386285624 0
308 19.5909676808015 9.73753835348844 0
309 19.545378003617 13.4431889478424 0
310 19.545378003617 9.29703787523874 0
311 19.3838126934678 11.3239538171619 0
312 19.1731245238323 12.0365556184789 0
313 19.1731245238323 10.4909637909 0
314 19.0390839035167 12.5738674251859 0
315 19.0390839035167 9.87706053447734 0
316 18.9517916559488 12.8775779963594 0
317 18.9517916559488 9.523470756729 0
318 18.8031589857139 11.1580596682282 0
319 18.5128321318369 11.681556662797 0
320 18.5128321318369 10.4686685247257 0
321 18.3165425015158 12.0354923396588 0
322 18.3165425015158 10.0025720169529 0
323 18.2210491475075 12.2076792495401 0
324 18.2210491475075 9.77581974916386 0
325 18.0632279094771 10.9466595953057 0
326 17.7169017984896 11.275511344501 0
327 17.7169017984896 10.4199154545919 0
328 17.5245427173853 11.4760484105409 0
329 17.5245427173853 10.109463492209 0
330 17.2275415955385 10.7079020226337 0
331 16.9433643802268 10.8880642058654 0
332 16.9433643802268 10.3653596232734 0
333 16.5880133352035 10.5251872736352 0
334 7.77180944508344 3.50949227641577 0
335 7.89407456321406 2.92319771953309 0
336 7.69532233108421 4.1157111123122 0
337 7.98416631810628 2.43603099727898 0
338 7.62182166910511 4.61009889128594 0
339 8.04103485183387 2.13785534313478 0
340 7.57832810464078 4.91409582629326 0
341 7.899496241263 3.56506628847081 0
342 8.07372374764914 3.04846508391457 0
343 7.88960264756918 4.15319168439428 0
344 8.18802420880024 2.63166164037205 0
345 7.85890418129284 4.60638180541645 0
346 8.26125135576043 2.38844225241638 0
347 7.84663624850006 4.87613289597856 0
348 8.16196051722497 3.67930044010397 0
349 8.38009858851111 3.27692970737142 0
350 8.22553940575322 4.20428480391877 0
351 8.52727404597745 2.97056881924351 0
352 8.25759335690659 4.58865295366865 0
353 8.61849949875959 2.7987793325944 0
354 8.28308877479655 4.81124367637261 0
355 8.55016455719637 3.84826118344385 0
356 8.80491098408563 3.56887511369241 0
357 8.68362217027851 4.29660799653516 0
358 8.97714473129835 3.37998253411861 0
359 8.77385269902776 4.59973472774212 0
360 9.06093508827165 3.28808778684501 0
361 8.81774913823402 4.74720348707075 0
362 9.04485567732478 4.06356903904136 0
363 9.31917656703338 3.90766551274833 0
364 9.23361697804248 4.42102304669375 0
365 9.4733303335785 3.81034215442584 0
366 9.33667184174532 4.63029310542494 0
367 9.60356528149603 4.30674010454304 0
368 9.81969110498278 4.23261965707401 0
369 9.76742064672357 4.54624240662922 0
370 10.0311307151145 4.49283238090351 0
371 19.9768016829138 6.50438818123662 0
372 19.9524550603531 7.50275473597112 0
373 19.9524550603531 5.5152324146726 0
374 19.943631235796 8.32238593025545 0
375 19.943631235796 4.69893944024384 0
376 19.9365178778724 8.82554198019045 0
377 19.9365178778724 4.19847450825965 0
378 19.8409835190789 6.5300794723729 0
379 19.7535839956141 7.46721741982616 0
380 19.7535839956141 5.62600641902664 0
381 19.7091210214595 8.20062264934321 0
382 19.7091210214595 4.90942237426921 0
383 19.6767004079554 8.63423071399625 0
384 19.6767004079554 4.48807964139262 0
385 19.5618049579434 6.58288873948872 0
386 19.4119763094536 7.38402616018873 0
387 19.4119763094536 5.8384343326098 0
388 19.3166547495418 7.97766466697888 0
389 19.3166547495418 5.28085777627031 0
390 19.2545777971465 8.31805728451078 0
391 19.2545777971465 4.96395004488043 0
392 19.1488792563065 6.66099754407614 0
393 18.942416405488 7.30649601540547 0
394 18.942416405488 6.09360787733423 0
395 18.8028271249203 7.74291674128068 0
396 18.8028271249203 5.70999641857484 0
397 18.7349180430028 7.95523197568402 0
398 18.7349180430028 5.52337247530778 0
399 18.6226851500122 6.76053213942988 0
400 18.3763990237635 7.23491743613194 0
401 18.3763990237635 6.37932154622289 0
402 18.2396049114199 7.51628785137686 0
403 18.2396049114199 6.14970293304503 0
404 18.0283957260004 6.87294760861598 0
405 17.826306125168 7.17252706058034 0
406 17.826306125168 6.64982247798833 0
407 17.5736020131746 6.95897614377831 0
408 11.8180110314683 3.01403497639069 0
409 12.1332057364572 3.42626914158361 0
410 11.470724796322 2.6312602130642 0
411 12.4000334720884 3.75879238711159 0
412 11.1922662880377 2.30941379110695 0
413 12.5626088503183 3.96382016336915 0
414 11.0203147205743 2.11299317459683 0
415 11.728499381757 3.09620493362376 0
416 11.9777545079421 3.51732382496041 0
417 11.3640420571556 2.7808394246406 0
418 12.190106171771 3.83422176873992 0
419 11.0930832960833 2.51774165871032 0
420 12.3112253019281 4.02482639180421 0
421 10.9292302264079 2.36636596276276 0
422 11.5445053351165 3.26510789756589 0
423 11.70334833842 3.66487256024158 0
424 11.1881716704514 3.04663582921001 0
425 11.8323876833341 3.95278509423477 0
426 10.9334880105231 2.87406233795135 0
427 11.9010212291705 4.12180170564402 0
428 10.7830302040569 2.78015880979188 0
429 11.2723645571964 3.51492785011052 0
430 11.3384341053273 3.88241545399708 0
431 10.9341542311454 3.39726019876858 0
432 11.3831036458982 4.13087337289506 0
433 10.7054906439339 3.31770524381272 0
434 11.4048350243931 4.25174618704567 0
435 10.5942476157277 3.27900238689518 0
436 10.9255736627177 3.83327516087995 0
437 10.9058511531238 4.15339738741979 0
438 10.6206639310994 3.81115903145617 0
439 10.900857731075 4.33835559895606 0
440 10.4453476460967 3.79172163162332 0
441 10.5339042037347 4.19282012288131 0
442 10.4878299730928 4.41962520045719 0
443 10.3136020816233 4.21054336742038 0
444 10.2341701006965 4.46797021236556 0
445 13.5216832614469 9.23178323390747 0
446 13.9450699990754 8.53633615274632 0
447 13.1538723880962 9.95114033981833 0
448 14.280757331477 7.95840822603333 0
449 12.8383271380213 10.5377338571289 0
450 14.4886380508476 7.60469075458134 0
451 12.6466840308095 10.8984371256286 0
452 13.6766988456602 9.29847453062936 0
453 14.1429288110947 8.68606390625607 0
454 13.4099751584336 9.99671737932615 0
455 14.4822840592837 8.19181424556684 0
456 13.1721152289828 10.5346326782298 0
457 14.6894576356842 7.90343841725844 0
458 13.0389479592647 10.8548477347248 0
459 13.9953383157598 9.43556061494508 0
460 14.473981152097 8.95902203987345 0
461 13.8587082827435 10.0592410239472 0
462 14.8119152943396 8.59608584977211 0
463 13.7383639956518 10.515789412249 0
464 15.0135964487146 8.39262034435825 0
465 13.6783854644023 10.7802186700048 0
466 14.4666296148658 9.63832105371402 0
467 14.9436899612358 9.3080082053517 0
468 14.4608605676016 10.1713943408453 0
469 15.2662298771249 9.08468409313293 0
470 14.4569601218121 10.5318045373798 0
471 15.4231429973923 8.97603867731645 0
472 14.4550625857581 10.7071412499181 0
473 15.0671994097568 9.89670009732141 0
474 15.5185960378508 9.71310984263697 0
475 15.1779983918241 10.3221599320438 0
476 15.7764333811196 9.5984083383909 0
477 15.2324200077865 10.5712024769655 0
478 15.7454895563308 10.1885162373454 0
479 16.0801835538556 10.101707200384 0
480 15.8721040708919 10.4737908867547 0
481 16.2645667629401 10.4118352809321 0
482 18.1601084009119 4.02710168111121 0
483 18.8820078053836 4.05554488232816 0
484 17.4244781862825 4.05554488232816 0
485 19.4793639259251 4.0658534093837 0
486 16.82214567694 4.0658534093837 0
487 19.8453557644944 4.07416366556992 0
488 16.4521421046286 4.07416366556992 0
489 18.1218095892612 4.18577269813761 0
490 18.7722809907543 4.2878781226568 0
491 17.4220473154279 4.2878781226568 0
492 19.2914106247005 4.33982246596055 0
493 16.8778418149777 4.33982246596055 0
494 19.5957532766825 4.3776981931245 0
495 16.5552148490993 4.3776981931245 0
496 18.043085162219 4.51192602679831 0
497 18.5675577463992 4.68696494180278 0
498 17.4341134355625 4.68696494180278 0
499 18.9627944345879 4.79832536980952 0
500 16.9851180693556 4.79832536980952 0
501 19.1863019261865 4.87084743086783 0
502 16.726600923076 4.87084743086783 0
503 17.9266459229732 4.99433087740947 0
504 18.3131559969368 5.23553330271505 0
505 17.4236966097637 5.23553330271505 0
506 18.5744749845557 5.3986099670454 0
507 17.0836531951026 5.3986099670454 0
508 18.7016046070068 5.4779454755586 0
509 16.9182247610008 5.4779454755586 0
510 17.7782665869578 5.60906274862286 0
511 18.0225387088096 5.8967891397621 0
512 17.3950960189037 5.8967891397621 0
513 18.1713290404599 6.05660031903242 0
514 17.1691576564504 6.05660031903242 0
515 17.6106853292413 6.30334770030732 0
516 17.7453589938951 6.53944102972021 0
517 17.362038815297 6.53944102972021 0
518 17.4824398997965 6.83466530108858 0
519 10.0923842102992 6.27897616226398 0
520 10.1402808297022 5.59915449147525 0
521 10.0804589234027 6.97261845520202 0
522 10.1714189081611 5.03641175111636 0
523 10.0623577549434 7.54037013447267 0
524 10.1917776447644 4.69165796558584 0
525 10.0525087702561 7.88916189413407 0
526 10.1927176409326 6.31752548298991 0
527 10.2849916591631 5.7061538690095 0
528 10.2295735384269 6.97851037646411 0
529 10.3396593696606 5.21777113252133 0
530 10.2405984069944 7.49213299843913 0
531 10.3764760321415 4.93156908156601 0
532 10.2516821325656 7.79673895934012 0
533 10.3989562028975 6.39676483941427 0
534 10.5328998271075 5.90525533057774 0
535 10.4863794693254 6.9733261920025 0
536 10.6206421170262 5.53454076259756 0
537 10.5394716429163 7.39815106866866 0
538 10.67639239704 5.32504858963932 0
539 10.5754380143609 7.64288189130389 0
540 10.7039982611327 6.51396569722978 0
541 10.8747724891628 6.15348702151039 0
542 10.8382660913378 6.99164523076469 0
543 10.9902327355739 5.90976783036187 0
544 10.9290444068915 7.31460377833757 0
545 11.0464032330495 5.79120036981444 0
546 10.9732073400494 7.47172055961093 0
547 11.0927154869652 6.66331556910911 0
548 11.2875314813187 6.43759215401119 0
549 11.2617791279449 7.02884595262768 0
550 11.396275939335 6.29986070891022 0
551 11.3551434629554 7.24423004684801 0
552 11.5317370067431 6.8319929607289 0
553 11.6888937426714 6.70874638123287 0
554 11.6731609963132 7.06995787565068 0
555 11.8677083683776 6.96107723196944 0
556 13.774162411813 12.4815946060308 0
557 13.3026402709986 11.8660214575733 0
558 14.2964014316479 13.0585348503525 0
559 12.9028497611301 11.3682434419175 0
560 14.7145730061359 13.5423113359245 0
561 12.6593534963485 11.0615134554075 0
562 14.9728872323139 13.837753938566 0
563 13.9156250185217 12.373837357767 0
564 13.5463540130114 11.7521318437745 0
565 14.4669595134112 12.8568584442542 0
566 13.2301674974189 11.2818584268415 0
567 14.8757676349559 13.2565785918859 0
568 13.0501977740412 10.9996508835874 0
569 15.1232733103431 13.4873415271496 0
570 14.2064059117418 12.152338902238 0
571 13.9760633054463 11.5697882782543 0
572 14.7488592192358 12.4971433748017 0
573 13.7875425513018 11.1487962533451 0
574 15.1359459966561 12.7668803877702 0
575 13.6878742614718 10.9023546981862 0
576 15.364927881287 12.9148190419644 0
577 14.6364923190472 11.8247263348949 0
578 14.5483134881821 11.2970536098019 0
579 15.1547575572177 12.0247864926446 0
580 14.4886958886335 10.940294726647 0
581 15.5051560499864 12.1600469202705 0
582 14.4596923975702 10.766734349214 0
583 15.6756221477584 12.2258500494398 0
584 15.1845544324595 11.4072473516285 0
585 15.2271769474741 10.9551667731399 0
586 15.6549748924286 11.4685243070853 0
587 15.241908804856 10.6933385051468 0
588 15.9252012640219 11.5132894561459 0
589 15.8035418247669 10.9357419859571 0
590 15.8833538856685 10.6185940356174 0
591 16.1447061769645 10.9322167851726 0
592 16.2772362284791 10.5749116107111 0
593 15.4680851799299 8.93954255877881 0
594 15.1057054300865 8.31782156706877 0
595 15.8685423624915 9.52360956110142 0
596 14.7986610438824 7.81475779906677 0
597 16.1893869620538 10.0130265821923 0
598 14.6116221927547 7.50481924038563 0
599 16.3875509048472 10.3119637667364 0
600 15.574293073498 8.83451575912933 0
601 15.2892978996449 8.2084186033838 0
602 15.9959786431561 9.32544259624866 0
603 15.0458049432063 7.73419683989525 0
604 16.3090104402533 9.73089883167385 0
605 14.9070867857226 7.44978597595365 0
606 16.4984335251375 9.96516863667505 0
607 15.792606781108 8.61862982768316 0
608 15.6131615477612 8.0339298345464 0
609 16.2063798054209 8.97160789199435 0
610 15.4667760051913 7.61100966114781 0
611 16.5018455859207 9.24710568693554 0
612 15.3891790947386 7.36362103833193 0
613 16.6765291034497 9.3984873625511 0
614 16.1155088711722 8.29931859779016 0
615 16.0441987902835 7.77174611989356 0
616 16.5097210421253 8.50757984579376 0
617 15.9959861319334 7.41505501374537 0
618 16.7762474080853 8.64838502049578 0
619 15.9725310546378 7.2415276092905 0
620 16.905910378949 8.71688562530117 0
621 16.5269852603347 7.89241806682973 0
622 16.5553831279511 7.44243150305114 0
623 16.8837719651694 7.96150353597401 0
624 16.5642920799805 7.18164686375061 0
625 17.0888051562866 8.01072519393713 0
626 16.9917112300572 7.43286012180139 0
627 17.0494320444969 7.11802935762866 0
628 17.2500528657403 7.43514323522452 0
629 17.3473535159149 7.08117278624843 0
630 15.4303427504204 5.73186330923872 0
631 15.8160227710357 5.06003882926202 0
632 15.0834665191682 6.42776589200793 0
633 16.124537022971 4.50151588631532 0
634 14.7890157303944 6.99501534123602 0
635 16.3151617963999 4.15970902117046 0
636 14.6097282684075 7.34385711082632 0
637 15.5385766421644 5.79902341947056 0
638 15.9475401644802 5.20872025094816 0
639 15.2689109912684 6.47576217899741 0
640 16.2501896382329 4.73179653396617 0
641 15.0371268656457 6.9966584864068 0
642 16.4335835860546 4.45365794079806 0
643 14.9054050811518 7.30686012497682 0
644 15.7610548535467 5.93707316488619 0
645 16.1652890220526 5.47935646910969 0
646 15.5956184608745 6.54296604364644 0
647 16.4534071072449 5.13038334163504 0
648 15.459424435102 6.98620942615013 0
649 16.6240095119939 4.9349166307117 0
650 15.3877606399711 7.2430684405476 0
651 16.090116552125 6.14125892956197 0
652 16.478169114564 5.82602318299678 0
653 16.0311256882645 6.66068044080293 0
654 16.7405309767518 5.612892680837 0
655 15.9912420374589 7.01186068837834 0
656 16.8681679494395 5.50920637576107 0
657 15.9718389565153 7.18270710368611 0
658 16.509442173448 6.40145427592977 0
659 16.8633850567929 6.22884711158762 0
660 16.5480315578619 6.81763126805346 0
661 17.0665662453683 6.12066951887629 0
662 16.5628736252131 7.06109426596628 0
663 16.9830331524965 6.69532176831294 0
664 17.2404075522523 6.61540077739377 0
665 17.0477503399261 6.97510350665183 0
666 17.3454595915677 6.92021065668912 0
667 18.1978508304214 9.71206743077671 0
668 17.4769977777384 9.978803146512 0
669 18.9042467163019 9.39281041103196 0
670 16.8869956160228 10.2104501361208 0
671 19.489009239413 9.1421283880862 0
672 16.5245312130759 10.3507292538256 0
673 19.8472496888415 8.98650410974975 0
674 18.1575260205947 9.56557181203167 0
675 17.4704857941038 9.74272876432714 0
676 18.7926678991308 9.19987384421255 0
677 16.9366626169981 9.90852467197689 0
678 19.3000887022611 8.93816100283166 0
679 16.6200647881822 9.99959033726961 0
680 19.5974349812533 8.77715656497308 0
681 18.0746370897803 9.26444540228569 0
682 17.4752042189307 9.33068575549446 0
683 18.5851008332859 8.87498995108868 0
684 17.0335565480315 9.39758012157081 0
685 18.9701460046771 8.60246490197656 0
686 16.7791205145318 9.42752077671983 0
687 19.187720380954 8.43860988229511 0
688 17.9520382420204 8.81905721230433 0
689 17.4552485373249 8.7751645401312 0
690 18.3262290989558 8.41756169449609 0
691 17.1193696264361 8.74548875823361 0
692 18.5792190790302 8.14611106664771 0
693 16.9559671905104 8.73105172484787 0
694 18.7022967051293 8.0140524812884 0
695 17.7958096738445 8.25149593032983 0
696 17.4154829272802 8.11197797060928 0
697 18.0298902788988 7.85971767112962 0
698 17.1913965673687 8.03975860810587 0
699 18.1727474952274 7.6368404491612 0
700 17.6193634068019 7.61048596210443 0
701 17.371684128785 7.46956493581908 0
702 17.7470406984659 7.31545291155717 0
703 17.4843338241436 7.11993827333762 0
704 11.4135706465461 4.29714696216365 0
705 11.9189248825475 4.21485057228766 0
706 10.9187613844521 4.4314044655997 0
707 12.3324516789747 4.13514411777527 0
708 10.5090563501394 4.52994292642825 0
709 12.5865138530095 4.08805924243765 0
710 10.2580751033877 4.59220929143406 0
711 11.4429833297678 4.44208006360168 0
712 11.9251787723933 4.43503893872862 0
713 10.998642242183 4.63565123191363 0
714 12.299640360796 4.403492851733 0
715 10.6434383927598 4.76209120587439 0
716 12.5217760565969 4.39151294264272 0
717 10.4353446661318 4.84326392295151 0
718 11.5034420368295 4.73999466926194 0
719 11.924776158315 4.81567721729374 0
720 11.1470014826127 4.98407981793212 0
721 12.2350768768827 4.85467963093317 0
722 10.8779863000399 5.14851483742892 0
723 12.4139039735058 4.88511400838952 0
724 10.7260458831452 5.25056649842923 0
725 11.5928649277994 5.18063236389645 0
726 11.9427519252698 5.33487506061236 0
727 11.3324008212987 5.46702736181505 0
728 12.1793100957267 5.43915835894935 0
729 11.1563013579036 5.66065866913832 0
730 12.2943937762963 5.4898913595106 0
731 11.0706303605557 5.7548587700151 0
732 11.7068171424704 5.74214005646349 0
733 11.9754297109649 5.95834331553181 0
734 11.5448756643324 6.05156622884256 0
735 12.1336240177053 6.07648002097246 0
736 11.4459294254402 6.22537861770013 0
737 11.8355160298423 6.37631303408196 0
738 12.0107984382916 6.56348905096257 0
739 11.7477623766617 6.62044122261838 0
740 11.9340058270009 6.86162855781765 0
741 11.8557107440636 2.9945487600301 0
742 11.5479903390505 2.59132322205878 0
743 12.2104712791857 3.38633215057819 0
744 11.2838714765498 2.2620649282055 0
745 12.4916386606005 3.71144352421015 0
746 11.1234798661433 2.05966920449107 0
747 12.6657739958873 3.91049619326339 0
748 11.9869179388608 2.96263362581647 0
749 11.7644940601922 2.5738539110648 0
750 12.3782065109787 3.31033831138461 0
751 11.5657923227883 2.27340795598816 0
752 12.6628151984759 3.58988806601776 0
753 11.4546261703029 2.09479946177606 0
754 12.8366212458232 3.75325989081751 0
755 12.2566185062946 2.8970310510457 0
756 12.1437722017526 2.55270530758737 0
757 12.6589488697212 3.17094203861894 0
758 12.0439961327269 2.30006322629391 0
759 12.9428958055379 3.37878598257733 0
760 11.9944199227749 2.1540160481926 0
761 13.1124109478885 3.49565894404474 0
762 12.6555255555556 2.8 0
763 12.6528391430951 2.5089068468629 0
764 13.057119017277 2.9940621020914 0
765 12.6510228629208 2.3120991225506 0
766 13.3286358648851 3.12526725163293 0
767 12.6501392569688 2.2163537199097 0
768 13.4607266656342 3.1890975200602 0
769 13.1638555951928 2.67635265379369 0
770 13.2591868009366 2.44736010635787 0
771 13.5443740229611 2.78959846232148 0
772 13.3061753797277 2.31301783389648 0
773 13.7616854647061 2.85965180122921 0
774 13.7379691454025 2.53670397799408 0
775 13.8460839442937 2.38467518097699 0
776 14.0203118357632 2.59375701401379 0
777 14.1773228046361 2.42983460224554 0
778 12.1860486412336 1.01271955992977 0
779 12.6701452224695 0.628564267663826 0
780 11.7426348058635 1.42357319618323 0
781 13.059233083817 0.306217507512752 0
782 11.3682913884783 1.7555961035174 0
783 13.2993544562142 0.109393541566967 0
784 11.1400563026465 1.96022053033928 0
785 12.2995234328491 1.08718820642824 0
786 12.8021608084586 0.766866873649118 0
787 11.9429290080855 1.50335127396893 0
788 13.1776400335961 0.50124791931163 0
789 11.6417465718949 1.81772802934123 0
790 13.4042156690397 0.348033874120113 0
791 11.4693451684913 2.00649430316156 0
792 12.5327744808228 1.24026088089337 0
793 13.0185929929889 1.01329306391018 0
794 12.2973168067854 1.63152979494175 0
795 13.3668501030177 0.835314544841841 0
796 12.1083402206871 1.91403730112527 0
797 13.5720848911722 0.737891061130373 0
798 12.0068348460114 2.07953395698251 0
799 12.87777 1.46666666666667 0
800 13.3332749918052 1.33729193193907 0
801 12.767260527372 1.82244718716756 0
802 13.6412413588735 1.24982183224471 0
803 12.6925452082774 2.06298996132705 0
804 13.7910645628043 1.20726831995987 0
805 12.6561967959621 2.18001212011036 0
806 13.3174002002257 1.75517714114807 0
807 13.7228089708543 1.71909582522561 0
808 13.3235308888968 2.06133418118923 0
809 13.9563299315191 1.69190177535366 0
810 13.3185903029643 2.23853574268639 0
811 13.8139233945091 2.08102405134715 0
812 14.1047317476917 2.08728818932569 0
813 13.860802942482 2.29637002236249 0
814 14.1938992411393 2.33038592809375 0
815 14.4981331622874 3.98546336008026 0
816 13.7674615824362 3.97020716351597 0
817 15.2249912015373 3.97020716351597 0
818 13.1669262062778 3.9646779365542 0
819 15.8241444552629 3.9646779365542 0
820 12.7983713993507 3.96022053033929 0
821 16.1915850592164 3.96022053033929 0
822 14.4874962026666 3.90035633551058 0
823 13.8055344395846 3.84558962993255 0
824 15.1557681149109 3.84558962993255 0
825 13.2703846366725 3.81772802934123 0
826 15.6839534463952 3.81772802934123 0
827 12.9543607214329 3.79741247012476 0
828 15.994899149016 3.79741247012476 0
829 14.465631593413 3.72541613612186 0
830 13.8871752101194 3.63152979494175 0
831 15.0206195209562 3.63152979494175 0
832 13.4575938222133 3.57179894516165 0
833 15.4352701874456 3.57179894516165 0
834 13.2117197821511 3.53289998964978 0
835 15.6714207852617 3.53289998964978 0
836 14.4332922222222 3.46666666666667 0
837 13.9723928430403 3.33729193193907 0
838 14.8618522302134 3.33729193193907 0
839 13.6607793372735 3.24982183224471 0
840 15.1516011267266 3.24982183224471 0
841 13.5091818291867 3.20726831995987 0
842 15.2925616751926 3.20726831995987 0
843 14.3920819355911 3.1369404101165 0
844 14.0590720396365 2.9826114249058 0
845 14.6865147295424 2.9826114249058 0
846 13.8609942989688 2.89689284683425 0
847 14.8631656829782 2.89689284683425 0
848 14.345538583599 2.76454394131755 0
849 14.1380513113729 2.63790959332104 0
850 14.5213714899709 2.63790959332104 0
851 14.3099202080995 2.47955893932143 0
852 6.50151423332497 1.98182920010033 0
853 5.90684672407753 1.96275895439496 0
854 7.09936011685664 1.96275895439496 0
855 5.41664543460545 1.95584742069275 0
856 7.59071332861242 1.95584742069275 0
857 5.11602345317709 1.95027566292411 0
858 7.89226393633557 1.95027566292411 0
859 6.51037954838431 1.87544541938823 0
860 5.96372111330884 1.80698703741568 0
861 7.06844771378855 1.80698703741568 0
862 5.53162658108809 1.77216003667653 0
863 7.50634674613249 1.77216003667653 0
864 5.27725754591425 1.74676558765595 0
865 7.76494818947643 1.74676558765595 0
866 6.52860248582064 1.65677017015233 0
867 6.07470476475322 1.53941224367719 0
868 7.00205986130058 1.53941224367719 0
869 5.73556220933309 1.46474868145206 0
870 7.35364634375823 1.46474868145206 0
871 5.54242407918904 1.41612498706222 0
872 7.55488842296726 1.41612498706222 0
873 6.55555555555556 1.33333333333333 0
874 6.20516564900164 1.17161491492384 0
875 6.93289853184438 1.17161491492384 0
876 5.96826746232942 1.06227729030589 0
877 7.18801965595293 1.06227729030589 0
878 5.85301836655797 1.00908539994984 0
879 7.31213406678372 1.00908539994984 0
880 6.58990204061287 0.92117551264562 0
881 6.3492992095996 0.728264281132254 0
882 6.86265674354503 0.728264281132254 0
883 6.20493151962188 0.621116058542818 0
884 7.02488247062098 0.621116058542818 0
885 6.62869333944609 0.455679926646934 0
886 6.48507304258479 0.297386991651302 0
887 6.79869579214 0.297386991651302 0
888 6.65837927715402 0.0994486741517879 0
889 19.9708660478597 2.00072683199599 0
890 19.9402899791807 2.79649857034361 0
891 19.9402899791807 1.2064807133048 0
892 19.9292084476461 3.45114469917693 0
893 19.9292084476461 0.552387507167646 0
894 19.9202750311171 3.85281596225535 0
895 19.9202750311171 0.151161984710718 0
896 19.8002967832765 2.00498218322447 0
897 19.690534789583 2.74420491882318 0
898 19.690534789583 1.27123611818356 0
899 19.6346953010449 3.32559370856253 0
900 19.6346953010449 0.692633488503339 0
901 19.5939793905467 3.66858980553521 0
902 19.5939793905467 0.351668947452312 0
903 19.4496862278419 2.01372919319391 0
904 19.2615216873651 2.63666024128448 0
905 19.2615216873651 1.40018677922134 0
906 19.1418106861707 3.10013280902535 0
907 19.1418106861707 0.942687296458489 0
908 19.0638504206314 3.36499789636965 0
909 19.0638504206314 0.681712104665371 0
910 18.9311073333333 2.02666666666667 0
911 18.6718178860791 2.51829065863154 0
912 18.6718178860791 1.54798014817455 0
913 18.4965126083618 2.8506770374701 0
914 18.4965126083618 1.22434077930543 0
915 18.4112279760702 3.0123803841525 0
916 18.4112279760702 1.06689278385151 0
917 18.2702786252697 2.04315297949418 0
918 17.9609765242463 2.39310778471833 0
919 17.9609765242463 1.70863107279109 0
920 17.789181600188 2.60178932499102 0
921 17.789181600188 1.50852139032555 0
922 17.5239313979102 2.06177280293412 0
923 17.2701341618072 2.27718635337075 0
924 17.2701341618072 1.85902268729714 0
925 16.9527719377659 2.07602205303393 0
926 15.3300545950444 3.18982435205618 0
927 14.9400074040789 2.86114144305341 0
928 15.7482625063623 3.49714858586894 0
929 14.6124742001629 2.59552311718608 0
930 16.086001859208 3.7550259939898 0
931 14.4125194659728 2.43182357572857 0
932 16.2941843170897 3.91248516674643 0
933 15.4086021907323 3.13024943485741 0
934 15.0847701490334 2.79731898082486 0
935 15.8335256069365 3.38650650108071 0
936 14.8156546781621 2.54581757652702 0
937 16.1540695409583 3.5990016645507 0
938 14.6605653216615 2.39480455747075 0
939 16.3466584655515 3.72157290070391 0
940 15.5700592751578 3.0077912952853 0
941 15.3424407490651 2.6947761640466 0
942 15.9709783344302 3.18936554887185 0
943 15.1634887355269 2.46877015909978 0
944 16.2601848108013 3.33174836412653 0
945 15.0657392295391 2.33637283441399 0
946 16.4297361321076 3.4096871510957 0
947 15.8088662222222 2.82666666666667 0
948 15.6816503205681 2.54204225026595 0
949 16.1748890709408 2.93016645444875 0
950 15.5956398052707 2.34960803093836 0
951 16.4223566706637 3.00014253420423 0
952 15.5537963692608 2.25599030391171 0
953 16.5427477023615 3.0341853440321 0
954 16.1131795831715 2.59585828708155 0
955 16.081643706832 2.35093265504862 0
956 16.4295843242032 2.62472333981951 0
957 16.0568551304802 2.20917140585088 0
958 16.6125969307653 2.64647857971707 0
959 16.4568744475463 2.33518075892228 0
960 16.4674660009522 2.16290398211001 0
961 16.6800314857972 2.33016944853945 0
962 16.7198948836042 2.135691257525 0
963 18.1541727658577 3.98255603209632 0
964 17.4123131051101 3.96424859621916 0
965 18.8698427242112 3.96424859621916 0
966 16.80772288879 3.95761352386504 0
967 19.4649411377751 3.95761352386504 0
968 16.4358992578733 3.95226463640714 0
969 19.829112917739 3.95226463640714 0
970 18.0811228534588 3.8804276026127 0
971 17.3589981093968 3.81470755591905 0
972 18.7092317847232 3.81470755591905 0
973 16.8034160945631 3.78127363520947 0
974 19.2169849042858 3.78127363520947 0
975 16.4724938316906 3.75689496414971 0
976 19.5130322592738 3.75689496414971 0
977 17.9309664321175 3.67049936334624 0
978 17.283658813474 3.5578357539301 0
979 18.4171031243107 3.5578357539301 0
980 16.8102740059845 3.48615873419398 0
981 18.7879503712167 3.48615873419398 0
982 16.5358735465608 3.43947998757973 0
983 18.9955745496714 3.43947998757973 0
984 17.708874 3.36 0
985 17.1530980903547 3.20475031832688 0
986 18.0425574775278 3.20475031832688 0
987 16.777338678544 3.09978619869365 0
988 18.2681604679972 3.09978619869365 0
989 16.5945346940682 3.04872198395184 0
990 18.3779145400741 3.04872198395184 0
991 17.4258600622153 2.9643284921398 0
992 16.9796735193864 2.77913370988696 0
993 17.6071162092923 2.77913370988696 0
994 16.7187343452185 2.67627141620111 0
995 17.720905729228 2.67627141620111 0
996 17.1062210011511 2.51745272958106 0
997 16.8058668519362 2.36549151198525 0
998 17.1891870305343 2.36549151198525 0
999 16.8616098243878 2.17547072718572 0
1000 2.53785583312431 0.990914600050164 0
1001 1.58382435102791 0.583875012937776 0
1002 3.57134667232643 1.37888394145718 0
1003 0.780261295217628 0.253234412344054 0
1004 4.40370778522924 1.7026130083487 0
1005 0.290058632942715 0.049724337075894 0
1006 4.91712610487351 1.90055132584821 0
1007 2.75948870960786 0.937722709694112 0
1008 1.98150483831757 0.535251318547936 0
1009 3.82271583911709 1.27173571886775 0
1010 1.32906645272023 0.227839963323468 0
1011 4.62026672779422 1.54432007335307 0
1012 0.954496156081633 0.044152579307248 0
1013 5.10064722868526 1.7026130083487 0
1014 3.21506214551598 0.828385085076164 0
1015 2.68676191188306 0.46058775632281 0
1016 4.23235373946198 1.07882448735438 0
1017 2.26670346828725 0.193012962584318 0
1018 4.96351035899582 1.27173571886775 0
1019 2.03935265713852 0.037241045605042 0
1020 5.39345989676888 1.37888394145718 0
1021 3.88888888888888 0.666666666666666 0
1022 3.61935819153972 0.34322982984767 0
1023 4.83224632961096 0.828385085076164 0
1024 3.43712881717647 0.124554580611774 0
1025 5.47004913988232 0.937722709694112 0
1026 3.34847566658305 0.01817079989967 0
1027 5.78033516695929 0.990914600050164 0
1028 4.74755101532162 0.46058775632281 0
1029 4.72165146935328 0.193012962584318 0
1030 5.57724735926233 0.535251318547936 0
1031 4.68938241886988 0.037241045605042 0
1032 6.05596733720171 0.583875012937776 0
1033 5.71733348615222 0.227839963323468 0
1034 5.78575814276378 0.044152579307248 0
1035 6.3084627253558 0.253234412344054 0
1036 6.45948192885044 0.049724337075894 0
1037 16.6678173810258 0.0188976318956568 0
1038 17.9940399360547 0.0387306874292437 0
1039 15.3440101743234 0.0387306874292437 0
1040 19.0850937398326 0.0459186824795379 0
1041 14.2538317531504 0.0459186824795379 0
1042 19.7545272408641 0.0517133105589298 0
1043 13.5851039449564 0.0517133105589298 0
1044 16.6745544176295 0.129536763836245 0
1045 17.9063637277566 0.200733481087691 0
1046 15.4514157266905 0.200733481087691 0
1047 18.8752287566334 0.236953561856407 0
1048 14.4869617232014 0.236953561856407 0
1049 19.4468041261892 0.263363788837816 0
1050 13.918602696051 0.263363788837816 0
1051 16.6884026109213 0.356959023041577 0
1052 17.7262291662891 0.479011266575722 0
1053 15.6654400628505 0.479011266575722 0
1054 18.4984341442229 0.556661371289853 0
1055 14.9026916232782 0.556661371289853 0
1056 18.9397136019479 0.607230013455287 0
1057 14.4675706157741 0.607230013455287 0
1058 16.7088851111111 0.693333333333333 0
1059 17.5277184532535 0.861520488479211 0
1060 15.9105342691585 0.861520488479211 0
1061 18.0813306729892 0.975231618081877 0
1062 15.3707702427147 0.975231618081877 0
1063 18.3506586430713 1.03055118405217 0
1064 15.1081793092363 1.03055118405217 0
1065 16.7349861041937 1.12197746684856 0
1066 17.3175999822986 1.32260514762246 0
1067 16.1768054624199 1.32260514762246 0
1068 17.6650447815045 1.43403929911547 0
1069 15.8429315570621 1.43403929911547 0
1070 16.7644648534986 1.60609287628719 0
1071 17.1229588974497 1.77071752868265 0
1072 16.4260194539937 1.77071752868265 0
1073 16.7870241475129 1.97657337888214 0
1074 8.87421763310759 0.990914600050164 0
1075 8.05586601338199 0.583875012937776 0
1076 9.77838535850737 1.37888394145718 0
1077 7.36251649110294 0.253234412344054 0
1078 10.5028367824463 1.7026130083487 0
1079 6.94015052058408 0.049724337075894 0
1080 10.9502756629241 1.90055132584821 0
1081 9.11358113970982 0.937722709694112 0
1082 8.46975439880159 0.535251318547936 0
1083 10.0654705994945 1.27173571886775 0
1084 7.91978646494574 0.227839963323468 0
1085 10.7721600366765 1.54432007335307 0
1086 7.60644529631255 0.044152579307248 0
1087 11.1997762259024 1.7026130083487 0
1088 9.60560045049059 0.828385085076164 0
1089 9.19989932644212 0.46058775632281 0
1090 10.5394122436772 1.07882448735438 0
1091 8.86903248075914 0.193012962584318 0
1092 11.2062651193732 1.27173571886775 0
1093 8.69360564193684 0.037241045605042 0
1094 11.6004985829498 1.37888394145718 0
1095 10.3333333333333 0.666666666666666 0
1096 10.1716149149238 0.34322982984767 0
1097 11.2227846345856 0.828385085076164 0
1098 10.0622772903059 0.124554580611774 0
1099 11.8241415699843 0.937722709694112 0
1100 10.0090853999498 0.01817079989967 0
1101 12.1166969669426 0.990914600050164 0
1102 11.2606884298807 0.46058775632281 0
1103 11.3239804818252 0.193012962584318 0
1104 12.0654969197463 0.535251318547936 0
1105 11.3436354036682 0.037241045605042 0
1106 12.5280089995558 0.583875012937776 0
1107 12.3080534983777 0.227839963323468 0
1108 12.4377072829947 0.044152579307248 0
1109 12.8907179212411 0.253234412344054 0
1110 13.1095738164918 0.049724337075894 0
1111 7.36664646648273 1.00908539994983 0
1112 7.13660560743611 0.621116058542818 0
1113 7.66661155978238 1.41612498706222 0
1114 6.93115353006174 0.297386991651302 0
1115 7.89740592739817 1.74676558765595 0
1116 6.8075522883817 0.099448674151788 0
1117 8.04143694756325 1.95027566292411 0
1118 7.56168339778825 1.06227729030589 0
1119 7.44169563129798 0.728264281132254 0
1120 7.93268523151119 1.46474868145206 0
1121 7.31221322941649 0.455679926646936 0
1122 8.18986663610289 1.77216003667653 0
1123 7.24477627961695 0.297386991651302 0
1124 8.35041656564459 1.95584742069275 0
1125 7.9625880213874 1.17161491492383 0
1126 7.9716653095813 0.92117551264562 0
1127 8.38382313026901 1.53941224367719 0
1128 7.95505316524341 0.728264281132254 0
1129 8.67420166943236 1.80698703741568 0
1130 7.95655655843521 0.621116058542818 0
1131 8.85098515566997 1.96275895439496 0
1132 8.55555555555555 1.33333333333333 0
1133 8.69032090423014 1.17161491492383 0
1134 9.01375774104913 1.65677017015233 0
1135 8.78143559141176 1.06227729030589 0
1136 9.32354767746665 1.87544541938822 0
1137 8.82576216670847 1.00908539994983 0
1138 9.47425803347547 1.98182920010033 0
1139 9.31117822681636 1.53941224367719 0
1140 9.55076936593633 1.46474868145206 0
1141 9.77892826991208 1.80698703741568 0
1142 9.67907590356059 1.41612498706222 0
1143 10.0434985484491 1.96275895439496 0
1144 10.1645868011473 1.77216003667653 0
1145 10.3850965709603 1.74676558765595 0
1146 10.5244844596515 1.95584742069275 0
1147 10.8176774307217 1.95027566292411 0
1148 13.8436992102125 1.20799515195585 0
1149 13.6799595755756 0.739380702954575 0
1150 14.0642046159225 1.69339141717786 0
1151 13.5321107235684 0.349799977292403 0
1152 14.2326268022204 2.08905429249798 0
1153 13.4433890041728 0.111382515050003 0
1154 14.3379337890979 2.33237490157678 0
1155 14.002033754903 1.25480401546918 0
1156 13.9259432242302 0.843035063345214 0
1157 14.2819020920668 1.72681634372899 0
1158 13.8376151695966 0.510361517844568 0
1159 14.4738985305096 2.09013764988009 0
1160 13.792767329912 0.316346884006514 0
1161 14.594337188577 2.30649939885625 0
1162 14.3274954539616 1.35102112513297 0
1163 14.3527595838067 1.03171657416309 0
1164 14.6515667910434 1.77360065140098 0
1165 14.352602428095 0.788276926391035 0
1166 14.8739725085332 2.08274423393115 0
1167 14.3614332013208 0.651919268181337 0
1168 15.0098782818156 2.26189074320391 0
1169 14.8088773333333 1.49333333333333 0
1170 14.9323252497446 1.27339628429641 0
1171 15.1668112962938 1.85558259057061 0
1172 15.0157882348344 1.12469711481601 0
1173 15.4088100102627 2.10049886971481 0
1174 15.0563923175296 1.05235614393177 0
1175 15.526540472258 2.21964870411237 0
1176 15.4223056251498 1.67468277443593 0
1177 15.6267162672366 1.55422070272364 0
1178 15.7921274798382 1.96490672987998 0
1179 15.7367941426088 1.47872855384152 0
1180 16.0009941827567 2.1346893146408 0
1181 16.1151182998938 1.87950083227535 0
1182 16.3001840878546 1.82370062385134 0
1183 16.4012378678677 2.07459882349551 0
1184 16.6453092067293 2.03624258337321 0
1185 0.045426999749175 1.00908539994983 0
1186 0.093102614012605 0.621116058542818 0
1187 0.093102614012605 1.41612498706222 0
1188 0.11038144826812 0.297386991651302 0
1189 0.11038144826812 1.74676558765595 0
1190 0.124310842689735 0.099448674151788 0
1191 0.124310842689735 1.95027566292411 0
1192 0.311386451529435 1.06227729030589 0
1193 0.482532406460795 0.728264281132254 0
1194 0.482532406460795 1.46474868145206 0
1195 0.56959990830867 0.455679926646936 0
1196 0.56959990830867 1.77216003667653 0
1197 0.633086030860135 0.297386991651302 0
1198 0.633086030860135 1.95584742069275 0
1199 0.858074574619175 1.17161491492383 0
1200 1.15146939080703 0.92117551264562 0
1201 1.15146939080703 1.53941224367719 0
1202 1.33812829636984 0.728264281132254 0
1203 1.33812829636984 1.80698703741568 0
1204 1.45968753234444 0.621116058542818 0
1205 1.45968753234444 1.96275895439496 0
1206 1.66666666666666 1.33333333333333 0
1207 2.07096271269041 1.17161491492383 0
1208 2.07096271269041 1.65677017015233 0
1209 2.34430677423528 1.06227729030589 0
1210 2.34430677423528 1.87544541938822 0
1211 2.47728650012541 1.00908539994983 0
1212 2.47728650012541 1.98182920010033 0
1213 2.69706121838595 1.53941224367719 0
1214 3.17933929716937 1.46474868145206 0
1215 3.17933929716937 1.80698703741568 0
1216 3.44720985364296 1.41612498706222 0
1217 3.44720985364296 1.96275895439496 0
1218 3.86080018338266 1.77216003667653 0
1219 4.25653252087175 1.74676558765595 0
1220 4.25653252087175 1.95584742069275 0
1221 4.75137831462053 1.95027566292411 0
