1 0 0 0
2 0 2 0
3 0 1.71428571428572 0
4 0 1.42857142857143 0
5 0 1.14285714285715 0
6 0 0.857142857142861 0
7 0 0.571428571428577 0
8 0 0.28571428571429 0
9 0.714285714285725 2.00000000000001 0
10 0.714285714285725 0.28571428571429 0
11 0.714285714285725 1.14285714285715 0
12 0.714285714285725 1.42857142857144 0
13 0.714285714285725 0.857142857142867 0
14 0.714285714285726 0.571428571428581 0
15 0.714285714285726 1.71428571428572 0
16 0.952380952380955 0 0
17 1.42857142857144 0.857142857142867 0
18 1.42857142857144 1.71428571428572 0
19 1.42857142857144 1.14285714285715 0
20 1.42857142857144 1.42857142857144 0
21 1.42857142857144 2.00000000000001 0
22 1.42857142857144 0.571428571428577 0
23 1.66666666666668 0.28571428571429 0
24 1.90476190476191 0 0
25 2.14285714285715 1.42857142857144 0
26 2.14285714285715 2.00000000000001 0
27 2.14285714285715 0.857142857142861 0
28 2.14285714285715 1.14285714285715 0
29 2.14285714285715 1.71428571428572 0
30 2.3809523809524 0.571428571428577 0
31 2.61904761904764 0.28571428571429 0
32 2.85714285714286 2 0
33 2.85714285714286 1.14285714285715 0
34 2.85714285714286 0 0
35 2.85714285714286 1.42857142857144 0
36 2.85714285714286 1.71428571428572 0
37 3.09523809523811 0.857142857142861 0
38 3.33333333333336 0.571428571428577 0
39 3.57142857142858 2 0
40 3.57142857142858 1.42857142857143 0
41 3.57142857142858 1.71428571428572 0
42 3.5714285714286 0.28571428571429 0
43 3.80952380952382 0 0
44 3.80952380952382 1.14285714285715 0
45 4.04761904761907 0.857142857142861 0
46 4.28571428571429 2 0
47 4.28571428571429 1.71428571428572 0
48 4.28571428571431 0.571428571428577 0
49 4.52380952380954 1.42857142857143 0
50 4.52380952380955 0.28571428571429 0
51 4.76190476190478 0 0
52 4.76190476190478 1.14285714285715 0
53 5 2 0
54 5.00000000000002 0.857142857142861 0
55 5.23809523809525 1.71428571428572 0
56 5.23809523809527 0.571428571428577 0
57 5.35714285714288 2.42857142857144 0
58 5.42857142857145 2.00000000000001 0
59 5.47619047619049 1.42857142857143 0
60 5.47619047619051 0.28571428571429 0
61 5.6666666666667 1.71428571428572 0
62 5.71428571428573 0 0
63 5.71428571428573 1.14285714285715 0
64 5.71428571428575 2.85714285714288 0
65 5.78571428571434 2.42857142857145 0
66 5.85714285714289 2.00000000000001 0
67 5.90476190476194 1.42857142857144 0
68 5.95238095238097 0.857142857142861 0
69 6.07142857142859 3.2857142857143 0
70 6.09523809523814 1.71428571428572 0
71 6.14285714285718 1.14285714285715 0
72 6.1428571428572 2.85714285714288 0
73 6.19047619047622 0.571428571428577 0
74 6.21428571428577 2.42857142857145 0
75 6.28571428571431 2.00000000000001 0
76 6.33333333333338 1.42857142857144 0
77 6.38095238095242 0.857142857142865 0
78 6.42857142857144 3.71428571428572 0
79 6.42857142857145 0.28571428571429 0
80 6.50000000000004 3.2857142857143 0
81 6.52380952380956 1.71428571428572 0
82 6.57142857142861 1.14285714285715 0
83 6.57142857142862 2.85714285714288 0
84 6.61904761904766 0.571428571428579 0
85 6.64285714285718 2.42857142857144 0
86 6.66666666666667 0 0
87 6.71428571428573 2 0
88 6.7619047619048 1.42857142857144 0
89 6.7857142857143 4.14285714285715 0
90 6.80952380952385 0.857142857142864 0
91 6.85714285714287 0.285714285714287 0
92 6.8571428571429 3.71428571428573 0
93 6.92857142857148 3.28571428571431 0
94 6.95238095238099 1.71428571428572 0
95 7.00000000000004 1.14285714285715 0
96 7.00000000000004 2.85714285714287 0
97 7.04761904761906 0.571428571428574 0
98 7.0714285714286 2.42857142857144 0
99 7.14285714285715 4.57142857142858 0
100 7.14285714285716 2 0
101 7.19047619047624 1.42857142857144 0
102 7.21428571428576 4.14285714285716 0
103 7.23809523809525 0.857142857142859 0
104 7.28571428571432 0.28571428571429 0
105 7.28571428571433 3.71428571428573 0
106 7.35714285714289 3.2857142857143 0
107 7.38095238095242 1.71428571428572 0
108 7.42857142857145 1.14285714285715 0
109 7.42857142857146 2.85714285714287 0
110 7.47619047619053 0.571428571428579 0
111 7.5 5 0
112 7.50000000000003 2.42857142857144 0
113 7.57142857142858 2 0
114 7.5714285714286 4.57142857142858 0
115 7.61904761904763 0 0
116 7.61904761904766 1.42857142857143 0
117 7.64285714285718 4.14285714285716 0
118 7.66666666666671 0.857142857142865 0
119 7.71428571428574 3.71428571428573 0
120 7.7857142857143 3.28571428571429 0
121 7.80952380952384 1.71428571428572 0
122 7.85714285714287 2.85714285714287 0
123 7.85714285714289 5.42857142857145 0
124 7.85714285714291 1.14285714285715 0
125 7.87864195308417 4.9349690786188 0
126 7.90476190476195 0.571428571428577 0
127 7.92857142857144 2.42857142857144 0
128 7.95007052451278 4.50639765004738 0
129 8 2 0
130 8.02149909594135 4.07782622147596 0
131 8.04761904761911 1.42857142857144 0
132 8.09292766736992 3.64925479290453 0
133 8.09523809523815 0.857142857142865 0
134 8.16435623879849 3.2206833643331 0
135 8.21428571428576 5.85714285714289 0
136 8.23578481022706 5.36354050719025 0
137 8.23578481022707 2.79211193576167 0
138 8.23809523809529 0.28571428571429 0
139 8.2380952380953 1.71428571428573 0
140 8.25728390616833 4.86993815723759 0
141 8.28571428571434 1.14285714285715 0
142 8.30721338165563 2.36354050719023 0
143 8.32871247759694 4.44136672866618 0
144 8.40014104902551 4.01279530009475 0
145 8.42857142857147 2.00000000000001 0
146 8.47156962045409 3.58422387152332 0
147 8.47619047619054 1.42857142857144 0
148 8.52380952380955 0.857142857142861 0
149 8.54299819188266 3.15565244295189 0
150 8.57142857142859 0 0
151 8.5714285714286 6.28571428571431 0
152 8.59292766736993 5.79211193576169 0
153 8.61442676331122 5.29850958580904 0
154 8.61442676331122 2.72708101438046 0
155 8.63592585925249 4.80490723585639 0
156 8.66666666666673 1.71428571428573 0
157 8.70735443068109 4.37633580728497 0
158 8.71428571428576 1.14285714285715 0
159 8.73578481022709 2.36354050719024 0
160 8.77878300210967 3.94776437871354 0
161 8.85021157353824 3.51919295014211 0
162 8.85714285714291 2.00000000000001 0
163 8.85714285714291 0.571428571428577 0
164 8.90476190476195 1.42857142857144 0
165 8.92164014496679 3.09062152157067 0
166 8.92857142857145 6.71428571428573 0
167 8.95007052451278 6.22068336433311 0
168 8.97156962045409 5.72708101438048 0
169 8.99306871639537 5.23347866442784 0
170 9.01456781233666 4.73987631447518 0
171 9.04299819188268 2.72708101438046 0
172 9.08599638376526 4.31130488590377 0
173 9.09523809523814 1.71428571428572 0
174 9.14285714285716 1.14285714285715 0
175 9.15742495519383 3.88273345733233 0
176 9.16435623879852 2.36354050719024 0
177 9.19047619047624 0.28571428571429 0
178 9.22885352662237 3.45416202876089 0
179 9.2857142857143 7.14285714285716 0
180 9.28571428571432 2.00000000000001 0
181 9.30721338165564 6.64925479290454 0
182 9.32871247759695 6.15565244295191 0
183 9.33333333333337 1.42857142857144 0
184 9.35021157353824 5.66205009299927 0
185 9.35021157353825 3.09062152157068 0
186 9.37171066947954 5.16844774304663 0
187 9.39320976542084 4.67484539309399 0
188 9.46463833684941 4.24627396452256 0
189 9.47156962045411 2.72708101438046 0
190 9.47619047619052 0.857142857142861 0
191 9.52380952380954 0 0
192 9.52380952380956 1.71428571428572 0
193 9.53606690827795 3.81770253595111 0
194 9.59292766736992 2.36354050719024 0
195 9.64285714285716 7.57142857142858 0
196 9.65742495519384 3.4541620287609 0
197 9.6643562387985 7.07782622147597 0
198 9.68585533473981 6.58422387152334 0
199 9.70735443068109 6.09062152157069 0
200 9.71428571428574 2 0
201 9.72885352662239 5.59701917161806 0
202 9.75035262256369 5.10341682166542 0
203 9.76190476190478 1.42857142857143 0
204 9.77185171850499 4.60981447171277 0
205 9.77878300210969 3.09062152157068 0
206 9.80952380952387 0.571428571428577 0
207 9.84328028993354 4.18124304314133 0
208 9.90014104902552 2.72708101438046 0
209 9.95238095238099 1.71428571428572 0
210 9.96463833684942 3.81770253595112 0
211 10 8 0
212 10.0214990959413 7.50639765004739 0
213 10.0214990959413 2.36354050719023 0
214 10.0429981918827 7.01279530009476 0
215 10.0644972878239 6.51919295014211 0
216 10.0859963837652 6.02559060018947 0
217 10.0859963837653 3.4541620287609 0
218 10.0952380952381 1.14285714285715 0
219 10.1074954797065 5.53198825023683 0
220 10.1289945756478 5.03838590028419 0
221 10.1428571428572 2 0
222 10.1428571428572 0.28571428571429 0
223 10.1504936715891 4.54478355033154 0
224 10.2073544306811 3.09062152157068 0
225 10.271851718505 4.18124304314134 0
226 10.2802144445441 7.85673050590827 0
227 10.3017135404855 7.36312815595566 0
228 10.3232126364268 6.86952580600302 0
229 10.3287124775969 2.72708101438046 0
230 10.3447117323681 6.37592345605038 0
231 10.3571428571429 8.42857142857147 0
232 10.3662108283094 5.88232110609774 0
233 10.3809523809524 1.71428571428572 0
234 10.3877099242507 5.3887187561451 0
235 10.3932097654209 3.81770253595112 0
236 10.409209020192 4.89511640619245 0
237 10.4285714285715 0.857142857142861 0
238 10.4500705245128 2.36354050719023 0
239 10.4761904761905 0 0
240 10.5099374327907 4.46695732885563 0
241 10.5145678123367 3.45416202876089 0
242 10.5604288890883 7.71346101181653 0
243 10.5714285714286 2 0
244 10.5819279850296 7.21985866186392 0
245 10.6034270809709 6.72625631191128 0
246 10.6249261769122 6.23265396195865 0
247 10.6312954797066 4.10341682166542 0
248 10.6359258592525 3.09062152157067 0
249 10.6373573016871 8.28530193447974 0
250 10.6464252728535 5.739051612006 0
251 10.6679243687948 5.24544926205335 0
252 10.7142857142858 1.42857142857143 0
253 10.7142857142858 8.85714285714291 0
254 10.7526535266224 3.73987631447519 0
255 10.7572839061683 2.72708101438045 0
256 10.7619047619048 0.571428571428577 0
257 10.7686527813936 4.81729018471653 0
258 10.8406433336324 7.57019151772479 0
259 10.8621424295738 7.07658916777218 0
260 10.8693811939923 4.38913110737969 0
261 10.8740115735383 3.37633580728497 0
262 10.8786419530842 2.36354050719023 0
263 10.8836415255151 6.58298681781955 0
264 10.9051406214564 6.0893844678669 0
265 10.9175717462312 8.14203244038799 0
266 10.9266397173976 5.59578211791424 0
267 10.9907392409082 4.02559060018948 0
268 10.9945001588299 8.71387336305117 0
269 10.9953696204541 3.01279530009475 0
270 11 2 0
271 11.0273681299964 5.16762304057743 0
272 11.0476190476191 1.14285714285715 0
273 11.0714285714286 9.28571428571432 0
274 11.0952380952382 0.28571428571429 0
275 11.112097287824 3.66205009299926 0
276 11.1167276673699 2.64925479290453 0
277 11.1208577781766 7.42692202363306 0
278 11.1280965425952 4.7394639632406 0
279 11.1423568741179 6.93331967368045 0
280 11.1638559700592 6.43971732372781 0
281 11.1853550660005 5.94611497377514 0
282 11.1977861907753 7.99876294629625 0
283 11.2288249551938 4.31130488590375 0
284 11.2334553347398 3.29850958580903 0
285 11.2380857142858 2.2857142857143 0
286 11.2747146033741 8.57060386895943 0
287 11.2860834785992 5.51795589643832 0
288 11.3333333333333 1.71428571428572 0
289 11.3501830021097 3.94776437871354 0
290 11.3516430159727 9.14244479162258 0
291 11.3548133816557 2.93496907861881 0
292 11.3809523809524 0.857142857142861 0
293 11.386811891198 5.0897968191015 0
294 11.4010722227207 7.28365252954133 0
295 11.4225713186621 6.79005017958871 0
296 11.4285714285715 9.71428571428573 0
297 11.4285714285715 0 0
298 11.4440704146034 6.29644782963605 0
299 11.4714252380953 2.05714285714286 0
300 11.4715410490255 3.58422387152332 0
301 11.4761714285715 2.57142857142859 0
302 11.4780006353195 7.85549345220453 0
303 11.4875403037967 4.66163774176466 0
304 11.5447988272021 5.86828875229922 0
305 11.5549290479182 8.4273343748677 0
306 11.5882687163954 4.23347866442781 0
307 11.5928990959414 3.22068336433309 0
308 11.6318574605169 8.99917529753085 0
309 11.6455272398008 5.44012967496239 0
310 11.6666666666667 1.42857142857143 0
311 11.6812866672649 7.14038303544958 0
312 11.7027857632062 6.64678068549694 0
313 11.7087858731156 9.57101622019401 0
314 11.709510952381 2.34285714285716 0
315 11.7096267633112 3.8699381572376 0
316 11.7142571428572 2.85714285714287 0
317 11.7142857142858 0.571428571428577 0
318 11.7462556523995 5.01197059762556 0
319 11.7582150798636 7.71222395811279 0
320 11.7857142857143 10.1428571428572 0
321 11.8035141758049 6.21862160816012 0
322 11.8047585714286 1.77142857142858 0
323 11.8309848102271 3.50639765004738 0
324 11.8351434924623 8.28406488077596 0
325 11.8469840649982 4.58381152028873 0
326 11.9042425884036 5.79046253082328 0
327 11.912071905061 8.85590580343911 0
328 11.9428504761905 2.11428571428572 0
329 11.9475966666667 2.62857142857145 0
330 11.9477124775969 4.15565244295188 0
331 11.9523428571429 3.14285714285715 0
332 11.961501111809 6.99711354135781 0
333 11.9890003176597 9.42774672610227 0
334 12 1.14285714285715 0
335 12.0049710010023 5.36230345348645 0
336 12.0384295244077 7.56895446402101 0
337 12.0476190476191 0.28571428571429 0
338 12.0622295244077 6.56895446402099 0
339 12.0659287302585 9.99958764876544 0
340 12.0690705245128 3.79211193576166 0
341 12.1056994136011 4.93414437614963 0
342 12.1153579370065 8.1407953866842 0
343 12.1380919047619 1.48571428571429 0
344 12.1428571428571 10.5714285714286 0
345 12.1629579370064 6.14079538668416 0
346 12.1809361904763 2.40000000000002 0
347 12.1856823809524 2.91428571428573 0
348 12.1904285714286 3.42857142857143 0
349 12.1922863496052 8.71263630934735 0
350 12.2064278261998 4.50598529881279 0
351 12.2636863496052 5.71263630934733 0
352 12.2692147622039 9.28447723201051 0
353 12.2761838095239 1.82857142857144 0
354 12.3071562387985 4.07782622147594 0
355 12.3227740797585 7.06049505780063 0
356 12.3333333333334 0.857142857142861 0
357 12.3461431748026 9.85631815467367 0
358 12.3644147622039 5.2844772320105 0
359 12.3809523809524 0 0
360 12.3997024923573 7.63233598046384 0
361 12.4142757142857 2.17142857142858 0
362 12.419021904762 2.68571428571431 0
363 12.4230715874013 10.4281590773368 0
364 12.4235024923573 6.63233598046381 0
365 12.4237680952382 3.20000000000001 0
366 12.4285142857143 3.71428571428572 0
367 12.4651431748026 4.85631815467368 0
368 12.4714252380953 1.20000000000001 0
369 12.476630904956 8.20417690312702 0
370 12.5 11 0
371 12.524230904956 6.20417690312699 0
372 12.5535593175547 8.77601782579018 0
373 12.5658715874013 4.42815907733685 0
374 12.6095171428572 1.54285714285715 0
375 12.6249593175547 5.77601782579016 0
376 12.6304877301534 9.34785874845334 0
377 12.6523614285715 2.45714285714287 0
378 12.6571076190477 2.97142857142859 0
379 12.6618538095239 3.4857142857143 0
380 12.6666 4 0
381 12.6666666666667 0.571428571428577 0
382 12.6840470477081 7.12387657424345 0
383 12.7074161427522 9.91969967111651 0
384 12.7256877301535 5.34785874845334 0
385 12.7476090476191 1.88571428571429 0
386 12.7609754603068 7.69571749690665 0
387 12.7843445553509 10.4915405937797 0
388 12.7847754603068 6.69571749690663 0
389 12.8047585714286 0.914285714285723 0
390 12.8264161427522 4.91969967111651 0
391 12.8379038729055 8.26755841956983 0
392 12.8571428571429 11.4285714285715 0
393 12.8855038729055 6.26755841956981 0
394 12.885700952381 2.22857142857144 0
395 12.8904471428572 2.74285714285716 0
396 12.8951933333334 3.25714285714287 0
397 12.8999395238096 3.77142857142858 0
398 12.9148322855043 8.839399342233 0
399 12.9271445553508 4.49154059377966 0
400 12.9428504761906 1.25714285714287 0
401 12.9862322855043 5.83939934223299 0
402 12.991760698103 9.41124026489617 0
403 13 0.28571428571429 0
404 13.0453200156576 7.18725809068626 0
405 13.0584967081631 10.924882714955 0
406 13.0686891107017 9.98308118755933 0
407 13.0809423809525 1.60000000000001 0
408 13.086960698103 5.41124026489616 0
409 13.1222484282564 7.75909901334946 0
410 13.1237866666667 2.51428571428573 0
411 13.1285328571429 3.02857142857144 0
412 13.1332790476191 3.54285714285716 0
413 13.138091904762 0.628571428571435 0
414 13.1460484282563 6.75909901334945 0
415 13.1876891107017 4.98308118755931 0
416 13.1904142857143 4.00000000000002 0
417 13.1991768408551 8.33093993601264 0
418 13.2142857142858 11.8571428571429 0
419 13.2190342857144 1.94285714285716 0
420 13.2467768408551 6.33093993601262 0
421 13.2761052534538 8.9027808586758 0
422 13.2761838095239 0.97142857142858 0
423 13.3333333333333 0 0
424 13.342841263514 10.4164233087347 0
425 13.3475052534538 5.90278085867579 0
426 13.3530336660525 9.47462178133896 0
427 13.3571261904763 2.2857142857143 0
428 13.3618723809525 2.80000000000001 0
429 13.3666185714286 3.31428571428573 0
430 13.4065929836071 7.25063960712908 0
431 13.4142757142858 1.31428571428572 0
432 13.415639565306 11.3534541435265 0
433 13.4237538095239 3.7714285714286 0
434 13.4482336660525 5.47462178133895 0
435 13.4509588410652 4.49154059377968 0
436 13.4714252380953 0.342857142857144 0
437 13.4835213962059 7.82248052979228 0
438 13.5073213962059 6.82248052979227 0
439 13.5523676190477 1.65714285714287 0
440 13.5604498088046 8.39432145245545 0
441 13.5714285714286 12.2857142857143 0
442 13.595211904762 2.57142857142859 0
443 13.5999580952381 3.08571428571429 0
444 13.6080498088046 6.39432145245543 0
445 13.6095171428572 0.685714285714288 0
446 13.6169934163262 10.8497654299099 0
447 13.6271858188648 9.90796390251429 0
448 13.6373782214033 8.96616237511859 0
449 13.6570933333334 3.54285714285717 0
450 13.6904595238096 2.00000000000001 0
451 13.7087782214033 5.96616237511858 0
452 13.711503396416 4.98308118755932 0
453 13.7142285714287 4.00000000000002 0
454 13.7476090476191 1.02857142857143 0
455 13.7678659515567 7.31402112357191 0
456 13.7727824224489 11.7820255720979 0
457 13.8276174285715 0.297142857142861 0
458 13.8285514285715 2.34285714285715 0
459 13.8332976190476 2.85714285714286 0
460 13.8447943641554 7.88586204623508 0
461 13.8685943641554 6.88586204623508 0
462 13.885700952381 1.37142857142857 0
463 13.8904328571429 3.31428571428573 0
464 13.9013379716771 10.3413060236896 0
465 13.9115303742156 9.39950449629391 0
466 13.9217227767541 8.45770296889823 0
467 13.9285714285715 12.7142857142857 0
468 13.9475680952382 3.7714285714286 0
469 13.9657093333334 0.640000000000007 0
470 13.9693227767541 6.45770296889822 0
471 13.9720479517668 5.47462178133896 0
472 13.9741362734691 11.2783368584814 0
473 13.9747731267795 4.49154059377968 0
474 14.0237928571429 1.71428571428572 0
475 14.0666371428572 2.62857142857143 0
476 14.1038012380953 0.982857142857151 0
477 14.1237723809524 3.0857142857143 0
478 14.1291389195062 7.37740264001471 0
479 14.1299252795917 12.2105970006693 0
480 14.1618847619048 2.05714285714286 0
481 14.1754901244893 10.7746481448649 0
482 14.1809076190477 3.54285714285717 0
483 14.1856825270279 9.83284661746923 0
484 14.1958749295664 8.89104509007355 0
485 14.2060673321049 7.94924356267787 0
486 14.2298673321049 6.94924356267786 0
487 14.2325925071176 5.9661623751186 0
488 14.2353176821303 4.98308118755932 0
489 14.2380428571429 4.00000000000001 0
490 14.2418931428572 1.32571428571429 0
491 14.2857142857143 0 0
492 14.2857142857143 13.1428571428572 0
493 14.2999766666667 2.4 0
494 14.3219015238096 0.59428571428572 0
495 14.331279130612 11.7069082870528 0
496 14.357111904762 2.85714285714287 0
497 14.3799850476191 1.66857142857144 0
498 14.4142471428572 3.31428571428573 0
499 14.4598346798402 10.2661887386445 0
500 14.4599934285715 0.937142857142865 0
501 14.4700270823787 9.32438721124886 0
502 14.4713823809525 3.77142857142859 0
503 14.4802194849172 8.38258568385318 0
504 14.4870681367346 12.6391684292407 0
505 14.4904118874557 7.44078415645749 0
506 14.4931370624684 6.45770296889824 0
507 14.4958622374811 5.47462178133896 0
508 14.4985874124937 4.49154059377967 0
509 14.518076952381 2.01142857142858 0
510 14.5326329816322 11.2032195734363 0
511 14.5904514285715 2.62857142857143 0
512 14.5980853333334 1.28000000000001 0
513 14.6428571428572 13.5714285714286 0
514 14.6475866666667 3.0857142857143 0
515 14.6561688571429 2.35428571428572 0
516 14.6884219877548 12.1354797156242 0
517 14.704721904762 3.54285714285716 0
518 14.7339868326524 10.6995308598198 0
519 14.7361772380953 1.62285714285715 0
520 14.744179235191 9.75772933242417 0
521 14.7536816178192 6.94924356267788 0
522 14.7543716377295 8.81592780502849 0
523 14.7564067928319 5.9661623751186 0
524 14.7591319678446 4.98308118755931 0
525 14.7618571428572 4.00000000000001 0
526 14.764564040268 7.8741262776328 0
527 14.7799983809525 0.297142857142862 0
528 14.8161856190477 0.891428571428575 0
529 14.8442109938774 13.0677398578121 0
530 14.8742691428572 1.96571428571429 0
531 14.8809261904762 2.85714285714286 0
532 14.8897758387751 11.6317910020078 0
533 14.912729870522 7.37538536728193 0
534 14.9380614285715 3.31428571428573 0
535 14.9466436190477 2.58285714285715 0
536 14.9542775238096 1.23428571428572 0
537 14.9951966666668 3.77142857142859 0
538 15 14 0
539 15.0123610476191 2.30857142857143 0
540 15.0169513481827 6.45770296889824 0
541 15.0183313880033 10.1910714535995 0
542 15.0196765231954 5.47462178133895 0
543 15.022401698208 4.49154059377966 0
544 15.0285237905418 9.24926992620379 0
545 15.0387161930803 8.3074683988081 0
546 15.0455648448977 12.5640511441956 0
547 15.0911296897953 11.1281022883913 0
548 15.0923694285715 1.57714285714287 0
549 15.171400952381 3.08571428571429 0
550 15.1759996008855 6.88384477350231 0
551 15.1868820233343 7.80872748845724 0
552 15.2013538510203 13.4963112863835 0
553 15.2285361904763 3.54285714285716 0
554 15.2304613333334 1.92000000000001 0
555 15.2371183809525 2.81142857142858 0
556 15.2380952380953 0 0
557 15.2469186959179 12.0603624305792 0
558 15.2742824761906 0.59428571428572 0
559 15.2802210785462 5.96616237511859 0
560 15.2829462535588 4.98308118755931 0
561 15.2856714285715 4.00000000000001 0
562 15.2924835408155 10.6244135747747 0
563 15.3026759433541 9.6826120473791 0
564 15.3028358095239 2.53714285714287 0
565 15.3104697142857 1.18857142857143 0
566 15.3128683458925 8.7408105199834 0
567 15.3350478535882 7.30998657810634 0
568 15.3685532380953 2.26285714285715 0
569 15.4027077020405 12.992622572767 0
570 15.439269331249 6.39230417972267 0
571 15.4482725469382 11.5566737169627 0
572 15.4485616190477 1.53142857142858 0
573 15.4610341761465 8.24206960963254 0
574 15.4618757142858 3.31428571428573 0
575 15.519010952381 3.77142857142859 0
576 15.5275931428572 3.04000000000002 0
577 15.5434908089096 5.47462178133894 0
578 15.5462159839223 4.49154059377966 0
579 15.5768280961663 10.1159541685544 0
580 15.5866535238096 1.87428571428573 0
581 15.5870204987049 9.17415264115871 0
582 15.5933105714287 2.7657142857143 0
583 15.5983175839518 6.81844598432672 0
584 15.6040615530607 12.4889338591506 0
585 15.6092000064005 7.74332869928165 0
586 15.6496263979584 11.0529850033462 0
587 15.6590280000001 2.49142857142858 0
588 15.7025390616125 5.90076358594302 0
589 15.7142857142858 14 0
590 15.7247454285715 2.21714285714287 0
591 15.7323793333334 0.297142857142861 0
592 15.7351863289588 8.67541173080785 0
593 15.7523504761905 3.54285714285716 0
594 15.7573658366545 7.24458778893076 0
595 15.7685665714286 0.891428571428576 0
596 15.8047538095238 1.48571428571429 0
597 15.805415404081 11.9852451455341 0
598 15.8067605392731 4.9830811875593 0
599 15.8094857142857 4.00000000000001 0
600 15.818067904762 3.26857142857145 0
601 15.8509802489785 10.5492962897297 0
602 15.8611726515171 9.60749476233402 0
603 15.8615873143152 6.32690539054708 0
604 15.8833521592128 8.17667082045696 0
605 15.8837853333334 2.99428571428574 0
606 15.915639565306 13.4963112863836 0
607 15.9428457142858 1.82857142857144 0
608 15.9495027619049 2.72000000000002 0
609 15.9658087919759 5.40922299216338 0
610 16.0067692551012 11.4815564319176 0
611 16.0093384817712 9.10875385198316 0
612 16.0152201904763 2.4457142857143 0
613 16.020635567018 6.75304719515114 0
614 16.0315179894668 7.67792991010608 0
615 16.0428252380953 3.77142857142858 0
616 16.0700302696366 4.49154059377965 0
617 16.0809376190477 2.17142857142858 0
618 16.1085426666668 3.49714285714288 0
619 16.1169934163263 12.9926225727671 0
620 16.1248570446787 5.83536479676744 0
621 16.1353248043294 10.0408368835093 0
622 16.1575043120251 8.61001294163228 0
623 16.1742600952382 3.22285714285717 0
624 16.1796838197208 7.17918899975519 0
625 16.1904761904762 0 0
626 16.2081231061214 10.9778677183011 0
627 16.2266634285715 0.59428571428572 0
628 16.2290785223394 4.91768239838373 0
629 16.2399775238096 2.94857142857144 0
630 16.2628506666667 1.18857142857143 0
631 16.2834906345834 9.54209597315846 0
632 16.2839052973815 6.2615066013715 0
633 16.2990379047619 1.78285714285715 0
634 16.3056701422791 8.11127203128139 0
635 16.305694952381 2.67428571428573 0
636 16.3183472673465 12.4889338591506 0
637 16.3333 4 0
638 16.3714123809525 2.40000000000001 0
639 16.3881267750422 5.3438242029878 0
640 16.3990174285715 3.7257142857143 0
641 16.4094769571416 10.4741790046846 0
642 16.4285714285715 14.0000000000001 0
643 16.4316564648374 9.04335506280758 0
644 16.4371298095239 2.12571428571429 0
645 16.4429535500843 6.68764840597557 0
646 16.4538359725331 7.61253112093051 0
647 16.4647348571429 3.45142857142859 0
648 16.4923482527029 4.42614180460408 0
649 16.5197011183668 11.9852451455341 0
650 16.5304522857143 3.17714285714287 0
651 16.547175027745 5.76996600759185 0
652 16.5576427873956 9.97543809433372 0
653 16.5798222950914 8.54461415245669 0
654 16.5961697142858 2.90285714285715 0
655 16.602001802787 7.11379021057962 0
656 16.6299252795918 13.4963112863836 0
657 16.6513965054056 4.85228360920815 0
658 16.6618871428572 2.62857142857143 0
659 16.6847602857144 0.297142857142861 0
660 16.7058086176497 9.47669718398285 0
661 16.7062232804477 6.19610781219591 0
662 16.7209475238096 0.891428571428575 0
663 16.721054969387 11.4815564319176 0
664 16.7276045714286 2.35428571428572 0
665 16.7279881253453 8.0458732421058 0
666 16.7571347619048 1.48571428571429 0
667 16.793322 2.08 0
668 16.8104447581084 5.2784254138122 0
669 16.831279130612 12.9926225727671 0
670 16.8539744479036 8.97795627363196 0
671 16.8571142857144 4.00000000000002 0
672 16.8652715331505 6.62224961679998 0
673 16.8761539555993 7.54713233175492 0
674 16.9224088204071 10.9778677183011 0
675 16.9224088204071 10.2635820040154 0
676 16.9228317142859 3.72571428571431 0
677 16.9694930108112 5.70456721841625 0
678 16.9885491428573 3.4514285714286 0
679 17.0021402781576 8.47921536328107 0
680 17.0161625384172 4.4261418046041 0
681 17.0243197858533 7.04839142140402 0
682 17.0326329816322 12.4889338591506 0
683 17.0542665714287 3.17714285714288 0
684 17.0705746506612 9.76484109366452 0
685 17.1199840000001 2.90285714285716 0
686 17.1285412635139 6.13070902302031 0
687 17.1428571428572 0 0
688 17.1428571428572 14 0
689 17.1503061084115 7.98047445293019 0
690 17.17521079112 4.85228360920816 0
691 17.1790443809525 0.59428571428572 0
692 17.1857014285715 2.62857142857145 0
693 17.2152316190477 1.18857142857143 0
694 17.2187404809152 9.26610018331365 0
695 17.2339868326524 11.9852451455341 0
696 17.2514188571429 1.78285714285715 0
697 17.2514188571429 2.35428571428573 0
698 17.2875895162167 6.55685082762436 0
699 17.2984719386655 7.48173354257931 0
700 17.3342590438227 5.27842541381221 0
701 17.3442109938775 13.4963112863836 0
702 17.3669063111691 8.76735927296276 0
703 17.3809285714287 4.00000000000002 0
704 17.4353406836726 11.4815564319176 0
705 17.4353406836726 10.0529850033461 0
706 17.4353406836726 10.7672707176319 0
707 17.4466377689195 6.98299263222841 0
708 17.4466460000001 3.72571428571431 0
709 17.4933072965255 5.70456721841626 0
710 17.5123634285716 3.4514285714286 0
711 17.5150721414231 8.26861836261188 0
712 17.5399768241315 4.42614180460409 0
713 17.5455648448977 12.9926225727671 0
714 17.578080857143 3.17714285714288 0
715 17.5835065139266 9.55424409299529 0
716 17.6371412380954 0.297142857142861 0
717 17.6437982857144 2.90285714285716 0
718 17.6523555492283 6.13070902302031 0
719 17.6632379716771 7.769877452261 0
720 17.6733284761906 0.891428571428576 0
721 17.6990250768343 4.85228360920816 0
722 17.7095157142858 1.48571428571429 0
723 17.7095157142858 2.62857142857144 0
724 17.7095157142858 2.05714285714287 0
725 17.7316723441806 9.05550318264442 0
726 17.7469186959179 12.4889338591506 0
727 17.811403801931 6.55685082762436 0
728 17.811403801931 7.2711365419101 0
729 17.8571428571429 14 0
730 17.858073329537 5.2784254138122 0
731 17.8798381744346 8.55676227229354 0
732 17.9047428571429 4.00000000000001 0
733 17.9482725469381 11.9852451455341 0
734 17.9482725469381 9.84238800267692 0
735 17.9482725469381 11.2709594312484 0
736 17.9482725469381 10.5566737169627 0
737 17.9704602857144 3.7257142857143 0
738 18.0171215822398 5.70456721841626 0
739 18.0280040046886 8.05802136194266 0
740 18.0361777142858 3.45142857142859 0
741 18.0584967081632 13.4963112863836 0
742 18.0637911098457 4.42614180460409 0
743 18.0952380952382 0 0
744 18.0964383771921 9.34364709232607 0
745 18.1018951428572 3.17714285714287 0
746 18.1314253333335 0.59428571428572 0
747 18.1676125714286 1.18857142857143 0
748 18.1676125714286 2.90285714285715 0
749 18.1676125714287 1.76000000000001 0
750 18.1676125714287 2.33142857142859 0
751 18.1761698349425 6.13070902302031 0
752 18.1761698349426 7.55928045159176 0
753 18.1761698349426 6.84499473730605 0
754 18.2228393625485 4.85228360920815 0
755 18.2446042074461 8.8449061819752 0
756 18.2598505591834 12.9926225727671 0
757 18.3818876152513 5.2784254138122 0
758 18.3927700377001 8.34616527162431 0
759 18.4285571428572 4.00000000000001 0
760 18.4612044102036 12.4889338591506 0
761 18.4612044102036 9.6317910020077 0
762 18.4612044102036 10.3460767162934 0
763 18.4612044102036 11.7746481448649 0
764 18.4612044102036 11.0603624305792 0
765 18.4942745714287 3.7257142857143 0
766 18.540935867954 5.70456721841625 0
767 18.540935867954 7.84742436127341 0
768 18.5409358679541 6.41885293270199 0
769 18.5409358679541 7.13313864698771 0
770 18.5599920000001 3.45142857142858 0
771 18.5714285714286 14 0
772 18.58760539556 4.42614180460409 0
773 18.5895221904763 0.297142857142862 0
774 18.6093702404576 9.13305009165685 0
775 18.6257094285715 3.17714285714286 0
776 18.6257094285715 0.891428571428575 0
777 18.6257094285715 2.6057142857143 0
778 18.6257094285715 1.46285714285715 0
779 18.6257094285716 2.03428571428573 0
780 18.7466536482628 4.85228360920815 0
781 18.7575360707116 8.63430918130596 0
782 18.7727824224489 13.4963112863836 0
783 18.9057019009655 8.13556827095505 0
784 18.9057019009655 5.2784254138122 0
785 18.9057019009656 5.99271112809793 0
786 18.9057019009656 7.42128255666936 0
787 18.9057019009656 6.70699684238365 0
788 18.9523714285715 4.00000000000001 0
789 18.9741362734691 12.9926225727671 0
790 18.9741362734691 9.4211940013385 0
791 18.9741362734691 10.1354797156242 0
792 18.9741362734691 10.84976542991 0
793 18.9741362734692 12.2783368584814 0
794 18.9741362734692 11.5640511441957 0
795 19.0180888571429 3.7257142857143 0
796 19.0476190476191 0 0
797 19.0838062857143 3.45142857142858 0
798 19.0838062857144 0.59428571428572 0
799 19.0838062857144 2.88000000000001 0
800 19.0838062857144 1.1657142857143 0
801 19.0838062857144 2.30857142857144 0
802 19.0838062857144 1.73714285714287 0
803 19.1114196812743 4.42614180460409 0
804 19.1223021037231 8.92245309098762 0
805 19.270467933977 8.4237121806367 0
806 19.2704679339771 4.85228360920815 0
807 19.2704679339771 7.70942646635101 0
808 19.2704679339771 5.56656932349387 0
809 19.2704679339771 6.28085503777959 0
810 19.2704679339771 6.9951407520653 0
811 19.2857142857143 14 0
812 19.4761857142858 4.00000000000001 0
813 19.4870681367346 13.4963112863836 0
814 19.4870681367346 9.21059700066926 0
815 19.4870681367346 9.924882714955 0
816 19.4870681367346 10.6391684292407 0
817 19.4870681367346 11.3534541435264 0
818 19.4870681367346 12.7820255720979 0
819 19.4870681367347 12.0677398578122 0
820 19.5419031428572 3.72571428571429 0
821 19.5419031428572 0.297142857142861 0
822 19.5419031428572 2.01142857142858 0
823 19.5419031428573 3.15428571428573 0
824 19.5419031428573 0.868571428571437 0
825 19.5419031428573 1.44000000000001 0
826 19.5419031428573 2.58285714285716 0
827 19.6352339669885 8.71185609031835 0
828 19.6352339669886 4.42614180460408 0
829 19.6352339669886 6.56899894746124 0
830 19.6352339669886 7.99757037603267 0
831 19.6352339669886 5.14042751888981 0
832 19.6352339669886 5.85471323317552 0
833 19.6352339669886 7.28328466174696 0
834 20 0 0
835 20 4 0
836 20 14 0
837 20 9 0
838 20 0.571428571428574 0
839 20 4.71428571428573 0
840 20 9.71428571428573 0
841 20 1.71428571428572 0
842 20 6.14285714285716 0
843 20 11.1428571428572 0
844 20 1.14285714285715 0
845 20 5.42857142857144 0
846 20 10.4285714285715 0
847 20.0000000000001 2.28571428571429 0
848 20.0000000000001 6.85714285714288 0
849 20.0000000000001 11.8571428571429 0
850 20.0000000000001 3.42857142857144 0
851 20.0000000000001 8.28571428571431 0
852 20.0000000000001 13.2857142857143 0
853 20.0000000000001 2.85714285714287 0
854 20.0000000000001 7.5714285714286 0
855 20.0000000000001 12.5714285714286 0
