0.0208163908532298
0.0205578956096164
0.0205899606456554
0.0205899013257606
0.0206878551620489
0.0206430497552639
0.0206144148804834
0.0206441623597887
0.0207783071997484
0.0207626835807732
0.0207408090810096
0.0207094490183516
0.0206017030642324
0.020636165037941
0.0206683886150435
0.020636511838824
0.0206603994600598
0.0206558788190571
0.0207148831029359
0.020920122792722
0.0207409834937438
0.0208609980139532
0.0206180580308334
0.0205456002749977
0.0206644313400649
0.0207699257926167
0.0208483267332987
0.0208090018721141
0.020652736379408
0.0206221483998982
0.0208244478195022
0.02067761353604
0.0206237239022936
0.0205438303005774
0.0207546191136684
0.0206497798529294
0.0206084812851308
0.0206865320461422
0.0207129795289884
0.0206587676642175
0.0206428993024107
0.0207014247698696
0.0206731313081772
0.020856088534129
0.020609316842609
0.0207398033611306
0.0207647359519862
0.0206253995434932
0.0208161891262227
0.0206309749238
0.0207230639256011
0.0206402819288104
0.0208877518249528
0.0207128994946202
0.0207187153766798
0.0206945951509068
0.020747500822006
0.0207346946438719
0.0208174466078837
0.020653551842003
0.0207716868301059
0.0207506670704982
0.0206553439974499
0.020878142900347
0.0207694862085909
0.0206634337893819
0.0207296029280674
0.020728342041738
0.0209146400949925
0.0207898319350766
0.0208138906871604
0.0207418667224547
0.0207140946431417
0.0206121614274572
0.0208309480282851
0.02068257791189
0.0207759317530234
0.0207467685783512
0.0207223118613045
0.0207651558617379
0.0207285627089235
0.0206944268239748
0.0207958030248419
0.0207940313804792
0.0206649996684351
0.0207924999179996
0.0205584859831139
0.0207985172890633
0.0206970971539347
0.0207779787124585
0.0207591650801626
0.0206357524973305
0.0205805277313799
0.0208091097330654
0.0207367107021609
0.0206405517730886
0.0207662852192769
0.020789931842054
0.0208285944646663
0.0206767395510919
0.0207324154127534
0.020658183619967
0.0207842850865763
0.0207007519351056
0.0207719952427195
0.0205678843054392
0.0206961347795874
0.0208211176869116
0.0206805852568479
0.0206770176244257
0.0206757634637628
0.0206213322648039
0.0207911104145849
0.0205722817426392
0.020612567231834
0.0206237349659217
0.0206493307187234
0.0207819178291605
0.0207143240527521
0.0207723292717194
0.0209796011499937
0.020715736336999
0.0206328729065518
0.0206700532068422
0.0206725231430759
0.0206232905844878
0.0207359573198005
0.02078935910889
0.0207343570354402
0.0205538355945492
0.0206914005186255
0.0208439024028108
0.0205834813448685
0.0208200378351484
0.0206809383052782
0.0205421692166971
0.0207393339609322
0.0209245880729365
0.0206247184690125
0.0206390030479562
0.0207875535011676
0.020650318883297
0.0207319715623798
0.0207489670974642
0.0207685659146143
0.0206346606821895
0.0207776883161646
0.0206848831384448
0.020545986387294
0.0206470849242894
0.0207342870640967
0.0205838007771814
0.0207996683466801
0.020697293240232
0.0207241275382606
0.0206606021527598
0.0207166634364857
0.020560294243434
0.0207558198331195
0.0207036544074105
0.0206578205016889
0.0207393439667887
0.020793346585263
0.0208078313851218
0.0206382482857432
0.0207254059901677
0.0206718468194795
0.0205633254755359
0.0205747989029012
0.0207584231221472
0.0205797618110028
0.0207030565568457
0.0206878827867283
0.0207244080883453
0.0208183473779361
0.0207586719373064
0.020727669729402
0.0206313465915617
0.0206524989917097
0.0207754285031662
0.0206757913915741
0.0206538780456086
0.0208831487736319
0.0207425265754029
0.0206804725017009
0.0207508095165634
0.0208030884317778
0.0207640535141915
0.0208527588126505
0.0207635423761775
0.0207780253366112
0.0207424762927292
0.020754483239658
0.0207913026895963
0.0207989924679637
0.0206669164441049
0.0205938134157727
0.0206910451878287
0.0207144837294147
0.0206077376921703
0.020856163621519
0.020688955498527
0.0206121208542633
0.0207464382865382
0.0207956707559293
0.020626360166675
0.0206079293903314
0.0206869258080758
0.0206590292316907
0.0206347937211713
0.0209279876435889
0.0207514745205892
0.0207605043309383
0.0206493473980858
0.0206289081310283
0.020798919611139
0.0207122430209879
0.0206403663159766
0.0206476641276235
0.0209112750502553
0.0207455911108993
0.0207776494941024
0.0206260976923997
0.0207457168560273
0.0208462033595643
0.0207372112340827
0.020815340211498
0.0207637344501192
0.0207080726258961
0.0208289305492966
0.0207171852919869
0.0207147128624906
0.0205712957655639
0.0206363266811015
0.0206592237496887
0.020815768737192
0.0208009175750095
0.0208341133038095
0.0207393476098365
0.0207949957727893
0.0205800017046954
0.0208153045078039
0.02075297367326
0.0206221739077029
0.0206234026969385
0.0208048136956793
0.0205640634913884
0.0207029909997928
0.0207292512890858
0.0207099462122678
0.0207765407073415
0.0207656040731539
0.0208251914919924
0.0205816908290375
0.0208317192997928
0.020785411923831
0.020799611815384
0.0206610054570598
0.0205800664189137
0.0206335632197231
0.0206002847794586
0.0206334200144439
0.0207199061595
0.020610072533237
0.0206929878675761
0.0208105741766739
0.0205513490224113
0.0206120727563548
0.0206264748943123
0.020935763423164
0.0207973121566761
0.0206439953626392
0.0206431789768705
0.0206774960697785
0.0207233249803277
0.020626870830605
0.0208305893174924
0.0208079810828762
0.0207184311821987
0.0206332628430238
0.0206182147298784
0.0206168809558701
0.0207207138136565
0.0206205254853982
0.0207490572885988
0.0208350165390669
0.0206682155079652
0.0206888490003122
0.0208016026066175
0.0206362901723851
0.0208018297152188
0.0207227661512043
0.020676920354342
0.0207408209532104
0.0206217118772024
0.0208300904984761
0.0207375397163018
0.020866222224754
0.0206857172045083
0.0208334087690275
0.0206910544406277
0.0207345697366561
0.0206847877198358
0.0207391268677228
0.0207651244072313
0.0207228936266315
0.020706400014804
0.020703538281289
0.0208022513480872
0.0207642183927509
0.0209404722332689
0.0207976687544981
0.0207277441678008
0.0206390882130553
0.0208145727228224
0.0206497912113062
0.020804283580103
0.0208431852850065
0.0207298311432887
0.0207759503829773
0.0207506117902459
0.0206581318084596
0.0207423683227041
0.0206966277433929
0.0207692844713452
0.0208100874793835
0.0207793030179695
0.0207156690682863
0.0206893651039812
0.0205854402388586
0.0207013151773567
0.0206553558631569
0.020766805787442
0.0207478546645544
0.0205529725151995
0.0206910896275723
0.0206166639137592
0.0208813050356222
0.0207316876772113
0.0207877757414324
0.0207024628390576
0.0208446575777854
0.0207425751749041
0.0206012304694897
0.0208322884416181
0.0206481611665118
0.0206819683488393
0.0206249929438643
0.0207413946176655
0.020749702671707
0.0206995334759866
0.0207737363655925
0.0207937999781862
0.0208096121552189
0.0207618584098593
0.0208924337141772
0.0206884822242904
0.0207581369060188
0.0207875832817159
0.0207159585592918
0.0206678637216526
0.0206527819672252
0.02070372612755
0.0207526407818059
0.0207758281732869
0.0206237373736668
0.0207044249902469
0.0207238866171313
0.0207151216556248
0.020716731370491
0.02087896920045
0.0207228315776256
0.0206135816597853
0.0205862449480556
0.0206962211086489
0.0206976689545484
0.020735570272506
0.020686535148001
0.0206913968732408
0.0208233901298135
0.0207257684126505
0.0207562975015918
0.0205446831600464
0.0207085705110783
0.020737826002219
0.0207400586151811
0.0207900710529264
0.0207505814287318
0.0205639776495061
0.0207868932656331
0.0207271539580694
0.0209285298314796
0.02059946796094
0.0208898402998506
0.020735381014439
0.0206483664000047
0.0206458254021542
0.0207935627492455
0.0206211751683287
0.0205732683753247
0.0206714231495409
0.0206575986703721
0.0208254736459842
0.0206610207862639
0.0206892936094186
0.0206933419850308
0.0206824939738431
0.0206745756517602
0.0207634480749606
0.0206746856739266
0.0207736276088177
0.0206747755488852
0.0207727249416887
0.0207824114724561
0.0207015831412974
0.0206173228590594
0.0207320380255018
0.0208356766932984
0.0206984367751742
0.0206155131429558
0.0207009799427245
0.0206263670637024
0.0207911280367983
0.0208180382088132
0.0206636374533082
0.0206657826453664
0.0205738460081443
0.0207352453249033
0.0206656597245452
0.0207227795743196
0.0207430445436353
0.0208503692551778
0.0207408055252588
0.0207064871732406
0.0207360123543752
0.0207001766867963
0.0207443923376276
0.0206102707285357
0.0206947520841219
0.0208022478049178
0.0206547826407961
0.0207719457786913
0.0209036801011995
0.0206499208246494
0.0208372847792367
0.0207756079747053
0.0207234286648861
0.0207813686670385
0.0206640406007018
0.0206333662557004
0.0207782234430172
0.0208385910975761
0.0206221342429683
0.020798594631147
0.0206325744579634
0.0206721913154607
0.02065039106137
0.0208212939130758
0.0208520582936131
0.0208619870105388
0.0206678966763307
0.0208168231614602
0.0206481836586519
0.0207530630892322
0.0207006193141311
0.0206821280098156
0.0207406289512427
0.0207069174393754
0.0208075453763893
0.0207671591713821
0.0208431198377342
0.0206851929661796
0.0207865929673076
0.0206856092683779
0.020712788401065
0.0207131837718803
0.0208060008890724
0.0207675447595628
0.0206584547580363
0.0208047115240019
0.0207242661552394
0.0207521799117032
0.0206607705189664
0.0207761116855319
0.0207453981747323
0.0208316278514155
0.0206573352708166
0.0207490563457433
0.0207932104184884
0.0207327542107375
0.0208096852506295
0.0207098366395441
0.0206989137543513
0.0207691578714524
0.0207307942344005
0.0206902058571792
0.0207200223095347
0.0205737577737215
0.0207106755533656
0.0207793435046448
0.0208068167546269
0.020718351597768
0.0205973739759933
0.0207309121182182
0.0208043793475565
0.0207542924482767
0.0207515413279103
0.0206699940182496
0.0207265439619159
0.0207040441114195
0.0208124284779295
0.020755916857057
0.0207479083662507
0.0205404444491186
0.0205784264266893
0.0206602407991124
0.020763829403895
0.0209114769246886
0.020861657130655
0.0207888366674221
0.0207733160209848
0.0204970362964689
0.0206625617969663
0.0206364163875062
0.0207567260972819
0.0206826792059315
0.0208192534579063
0.0207540593601887
0.0207697982299136
0.0207065528063111
0.0207648068097103
0.0206003015561453
0.020653610850315
0.0206819908320773
0.0208326280676404
0.0207951490197611
0.0207302650047948
0.0207999913474908
0.0205586061182625
0.0208072333233964
0.0207164705694609
0.0208760649257883
0.0207581733008746
0.0207486988917326
0.0207619576360232
0.0206344150210069
0.0206544626365025
0.0206329541216645
0.0208094184341298
0.0207993731359082
0.0207822580606725
0.0207540714899095
0.0205989600676722
0.0207219260876486
0.0207031947434573
0.0206331309641886
0.0208534437846835
0.0206770915293368
0.0207533522633951
0.020718677986168
0.0206831601714857
0.0208295872114204
0.0206929768008442
0.020727087978506
0.0208067224809374
0.0207157404325138
0.0206558017249229
0.0208653199760078
0.0207368248253445
0.0205839176057606
0.020612303572806
0.0207712441365929
0.0206358771867771
0.020604341324985
0.0207011799800534
0.0207264977210546
0.0208113587707571
0.0207055026374321
0.0207399716630356
0.02075987723925
0.0206144687548541
0.0207021123651329
0.0207923770609576
0.0208511742714077
0.0207319305998706
0.0206880601315616
0.0207572102371202
0.0207721222640629
0.020671170097656
0.0208451475186741
0.0206767702694615
0.0206990619832761
0.0208648660323471
0.0207379814160388
0.0208934357550273
0.0207006608737121
0.0207999912225751
0.020850127491267
0.0206427353306908
0.0207741685690679
0.0208357871161837
0.0205746177091551
0.0207777749013528
0.0207144225479095
0.020845103507227
0.0207757338523407
0.0207859030864083
0.0205383455054451
0.0206379510806284
0.0206529797472274
0.0207515196911099
0.0206990923012723
0.0208179785834679
0.0206944991582596
0.0207497518964304
0.0205244283593476
0.0206461453559162
0.0207900453106719
0.0205945559299401
0.0207546486687566
0.0206397823414505
0.0206130109420228
0.0208621556738535
0.020702850448368
0.0206696348767616
0.0206587344353811
0.0208105079063821
0.0207092365785989
0.0207073093930926
0.0207508710438516
0.0206969887572707
0.0207245070643931
0.0207394478287107
0.0206003862699362
0.0207634826378398
0.0208368440194831
0.0207965287311029
0.0207544398089987
0.0207176066617591
0.0207379033337734
0.0207037378121326
0.0206786094227947
0.0207004026229387
0.0206609021878079
0.0206465676734233
0.0208091179954186
0.0208088537912187
0.0208668639317303
0.020745629159765
0.0207457807428903
0.0205719269640865
0.0207548842939157
0.020708158033519
0.0207732604268435
0.0208450023974684
0.0206218908860323
0.020680158911859
0.0206982888515945
0.0205947445012037
0.0206665525588527
0.020747963016602
0.0208787394516693
0.0206011640461993
0.0206297540089036
0.0207795444958997
0.0208497144128287
0.0206975999045591
0.0206378152206336
0.0207731054201092
0.0207985118004549
0.0207700574274293
0.0207865569016424
0.020764949587501
0.0207028062792322
0.0207837824292203
0.0205415020994785
0.0207955414779564
0.0206811013655639
0.0207877094654961
0.0207377653176163
0.0204261258144722
0.0207759235582839
0.0206424264282166
0.020928048881577
0.020767652024628
0.0207385630223764
0.0207163128618603
0.0206838432208155
0.020654519238652
0.0208636911940806
0.020703754713442
0.0207958780292314
0.0208000950025913
0.0206532130628859
0.0206070637251879
0.0206995731768972
0.0209101271711081
0.0207058807427584
0.020773080066914
0.0208048980063061
0.0208622026140214
0.0207855248423301
0.0205853596600022
0.0207178956447573
0.0206875900214861
0.0206894590016396
0.0206392011197028
0.0207387391084102
0.020584717954927
0.0206323665250733
0.0207385111188577
0.0206543510043988
0.0207468325101654
0.0206218394443169
0.0205741946267851
0.0207079447148979
0.0207685137846646
0.0208267925822615
0.0207046666858353
0.0207401305028862
0.0209011245782351
0.020811643774234
0.0208624948285445
0.0206284241102761
0.0208102209291011
0.0209016726518451
0.0206664239103687
0.0207873732347171
0.0207987561542778
0.0207090864904474
0.020801055082269
0.0206688747177709
0.0205885887130089
0.0207204373090688
0.0206446288500161
0.0207375500220887
0.0206873852307048
0.0207572050233828
0.0206284633230451
0.020630242725812
0.0206685934847343
0.0205703122009625
0.0209360102231517
0.0208116400478205
0.0208502651364799
0.0206705694445685
0.0207564617348333
0.0209595827595505
0.0205978394145972
0.020686381791902
0.0207734930768283
0.0206918368130489
0.0206875930607622
0.0207078631127342
0.0206142721180704
0.0207027933091363
0.0206653484467612
0.0207527711691705
0.0206963116967998
0.0207134954124469
0.0206794248575743
0.0206768857148121
0.0207262820709384
0.0206356353292635
0.0205599425600576
0.0207889048534851
0.0206470546511536
0.0208652923769539
0.0208957979789077
0.0207390829869299
0.0207997037787252
0.020687908029898
0.0208302702241235
0.0208187502110946
0.0206765214132581
0.0204717178614943
0.0206844554652807
0.020677645500425
0.0206070045192928
0.0206667135906772
0.0208779471524171
0.0206813751549646
0.0207786597511782
0.0208219240954452
0.0207186091391838
0.0205611444566644
0.0206019579783109
0.0207339806977388
0.0207724712465515
0.0206221426164833
0.0206554587506916
0.0207635790693463
0.0208714568886279
0.0206378693640922
0.0206714878824177
0.0205500085255174
0.020647460603898
0.0206392838453194
0.0207261717099615
0.0206138242938526
0.0206405117593593
0.0206706189345059
0.0205530514530029
0.0206999831256998
0.0207800905480094
0.0207463203598732
0.0206670587670723
0.02084373539056
0.0207153295522362
0.0205515138393906
0.0207431568219592
0.0207801094162669
0.0208590821934592
0.0207279525486474
0.0206923546878804
0.0206641583759386
0.0206478413385016
0.0206807019552929
0.0206578110722737
0.0206421051841267
0.0207297147584285
0.0208472253358292
0.0207552701340798
0.0207879549769411
0.0206785716848608
0.0207346520818783
0.0208607223586488
0.0206397210074261
0.0206356232270148
0.0206582046837856
0.0207063441453971
0.0208168668065915
0.0205397739318675
0.0206649749769284
0.0206879979504516
0.0206144596467088
0.0206620748104336
0.0206345604549748
0.0208664441591544
0.0208560804369629
0.0207884731448502
0.020634968386189
0.0207248204866101
0.0206814942607716
0.0209122893125309
0.0207185050399088
0.020687008899003
0.0207308512690672
0.0206411537370622
0.0208077729619024
0.0208130915311607
0.0207008524942014
0.0207591269970751
0.0206919558781708
0.020841315369596
0.0206747519932187
0.0207140461203476
0.0206957827416065
0.020717185787068
0.0207208254093075
0.0206639722632798
0.020707284886281
0.0206624768615052
0.0206590930109758
0.0206285850930538
0.0206354602675927
0.0206727119809126
0.0209096876407715
0.0206296277603617
0.0206907626447855
0.0208763835490924
0.0207045686942758
0.02074424515417
0.0207688970536463
0.0206413162694531
0.0206454739942051
0.0205276982272593
0.0207766506866403
0.0206949277599342
0.0206211539476595
0.020645868424775
0.0206362173922633
0.020625399840587
0.0207059026676195
0.0206497981601923
0.0208785375418916
0.0208157581459509
0.0206854147525696
0.0208170148035494
0.0206866742702781
0.020731193622611
0.0205740420984365
0.0207552782856324
0.0207557004958014
0.0207121245016582
0.0207750299309949
0.0208362796617438
0.020790361593327
0.0208225879926479
0.0207740787163703
0.0207937699173718
0.0206525700838641
0.0207501314697239
0.0207390758685026
0.0206590918836202
0.0207072420556829
0.020662944764949
0.0206898714211824
0.020768968548074
0.0206114931953801
0.020818543731187
0.0208264266840106
0.0207500320556689
0.0209266394856708
0.0206242314593734
0.0207186569313198
0.0208136855981192
0.0207857211614462
0.0206858507685003
0.0206570136786496
0.0206562119907385
0.0208482725675341
0.0206259638125126
0.0208077108845982
0.0205982874818729
0.0207436978930786
0.0207148622932649
0.0206329756376642
0.0205850290267342
0.0206147027989135
0.0206790916548216
0.0207141963084121
0.0208494319065302
0.0207012322015735
0.0207633566018281
0.0206026128654051
0.0207405264772583
0.0207605032556614
0.0207883512547898
0.020788111310275
0.0206218706990594
0.0208284758273367
0.0205912013611168
0.0206878957213194
0.0206612379798285
0.0208013089268175
0.0208138916733331
0.0206390161332459
0.0206903437091817
0.0208121589788972
0.0207161391266094
0.0206736557574409
0.0207935140033691
0.0206319992034445
0.0207647863632569
0.0207188689647952
0.0206338413976994
0.0206934379030512
0.020722593932339
0.0208074496228586
0.0208341061829085
0.0207746322503367
0.0207046870892256
0.0207655439612983
0.0207103450272318
0.0208398195326546
0.0206784927191422
0.0207866706379637
0.0206722852856925
0.0207438065247895
0.0206611129447529
0.0205485368531469
0.0206174195344187
0.0208168570313207
0.0206881369867545
0.0207176578149774
0.0207583660152278
0.0207534733949074
0.020747411647609
0.0207820126030916
0.0206579322415983
0.0205544642186351
0.0206562465459766
0.0206980752937115
0.0207091941887078
0.0207279067272135
0.0206697576489022
0.0205712970203856
0.0208272767921174
0.0207445366448439
0.0206204071291741
0.0206581432724644
0.0206280537848853
0.0209005433595584
0.0207974997750838
0.0206882581964321
0.0207259176799694
0.0205595915814507
0.0207569418532097
0.020693048803276
0.0208326246458698
0.0207543416884794
0.0206388459923971
0.0208387768677224
0.0207395747752887
0.020854955238747
0.0206943026833421
0.0208201717812735
0.0207123879916738
0.0207323995057091
0.0208685518754688
0.0207050814356284
0.0207504973060423
0.0205704105168492
0.0206040244296837
0.0207517914931333
0.0207208691969425
0.0207861484379864
0.0206789660188768
0.0206765087974553
0.0207295334889367
0.0205576221800642
0.0204920344428505
0.0208305853904043
0.0205539017698459
0.0208124071931991
0.0208012686102689
0.0208119962541038
0.0208246019528433
0.0206166511929645
0.0207653480736138
0.0206984628041149
0.0206851269751837
0.0206167168232741
0.0207995167716285
0.0208023292842471
0.0205736023507456
0.0207159488348018
0.0206324507440688
0.0208470684544773
0.0207278009200633
0.0207917626017395
0.0207162429027919
0.0207711164462943
0.0207000645255361
0.0207016814370202
0.0206583412163666
0.0205526108248581
0.0207946627002379
0.0207661621616426
0.0206083852509347
0.0207275302220579
0.0207376444416538
0.0206984885796617
0.0205891017051414
0.0207870424121292
0.0207271621743949
0.0208226919763891
0.0205742459480419
0.0207530217380078
0.0207813892274244
0.0208494582519015
0.0206748421529118
0.0207473069356836
0.0206541293277102
0.0206935989187985
0.0206815324330066
0.0206007909772518
0.0207492698503056
0.0208279695257211
0.0207706461945263
0.0207874319974443
0.0207332022802709
0.0206453799743601
0.0207915936704548
0.0206668217546484
0.0206668788593139
0.0207498097156319
0.0207769867480306
0.0207090109500562
0.0207620577614261
0.0206834039405449
0.0208016015232256
0.0206755486675381
0.0206055295540988
0.0204837519902213
0.0207746677475548
0.0205920662916952
0.0206981231470959
0.0206512374559893
0.0208204825566264
0.0206929548909897
0.0206581642845799
0.0207603717495414
0.0206286147191108
0.0207836028916692
0.0207409816269874
0.0207494550575775
0.0207996970464418
0.0206614929621027
0.0209080141353176
0.0207027088657102
0.0206008065318186
0.0207686062514536
0.0207529411399844
0.0208341877896641
0.0206680814134954
0.0205692367205274
0.0208454897811428
0.0206739865999173
0.0206784977350306
0.0205523215307596
0.0207622665338011
0.0206710864709973
0.0207589510013482
0.0207803256330344
0.0207874537869214
0.0207164001203945
0.0207241833856206
0.0207575533194028
0.0206347553265396
0.0207590126006177
0.0207972488063273
0.0207413620580022
0.0206341227322201
0.020728687745916
0.0205125219183404
0.0207627124744033
0.0206814126408469
0.0207014914284669
0.0207535259079222
0.0206923704014966
0.0207210024735495
0.0206581220008843
0.0206742924420066
0.0206874906065709
0.0207039259295589
0.0207272003990172
0.0206392161064972
0.0206710337983006
0.020716802562249
0.0208141059439993
0.0206864585169623
0.0206776819519823
0.0206188172009314
0.0206873058208389
0.0206675781602522
0.0208899725918541
0.0207121876475294
0.0205878135833284
0.0207094556100846
0.0209166117654433
0.0206887034282017
0.0207702494598576
0.0207610400018828
0.0206450710269585
0.0207794022299548
0.020645215474733
0.0207765357206887
0.0203800769647522
0.0207969012476731
0.020721565574747
0.0208069370353157
0.0207974072518042
0.020753556460585
0.0206227523716014
0.0207130617247995
0.0206617361434416
0.0208590623474331
0.0208143761995678
0.0206132482828098
0.0205997011174819
0.0206654078978172
0.0207733739032371
0.0208253375741562
0.0207874599560588
0.0207484503472924
0.0207940647850759
0.0207906510493375
0.020721484273174
0.0208342359420046
0.0206177841553906
0.0207467257104509
0.0207045916054744
0.0207639930591332
0.0207055450373642
0.0207811989578441
0.0207371000391216
0.0207019021424897
0.0207769973214133
0.0207199018945375
0.0207843086792067
0.0207400700349068
0.02069529529653
0.0206502355572413
0.0208940830432291
0.0207091698130991
0.0207848180326668
0.0206860816238745
0.0207191199348523
0.0207226642417698
0.0206891931726948
0.020735281736328
0.0208011558472878
0.0207292335645872
0.0207987146155107
0.0207195400092762
0.0206590704874933
0.0207585041290839
0.0208348596847225
0.020747928186554
0.020655050880809
0.0207067195361269
0.0204417952885469
0.0207907246154537
0.0207382801250407
0.0205730306210225
0.0207482198281671
0.020618067447835
0.0207729795188521
0.0207449392640289
0.0206079042792532
0.0208124954525169
0.0207269596991833
0.02063216560477
0.0208362058995175
0.0206148260743591
0.020849491691563
0.0206904270994455
0.0206654306726583
0.0205996836294785
0.0205961529760837
0.0208334789905084
0.0207089639105272
0.0207153706667267
0.0207153694692315
0.0207226317744956
0.0206948292737422
0.0206746656121773
0.0207112897753954
0.0206658689318778
0.0208272502153747
0.0205711125030347
0.0206777178240707
0.0208281586619172
0.020761459645661
0.0207123180896332
0.0206554335555466
0.0207793597483994
0.0206854602071859
0.0206934914515354
0.020753554791023
0.0206359280875166
0.0207200265816006
0.0207967435789732
0.0208351798421088
0.0206979374502761
0.0206927211028753
0.0207539795120381
0.020756429662691
0.0207414432095486
0.0206296245046793
0.0206436283320216
0.0207001743518945
0.0207284875913207
0.0206712479160174
0.0208142610318787
0.0208045472561861
0.0206915673083881
0.0206934915871988
0.0207722006008473
0.0206783226800164
0.0206461362635351
0.0208091648443333
0.0206883377416871
0.0208045861388613
0.0205640138505702
0.0207633806533237
0.0206515620373183
0.0207694941615437
0.0207057570269684
0.0207396199399118
0.020619838269262
0.0207554165909608
0.0207404844539136
0.0208808858025972
0.0208446689677808
0.02066240870677
0.0208176376848572
0.0206979407275969
0.0208337083622272
0.0207530155772163
0.0206419951308167
0.020700120177471
0.0205755366091275
0.0206978282523019
0.0207713689899173
0.0207759752593797
0.0208289651730838
0.0207857221788847
0.0206918258334939
0.0207235791302176
0.0206331893852853
0.0207292231020154
0.0208321817561246
0.0207015829039891
0.0207808318598023
0.0207187907642668
0.0206711209684298
0.0206755557405111
0.0205570211152492
0.0206996156371402
0.0206718775350464
0.0207793568503379
0.0208365919578489
0.0206561782796391
0.020645146525983
0.020667278980199
0.0207737118907924
0.0206681741533098
0.0207849665369422
0.0206109702156798
0.0206595078688099
0.0208027653319144
0.0208266516803255
0.0207063748669188
0.0206653123333762
0.02067997824632
0.0209051151235248
0.0206476960756507
0.020856207377729
0.0206228460870248
0.0207182571899612
0.0205932626573482
0.020642053527712
0.0206589225684208
0.0208099686699918
0.0207150662000078
0.0207299989161759
0.0206135535793585
0.0207325438484708
0.0206874620879837
0.0208131643870155
0.0206394072401672
0.020773660491304
0.0207825693682003
0.0207125893067767
0.0207115837126393
0.0206513315174183
0.0207036754471533
0.020758459264803
0.0209370647672744
0.0207876554617348
0.0208656217337892
0.020680503459017
0.020735391090447
0.0207376031588631
0.0206357780917681
0.0209532185489526
0.0207524038364304
0.0207779891686118
0.0206954126474565
0.0206449529511662
0.0207831691468906
0.020693858512692
0.0206954593377845
0.0207786946807207
0.0207816926245854
0.0205922828417724
0.0206789944764163
0.0207197951416007
0.0206743663009003
0.0208354592865122
0.0208551143631289
0.0207810290182166
0.0205718382004342
0.0206628467453989
0.0207001758159794
0.0207569986332699
0.0206755233450749
0.020815629575371
0.0208171260025404
0.0207646228206968
0.0206625322077394
0.0207137245136
0.0206392268735697
0.0208297829783735
0.0207878882544137
0.0207889764522346
0.0207436645761215
0.0205145510714648
0.0208232684077223
0.0208601265119446
0.0207718972631496
0.0208123431469335
0.0207965196554336
0.0207581560876442
0.020844311435536
0.0206775192455668
0.0207451755122167
0.0206950514663824
0.0207145456664015
0.0205322511236503
0.0207775979734635
0.0208482026631038
0.0206880392351469
0.020821646167888
0.0206632026593394
0.0206944304267142
0.0206944833303345
0.0207422234218985
0.0206599617725238
0.0207461879923115
0.0207739929734133
0.0206606651528265
0.0207710912487931
0.0206848416682317
0.0208912560076954
0.0207811445941679
0.0206932100809122
0.0207384976578288
0.0208154785323164
0.0206535342676232
0.0207151482044873
0.0208283796225324
0.0206567692466952
0.0206874123569187
0.0206920500604183
0.020605565639311
0.0206730006856705
0.0208685342380268
0.0206426963866212
0.0206962138215986
0.0207317168900646
0.020797078009894
0.0207440766916411
0.0207195738778872
0.020651478372524
0.0207422316046636
0.0206945035952057
0.0206335489970232
0.0206318654041292
0.0207189913041877
0.0206068985421174
0.0208047772569154
0.0206744669144938
0.0207211053166926
0.0206105076213817
0.0208288684808568
0.0207397965631821
0.0206039345966163
0.0208803475389665
0.0207377871972574
0.0207012221739012
0.0206326207028384
0.0207427405734655
0.0206725632737736
0.0208460895804955
0.0207491993332604
0.0207977060820084
0.0206121823794798
0.0206333160398994
0.0207923804072844
0.0208120757678219
0.0207254541689698
0.0207412296558908
0.0207337772946184
0.0206356581661228
0.0207525350283228
0.0207765582527002
0.0206368471657085
0.0208083054898128
0.0208147429678154
0.0206072177675342
0.0206569290717063
0.0207676512028101
0.0208314493564169
0.0207445688758959
0.0207599938597508
0.020608173076971
0.0206150208801277
0.0205977894089237
0.0208522935827796
0.020700018644154
0.0207695541129889
0.0207542270971783
0.0207452919424649
0.0206181807917822
0.020696073783881
0.0207124663533528
0.0206805845442127
0.0208889553965141
0.0207364770501903
0.0207640226986185
0.020740153642827
0.0207685701587234
0.020749682364143
0.0208439032864992
0.020653581085926
0.0207057578814209
0.0206923306082366
0.0206561383132663
0.0206405024347099
0.0207107965367308
0.0206851378358166
0.0207297823148005
0.0206276792356763
0.0207870936737364
0.0207221323574507
0.0208473983103832
0.0207581412137708
0.0207172684394749
0.0205858981440825
0.0208283878061402
0.0207565856223415
0.0207357524391137
0.0206708669652087
0.0207705529079468
0.020865410420613
0.020698377038666
0.0207445560006214
0.0207668952877245
0.020580734333972
0.0207188848243246
0.0209015431583833
0.0207856415497773
0.0206648332000701
0.0207350294388403
0.0205257362218853
0.0206094640534551
0.0207339119569819
0.0207606963365395
0.020778350539236
0.0207278508383845
0.020587247718923
0.0208101393144113
0.0206267159648811
0.0207554925361513
0.0207531279647741
0.0207177334210595
0.0206365437683488
0.0208103832492501
0.0207441485379793
0.0205852164829628
0.0207891438567748
0.0207170419622425
0.020627003575914
0.0207819217315298
0.0207869720980145
0.0206682138297343
0.0207860408719602
0.0206867402046669
0.0207342935026196
0.0207872355575623
0.0207589495551211
0.0206498951770708
0.0208624630536914
0.020587120356887
0.0207494665253537
0.0207026855436126
0.0207878751983708
0.0206810476585485
0.0208739095265228
0.0206693135614611
0.0207569111812592
0.0207322184299899
0.0209169333665055
0.0208117519927929
0.0208159863684905
0.0207095216379461
0.0207612578202659
0.0207401980035077
0.0208016047940945
0.0207154116778896
0.0206392937845689
0.0206519292221846
0.0207106278411741
0.0207030835317466
0.0207929952344946
0.0206927216563989
0.0206959878539231
0.0207352266845843
0.0207244474470859
0.0206901039552522
0.0207274568533177
0.0207900235900985
0.0207321270974247
0.020817814545522
0.0206275229553869
0.0207649755789215
0.0207386419338193
0.020671523525679
0.0207190964389463
0.0207820680719658
0.0207593024366515
0.0208610666771893
0.0208275175100357
0.0206184726045419
0.0208435949800297
0.0208433767394374
0.0206952152728664
0.0208082086044909
0.0208659136838803
0.020774443333044
0.0207748820802931
0.0208042191029757
0.0207263107075677
0.0205966031353799
0.0207039009098738
0.0207459447029151
0.020862998305141
0.0207964980993927
0.0207534569012669
0.0207247707184845
0.0208058464030686
0.0207640669219348
0.0207742789372013
0.0206543487396668
0.0207671565690257
0.0207822761046074
0.0208169122563333
0.0206814318374728
0.0207462421441252
0.0207916279715241
0.0207282597496933
0.0208723668370854
0.020760982230427
0.0207208182370082
0.0207383139387922
0.0207108075592072
0.0205769139001731
0.0208990820003061
0.0206945450466127
0.0207317256179362
0.0206992495826398
0.0207210173635759
0.0208870823378661
0.020690080566068
0.0207580826155043
0.020834510994288
0.0208044071632953
0.0207493837128402
0.0207499955874818
0.0207370283222207
0.0207261304424505
0.0207897887480303
0.0205917995470964
0.0206029355005191
0.0207416716474994
0.0206856705714656
0.0207214469243974
0.0206048432468236
0.0207754530868753
0.0208218881421828
0.0205950782158643
0.0207572342118544
0.0206392856607981
0.0207209150706814
0.0206958828991235
0.020693922141202
0.0207113418531303
0.0208501492091781
0.0207225352951193
0.0206379706643542
0.0208289894608173
0.0208679034330277
0.0206630965407258
0.0207418329901477
0.0206704638331879
0.0206839457999403
0.0206469564455872
0.0207721979943482
0.0208471773134657
0.0207418652595929
0.0208558191628981
0.0206138102149009
0.0207945728842095
0.0207592902511053
0.0207407771060227
0.0207403597248538
0.0208118078204112
0.0206230265185787
0.020733136456953
0.0206551528391046
0.0207180330011738
0.0207611888327988
0.0208472044032865
0.0208951929180111
0.02082405756669
0.0208013097230519
0.0208419861396121
0.020919849127903
0.0206975231036583
0.0207012629871855
0.0207846544842562
0.020828875812816
0.020608477113836
0.0207137548527833
0.020624482200305
0.0206889339811534
0.0207503270757805
0.0207847780416189
0.0206787055997856
0.0207160473066947
0.020700298346233
0.0206855047456656
0.020770934189041
0.0206925385031959
0.0206691735141764
0.0207343755047865
0.0207239749050436
0.0205171471467972
0.0207618507242849
0.0206168760639713
0.0208012087973037
0.0206485090551559
0.0206919615509188
0.0205759265075904
0.0207016144686173
0.0206112271265691
0.020698102768906
0.0207567711676767
0.0207158531292985
0.0206453865126656
0.0208064978855532
0.0207652680201281
0.0205309475909767
0.0208443815633399
0.0207103987906491
0.0208154735835456
0.0206444434293258
0.0205928165539348
0.0208279564353059
0.0206374139296471
0.020662196843464
0.0206460895067602
0.0208585160426479
0.0208508224802473
0.020749378986521
0.0206171155831315
0.0208403532850701
0.0206738587076799
0.0207241323647864
0.0205730188253204
0.0206099725925496
0.0208151783820861
0.0207481510437388
0.0205732262082218
0.0205944152853334
0.0205588046270886
0.020599361676403
0.0207525487820062
0.0206216491591229
0.020789709804764
0.0207084108052962
0.020536520275489
0.0209087464630235
0.0207853621569261
0.0208135423090644
0.0207674541777809
0.0207045049002948
0.0207559374354847
0.0207681035935815
0.0207742537770549
0.0208695942473957
0.0206905033602074
0.0207688532229961
0.0209462307694449
0.02077489652991
0.0207399076043146
0.0206813789762158
0.020678110345116
0.0207237707329777
0.0205649022913391
0.0207670402239815
0.0207421241927053
0.0207507723071473
0.0206621109512486
0.0206541160437357
0.0206420255317612
0.0207415499574582
0.0206349401067607
0.0206714203502283
0.0209082188684632
0.0207925775407864
0.0206636307896972
0.0205647230806543
0.0206323698191405
0.0207359790347301
0.0206515987276705
0.0206653680078563
0.0207457713863392
0.0206876780614408
0.0206889366413719
0.0206173973192668
0.0207011882397657
0.0206426114861747
0.0207390095133405
0.0207990370015534
0.0207894930814254
0.0207571594891088
0.0206543475947273
0.0206859307665625
0.020676023589406
0.0206748465729702
0.0206280561869092
0.0207547512757087
0.0207362030627549
0.0207013229508057
0.0206285032097777
0.0207549727299724
0.0207345357055587
0.020597768110145
0.0208211455320492
0.0206675141701973
0.0207531121005882
0.020698914532763
0.0206182359625192
0.0206259263778918
0.0207568869067817
0.0208140341475333
0.0208538363773278
0.0207347346978659
0.0207995539420598
0.020748573619971
0.0205724318763899
0.0208600510335696
0.0207526027188568
0.0206287230238147
0.0206939941683071
0.0207839422902627
0.0207435971059678
0.0208025771595313
0.0207775886302887
0.0208121105989842
0.0207340952516461
0.0206520458891276
0.0207688553792561
0.020687501075483
0.0208352401312249
0.0206868461720848
0.0208379901817007
0.020619658855863
0.0206154615344157
0.0208344433661415
0.0205428219841925
0.0208097189831907
0.0207708211686431
0.0208305696047589
0.0206336243895264
0.0207199787796938
0.0206415698259872
0.0206735059065466
0.0207659139950205
0.0207755100211099
0.020655082496341
0.020824051347812
0.0206293794283497
0.0205964177337958
0.0206294232083155
0.0208191140777959
0.0206913958864352
0.0207217219894932
0.0206644290544529
0.0207368342181849
0.0209769366328261
0.0208262188461036
0.0207260899387105
0.0205809385301861
0.0205420029181656
0.0206112335807287
0.0207920459596513
0.0205727264939268
0.020699966014198
0.0208205449437524
0.0206855235184146
0.0207329673093354
0.0209026964038708
0.0206588338109132
0.0205972033162332
0.020747703054815
0.0207932173290765
0.0207299665106518
0.020676172118566
0.0206888465101991
0.0208254236054007
0.0205617270117762
0.0209512159236034
0.0207268514999958
0.0206122573170828
0.0208238308806675
0.0208134950139677
0.0208067987271178
0.0207270343691684
0.0205126950499975
0.0205949765785809
0.020704409771674
0.0206872372123545
0.0207806772315457
0.0209387486130169
0.0205685035029085
0.020759659926016
0.0206735564131937
0.0206940529467939
0.0206395779276099
0.0208377048972406
0.020724311987243
0.0207717856733457
0.0206190825916441
0.0206132284836325
0.0206751140287255
0.0207677565936986
0.0208524181004771
0.0206907163789451
0.0208504462729294
0.0206273717113565
0.0207947237115748
0.0207829819646252
0.0208700992693891
0.0206328652732497
0.0207077496572325
0.0206856233485803
0.0207641002724378
0.0206446385117393
0.0207295467590959
0.0207348085704672
0.0208466996171874
0.0206556622899343
0.0206989961392709
0.0207365119060381
0.0207260870382631
0.0205992356358287
0.0208603749645426
0.0207999203178706
0.0207035806970752
0.0208270804226582
0.0208155106653628
0.0207499397707527
0.0207200057428456
0.0207265748564157
0.0206797825719799
0.020817718616298
0.0205656406678424
0.0208133650113956
0.0208275254952005
0.02083639303841
0.0205771375164268
0.0207171825712402
0.02075063278112
0.0207375993052696
0.0207518344749685
0.0206607078523585
0.0205982775699553
0.0206719047007536
0.0207005333387352
0.0206735422520932
0.0206435437397526
0.0206917590933449
0.0207755219012867
0.0208404397642704
0.0206278809881323
0.0208384851359694
0.0206574639293271
0.0207187128727608
0.0206946465679142
0.020772345486055
0.0207506482216156
0.0208681647282354
0.0207534839635333
0.0206222576037644
0.0207408269502651
0.0207197826806103
0.02062784053506
0.0205803298062865
0.0207120901102358
0.0206694155021851
0.0205820186146519
0.0207161082485601
0.0207172819390041
0.0206429755355476
0.0205698530818361
0.0207501592016007
0.020733871345118
0.0207144710340583
0.0205916979606028
0.0208307053893256
0.0206925622055154
0.0208486186204404
0.0205441200205669
0.0206702667549336
0.0205473167241246
0.020707992596875
0.0206417342341889
0.0207600682034357
0.0207431466056538
0.0207747632170656
0.0206635750272757
0.020672908692629
0.0207532750342236
0.0207479855983428
0.0207527937609567
0.0207378714915574
0.0207714170680126
0.0209070557153098
0.02079398000007
0.020690481730974
0.0205637042976994
0.0207660266624579
0.0206410653358092
0.0207590943431991
0.0207766772259601
0.0206887057060387
0.0208099364108148
0.0206558829848323
0.0207732182676317
0.0207231181585378
0.0208630973403268
0.0207721341234816
0.020686365994207
0.0207829065853204
0.020739564365117
0.0207131510855705
0.0207505804928348
0.0208467780422583
0.0207370192613481
0.0207388636634989
0.0207555003644532
0.0207698138472204
0.0207351077324589
0.0209165498998446
0.0206633652310735
0.0206386841608805
0.0206938922041698
0.0207926662207191
0.0207751896831271
0.0206369221693536
0.0205856106677056
0.020778955256239
0.020617744539977
0.0208017149068751
0.0208049432031323
0.0206474174878792
0.0206409903307601
0.0206303753459286
0.0206887561134352
0.0207343386732749
0.0207537144885686
0.0207266074336208
0.0208558965669178
0.0206334884095676
0.0206736990871082
0.0208045177585882
0.0206248085879213
0.0206582139228135
0.0207747836798603
0.0207393895769583
0.0207398059597443
0.020731910352598
0.0206564618271705
0.020787071508117
0.0206735797898022
0.0206603285327365
0.0207996075241782
0.0207516853261575
0.0208253024294584
0.0207462885571536
0.020593826895224
0.02074031507283
0.0207961411548674
0.0207159243787424
0.0206373064130873
0.020634128864719
0.0206723393894203
0.0206238591676027
0.0207167279775391
0.0208006988716071
0.0204908377863146
0.0207649465992039
0.020718988317644
0.0207018627545264
0.0208268031486288
0.0206207033719609
0.0206675824169008
0.0207558379547895
0.0207917454262563
0.020811340110517
0.0207477978667822
0.020630517820828
0.0206308849524659
0.0207448209205299
0.0208623207186298
0.020792992386577
0.0206483445034752
0.0207827435782866
0.0206765936414146
0.0207515148058671
0.0207066223273477
0.0204897315792212
0.0207144319788818
0.0206868199382266
0.020829022427633
0.0208019909456895
0.0208249724082724
0.0207494962353456
0.0209491593898432
0.0209240931082959
0.0208456534139811
0.0206967587250709
0.020637570475374
0.0208569065813441
0.0206070497760499
0.0207669794217965
0.0206323620040805
0.0208925715065051
0.0207535632319728
0.020503871431082
0.0207542154977769
0.0207649741571405
0.020789562692995
0.0206391993938203
0.020748421297143
0.0206655671792867
0.0206571817606553
0.0207187734689415
0.020725876256331
0.0206298665168581
0.020892192104576
0.0207525135255598
0.0207496667349604
0.0206351929572733
0.0206821364304638
0.0207152879431395
0.0207242391923975
0.0208304110365879
0.020707574061056
0.0206958156024039
0.0207606684641032
0.0206283323838536
0.0207818256414074
0.0207663301880255
0.0206488266650737
0.0206328068552015
0.0206327315768143
0.0206908505008133
0.0205298593181115
0.0207037920835529
0.0206139674048044
0.0207508494724174
0.0207727660209512
0.0207203358405977
0.0208136602387236
0.0206977217102295
0.020648628524837
0.0206521799236561
0.0206898741944223
0.0206798381748898
0.0206758615345989
0.0206532746114595
0.0206194403770504
0.0205969103749174
0.0206744904772231
0.0207869074900439
0.020798588442818
0.0206766363112592
0.0206484252622538
0.0208374019005601
0.020772899180576
0.0208921549147178
0.020540744251157
0.0206532051479161
0.0207931669179937
0.0207400240673911
0.0207245455046204
0.0205305011674094
0.0206471944669488
0.0207000431827833
0.0209192455402199
0.0208437656461552
0.0206275434903474
0.0207013780484326
0.0208485710923827
0.0205605803923942
0.0205399235557672
0.0206863650251643
0.0206300855709519
0.020752964507499
0.0205889696001273
0.0209454210530322
0.0208039926943376
0.0207321474816879
0.0207392460200232
0.0206244505002397
0.0206793868604064
0.0208395511497342
0.0207236312596224
0.0206820701663887
0.0206904192267295
0.0207053131317101
0.0208427986947206
0.020612027251545
0.0206366928789012
0.0207353490499227
0.0206680925597481
0.0207895143477268
0.0205859329523162
0.0208364344865977
0.020792090453823
0.0205884401666081
0.0208047039107332
0.0206858397430539
0.0206767644480875
0.020679578181963
0.0207947788455192
0.0208089119146766
0.0207233818670559
0.0208235316439929
0.0205952821823241
0.020865746461775
0.0207968088262595
0.0206069976066292
0.0208168385445312
0.0207316179677566
0.0206868135420753
0.0207484320494747
0.0207128833584803
0.0206856642067565
0.0208491661986022
0.0206430084985547
0.0207186800197366
0.0206381198241818
0.0208041965670797
0.0206901627667849
0.0205769861909415
0.020643553287616
0.020824977165562
0.0207656672507555
0.0207686362672332
0.0206774233286751
0.0208490052985832
0.0207099922817392
0.020723320251959
0.0206382736625544
0.020784886511493
0.0206197221492864
0.0207028010179344
0.0206360242649214
0.0206306989373608
0.0207575272406154
0.0207571142945862
0.0207360976577503
0.0208424547414274
0.0206663468693861
0.0208996975770649
0.0206324826690397
0.0206817031085442
0.0207004765731536
0.0208734520827638
0.0206794096538149
0.0206813203383616
0.0207341556033744
0.0207741798619827
0.0207868425061327
0.0205804834687956
0.0206282967003563
0.0207999925122696
0.0206879904145531
0.0207687110185974
0.0207236445473371
0.0207317957493172
0.0206882857450524
0.0207288168878848
0.0207466851392787
0.0207052347019834
0.0207155486213113
0.0207298595364963
0.020858786243585
0.0206857510915336
0.0207687865222806
0.0207762201375626
0.0207807105772653
0.0205447152056183
0.0207461091876976
0.0207375661670725
0.0207548472638577
0.0208066759309271
0.0207685196306163
0.0207832016071263
0.0206545783842831
0.0207828677525452
0.0206545321435288
0.0206005383673071
0.0207503686042432
0.0208941901861446
0.0207048392732611
0.0208497186370366
0.0207663901107431
0.020911490172839
0.0208003950226175
0.0206896391506338
0.0207847803945925
0.0206738140105265
0.0208017796725327
0.020781344759336
0.0207392185253305
0.0206724807257162
0.0206209097384112
0.0206842014072949
0.0207203544365716
0.0206809668402995
0.0207042102424328
0.020740394664696
0.0207423880793021
0.020609071600588
0.0210486112459983
0.0206839091441855
0.0207846810894074
0.020672489392872
0.0206575452210478
0.0206651874875961
0.0207509834589895
0.0207834895893927
0.0206883112653926
0.0208219758670003
0.0207348462444282
0.0207817461349675
0.0206800003267277
0.0206629590991083
0.0208175462658599
0.0208550054593743
0.0207522070646381
0.0206254978117507
0.0207568950069586
0.0206814420714583
0.0207665131477231
0.0207344062812356
0.020570714915383
0.0208964788971963
0.0208592658940545
0.0207793401943133
0.0207399464023294
0.0207151726305084
0.0206565322143238
0.0206431894455908
0.0207327441883019
0.0207947070848404
0.0206156247847558
0.0206861400469136
0.0207101643919591
0.0207217691765889
0.0205753525150484
0.0207796337495638
0.0206256637229279
0.0207503454697765
0.0208098252263099
0.0207034154451107
0.0206911133695009
0.0207179150342756
0.0207382103214835
0.0207234130914729
0.0207543324985796
0.0208212746515081
0.0207034926526806
0.020869526686497
0.0206868412808642
0.0207454447800001
0.0207651049900161
0.0207266930297149
0.020628063332767
0.0207358276106233
0.0207111841300978
0.0207403289251161
0.0207468571594258
0.0207261890340899
0.0206933806611594
0.0207966619072148
0.0209669819198084
0.0208730886095716
0.0207726597034164
0.02084611238518
0.0208288091450726
0.0207172500279847
0.0207328941074008
0.0207911739896419
0.0207319372345584
0.0206532004868825
0.0205892518585613
0.0206852336434843
0.0207685608060045
0.0207932022261372
0.0207508983472221
0.0207626014565434
0.0205968717693705
0.0206839149616606
0.0207645785239695
0.0206347389062341
0.0207341291264773
0.0205973125651611
0.0207529399364047
0.0206307949636217
0.0206907875680148
0.0209013877547165
0.020859763975702
0.0209196518580109
0.0206703704759326
0.0207454027462663
0.0205075471506505
0.0205095028006909
0.0207813567632441
0.0207306596889934
0.020698517091426
0.0206541378705634
0.0208112160639058
0.0207704361209815
0.0207529415690793
0.0206900464218202
0.0206893749042665
0.0207616432708192
0.0207698158110438
0.0207361194779321
0.0207241884969921
0.0206705909762569
0.0206234443939133
0.0206354663116063
0.0208282993655303
0.0207647568452219
0.0209448114187531
0.0206470078284876
0.0208169422929905
0.0208653177800216
0.0205891572555954
0.0207181705290209
0.0207023147332768
0.020838521830953
0.0206106386767871
0.020707853739162
0.0206920950520703
0.020772536634508
0.0208163218310641
0.0205947979100693
0.0208441636044657
0.0206365062488753
0.0207238668672594
0.0208261880209089
0.0207812083700625
0.0205453229695809
0.020530315946182
0.0207391206517753
0.0207249246497877
0.0207967694855571
0.0207666449316676
0.0209197207626087
0.0207582383962661
0.0206959159253831
0.020649521584442
0.0206706915913193
0.0207791479542069
0.0207386946964328
0.0208041011642684
0.0207386960689349
0.0206674530894424
0.0205829961162689
0.0206734326326426
0.0208345138565957
0.0206822844628551
0.0207099548244356
0.0207326029987754
0.0206894846883755
0.0204859383539844
0.0206883314333396
0.0207710612790795
0.0206526245889011
0.0207041824209644
0.0208327344661684
0.0206677630966739
0.0207170812907356
0.0207499096621068
0.0206098133981816
0.0207608142305515
0.0207326013875805
0.0206927242736054
0.0206268347880497
0.0208375791141652
0.0205292739042192
0.0208375631784532
0.0208022515217206
0.0206533629429161
0.0206664495620398
0.0206940860014488
0.0207967125843673
0.0206711126179131
0.0205937894759713
0.0207815605876851
0.0207004142802759
0.0207498265332093
0.0206705343639638
0.020749958986991
0.0206869316808771
0.0208296951160701
0.020639704437218
0.0206517071920737
0.0208194986736221
0.0206543430152645
0.0207901803743246
0.0207951021681911
0.0205522943344781
0.0208202655120849
0.0206981186692202
0.020665756768037
0.0208026780797076
0.0208024542143167
0.0206825137538862
0.020574913109636
0.0207242955008319
0.0207706236596386
0.0207635774937868
0.0205986389760334
0.0207902706075338
0.0207087729110744
0.0207998998553545
0.0208347322136837
0.0206510119306429
0.0206633013432145
0.0206880806606083
0.0207493323115976
0.0208611590683995
0.0207313268023228
0.0207793759710664
0.0207213139296533
0.0208033389250667
0.0207169909265467
0.020933578920287
0.0208020579183364
0.0206620016540866
0.0207503443600676
0.0207298258368298
0.0207891895108006
0.0207596926763711
0.0206701768072725
0.0207770353922528
0.0205786241734206
0.0206423447368157
0.0205968321267468
0.0206211973968379
0.0206430040718955
0.0207136608325496
0.0208671051095012
0.0206688388308027
0.0208363714598855
0.0207870807105258
0.0207750913092909
0.0206613354020589
0.020798100784568
0.0207808509860179
0.020609310402603
0.0207333997629849
0.02080836715533
0.0209132864797205
0.0207658908649346
0.0207426204537662
0.0206309261141166
0.0207200547263367
0.0207704458353629
0.0206549318658437
0.0206702365548379
0.0207726645130047
0.0208398315908404
0.0207536833658683
0.0206987222482123
0.020700262027391
0.0206628596652382
0.0208303916606442
0.0207664155847782
0.0208357461460142
0.0206042844011107
0.020657969919457
0.0206906188252261
0.0206689774658327
0.0206938118996466
0.0205946271355845
0.0209502576316681
0.0207534771240579
0.0207786021226261
0.0207722024976101
0.0207113754816462
0.0207159669186168
0.0206942229900986
0.0207706933499725
0.0208638951928394
0.0209019675334185
0.0208706980021198
0.020763628917771
0.0206911083559856
0.0205821216739124
0.0207026232214617
0.0208106875124316
0.0206629018298018
0.0206659507517403
0.0207154707114507
0.0207484244876167
0.0207126196335328
0.0206312758789872
0.0208561668540656
0.0208539340685347
0.0207770878574369
0.0206988405054506
0.0206659715413602
0.0207354524020069
0.0208332801067843
0.0207185486160854
0.0206616297496529
0.0208394391466339
0.0208428309701808
0.0207132888944526
0.0205825456823483
0.0205937743716578
0.0206874622363083
0.0207529026371777
0.0205569916268497
0.0207084120989879
0.0206607949682885
0.0207227447357346
0.0206711933929373
0.0207379110494641
0.0207250080099532
0.0206667565322848
0.020567454084556
0.0207435681673424
0.020707507752591
0.020824608910762
0.0206635501884676
0.0207661231223609
0.0206253817398768
0.0205857901340588
0.0207527161517584
0.0205453196556759
0.0207595504247993
0.0206713494050777
0.0208328919604432
0.0207130662185639
0.0205916832266424
0.0206512162780186
0.020801877429768
0.0207746804943702
0.0206630974175439
0.0207409213655381
0.0207240574518016
0.020683553512761
0.0208057069923022
0.0206250718105969
0.0207696818249537
0.0207153891995919
0.0207080069486049
0.0206410272669472
0.0208008698571022
0.0206672674209095
0.0207651224470943
0.0207879452700543
0.0207965199718774
0.0208093036506207
0.0208461547808045
0.0207601349997365
0.0207693536061133
0.0208301350118585
0.0206800615754403
0.0206865811990717
0.0207523164553438
0.0206399563009315
0.020692694934106
0.0207903952075487
0.0207934153897203
0.0207291773871459
0.0207514372500681
0.0207099691610658
0.0207847643028903
0.0208340153718249
0.0208881641322647
0.0206486149194342
0.0207245202232619
0.0207263425039352
0.0206502245529791
0.0207079186053769
0.0206512062322742
0.0205840846288583
0.020789153031299
0.0208497378792677
0.0207841673111111
0.02070144140839
0.0205971531698637
0.0206545329957584
0.020767858474996
0.0207728112400336
0.0207346973761324
0.0206044510086707
0.0207751520905958
0.0206316790920563
0.0208823648692342
0.020818827260438
0.0207573133544662
0.0207227012694528
0.0207738157929357
0.0204806768251725
0.0206795037116565
0.0206957416940751
0.0207740802031411
0.0208791748142486
0.0207902793979198
0.020742935008425
0.0206741834144508
0.0207468936474863
0.0207269451104942
0.0208482979550007
0.0208727852424463
0.020733004621334
0.0207472223723098
0.0206034811153734
0.0207788801070957
0.0208782971852855
0.0207010640948524
0.0206818770000684
0.0208014690998967
0.0208390038937653
0.02062478565086
0.0207114426142876
0.0206041263612313
0.0207411823522083
0.0207225601640799
0.0206312659661553
0.0208782613438028
0.0206674528690892
0.02090451440601
0.0207616967681112
0.0207585713928504
0.0208145200000184
0.0207117080290653
0.0208168130905569
0.0206728502939344
0.0207831616715507
0.0206149418971682
0.0207102994614286
0.0207564223569357
0.0206038472166568
0.020726882063739
0.0207019812373039
0.0208183641164331
0.0207828867572177
0.0207143588108306
0.0206477405507371
0.020833178704014
0.0205941017940199
0.020662263123128
0.0207363187651216
0.020590167973503
0.0207389949847888
0.0207681460168064
0.0208898962279865
0.0207493423592879
0.0206831224398574
0.0206091078259493
0.0207795659207341
0.0206532555234552
0.0207849587243933
0.020821315703908
0.020649951804995
0.0208711161454492
0.0207048127370082
0.0206885961232603
0.0208700539674282
0.0206707298877094
0.0205891550570947
0.0206485524953679
0.0206548830435954
0.020743900157955
0.0207630890125322
0.0206432722352125
0.0207890159837733
0.0206614168352653
0.0208055779241585
0.0205727311904968
0.0205786939278142
0.0208052217974411
0.0208592706974052
0.0206352122924205
0.0207435184135738
0.0206686133425695
0.020704895702433
0.0207682459509898
0.0207844611973763
0.0206417662492546
0.0207649184233041
0.0207602893357819
0.0208227391233524
0.0205698815006282
0.0206781141669642
0.0206816670564495
0.0207110799089269
0.0206139714700859
0.0208051020485232
0.0207177596823776
0.0206969189241384
0.0207924381995325
0.0207631916655221
0.020663007519188
0.020717530610497
0.02061452085042
0.0206894619100382
0.0206789954690222
0.0208555608881646
0.0207645802969793
0.0207738683151006
0.0205591858003097
0.0206051045142926
0.020672609108211
0.0206871773543427
0.0207554010152923
0.0207414374894136
0.0207477674992206
0.0207505036096147
0.0207174326197474
0.0206887454209158
0.0208264359396637
0.0207877731842881
0.0206990389397834
0.0207776378502506
0.0206353610486809
0.0208575883572206
0.0207156495681946
0.0208025240706474
0.0207545464658775
0.0206782413140852
0.0206043936977419
0.0206974230208275
0.0207177846916393
0.0206924247189401
0.0207252746892673
0.0205606567394295
0.0207980479246661
0.0206486692593769
0.0206723536626973
0.0206539746289609
0.0207365092620041
0.0206398772754224
0.0207024519077746
0.0207017394717627
0.0207286407074759
0.0208245773573929
0.020699122765622
0.0207659159029929
0.0206927415458781
0.0206986234291606
0.0206382889395646
0.0207439188075346
0.0207375574297236
0.0208371365195535
0.0205837212563382
0.0205843433398585
0.0206468695180479
0.0207063260871307
0.0207202096827486
0.020647262812021
0.0207778903676402
0.0207070534211814
0.020828909926106
0.0208664362430865
0.0208220136427257
0.0207411301107447
0.0207455273426489
0.020566072076195
0.0206902392830581
0.020727356549614
0.0208034531615142
0.0206725612891268
0.0206759328822695
0.0206701525106732
0.0205176704852462
0.020852015487412
0.0207045350616121
0.0207189819991408
0.0207343966324295
0.0207608044971426
0.0208711140277506
0.0208223682752829
0.0206432727749607
0.0206410922327136
0.020725645040758
0.0208200926123867
0.0208901109511295
0.0206602130082415
0.0208252422381168
0.0207016048067214
0.0207743947804785
0.0205794706297638
0.0207342960274912
0.0208053901187554
0.0208109437294201
0.0207041849126564
0.02078738090376
0.0206408364331968
0.0207085362669559
0.0207425510355797
0.0207452533363993
0.0207774851043494
0.0205473736279721
0.0207490346286194
0.020778772492759
0.0208284878879801
0.0208354623426916
0.0207679386867871
0.0207064017417541
0.0207766197431507
0.020695523418113
0.0207972288502932
0.0206638912197152
0.0207704516042034
0.0207258207299454
0.0206963164980397
0.0207354526614339
0.0208746520137631
0.0206254866287535
0.0206821787093729
0.0206332180796767
0.0206907603110294
0.0208072818869579
0.0205099083799651
0.0207164631773674
0.0208538050139309
0.0206561342431117
0.0208136686044137
0.0207165420782993
0.0208247343720852
0.0206736730849212
0.0206806199558523
0.0208811417452749
0.0206452899663663
0.0206333189116938
0.02077517159653
0.0208521622434128
0.0208365931383884
0.0207622540464809
0.0208962003321427
0.0207663159954969
0.0208707724989758
0.0207318181671228
0.0205496141977085
0.0207899908381199
0.0206809865268876
0.0207750845067251
0.0206509940396091
0.0207511947095414
0.020734308189844
0.0206658448130189
0.0207008661775585
0.0206152074589488
0.0206851273604912
0.0205598494653686
0.0206251638282454
0.0208293847938303
0.0205691409292805
0.0208333612687061
0.0206966176119037
0.020771015910291
0.0205880891792079
0.0208461469916343
0.0209166879210558
0.0205393108674754
0.0207080470173925
0.0208080641042985
0.0207402435272184
0.0208131392034408
0.0207444339323128
0.0207091412868601
0.0207747642732642
0.020746263265056
0.0207337308257227
0.0207903143575936
0.0206015990651912
0.0208083808028111
0.0207281207481122
0.0206591449814922
0.0207689063708342
0.0208462908784529
0.0206931451862175
0.0206772650928779
0.0209015661807167
0.0206781079505895
0.0206634251328567
0.0206354005803684
0.0206186495978186
0.0206467403561997
0.0209052255841697
0.0207119417581174
0.0207507867159703
0.0208099495945092
0.0206110602267185
0.0206073923024188
0.0209546368529593
0.0207430776397854
0.0207212527218034
0.0208079938377964
0.0207223348759357
0.0207925175190074
0.020718340908207
0.0206283872317453
0.0207806483071113
0.0206672823951895
0.0206089521014498
0.0206083635136312
0.0207056313733062
0.0207321234819179
0.0206946495650241
0.0207709247573612
0.020839534840135
0.0207888629623279
0.0207177621873957
0.0208834339748905
0.0207861034415338
0.0208100535179406
0.0207212869292807
0.0206165233948425
0.0205708221221671
0.0206830778285551
0.0207416827961305
0.0205817636779993
0.0206811716268746
0.0207557718290775
0.0206973847020808
0.0208570925093162
0.0206688183029953
0.0206735004713903
0.0208272932187276
0.02077584924247
0.0207226626665385
0.0208231164772445
0.0206468391853417
0.020807777869437
0.0206363114073214
0.0208131473037525
0.0207901514377829
0.0207124809191734
0.0207431713131699
0.0207280541368096
0.0206875843084963
0.0207794514576525
0.0206806775511722
0.0207223132956673
0.0207408568726115
0.0206999390161969
0.0208547892286897
0.0207938348679635
0.0207455969061181
0.0207021446302083
0.0207977580761685
0.0207571076718669
0.0209205961779437
0.0205940058754507
0.020656617139773
0.020720302480646
0.0208685901379946
0.0206979926669324
0.0207097152731511
0.0208257248045446
0.0206479503425175
0.020617930983646
0.0208905661890641
0.0206960443908291
0.0208559221468382
0.0205566165546069
0.0206615765645394
0.0208425128858781
0.0207445749947784
0.0207739574808569
0.020612941838862
0.020691706608094
0.0206480934510235
0.0207591723431278
0.0205448389751825
0.0207141450316082
0.020755731865921
0.0207816251132438
0.0207692387710986
0.0207248178832425
0.0209168929843659
0.0206565479837878
0.0207553825163232
0.020745878626917
0.0206189022118509
0.0207974062810947
0.0207186446876615
0.0208720332054421
0.0207380388382474
0.0206765241168854
0.0207551037383883
0.0206005691819107
0.0208423032163439
0.0206591092689327
0.020733825276593
0.0208486791013613
0.0207710098972989
0.0207741726347917
0.0205638300233181
0.0207188891154459
0.0208350982527007
0.0206016027928749
0.0206533172150431
0.0207133683219989
0.0207985967139014
0.020670875146464
0.0209120397717963
0.0206694824611418
0.0206369529456896
0.0205371348191043
0.0206874816859531
0.0208026070735733
0.02064997630061
0.0207572140387911
0.0209469075507304
0.0206480541801894
0.0206695838012662
0.020721512073433
0.0208720986170299
0.0206930279516309
0.0207190837651413
0.0207941461361728
0.0207936982526304
0.0207962652131797
0.0207028411246513
0.0206191983688139
0.0207229613311135
0.0209467880303689
0.0208340054925051
0.0206219439604597
0.020679354662714
0.0205474467181288
0.0209323964558569
0.0208045994630442
0.0208436829241884
0.0207692064118342
0.0207833316483656
0.0206266544664998
0.0208255745090005
0.020859296269767
0.0206989069972667
0.020720973278805
0.0207700080516804
0.0206811076990223
0.0207416522082807
0.0206946706804597
0.0207075134971338
0.020656179948854
0.0206572661932253
0.0207069331458962
0.0206587970595049
0.0206590510590242
0.0206291955408536
0.0206909475938455
0.0205416787474457
0.0207268301255093
0.020855805536809
0.0206662491895986
0.0206974004743103
0.0205699291525844
0.020694817743667
0.0208356666670448
0.0207548585455405
0.0207811760232814
0.0207069768959281
0.0207311073531062
0.020613479705247
0.0207414148968945
0.0206645845744734
0.0208446903799759
0.0207034938552037
0.0206516962167271
0.0208282180066474
0.0205695920389665
0.0207244228711051
0.0207935678375772
0.0206108767932971
0.0208559343533876
0.0207855154937715
0.0206316079318536
0.0205620246601992
0.0206258810110392
0.0207092184925214
0.0207165605552711
0.020697112294458
0.0206647799327269
0.0207159155990705
0.0207133756449523
0.0206591663836867
0.0207515307348148
0.0206692009480359
0.0208117598012423
0.0207427289555855
0.0206794983007602
0.0206393550084868
0.0206476040770224
0.0207343603393408
0.0206331920493242
0.0206466192145523
0.0209379793283744
0.0206653474511881
0.0207921720440414
0.0205605507529928
0.0207457433311051
0.0206152894472235
0.0207954999406143
0.0206610004704462
0.0205983583222954
0.02072575114401
0.0207384185115778
0.0206578032564518
0.020652669153517
0.0207068002752463
0.0206801449744492
0.0206872277902983
0.020765477145168
0.020657080760281
0.0207208903998075
0.0206546189105388
0.0206507632958165
0.0206113335369156
0.0206456134012061
0.0207723800878041
0.0207573119931436
0.020699579803498
0.0207610913119818
0.0206932108804735
0.0206490436817037
0.0208298245714548
0.0207656460829421
0.0206233179292218
0.0208265661195636
0.0206848257576223
0.0208206833450899
0.0207471714023786
0.0205989174787281
0.020693250292301
0.0206841143427421
0.0207638187362506
0.0206577841034909
0.0208219444964172
0.0206768206786703
0.0205492698327743
0.0206459530988289
0.020895375148996
0.0207296031236963
0.0207216309822151
0.0206991149909352
0.0207569363698187
0.0207213136849052
0.020766881484093
0.0210092108197069
0.0207497460138277
0.0208727035471751
0.0207428434379652
0.0209792731850245
0.0206790072391368
0.0208489397177399
0.0207662487117813
0.0207892385457904
0.0206686449819911
0.0208366539126118
0.0207046559260191
0.0208590808942419
0.0205874877861229
0.0208099119278551
0.0206875558292461
0.0206015025644731
0.0207705761361048
0.0208398885271313
0.0207559637822847
0.0207964164480999
0.0208888708209964
0.0206907522386048
0.0206458700738286
0.0206490457115196
0.0206350517884737
0.020755776563563
0.0206046566764277
0.0206551636948129
0.0208100997460152
0.0205789976200604
0.0208175489144056
0.0207125557976705
0.0206233267618346
0.0205250236563703
0.0207449767635999
0.0206542234442932
0.0205546583197432
0.0205639739023672
0.0207293700880011
0.0206908141413373
0.020785915150962
0.0207483470631457
0.0206669690214933
0.0206820875715712
0.0206457370886947
0.0207463253144806
0.0207125668451063
0.0207537187574467
0.0206623415090147
0.0209183487588428
0.0209236880178914
0.0206661319081559
0.0206311382606199
0.0207899283835043
0.0206230211929624
0.0208447452451775
0.0208229985297635
0.0208380403157922
0.0207502749335051
0.0207889080754774
0.0206394082722297
0.0208110795090517
0.0207607981909259
0.0206408035084671
0.0205682462815084
0.0205402773111856
0.0207867704816367
0.0206419792457644
0.0207075975039763
0.0206459243638172
0.0208601923833984
0.0208641773704858
0.0206645209867877
0.0207568897761395
0.0207277233833745
0.0208291193470211
0.0207753935400801
0.0207954964416391
0.020570149433943
0.0208266776555442
0.0205871144924621
0.0207377749323842
0.0207640001475924
0.0207522230375477
0.0207820844676377
0.0207968908403102
0.0206307490640247
0.0207125186680112
0.0208074527937394
0.0207925096675924
0.0206957042667289
0.0206692177900236
0.0206968857455236
0.0207576734516134
0.0206944802404884
0.0208792941836258
0.0207277686124541
0.0207990695984051
0.0206848776147405
0.0206396796003323
0.020795699984939
0.0206909675843879
0.020565894394335
0.0206803201486251
0.0206749967369647
0.0207358559977635
0.0207536643399247
0.0206613512853425
0.0205476812361966
0.0206874674924968
0.020705348082089
0.0205995739437877
0.0206175659942454
0.0206438392799666
0.0206438727915518
0.0208318391396087
0.0207464620225889
0.0207631523261333
0.0206023031611674
0.0208204855382213
0.0207461745673055
0.0205387558772462
0.0206259422633502
0.0208791776861366
0.0206435058733636
0.0207870415582388
0.0206456159385245
0.0206405608624473
0.020639709319407
0.0205739464297382
0.0207145082991404
0.0205819039477931
0.0206069159123714
0.0206937053860574
0.0205354302095556
0.0206566508677882
0.0205485911288067
0.0207610948553923
0.0207826199544678
0.0208674601412482
0.0206847669047133
0.020635657544175
0.0207279605515297
0.0208792465244656
0.0206561765663693
0.0206891251223295
0.0205693551912236
0.0207427121144285
0.0207663349085353
0.020784022865902
0.0208875738107029
0.0208026118997272
0.0205137073245165
0.0207662146790991
0.0209030040622226
0.0208815248447001
0.0205657319118751
