1.0919169415000984e-6
1.925103300499942e-6
4.198667154399829e-6
-9.598704512007311e-7
2.4575059555994455e-6
2.529136048600583e-6
4.350006753698482e-6
1.0660477870998858e-6
-2.9973680103004274e-6
5.720660175199954e-6
7.03872890779958e-6
1.8077642123994625e-6
3.6404076288014398e-6
-3.947266792699716e-6
1.052566435800692e-6
3.5186384198995085e-6
2.1684276882011355e-6
-4.193073311498791e-6
3.847201611098874e-6
7.973800391700495e-6
-3.0626123070053024e-7
2.135515102100194e-6
2.503418455399725e-6
-2.1657215231001004e-6
8.057684943007376e-7
2.938620285199145e-6
3.2997935978992116e-6
1.3781761525003683e-6
1.5460079211999933e-6
4.584988815004021e-7
5.067414312999799e-6
2.6600627282998e-6
-1.657359148501264e-6
1.8221628596999662e-6
4.267326832200699e-6
9.911857339900063e-6
1.6432636721994826e-6
-1.2521470150999442e-6
2.5418216336985794e-6
1.5909838353995315e-6
7.4254507993996854e-6
5.524894920033718e-8
5.978449599200117e-6
-9.591397091002207e-7
3.313241782600465e-6
5.116707041499455e-6
1.1855775140800356e-5
3.626926137399039e-6
3.7295503459988666e-6
7.470623022099929e-6
4.469863082499567e-6
-2.4531507843011946e-6
1.3230389964997286e-6
1.0029516853899897e-5
1.6170998961007044e-6
4.489576462400266e-6
2.9905406460049855e-7
2.2520375783999236e-6
2.872399560399641e-6
-1.2104381990011431e-6
-1.7181498329979505e-7
-9.874682587989597e-7
4.285458612200005e-6
-7.087691068099686e-6
1.1543740612900144e-5
2.5566898999001414e-6
4.966871463200559e-6
-3.8866018045001505e-6
6.009605124800491e-6
7.623201289899684e-6
2.7511963399985684e-6
1.0257720080009136e-6
